STATIONS_ID;MESS_DATUM;QN_3;  FX;  FM;QN_4; RSK;RSKF; SDK;SHK_TAG;  NM; VPM;  PM; TMK; UPM; TXK; TNK; TGK;eor
        320;20180627;-999;-999;-999;    3;   0.2;   4;   10.150;-999;  -999;  11.9;    -999;   15.9;   68.96;   23.0;    8.6;    6.3;eor
        320;20180628;-999;-999;-999;    3;   0.0;   0;    2.917;-999;  -999;  13.7;    -999;   16.9;   71.71;   22.3;    8.3;    6.1;eor
        320;20180629;-999;-999;-999;    3;   0.0;   0;    8.233;-999;  -999;  14.3;    -999;   21.0;   60.71;   27.9;   11.0;    8.3;eor
        320;20180630;-999;-999;-999;    3;   0.0;   0;   15.000;-999;  -999;  10.2;    -999;   18.1;   53.08;   24.1;    8.0;    4.3;eor
        320;20180701;-999;-999;-999;    3;   0.0;   0;   15.167;-999;  -999;   8.4;    -999;   15.2;   53.67;   24.0;    4.4;    1.5;eor
        320;20180702;-999;-999;-999;    3;   0.0;   0;   15.283;-999;  -999;   8.0;    -999;   15.9;   50.46;   25.5;    3.9;    1.5;eor
        320;20180703;-999;-999;-999;    3;   0.0;   0;   15.267;-999;  -999;   8.2;    -999;   17.5;   49.13;   28.5;    4.5;    2.1;eor
        320;20180704;-999;-999;-999;    3;   0.0;   0;   11.867;-999;  -999;  10.2;    -999;   20.1;   49.92;   30.3;    6.2;    3.7;eor
        320;20180705;-999;-999;-999;    3;  13.6;   4;    9.683;-999;  -999;  15.6;    -999;   20.1;   71.04;   30.1;   11.4;    9.2;eor
        320;20180706;-999;-999;-999;    3;   0.2;   4;    5.950;-999;  -999;  16.2;    -999;   19.6;   74.54;   26.5;   11.5;    9.7;eor
        320;20180707;-999;-999;-999;    3;   0.0;   0;   15.150;-999;  -999;   9.6;    -999;   18.0;   54.92;   26.6;    8.2;    6.3;eor
        320;20180708;-999;-999;-999;    3;   0.0;   0;   12.533;-999;  -999;  12.1;    -999;   17.9;   63.42;   26.5;    8.3;    6.7;eor
        320;20180709;-999;-999;-999;    3;   0.0;   0;    9.483;-999;  -999;  12.7;    -999;   19.0;   62.42;   27.4;   10.0;    8.4;eor
        320;20180710;-999;-999;-999;    3;   5.0;   4;    1.783;-999;  -999;  12.9;    -999;   15.7;   72.96;   20.2;   12.4;   11.5;eor
        320;20180711;-999;-999;-999;    3;   1.5;   4;    2.017;-999;  -999;  13.1;    -999;   13.5;   85.50;   18.1;    9.6;    8.6;eor
        320;20180712;-999;-999;-999;    3;   0.0;   4;    3.333;-999;  -999;  14.6;    -999;   16.7;   79.13;   24.0;   10.6;   10.0;eor
        320;20180713;-999;-999;-999;    3;   2.3;   4;    7.467;-999;  -999;  15.2;    -999;   17.7;   78.04;   25.9;   10.3;    8.8;eor
        320;20180714;-999;-999;-999;    3;   0.0;   0;   12.100;-999;  -999;  13.1;    -999;   19.6;   63.88;   28.4;   11.1;    9.7;eor
        320;20180715;-999;-999;-999;    3;  16.1;   4;    7.333;-999;  -999;  14.7;    -999;   17.6;   76.29;   27.6;    9.8;    8.2;eor
        320;20180716;-999;-999;-999;    3;   0.4;   4;    7.333;-999;  -999;  16.0;    -999;   17.9;   81.13;   25.7;   12.4;   10.7;eor
        320;20180717;-999;-999;-999;    3;   0.0;   0;   12.200;-999;  -999;  13.9;    -999;   20.2;   63.58;   28.6;   10.2;    8.9;eor
        320;20180718;-999;-999;-999;    3;   0.0;   0;   11.183;-999;  -999;  13.8;    -999;   20.3;   62.63;   27.8;   11.2;    9.4;eor
        320;20180719;-999;-999;-999;    3;   0.0;   0;   14.233;-999;  -999;  11.8;    -999;   18.9;   60.67;   27.9;    9.0;    7.2;eor
        320;20180720;-999;-999;-999;    3;   0.0;   0;   13.167;-999;  -999;  13.0;    -999;   20.3;   60.67;   29.8;    9.5;    7.8;eor
        320;20180721;-999;-999;-999;    3;   3.1;   4;    0.000;-999;  -999;  18.0;    -999;   17.9;   87.88;   21.3;   15.1;   14.1;eor
        320;20180722;-999;-999;-999;    3;   0.3;   4;    0.650;-999;  -999;  18.2;    -999;   18.8;   85.08;   23.2;   15.5;   13.7;eor
        320;20180723;-999;-999;-999;    3;   0.0;   0;    7.967;-999;  -999;  17.0;    -999;   20.7;   73.25;   28.4;   13.8;   12.5;eor
        320;20180724;-999;-999;-999;    3;   0.0;   0;   13.700;-999;  -999;  14.5;    -999;   22.2;   61.50;   31.7;   12.0;   10.3;eor
        320;20180725;-999;-999;-999;    3;   0.0;   0;   12.433;-999;  -999;  15.2;    -999;   23.3;   59.38;   32.4;   13.4;   11.6;eor
        320;20180726;-999;-999;-999;    3;   0.0;   0;   12.483;-999;  -999;  14.4;    -999;   23.5;   55.67;   32.1;   13.2;   11.2;eor
        320;20180727;-999;-999;-999;    3;   0.8;   4;    7.200;-999;  -999;  16.8;    -999;   21.1;   69.67;   29.2;   13.4;   11.5;eor
        320;20180728;-999;-999;-999;    3;   2.2;   4;    8.667;-999;  -999;  17.2;    -999;   22.4;   67.63;   32.0;   13.0;   11.0;eor
        320;20180729;-999;-999;-999;    3;   0.1;   4;    8.450;-999;  -999;  17.1;    -999;   23.2;   64.75;   30.7;   15.4;   13.6;eor
        320;20180730;-999;-999;-999;    3;   0.0;   0;   13.117;-999;  -999;  15.7;    -999;   24.7;   57.50;   34.0;   14.6;   12.5;eor
        320;20180731;-999;-999;-999;    3;   0.0;   0;   12.967;-999;  -999;  15.9;    -999;   25.9;   54.58;   36.4;   14.9;   12.7;eor
        320;20180801;-999;-999;-999;    3;   0.0;   0;    6.600;-999;  -999;  17.9;    -999;   25.3;   57.67;   32.2;   17.2;   14.9;eor
        320;20180802;-999;-999;-999;    3;   0.5;   4;    7.117;-999;  -999;  20.3;    -999;   24.7;   67.96;   32.8;   18.6;   16.6;eor
        320;20180803;-999;-999;-999;    3;   0.5;   4;   10.183;-999;  -999;  19.5;    -999;   25.5;   64.29;   34.7;   16.2;   14.4;eor
        320;20180804;-999;-999;-999;    3;   0.0;   0;    8.000;-999;  -999;  20.6;    -999;   25.6;   66.83;   34.1;   18.9;   16.4;eor
        320;20180805;-999;-999;-999;    3;   0.0;   0;   12.650;-999;  -999;  17.1;    -999;   23.1;   62.42;   29.9;   14.6;   11.0;eor
        320;20180806;-999;-999;-999;    3;   0.0;   0;   13.700;-999;  -999;  12.1;    -999;   21.6;   54.63;   32.3;   10.7;    7.9;eor
        320;20180807;-999;-999;-999;    3;   0.0;   0;   10.517;-999;  -999;  14.2;    -999;   24.7;   50.71;   34.3;   13.2;   10.7;eor
        320;20180808;-999;-999;-999;    3;   0.0;   0;    7.950;-999;  -999;  16.7;    -999;   24.5;   57.42;   32.2;   16.0;   13.3;eor
        320;20180809;-999;-999;-999;    3;   0.3;   4;   12.583;-999;  -999;  16.0;    -999;   24.6;   56.50;   34.5;   15.3;   13.0;eor
        320;20180810;-999;-999;-999;    3;   0.5;   4;    5.733;-999;  -999;  12.0;    -999;   19.4;   54.13;   24.5;   13.1;   10.1;eor
        320;20180811;-999;-999;-999;    3;   0.0;   0;    8.483;-999;  -999;  11.3;    -999;   17.8;   59.04;   24.7;    8.5;    5.3;eor
        320;20180812;-999;-999;-999;    3;   0.0;   0;   12.750;-999;  -999;   9.7;    -999;   17.6;   54.75;   28.6;    5.7;    2.8;eor
        320;20180813;-999;-999;-999;    3;   4.7;   4;    6.767;-999;  -999;  14.1;    -999;   19.3;   65.92;   29.1;    9.2;    6.6;eor
        320;20180814;-999;-999;-999;    3;   0.2;   4;    2.033;-999;  -999;  15.8;    -999;   17.2;   82.13;   21.8;   11.7;    9.3;eor
        320;20180815;-999;-999;-999;    3;   0.0;   0;    3.617;-999;  -999;  14.7;    -999;   16.6;   80.33;   24.3;   10.2;    8.1;eor
        320;20180816;-999;-999;-999;    3;   0.0;   0;   13.000;-999;  -999;  13.1;    -999;   19.5;   64.38;   30.0;    8.4;    6.3;eor
        320;20180817;-999;-999;-999;    3;   0.0;   0;   12.217;-999;  -999;  13.1;    -999;   22.7;   53.92;   32.6;   11.0;    8.5;eor
        320;20180818;-999;-999;-999;    3;   0.0;   0;   10.133;-999;  -999;  16.1;    -999;   22.6;   61.13;   30.0;   15.2;   13.1;eor
        320;20180819;-999;-999;-999;    3;   0.0;   0;   11.217;-999;  -999;  14.8;    -999;   22.0;   61.46;   31.9;   13.3;   11.1;eor
        320;20180820;-999;-999;-999;    3;   0.0;   0;   10.650;-999;  -999;  14.7;    -999;   20.8;   63.00;   29.8;   11.5;    8.8;eor
        320;20180821;-999;-999;-999;    3;   0.0;   0;    7.617;-999;  -999;  14.9;    -999;   21.4;   62.08;   29.0;   14.6;   12.1;eor
        320;20180822;-999;-999;-999;    3;   0.0;   0;   11.433;-999;  -999;  13.9;    -999;   22.0;   58.67;   32.6;   12.6;   10.6;eor
        320;20180823;-999;-999;-999;    3;   0.0;   0;    8.183;-999;  -999;  14.7;    -999;   22.4;   57.75;   31.8;   12.5;    9.8;eor
        320;20180824;-999;-999;-999;    3;   0.0;   4;    3.800;-999;  -999;  14.8;    -999;   19.6;   65.54;   25.5;   15.6;   13.4;eor
        320;20180825;-999;-999;-999;    3;   0.2;   4;    1.833;-999;  -999;  10.9;    -999;   13.5;   71.21;   17.3;    6.3;    3.0;eor
        320;20180826;-999;-999;-999;    3;   0.0;   0;    8.967;-999;  -999;   7.9;    -999;   11.1;   64.46;   19.4;    2.8;   -0.4;eor
        320;20180827;-999;-999;-999;    3;   0.0;   0;    3.683;-999;  -999;  10.3;    -999;   14.9;   63.00;   22.5;    4.4;    2.1;eor
        320;20180828;-999;-999;-999;    3;   0.0;   0;    9.067;-999;  -999;  12.4;    -999;   17.3;   67.08;   25.5;    9.0;    5.7;eor
        320;20180829;-999;-999;-999;    3;   7.0;   4;   12.150;-999;  -999;  11.4;    -999;   18.6;   59.38;   29.1;    6.9;    3.7;eor
        320;20180830;-999;-999;-999;    3;   0.7;   4;    0.167;-999;  -999;  15.6;    -999;   16.0;   86.13;   19.6;    9.2;    7.5;eor
        320;20180831;-999;-999;-999;    3;   0.1;   4;    2.183;-999;  -999;  12.7;    -999;   13.9;   81.25;   18.9;    9.3;    8.6;eor
        320;20180901;-999;-999;-999;    3;   0.5;   4;    0.467;-999;  -999;  11.2;    -999;   15.0;   66.88;   18.3;   10.6;    8.4;eor
        320;20180902;-999;-999;-999;    3;   3.7;   4;    0.083;-999;  -999;  14.7;    -999;   14.9;   86.29;   16.6;   13.6;   12.7;eor
        320;20180903;-999;-999;-999;    3;  14.5;   4;    0.033;-999;  -999;  17.8;    -999;   16.1;   97.21;   19.1;   12.8;   11.4;eor
        320;20180904;-999;-999;-999;    3;   2.6;   4;    4.000;-999;  -999;  17.7;    -999;   17.7;   89.00;   26.2;   12.6;   11.3;eor
        320;20180905;-999;-999;-999;    3;   0.0;   0;    9.683;-999;  -999;  14.0;    -999;   17.6;   75.17;   27.3;   11.0;   10.3;eor
        320;20180906;-999;-999;-999;    3;   1.0;   4;    9.683;-999;  -999;  14.4;    -999;   18.5;   71.17;   26.1;    9.7;    8.1;eor
        320;20180907;-999;-999;-999;    3;   1.6;   4;    2.117;-999;  -999;  16.6;    -999;   16.8;   87.21;   22.1;   11.3;   10.1;eor
        320;20180908;-999;-999;-999;    3;   0.0;   0;    8.633;-999;  -999;  11.9;    -999;   15.0;   73.33;   21.9;    8.3;    6.4;eor
        320;20180909;-999;-999;-999;    3;   0.0;   0;    8.917;-999;  -999;  11.4;    -999;   15.2;   70.38;   24.3;    7.7;    6.2;eor
        320;20180910;-999;-999;-999;    3;   0.0;   0;    8.700;-999;  -999;  11.9;    -999;   16.7;   67.50;   26.7;    6.7;    5.0;eor
        320;20180911;-999;-999;-999;    3;   0.0;   0;   11.483;-999;  -999;  11.8;    -999;   17.7;   63.25;   26.3;    9.8;    7.3;eor
        320;20180912;-999;-999;-999;    3;   1.1;   4;   11.383;-999;  -999;  12.2;    -999;   19.0;   61.21;   29.5;    7.9;    6.1;eor
        320;20180913;-999;-999;-999;    3;   1.3;   4;    2.733;-999;  -999;  15.7;    -999;   17.6;   79.13;   24.3;   14.1;   12.9;eor
        320;20180914;-999;-999;-999;    3;   0.0;   0;    1.933;-999;  -999;  14.7;    -999;   16.4;   80.33;   21.2;   12.9;   10.7;eor
        320;20180915;-999;-999;-999;    3;   0.0;   0;    7.817;-999;  -999;  11.1;    -999;   14.7;   69.33;   21.4;    6.4;    4.1;eor
        320;20180916;-999;-999;-999;    3;   0.0;   0;   11.167;-999;  -999;   9.4;    -999;   13.2;   68.21;   23.9;    3.6;    1.7;eor
        320;20180917;-999;-999;-999;    3;   0.0;   0;   10.833;-999;  -999;  10.8;    -999;   15.3;   67.21;   26.2;    5.7;    4.0;eor
        320;20180918;-999;-999;-999;    3;   0.0;   0;   10.850;-999;  -999;  12.6;    -999;   17.8;   67.04;   28.9;    7.7;    5.3;eor
        320;20180919;-999;-999;-999;    3;   0.0;   0;    7.033;-999;  -999;  14.3;    -999;   19.3;   67.08;   28.1;   11.9;   10.1;eor
        320;20180920;-999;-999;-999;    3;   0.0;   0;   10.583;-999;  -999;  15.4;    -999;   20.7;   66.63;   29.1;   13.7;   10.9;eor
        320;20180921;-999;-999;-999;    3;   1.8;   4;    5.950;-999;  -999;  14.0;    -999;   18.4;   68.58;   28.3;   10.9;    8.1;eor
        320;20180922;-999;-999;-999;    3;   0.6;   4;    4.617;-999;  -999;   9.2;    -999;   12.5;   64.17;   16.9;    7.8;    4.7;eor
        320;20180923;-999;-999;-999;    3;  16.8;   4;    0.017;-999;  -999;  12.9;    -999;   12.8;   84.79;   20.9;    6.3;    4.4;eor
        320;20180924;-999;-999;-999;    3;   1.3;   4;    4.917;-999;  -999;   8.1;    -999;    8.7;   74.08;   14.2;    3.2;    1.1;eor
        320;20180925;-999;-999;-999;    3;   0.0;   0;    7.367;-999;  -999;   6.8;    -999;    5.7;   77.17;   14.0;   -0.6;   -2.2;eor
        320;20180926;-999;-999;-999;    3;   0.0;   0;    7.583;-999;  -999;   6.5;    -999;    6.4;   71.58;   16.6;   -1.9;   -3.1;eor
        320;20180927;-999;-999;-999;    3;   0.0;   0;   10.550;-999;  -999;   7.8;    -999;   10.7;   67.08;   23.4;    1.1;   -0.2;eor
        320;20180928;-999;-999;-999;    3;   0.0;   0;    7.317;-999;  -999;   8.7;    -999;   10.6;   70.17;   20.4;    2.6;   -0.5;eor
        320;20180929;-999;-999;-999;    3;   0.0;   0;   10.467;-999;  -999;   6.5;    -999;    6.5;   71.46;   15.6;   -1.0;   -3.2;eor
        320;20180930;-999;-999;-999;    3;   0.0;   0;   10.417;-999;  -999;   6.3;    -999;    7.3;   67.79;   18.8;   -2.2;   -4.2;eor
        320;20181001;-999;-999;-999;    3;   1.3;   4;    1.167;   0;  -999;   7.9;    -999;    7.0;   79.42;   13.2;    1.0;   -1.5;eor
        320;20181002;-999;-999;-999;    3;   0.2;   4;    0.533;   0;  -999;   8.0;    -999;    6.8;   81.08;    9.4;    3.6;    1.3;eor
        320;20181003;-999;-999;-999;    3;   0.0;   0;    3.833;   0;  -999;   9.2;    -999;   10.6;   72.75;   15.9;    2.0;   -0.5;eor
        320;20181004;-999;-999;-999;    3;   0.0;   0;   10.200;   0;  -999;   7.9;    -999;    7.4;   78.83;   17.4;   -0.4;   -2.4;eor
        320;20181005;-999;-999;-999;    3;   0.0;   0;   10.183;   0;  -999;   8.2;    -999;    9.6;   73.13;   21.2;    0.2;   -2.0;eor
        320;20181006;-999;-999;-999;    3;   0.0;   0;    7.467;   0;  -999;  11.2;    -999;   13.3;   74.21;   22.8;    3.4;    1.3;eor
        320;20181007;-999;-999;-999;    3;   0.0;   0;    9.167;   0;  -999;  11.5;    -999;   12.5;   80.83;   21.6;    6.3;    4.2;eor
        320;20181008;-999;-999;-999;    3;   0.0;   0;    7.133;   0;  -999;  11.8;    -999;   12.8;   80.83;   20.9;    6.5;    3.8;eor
        320;20181009;-999;-999;-999;    3;   0.0;   0;    9.383;   0;  -999;  11.0;    -999;   11.5;   82.25;   21.7;    4.9;    2.7;eor
        320;20181010;-999;-999;-999;    3;   0.0;   0;    9.150;   0;  -999;  10.6;    -999;   11.6;   79.71;   21.9;    4.6;    2.3;eor
        320;20181011;-999;-999;-999;    3;   0.2;   4;    9.967;   0;  -999;   9.2;    -999;   14.1;   62.13;   23.8;    6.2;    2.9;eor
        320;20181012;-999;-999;-999;    3;   0.0;   0;    9.350;   0;  -999;  11.0;    -999;   14.9;   68.63;   25.0;    6.9;    3.9;eor
        320;20181013;-999;-999;-999;    3;   0.0;   0;    9.867;   0;  -999;   9.7;    -999;   12.9;   70.38;   24.5;    4.7;    1.9;eor
        320;20181014;-999;-999;-999;    3;   0.0;   0;    9.817;   0;  -999;   9.0;    -999;   12.3;   68.13;   23.6;    3.7;    1.2;eor
        320;20181015;-999;-999;-999;    3;   0.0;   0;    9.750;   0;  -999;   8.8;    -999;   13.1;   62.42;   23.4;    5.2;    1.6;eor
        320;20181016;-999;-999;-999;    3;   0.0;   0;    7.017;   0;  -999;   9.3;    -999;   11.0;   73.54;   21.8;    2.7;    0.2;eor
        320;20181017;-999;-999;-999;    3;   0.0;   0;    8.483;   0;  -999;   9.2;    -999;   10.3;   76.50;   21.7;    3.0;    0.4;eor
        320;20181018;-999;-999;-999;    3;   0.0;   0;    6.150;   0;  -999;  10.2;    -999;   10.9;   78.63;   19.9;    2.6;    0.1;eor
        320;20181019;-999;-999;-999;    3;   0.0;   0;    1.967;   0;  -999;  10.5;    -999;   10.2;   84.46;   15.9;    4.6;    1.9;eor
        320;20181020;-999;-999;-999;    3;   0.0;   0;    6.033;   0;  -999;   9.0;    -999;    9.0;   80.00;   16.4;    1.8;   -1.5;eor
        320;20181021;-999;-999;-999;    3;   0.0;   0;    7.817;   0;  -999;   7.3;    -999;    6.6;   77.71;   15.3;   -1.6;   -4.6;eor
        320;20181022;-999;-999;-999;    3;   0.5;   4;    3.933;   0;  -999;   7.1;    -999;    4.9;   81.08;   15.0;   -3.7;   -6.6;eor
        320;20181023;-999;-999;-999;    3;   0.1;   4;    0.000;   0;  -999;   7.8;    -999;    7.1;   77.92;   11.0;   -0.6;   -2.6;eor
        320;20181024;-999;-999;-999;    3;   5.4;   4;    1.100;   0;  -999;  11.2;    -999;   10.9;   86.00;   15.1;    9.7;    8.3;eor
        320;20181025;-999;-999;-999;    3;   0.3;   4;    0.000;   0;  -999;  10.6;    -999;   11.6;   77.63;   13.0;    9.9;    9.1;eor
        320;20181026;-999;-999;-999;    3;   0.3;   4;    1.367;   0;  -999;   8.9;    -999;    9.8;   73.63;   12.5;    7.6;    4.3;eor
        320;20181027;-999;-999;-999;    3;   0.6;   4;    0.000;   0;  -999;   7.5;    -999;    6.3;   79.00;    8.6;    3.3;    2.3;eor
        320;20181028;-999;-999;-999;    3;   7.9;   4;    0.000;   0;  -999;   6.7;    -999;    4.0;   82.21;    5.7;    2.1;    1.7;eor
        320;20181029;-999;-999;-999;    3;   0.2;   4;    0.700;   0;  -999;   7.7;    -999;    5.3;   86.38;   13.3;    3.0;    2.8;eor
        320;20181030;-999;-999;-999;    3;   2.8;   4;    1.567;   0;  -999;   9.0;    -999;    8.6;   78.79;   14.7;    3.9;    1.3;eor
        320;20181031;-999;-999;-999;    3;   0.0;   0;    6.217;   0;  -999;   7.1;    -999;    5.2;   81.54;   13.6;   -1.0;   -2.7;eor
        320;20181101;-999;-999;-999;    3;   0.0;   4;    2.450;   0;  -999;   7.5;    -999;    4.5;   88.67;   12.4;   -1.3;   -2.9;eor
        320;20181102;-999;-999;-999;    3;   0.2;   4;    3.433;   0;  -999;   8.0;    -999;    5.9;   85.96;   13.2;   -1.1;   -2.4;eor
        320;20181103;-999;-999;-999;    3;   0.0;   0;    0.000;   0;  -999;   9.3;    -999;    8.5;   83.63;   11.1;    4.8;    3.4;eor
        320;20181104;-999;-999;-999;    3;   0.0;   0;    0.000;   0;  -999;  10.3;    -999;    9.7;   85.58;   12.2;    4.2;    2.2;eor
        320;20181105;-999;-999;-999;    3;   0.0;   0;    2.683;   0;  -999;   9.7;    -999;    8.8;   85.38;   15.3;    1.4;    0.2;eor
        320;20181106;-999;-999;-999;    3;   0.0;   0;    6.867;   0;  -999;  10.0;    -999;   10.4;   80.50;   16.9;    3.7;    1.6;eor
        320;20181107;-999;-999;-999;    3;   0.0;   0;    2.383;   0;  -999;  10.3;    -999;    8.1;   94.67;   12.8;    2.4;    0.7;eor
        320;20181108;-999;-999;-999;    3;   0.0;   0;    0.017;   0;  -999;  10.3;    -999;    8.6;   92.42;   12.1;    6.0;    4.5;eor
        320;20181109;-999;-999;-999;    3;   0.0;   0;    0.000;   0;  -999;   9.6;    -999;    8.0;   89.08;   10.6;    4.7;    3.5;eor
        320;20181110;-999;-999;-999;    3;   0.2;   4;    0.500;   0;  -999;   9.1;    -999;    7.6;   87.33;    9.2;    3.3;    1.6;eor
        320;20181111;-999;-999;-999;    3;   0.1;   4;    2.033;   0;  -999;  10.1;    -999;    8.6;   90.29;   12.1;    6.8;    4.8;eor
        320;20181112;-999;-999;-999;    3;   0.1;   4;    6.683;   0;  -999;   9.7;    -999;    9.5;   82.08;   14.7;    6.2;    3.3;eor
        320;20181113;-999;-999;-999;    3;   1.0;   4;    0.200;   0;  -999;   9.8;    -999;    7.9;   91.08;   11.3;    3.5;    0.5;eor
        320;20181114;-999;-999;-999;    3;   0.0;   0;    0.000;   0;  -999;   8.4;    -999;    5.5;   93.04;    7.1;    2.1;   -0.1;eor
        320;20181115;-999;-999;-999;    3;   0.0;   0;    4.900;   0;  -999;   7.1;    -999;    3.4;   90.54;    9.7;   -2.3;   -4.2;eor
        320;20181116;-999;-999;-999;    3;   0.0;   0;    8.000;   0;  -999;   5.4;    -999;    1.0;   84.04;    9.6;   -4.6;   -6.7;eor
        320;20181117;-999;-999;-999;    3;   0.0;   0;    7.950;   0;  -999;   4.8;    -999;    1.2;   74.71;    9.5;   -4.0;   -6.6;eor
        320;20181118;-999;-999;-999;    3;   0.5;   4;    7.317;   0;  -999;   3.9;    -999;   -0.6;   68.08;    6.4;   -6.0;   -8.7;eor
        320;20181119;-999;-999;-999;    3;   0.0;   0;    0.000;   1;  -999;   5.0;    -999;    1.1;   75.58;    2.9;   -0.9;   -1.5;eor
        320;20181120;-999;-999;-999;    3;   0.8;   4;    0.000;   0;  -999;   5.2;    -999;    1.3;   78.29;    2.9;   -4.0;   -6.5;eor
        320;20181121;-999;-999;-999;    3;   0.0;   0;    0.000;   0;  -999;   5.8;    -999;    1.3;   86.67;    4.1;   -4.1;   -6.8;eor
        320;20181122;-999;-999;-999;    3;   0.0;   0;    0.000;   0;  -999;   6.8;    -999;    2.9;   89.58;    4.4;    1.9;    1.2;eor
        320;20181123;-999;-999;-999;    3;   0.7;   4;    0.000;   0;  -999;   6.1;    -999;    1.9;   86.96;    3.9;   -2.7;   -4.4;eor
        320;20181124;-999;-999;-999;    3;   1.1;   4;    0.000;   0;  -999;   7.2;    -999;    2.9;   94.71;    6.9;   -1.7;   -2.8;eor
        320;20181125;-999;-999;-999;    3;   0.0;   0;    2.883;   0;  -999;   6.9;    -999;    2.9;   91.13;    7.8;   -3.2;   -5.7;eor
        320;20181126;-999;-999;-999;    3;   0.0;   0;    0.000;   0;  -999;   6.3;    -999;    2.8;   83.96;    5.4;   -2.5;   -2.7;eor
        320;20181127;-999;-999;-999;    3;   0.0;   0;    0.767;   0;  -999;   5.1;    -999;    0.6;   80.63;    3.2;   -3.1;   -5.3;eor
        320;20181128;-999;-999;-999;    3;   0.0;   0;    4.200;   0;  -999;   4.6;    -999;   -0.5;   78.75;    2.2;   -3.4;   -5.0;eor
        320;20181129;-999;-999;-999;    3;   0.0;   0;    5.617;   0;  -999;   4.0;    -999;   -0.1;   66.50;    3.0;   -2.3;   -3.3;eor
        320;20181130;-999;-999;-999;    3;   6.0;   4;    0.000;   0;  -999;   4.9;    -999;   -0.3;   81.83;    0.7;   -1.4;   -2.3;eor
        320;20181201;-999;-999;-999;    3;   0.6;   4;    0.083;   0;  -999;   7.0;    -999;    2.4;   95.25;    4.7;    0.6;    0.0;eor
        320;20181202;-999;-999;-999;    3;  19.4;   4;    0.000;   0;  -999;   9.3;    -999;    6.5;   94.21;   11.3;    3.2;    2.2;eor
        320;20181203;-999;-999;-999;    3;  15.0;   4;    0.533;   0;  -999;  11.5;    -999;   10.5;   90.17;   11.8;    8.4;    7.6;eor
        320;20181204;-999;-999;-999;    3;   1.0;   4;    2.933;   0;  -999;   7.8;    -999;    5.1;   86.13;    9.9;   -2.8;   -4.5;eor
        320;20181205;-999;-999;-999;    3;   0.0;   0;    2.117;   0;  -999;   5.4;    -999;    0.0;   88.54;    2.6;   -3.5;   -5.5;eor
        320;20181206;-999;-999;-999;    3;   0.7;   4;    0.000;   0;  -999;   7.2;    -999;    3.9;   87.04;    9.6;    1.7;    0.8;eor
        320;20181207;-999;-999;-999;    3;   2.5;   4;    0.000;   0;  -999;  10.7;    -999;    9.9;   87.54;   11.0;    7.5;    6.4;eor
        320;20181208;-999;-999;-999;    3;  10.1;   4;    0.000;   0;  -999;   7.5;    -999;    5.7;   82.46;    7.5;    3.7;    2.2;eor
        320;20181209;-999;-999;-999;    3;   2.8;   4;    0.000;   0;  -999;   8.0;    -999;    6.4;   83.04;    7.8;    3.6;    2.1;eor
        320;20181210;-999;-999;-999;    3;   0.2;   4;    1.633;   0;  -999;   6.1;    -999;    3.1;   80.00;    5.1;    1.4;   -0.6;eor
        320;20181211;-999;-999;-999;    3;   0.4;   4;    0.583;   0;  -999;   6.0;    -999;    2.4;   82.38;    3.9;    1.8;    0.4;eor
        320;20181212;-999;-999;-999;    3;   0.4;   4;    0.633;   0;  -999;   5.8;    -999;    1.5;   84.88;    3.2;   -2.5;   -4.4;eor
        320;20181213;-999;-999;-999;    3;   0.0;   0;    0.867;   0;  -999;   4.1;    -999;   -1.4;   75.54;    0.2;   -4.5;   -6.7;eor
        320;20181214;-999;-999;-999;    3;   0.0;   0;    0.000;   0;  -999;   3.8;    -999;   -1.2;   67.63;   -0.8;   -1.9;   -2.2;eor
        320;20181215;-999;-999;-999;    3;   0.0;   0;    0.000;   0;  -999;   3.7;    -999;   -1.4;   67.67;   -0.9;   -3.3;   -7.1;eor
        320;20181216;-999;-999;-999;    3;   0.6;   4;    0.000;   0;  -999;   4.3;    -999;   -2.5;   83.46;   -0.9;   -5.4;   -8.0;eor
        320;20181217;-999;-999;-999;    3;   0.3;   4;    0.000;   1;  -999;   6.3;    -999;    1.3;   94.42;    3.4;   -1.0;   -1.1;eor
        320;20181218;-999;-999;-999;    3;   0.1;   4;    0.550;   0;  -999;   6.7;    -999;    2.9;   89.08;    5.3;    0.7;   -1.0;eor
        320;20181219;-999;-999;-999;    3;   5.3;   4;    0.000;   0;  -999;   5.7;    -999;    0.7;   88.21;    1.3;    0.0;   -1.0;eor
        320;20181220;-999;-999;-999;    3;   1.8;   4;    0.000;   0;  -999;   7.2;    -999;    3.4;   91.42;    5.7;    1.1;    0.7;eor
        320;20181221;-999;-999;-999;    3;  11.0;   4;    0.000;   0;  -999;   8.7;    -999;    7.2;   85.17;   10.7;    4.7;    3.3;eor
        320;20181222;-999;-999;-999;    3;   7.1;   4;    0.667;   0;  -999;   9.2;    -999;    8.8;   81.00;   10.5;    6.3;    4.1;eor
        320;20181223;-999;-999;-999;    3;  22.5;   4;    0.000;   0;  -999;   8.5;    -999;    6.3;   89.13;    7.2;    5.1;    3.1;eor
        320;20181224;-999;-999;-999;    3;   0.5;   4;    0.350;   0;  -999;   6.9;    -999;    3.2;   89.63;    5.8;   -1.1;   -2.8;eor
        320;20181225;-999;-999;-999;    3;   0.0;   0;    0.000;   0;  -999;   5.6;    -999;    1.0;   85.13;    1.9;    0.2;   -1.0;eor
        320;20181226;-999;-999;-999;    3;   0.8;   4;    0.000;   0;  -999;   5.5;    -999;    0.1;   90.00;    1.9;   -3.3;   -5.1;eor
        320;20181227;-999;-999;-999;    3;   0.0;   0;    0.483;   0;  -999;   6.6;    -999;    2.1;   92.75;    4.1;    0.6;    0.2;eor
        320;20181228;-999;-999;-999;    3;   0.5;   4;    0.000;   0;  -999;   6.0;    -999;    0.0;   97.21;    1.5;   -1.0;   -0.9;eor
        320;20181229;-999;-999;-999;    3;   3.5;   4;    0.000;   1;  -999;   5.9;    -999;    0.4;   92.96;    1.8;   -0.7;   -1.1;eor
        320;20181230;-999;-999;-999;    3;   0.3;   4;    2.617;   0;  -999;   7.2;    -999;    4.8;   84.38;    6.9;    1.6;    1.2;eor
        320;20181231;-999;-999;-999;    3;   0.3;   4;    0.000;   0;  -999;   8.4;    -999;    5.0;   95.38;    6.2;    4.2;    3.2;eor
        320;20190101;-999;-999;-999;    3;   3.1;   4;    0.000;   0;  -999;   7.9;    -999;    5.4;   86.92;    6.6;    2.2;    0.9;eor
        320;20190102;-999;-999;-999;    3;   2.0;   4;    3.517;   0;  -999;   5.0;    -999;    0.6;   78.29;    2.5;   -1.1;   -2.7;eor
        320;20190103;-999;-999;-999;    3;   0.3;   4;    3.883;   1;  -999;   4.1;    -999;   -1.3;   74.17;    2.0;   -5.2;   -7.4;eor
        320;20190104;-999;-999;-999;    3;   2.3;   4;    0.000;   2;  -999;   5.3;    -999;    0.1;   86.00;    1.4;   -1.8;   -3.3;eor
        320;20190105;-999;-999;-999;    3;   4.5;   4;    0.000;   1;  -999;   7.2;    -999;    3.0;   93.75;    5.4;    0.8;    0.0;eor
        320;20190106;-999;-999;-999;    3;   1.0;   4;    0.700;   0;  -999;   7.2;    -999;    3.6;   91.04;    4.9;    2.8;    2.3;eor
        320;20190107;-999;-999;-999;    3;   3.4;   4;    0.000;   0;  -999;   7.2;    -999;    3.8;   89.00;    4.5;    1.7;    0.8;eor
        320;20190108;-999;-999;-999;    3;   6.2;   4;    0.000;   0;  -999;   6.7;    -999;    2.9;   89.42;    3.9;    1.2;    0.1;eor
        320;20190109;-999;-999;-999;    3;   0.5;   4;    0.000;   1;  -999;   5.5;    -999;    0.5;   86.63;    2.2;   -0.1;   -0.8;eor
        320;20190110;-999;-999;-999;    3;   0.0;   4;    0.000;   1;  -999;   4.7;    -999;   -0.6;   80.50;    0.4;   -3.8;   -5.3;eor
        320;20190111;-999;-999;-999;    3;   3.4;   4;    0.000;   2;  -999;   4.8;    -999;   -1.6;   87.13;    0.6;   -2.9;   -3.2;eor
        320;20190112;-999;-999;-999;    3;   3.4;   4;    0.000;   4;  -999;   6.4;    -999;    1.7;   92.54;    2.5;    0.6;    0.0;eor
        320;20190113;-999;-999;-999;    3;   7.8;   4;    0.000;   4;  -999;   7.7;    -999;    4.6;   90.75;    7.3;    2.0;    1.3;eor
        320;20190114;-999;-999;-999;    3;   0.1;   4;    0.917;   0;  -999;   5.5;    -999;    2.9;   72.33;    5.5;    0.5;   -0.9;eor
        320;20190115;-999;-999;-999;    3;   0.1;   4;    0.000;   0;  -999;   5.7;    -999;    2.3;   78.42;    3.8;    0.4;   -0.1;eor
        320;20190116;-999;-999;-999;    3;   0.0;   0;    0.050;   0;  -999;   6.1;    -999;    2.9;   81.38;    4.3;    0.1;   -2.3;eor
        320;20190117;-999;-999;-999;    3;   6.9;   4;    0.167;   0;  -999;   6.6;    -999;    3.6;   83.29;    5.3;    0.4;   -1.5;eor
        320;20190118;-999;-999;-999;    3;   0.0;   0;    4.967;   0;  -999;   4.4;    -999;   -1.2;   79.42;    2.6;   -6.9;   -8.7;eor
        320;20190119;-999;-999;-999;    3;   0.0;   0;    7.400;   0;  -999;   3.2;    -999;   -4.9;   77.00;    2.2;   -9.0;  -10.9;eor
        320;20190120;-999;-999;-999;    3;   0.0;   0;    5.800;   0;  -999;   3.3;    -999;   -5.2;   78.83;   -1.3;  -10.6;  -12.1;eor
        320;20190121;-999;-999;-999;    3;   0.0;   0;    0.217;   0;  -999;   3.5;    -999;   -3.1;   73.54;   -0.4;  -10.0;  -11.5;eor
        320;20190122;-999;-999;-999;    3;   0.0;   0;    0.017;   0;  -999;   3.0;    -999;   -6.9;   81.71;   -3.3;  -12.0;  -13.1;eor
        320;20190123;-999;-999;-999;    3;   0.0;   0;    0.000;   0;  -999;   3.2;    -999;   -5.4;   77.75;   -4.1;   -6.4;   -7.0;eor
        320;20190124;-999;-999;-999;    3;   0.7;   4;    0.000;   0;  -999;   3.9;    -999;   -3.7;   83.54;   -2.0;   -5.0;   -5.1;eor
        320;20190125;-999;-999;-999;    3;   2.3;   4;    0.033;   2;  -999;   3.8;    -999;   -3.9;   82.46;   -1.7;   -5.2;   -6.2;eor
        320;20190126;-999;-999;-999;    3;   2.3;   4;    0.000;   4;  -999;   6.0;    -999;    0.9;   91.29;    3.5;   -1.9;   -2.3;eor
        320;20190127;-999;-999;-999;    3;   2.1;   4;    1.117;   0;  -999;   6.7;    -999;    3.4;   86.38;    5.9;    1.7;   -0.1;eor
        320;20190128;-999;-999;-999;    3;   1.7;   4;    0.000;   0;  -999;   5.8;    -999;    1.4;   85.96;    3.1;    0.6;   -0.7;eor
        320;20190129;-999;-999;-999;    3;   0.1;   4;    0.250;   1;  -999;   5.1;    -999;   -0.3;   85.92;    1.3;   -3.8;   -7.1;eor
        320;20190130;-999;-999;-999;    3;   0.0;   4;    2.317;   0;  -999;   4.3;    -999;   -1.6;   78.50;    1.6;   -7.0;  -10.1;eor
        320;20190131;-999;-999;-999;    3;   0.2;   4;    6.933;   0;  -999;   4.1;    -999;   -2.1;   79.17;    2.3;   -6.2;   -9.4;eor
        320;20190201;-999;-999;-999;    3;   3.8;   4;    0.017;   1;  -999;   5.0;    -999;   -0.1;   82.79;    3.1;   -2.3;   -3.8;eor
        320;20190202;-999;-999;-999;    3;   0.2;   4;    0.000;   0;  -999;   6.3;    -999;    1.2;   95.00;    2.7;    0.3;   -0.3;eor
        320;20190203;-999;-999;-999;    3;   8.8;   4;    0.000;   0;  -999;   5.5;    -999;    0.0;   90.67;    1.7;   -1.2;   -2.1;eor
        320;20190204;-999;-999;-999;    3;   0.0;   0;    6.083;   9;  -999;   4.1;    -999;   -3.7;   88.50;    2.9;  -10.1;  -13.6;eor
        320;20190205;-999;-999;-999;    3;   0.0;   0;    0.017;   7;  -999;   3.7;    -999;   -5.0;   87.38;   -2.1;  -10.2;  -12.7;eor
        320;20190206;-999;-999;-999;    3;   0.0;   0;    5.433;   7;  -999;   4.3;    -999;   -2.8;   86.58;   -0.3;   -4.3;   -6.0;eor
        320;20190207;-999;-999;-999;    3;   0.8;   4;    0.000;   6;  -999;   4.3;    -999;   -3.5;   89.54;    0.1;   -7.4;   -9.7;eor
        320;20190208;-999;-999;-999;    3;   0.2;   4;    3.900;   6;  -999;   6.2;    -999;    2.3;   86.67;    6.8;   -2.4;   -3.7;eor
        320;20190209;-999;-999;-999;    3;   1.7;   4;    2.383;   0;  -999;   6.7;    -999;    4.4;   80.00;    8.6;    0.1;   -1.5;eor
        320;20190210;-999;-999;-999;    3;   8.6;   4;    0.000;   0;  -999;   7.1;    -999;    4.5;   83.88;   10.1;   -0.7;   -1.9;eor
        320;20190211;-999;-999;-999;    3;   0.2;   4;    0.600;   0;  -999;   6.2;    -999;    2.8;   82.13;    4.6;    1.5;   -0.7;eor
        320;20190212;-999;-999;-999;    3;   0.0;   4;    0.317;   0;  -999;   5.3;    -999;    2.3;   73.71;    3.7;    1.1;    0.2;eor
        320;20190213;-999;-999;-999;    3;   0.0;   0;    4.867;   0;  -999;   5.2;    -999;    1.5;   77.42;    7.4;   -3.1;   -4.8;eor
        320;20190214;-999;-999;-999;    3;   0.0;   0;    6.417;   0;  -999;   5.1;    -999;    0.4;   83.42;    9.5;   -3.8;   -5.4;eor
        320;20190215;-999;-999;-999;    3;   0.0;   0;    9.083;   0;  -999;   5.1;    -999;    1.0;   80.33;   14.1;   -5.2;   -7.2;eor
        320;20190216;-999;-999;-999;    3;   0.0;   0;    9.117;   0;  -999;   5.3;    -999;    1.8;   79.38;   13.4;   -4.9;   -7.0;eor
        320;20190217;-999;-999;-999;    3;   0.0;   0;    8.883;   0;  -999;   5.5;    -999;    2.0;   79.92;   12.1;   -4.5;   -6.4;eor
        320;20190218;-999;-999;-999;    3;   0.0;   0;    9.217;   0;  -999;   5.5;    -999;    2.8;   76.25;   13.6;   -3.7;   -5.9;eor
        320;20190219;-999;-999;-999;    3;   0.0;   0;    2.167;   0;  -999;   5.7;    -999;    1.6;   82.88;    8.0;   -3.9;   -5.8;eor
        320;20190220;-999;-999;-999;    3;   0.0;   0;    0.483;   0;  -999;   6.3;    -999;    1.9;   89.21;    8.0;   -3.7;   -5.6;eor
        320;20190221;-999;-999;-999;    3;   0.0;   0;    2.150;   0;  -999;   7.0;    -999;    5.2;   79.83;   10.2;   -1.1;   -2.4;eor
        320;20190222;-999;-999;-999;    3;   0.0;   4;    0.367;   0;  -999;   7.9;    -999;    6.4;   80.54;    9.9;   -2.6;   -5.0;eor
        320;20190223;-999;-999;-999;    3;   0.0;   0;    8.400;   0;  -999;   3.5;    -999;    0.0;   60.38;    6.3;   -4.3;   -6.9;eor
        320;20190224;-999;-999;-999;    3;   0.0;   0;    6.550;   0;  -999;   3.4;    -999;   -0.6;   63.71;    9.7;   -6.4;   -8.1;eor
        320;20190225;-999;-999;-999;    3;   0.0;   0;    9.383;   0;  -999;   4.6;    -999;    2.5;   67.42;   16.3;   -5.2;   -6.8;eor
        320;20190226;-999;-999;-999;    3;   0.0;   0;    9.633;   0;  -999;   5.1;    -999;    4.1;   68.63;   16.9;   -4.1;   -5.8;eor
        320;20190227;-999;-999;-999;    3;   0.0;   0;    9.800;   0;  -999;   5.5;    -999;    4.5;   69.38;   17.1;   -2.9;   -4.7;eor
        320;20190228;-999;-999;-999;    3;   0.9;   4;    8.400;   0;  -999;   6.5;    -999;    6.6;   68.04;   15.5;   -3.2;   -5.7;eor
        320;20190301;-999;-999;-999;    3;   6.2;   4;    0.367;   0;  -999;   8.9;    -999;    7.9;   83.58;   11.1;    5.9;    4.7;eor
        320;20190302;-999;-999;-999;    3;   0.0;   0;    0.000;   0;  -999;   7.8;    -999;    5.4;   87.04;    7.2;    4.0;    1.6;eor
        320;20190303;-999;-999;-999;    3;   0.0;   4;    0.117;   0;  -999;   8.4;    -999;    9.0;   73.13;   11.2;    6.8;    5.9;eor
        320;20190304;-999;-999;-999;    3;   3.4;   4;    0.300;   0;  -999;   7.2;    -999;    8.4;   66.71;   12.0;    3.5;    1.6;eor
        320;20190305;-999;-999;-999;    3;   1.1;   4;    0.300;   0;  -999;   6.9;    -999;    4.7;   80.25;    7.0;    1.7;   -0.5;eor
        320;20190306;-999;-999;-999;    3;   0.0;   0;    3.667;   0;  -999;   7.6;    -999;    6.8;   77.79;   12.7;    0.8;   -1.3;eor
        320;20190307;-999;-999;-999;    3;   0.6;   4;    0.933;   0;  -999;   7.6;    -999;    8.2;   70.50;   11.6;    3.4;    0.4;eor
        320;20190308;-999;-999;-999;    3;   2.3;   4;    1.483;   0;  -999;   7.1;    -999;    6.2;   75.58;    8.4;    2.0;   -0.5;eor
        320;20190309;-999;-999;-999;    3;   6.9;   4;    0.767;   0;  -999;   7.9;    -999;    6.9;   78.71;    9.4;    3.8;    1.2;eor
        320;20190310;-999;-999;-999;    3;  15.6;   4;    1.350;   0;  -999;   8.2;    -999;    7.3;   80.88;   12.3;    3.3;    1.9;eor
        320;20190311;-999;-999;-999;    3;   4.1;   4;    2.300;   0;  -999;   5.8;    -999;    2.3;   80.54;    4.4;    0.4;   -0.3;eor
        320;20190312;-999;-999;-999;    3;   0.3;   4;    4.683;   0;  -999;   5.4;    -999;    4.6;   65.88;    8.7;    1.7;    0.4;eor
        320;20190313;-999;-999;-999;    3;   2.2;   4;    1.200;   0;  -999;   6.1;    -999;    5.2;   69.38;    7.9;    3.2;    0.9;eor
        320;20190314;-999;-999;-999;    3;   6.9;   4;    0.100;   0;  -999;   7.1;    -999;    4.3;   85.50;    5.9;    2.8;    2.1;eor
        320;20190315;-999;-999;-999;    3;  19.1;   4;    0.000;   0;  -999;   8.9;    -999;    7.2;   86.38;   10.6;    4.4;    2.4;eor
        320;20190316;-999;-999;-999;    3;   4.4;   4;    0.083;   0;  -999;   8.8;    -999;    7.1;   87.00;   10.3;    1.5;   -0.8;eor
        320;20190317;-999;-999;-999;    3;   2.3;   4;    6.100;   0;  -999;   7.1;    -999;    5.7;   79.92;   14.3;   -1.0;   -2.7;eor
        320;20190318;-999;-999;-999;    3;   0.2;   4;    4.217;   0;  -999;   6.1;    -999;    3.4;   79.33;    7.1;    0.1;   -1.9;eor
        320;20190319;-999;-999;-999;    3;   0.0;   0;    5.100;   0;  -999;   5.4;    -999;    2.7;   75.96;    8.3;   -1.7;   -3.5;eor
        320;20190320;-999;-999;-999;    3;   0.0;   0;   10.767;   0;  -999;   4.8;    -999;    2.5;   70.67;   11.6;   -4.1;   -5.8;eor
        320;20190321;-999;-999;-999;    3;   0.0;   0;   10.833;   0;  -999;   5.7;    -999;    5.2;   69.38;   16.5;   -3.6;   -5.3;eor
        320;20190322;-999;-999;-999;    3;   0.0;   0;   10.867;   0;  -999;   7.6;    -999;    7.9;   74.25;   18.9;   -1.4;   -3.0;eor
        320;20190323;-999;-999;-999;    3;   0.0;   0;   10.917;   0;  -999;   7.8;    -999;    9.3;   70.71;   18.7;    0.1;   -1.7;eor
        320;20190324;-999;-999;-999;    3;   0.0;   4;    1.317;   0;  -999;   8.3;    -999;    7.4;   81.38;   12.6;    1.8;   -0.5;eor
        320;20190325;-999;-999;-999;    3;   5.1;   4;    3.367;   0;  -999;   6.3;    -999;    2.9;   84.58;    7.4;   -0.9;   -3.0;eor
        320;20190326;-999;-999;-999;    3;   0.0;   0;    0.500;   0;  -999;   6.1;    -999;    3.7;   77.46;    7.4;   -1.2;   -2.7;eor
        320;20190327;-999;-999;-999;    3;   0.0;   0;    0.633;   0;  -999;   7.1;    -999;    5.8;   77.58;    9.7;    3.1;    2.3;eor
        320;20190328;-999;-999;-999;    3;   0.0;   0;    0.150;   0;  -999;   8.5;    -999;    7.3;   82.92;   11.4;    2.9;    2.3;eor
        320;20190329;-999;-999;-999;    3;   0.0;   0;    9.917;   0;  -999;   8.3;    -999;    9.2;   74.25;   15.8;    1.0;   -1.4;eor
        320;20190330;-999;-999;-999;    3;   0.0;   0;   11.350;   0;  -999;   7.1;    -999;    7.7;   71.96;   18.4;   -1.3;   -2.9;eor
        320;20190331;-999;-999;-999;    3;   0.0;   0;    9.467;   0;  -999;   7.5;    -999;    7.8;   73.58;   17.6;   -0.9;   -2.5;eor
        320;20190401;-999;-999;-999;    3;   0.0;   0;   11.433;   0;  -999;   7.0;    -999;    7.1;   72.00;   15.1;   -1.2;   -3.3;eor
        320;20190402;-999;-999;-999;    3;   0.3;   4;   10.767;   0;  -999;   7.5;    -999;    9.4;   65.13;   18.2;   -1.1;   -3.1;eor
        320;20190403;-999;-999;-999;    3;   0.0;   0;    6.250;   0;  -999;   9.1;    -999;   11.7;   69.46;   19.2;    4.7;    2.7;eor
        320;20190404;-999;-999;-999;    3;   0.0;   0;    9.350;   0;  -999;   8.5;    -999;    9.8;   72.13;   18.8;    5.6;    5.4;eor
        320;20190405;-999;-999;-999;    3;   0.0;   0;    3.267;   0;  -999;   8.7;    -999;    7.9;   82.79;   14.8;    2.9;    0.4;eor
        320;20190406;-999;-999;-999;    3;   0.0;   0;   10.767;   0;  -999;   8.4;    -999;   10.3;   70.75;   18.9;    0.6;   -0.5;eor
        320;20190407;-999;-999;-999;    3;   0.0;   0;    8.117;   0;  -999;   7.8;    -999;    9.7;   67.92;   17.2;    0.3;   -1.8;eor
        320;20190408;-999;-999;-999;    3;   0.1;   4;    7.767;   0;  -999;   9.5;    -999;   11.2;   73.21;   17.7;    2.2;    0.1;eor
        320;20190409;-999;-999;-999;    3;   0.0;   0;    6.133;   0;  -999;   9.3;    -999;   10.2;   75.25;   15.2;    7.9;    7.0;eor
        320;20190410;-999;-999;-999;    3;   0.0;   0;    7.183;   0;  -999;   6.0;    -999;    7.2;   59.25;   11.6;    1.1;   -2.2;eor
        320;20190411;-999;-999;-999;    3;   0.0;   0;   12.500;   0;  -999;   4.7;    -999;    3.9;   60.38;    9.0;   -1.8;   -4.9;eor
        320;20190412;-999;-999;-999;    3;   0.0;   0;    1.267;   0;  -999;   4.3;    -999;    1.3;   65.42;    6.8;   -4.9;   -7.4;eor
        320;20190413;-999;-999;-999;    3;   0.0;   0;    7.350;   0;  -999;   4.7;    -999;    3.5;   61.38;    8.5;   -2.9;   -5.3;eor
        320;20190414;-999;-999;-999;    3;   0.0;   0;    1.483;   0;  -999;   5.8;    -999;    2.0;   80.79;    5.4;   -3.5;   -5.5;eor
        320;20190415;-999;-999;-999;    3;   0.0;   0;   12.467;   0;  -999;   6.3;    -999;    8.6;   61.04;   16.2;   -0.1;   -3.3;eor
        320;20190416;-999;-999;-999;    3;   0.0;   0;   12.100;   0;  -999;   5.4;    -999;    7.5;   58.25;   17.3;   -3.0;   -5.1;eor
        320;20190417;-999;-999;-999;    3;   0.0;   0;   12.583;   0;  -999;   5.8;    -999;    9.6;   54.04;   19.0;   -1.8;   -3.9;eor
        320;20190418;-999;-999;-999;    3;   0.0;   0;   12.633;   0;  -999;   6.9;    -999;   10.7;   58.67;   19.6;   -0.3;   -2.9;eor
        320;20190419;-999;-999;-999;    3;   0.0;   0;   12.817;   0;  -999;   7.2;    -999;   12.2;   55.96;   21.6;    1.4;   -1.9;eor
        320;20190420;-999;-999;-999;    3;   0.0;   0;   12.700;   0;  -999;   6.7;    -999;   12.9;   51.54;   23.2;    0.4;   -2.1;eor
        320;20190421;-999;-999;-999;    3;   0.0;   0;   12.850;   0;  -999;   6.6;    -999;   12.0;   53.63;   22.5;    0.3;   -2.1;eor
        320;20190422;-999;-999;-999;    3;   0.0;   0;   12.800;   0;  -999;   6.6;    -999;   13.1;   49.25;   21.9;    0.1;   -2.4;eor
        320;20190423;-999;-999;-999;    3;   0.0;   0;    8.283;   0;  -999;   9.2;    -999;   14.1;   57.33;   17.9;    9.0;    5.0;eor
        320;20190424;-999;-999;-999;    3;   0.0;   4;    9.983;   0;  -999;  10.4;    -999;   16.7;   56.92;   25.3;    6.4;    3.1;eor
        320;20190425;-999;-999;-999;    3;   0.0;   0;   11.067;   0;  -999;   8.4;    -999;   14.2;   58.08;   24.6;    2.7;    0.1;eor
        320;20190426;-999;-999;-999;    3;   3.1;   4;    1.617;   0;  -999;   9.4;    -999;    9.3;   80.38;   13.7;    4.4;    1.5;eor
        320;20190427;-999;-999;-999;    3;   5.7;   4;    3.183;   0;  -999;   9.7;    -999;    9.3;   84.13;   15.3;    5.6;    3.8;eor
        320;20190428;-999;-999;-999;    3;   3.4;   4;    1.500;   0;  -999;   7.8;    -999;    6.3;   82.88;   12.0;    2.8;    1.6;eor
        320;20190429;-999;-999;-999;    3;  14.0;   4;    0.000;   0;  -999;   8.9;    -999;    6.4;   92.63;    9.2;    2.3;    1.4;eor
        320;20190430;-999;-999;-999;    3;   0.0;   0;   13.167;   0;  -999;   7.6;    -999;    9.6;   67.25;   16.4;    2.3;    0.7;eor
        320;20190501;-999;-999;-999;    3;   0.0;   0;    4.750;-999;  -999;   8.8;    -999;    9.2;   77.25;   19.1;   -0.3;   -1.6;eor
        320;20190502;-999;-999;-999;    3;   0.0;   0;    9.267;-999;  -999;   8.9;    -999;   11.1;   70.96;   18.6;    2.5;    0.5;eor
        320;20190503;-999;-999;-999;    3;   0.2;   4;    1.833;-999;  -999;   7.9;    -999;    8.7;   70.88;   11.6;    2.2;    0.1;eor
        320;20190504;-999;-999;-999;    3;   8.0;   4;    1.033;-999;  -999;   7.0;    -999;    3.7;   86.71;    7.4;   -1.5;   -2.8;eor
        320;20190505;-999;-999;-999;    3;   0.0;   0;    3.133;-999;  -999;   6.0;    -999;    3.6;   78.33;    9.9;   -1.8;   -3.2;eor
        320;20190506;-999;-999;-999;    3;   0.0;   0;    1.467;-999;  -999;   5.8;    -999;    4.1;   73.29;   10.4;   -2.5;   -4.1;eor
        320;20190507;-999;-999;-999;    3;   0.0;   0;    2.367;-999;  -999;   6.4;    -999;    5.8;   71.96;   11.8;   -1.8;   -3.6;eor
        320;20190508;-999;-999;-999;    3;   1.8;   4;    3.283;-999;  -999;   9.0;    -999;    9.2;   77.00;   14.9;    0.9;   -0.2;eor
        320;20190509;-999;-999;-999;    3;   7.9;   4;    2.517;-999;  -999;  10.3;    -999;   10.6;   81.33;   15.7;    7.4;    5.0;eor
        320;20190510;-999;-999;-999;    3;   1.6;   4;    5.817;-999;  -999;   9.3;    -999;   11.7;   69.75;   16.6;    7.0;    4.1;eor
        320;20190511;-999;-999;-999;    3;   4.8;   4;    1.317;-999;  -999;  10.9;    -999;   10.7;   84.63;   16.6;    7.1;    5.7;eor
        320;20190512;-999;-999;-999;    3;   0.0;   0;    5.483;-999;  -999;   7.1;    -999;    9.2;   62.75;   14.3;    3.5;    1.7;eor
        320;20190513;-999;-999;-999;    3;   0.0;   0;   12.417;-999;  -999;   6.0;    -999;    7.9;   60.63;   14.9;    0.0;   -2.2;eor
        320;20190514;-999;-999;-999;    3;   0.0;   0;    7.317;-999;  -999;   6.0;    -999;    5.4;   70.67;   12.4;   -1.5;   -3.6;eor
        320;20190515;-999;-999;-999;    3;   0.4;   4;    1.283;-999;  -999;   6.1;    -999;    5.4;   68.46;    9.1;   -1.2;   -4.0;eor
        320;20190516;-999;-999;-999;    3;   3.7;   4;    0.000;-999;  -999;   8.6;    -999;    6.6;   88.50;    8.0;    5.1;    4.8;eor
        320;20190517;-999;-999;-999;    3;   0.0;   0;    7.067;-999;  -999;   9.6;    -999;   10.4;   77.83;   17.6;    3.0;    1.9;eor
        320;20190518;-999;-999;-999;    3;   0.0;   0;   13.500;-999;  -999;  10.3;    -999;   13.0;   71.75;   21.5;    2.2;    0.3;eor
        320;20190519;-999;-999;-999;    3;   0.6;   4;    7.733;-999;  -999;  11.3;    -999;   15.2;   69.13;   23.5;    5.0;    2.9;eor
        320;20190520;-999;-999;-999;    3;  12.5;   4;    0.200;-999;  -999;  14.2;    -999;   14.3;   87.08;   18.9;   10.1;    8.5;eor
        320;20190521;-999;-999;-999;    3;  22.0;   4;    0.050;-999;  -999;  14.9;    -999;   14.0;   93.38;   16.9;   12.5;   12.1;eor
        320;20190522;-999;-999;-999;    3;   0.0;   0;    0.967;-999;  -999;  12.2;    -999;   12.5;   83.71;   16.1;    4.8;    2.5;eor
        320;20190523;-999;-999;-999;    3;   0.0;   0;    9.533;-999;  -999;   9.9;    -999;   11.9;   73.88;   20.8;    3.0;    0.9;eor
        320;20190524;-999;-999;-999;    3;   0.0;   0;   10.667;-999;  -999;  10.7;    -999;   14.2;   69.46;   22.3;    4.9;    3.0;eor
        320;20190525;-999;-999;-999;    3;   0.0;   0;   10.233;-999;  -999;  11.6;    -999;   15.2;   69.63;   22.3;    7.3;    5.2;eor
        320;20190526;-999;-999;-999;    3;   0.0;   0;   11.633;-999;  -999;  11.3;    -999;   15.1;   68.79;   21.7;    7.0;    4.9;eor
        320;20190527;-999;-999;-999;    3;   0.1;   4;   11.517;-999;  -999;  12.3;    -999;   15.4;   72.67;   22.1;    7.2;    5.2;eor
        320;20190528;-999;-999;-999;    3;   1.4;   4;    0.100;-999;  -999;  12.7;    -999;   13.1;   84.58;   16.4;    8.9;    7.1;eor
        320;20190529;-999;-999;-999;    3;   0.6;   4;    2.483;-999;  -999;   9.9;    -999;   10.2;   80.42;   16.6;    2.7;    0.0;eor
        320;20190530;-999;-999;-999;    3;   0.0;   0;   12.000;-999;  -999;   8.9;    -999;   12.6;   64.79;   21.1;    0.7;   -1.1;eor
        320;20190531;-999;-999;-999;    3;   0.0;   0;    3.000;-999;  -999;  13.4;    -999;   16.7;   72.21;   24.2;    9.8;    7.5;eor
        320;20190601;-999;-999;-999;    3;   0.0;   0;   11.817;-999;  -999;  13.8;    -999;   17.6;   71.67;   26.4;    7.7;    5.6;eor
        320;20190602;-999;-999;-999;    3;   0.0;   0;   14.883;-999;  -999;  13.2;    -999;   19.7;   63.38;   29.3;    8.4;    6.1;eor
        320;20190603;-999;-999;-999;    3;   0.0;   0;   11.833;-999;  -999;  14.0;    -999;   20.6;   62.67;   30.8;    9.2;    6.6;eor
        320;20190604;-999;-999;-999;    3;   0.0;   0;   13.983;-999;  -999;  14.5;    -999;   20.7;   64.04;   30.5;   11.0;    8.5;eor
        320;20190605;-999;-999;-999;    3;   0.0;   0;   14.567;-999;  -999;  14.7;    -999;   21.9;   60.46;   31.1;   10.6;    8.3;eor
        320;20190606;-999;-999;-999;    3;   3.5;   4;    4.083;-999;  -999;  13.6;    -999;   16.1;   74.96;   20.5;   11.2;    9.0;eor
        320;20190607;-999;-999;-999;    3;   0.1;   4;   11.100;-999;  -999;  14.8;    -999;   18.7;   70.08;   26.5;   11.5;   11.8;eor
        320;20190608;-999;-999;-999;    3;   0.0;   0;    9.083;-999;  -999;   9.8;    -999;   14.6;   62.08;   20.8;    6.4;    3.4;eor
        320;20190609;-999;-999;-999;    3;   0.0;   4;    9.850;-999;  -999;  11.9;    -999;   16.5;   66.17;   26.0;    4.0;    1.6;eor
        320;20190610;-999;-999;-999;    3;   1.5;   4;    3.500;-999;  -999;  16.4;    -999;   18.4;   79.13;   25.7;   12.9;   10.4;eor
        320;20190611;-999;-999;-999;    3;   0.2;   4;    6.833;-999;  -999;  16.7;    -999;   19.0;   77.58;   25.5;   14.3;   12.3;eor
        320;20190612;-999;-999;-999;    3;   2.4;   4;    7.050;-999;  -999;  16.2;    -999;   18.1;   78.92;   28.6;   13.3;   11.2;eor
        320;20190613;-999;-999;-999;    3;   0.0;   0;   10.600;-999;  -999;  13.3;    -999;   17.4;   71.08;   25.4;    9.7;    7.1;eor
        320;20190614;-999;-999;-999;    3;   0.0;   0;   10.617;-999;  -999;  14.8;    -999;   20.8;   64.00;   30.8;    7.6;    5.3;eor
        320;20190615;-999;-999;-999;    3;   3.2;   4;   11.917;-999;  -999;  16.2;    -999;   21.3;   65.75;   25.5;   15.6;   12.8;eor
        320;20190616;-999;-999;-999;    3;   0.4;   4;    0.467;-999;  -999;  16.2;    -999;   16.7;   85.54;   19.6;   11.5;    9.6;eor
        320;20190617;-999;-999;-999;    3;   0.0;   0;   10.100;-999;  -999;  14.4;    -999;   18.6;   71.71;   26.7;   11.6;    9.1;eor
        320;20190618;-999;-999;-999;    3;   0.0;   0;   12.533;-999;  -999;  14.0;    -999;   20.4;   63.33;   29.6;   10.0;    7.7;eor
        320;20190619;-999;-999;-999;    3;   3.7;   4;   13.483;-999;  -999;  14.7;    -999;   23.0;   57.58;   31.2;   14.4;   12.8;eor
        320;20190620;-999;-999;-999;    3;   0.0;   0;    7.483;-999;  -999;  16.5;    -999;   19.9;   72.33;   26.1;   13.3;   11.7;eor
        320;20190621;-999;-999;-999;    3;   0.0;   0;    8.483;-999;  -999;  14.5;    -999;   18.4;   71.46;   25.9;   11.6;    9.3;eor
        320;20190622;-999;-999;-999;    3;   0.2;   4;    6.550;-999;  -999;  15.5;    -999;   19.9;   67.75;   25.6;   11.8;    9.6;eor
        320;20190623;-999;-999;-999;    3;   0.0;   0;    8.650;-999;  -999;  15.6;    -999;   21.5;   62.33;   27.3;   13.8;   11.9;eor
        320;20190624;-999;-999;-999;    3;   0.0;   0;   15.167;-999;  -999;  14.4;    -999;   21.9;   59.83;   30.6;   11.5;    9.5;eor
        320;20190625;-999;-999;-999;    3;   0.0;   0;   14.950;-999;  -999;  15.7;    -999;   23.8;   58.75;   33.8;   12.0;   10.0;eor
        320;20190626;-999;-999;-999;    3;   0.0;   0;   15.017;-999;  -999;  17.9;    -999;   26.5;   57.17;   36.1;   14.8;   13.1;eor
        320;20190627;-999;-999;-999;    3;   0.0;   0;   15.033;-999;  -999;  13.0;    -999;   24.9;   43.96;   31.6;   14.4;   10.8;eor
        320;20190628;-999;-999;-999;    3;   0.0;   0;   15.333;-999;  -999;  11.0;    -999;   19.5;   52.54;   27.8;   10.3;    7.8;eor
        320;20190629;-999;-999;-999;    3;   0.0;   0;   15.350;-999;  -999;  10.8;    -999;   21.1;   50.50;   32.8;    7.8;    6.0;eor
        320;20190630;-999;-999;-999;    3;   0.0;   0;   15.167;-999;  -999;  12.8;    -999;   24.9;   47.08;   35.7;   10.3;    8.6;eor
        320;20190701;-999;-999;-999;    3;   0.0;   0;    8.617;-999;  -999;  16.3;    -999;   24.1;   55.58;   32.1;   13.6;   11.3;eor
        320;20190702;-999;-999;-999;    3;   0.0;   0;   15.150;-999;  -999;  10.5;    -999;   19.5;   49.75;   26.3;    9.3;    7.2;eor
        320;20190703;-999;-999;-999;    3;   0.0;   0;   15.100;-999;  -999;   8.5;    -999;   17.2;   47.25;   25.3;    6.8;    4.4;eor
        320;20190704;-999;-999;-999;    3;   0.0;   0;   14.500;-999;  -999;   8.8;    -999;   17.3;   49.00;   26.5;    6.4;    4.3;eor
        320;20190705;-999;-999;-999;    3;   0.0;   0;    8.050;-999;  -999;  10.1;    -999;   17.7;   53.71;   26.3;    9.7;    8.3;eor
        320;20190706;-999;-999;-999;    3;   1.2;   4;   10.583;-999;  -999;  10.6;    -999;   21.3;   46.88;   29.5;   10.7;    8.8;eor
        320;20190707;-999;-999;-999;    3;   0.3;   4;    4.017;-999;  -999;  12.2;    -999;   15.5;   70.42;   22.2;    7.4;    5.2;eor
        320;20190708;-999;-999;-999;    3;   0.0;   0;    9.167;-999;  -999;   8.4;    -999;   14.0;   56.75;   22.1;    5.8;    3.5;eor
        320;20190709;-999;-999;-999;    3;   0.0;   0;    4.733;-999;  -999;   8.2;    -999;   12.4;   60.83;   19.9;    3.4;    1.4;eor
        320;20190710;-999;-999;-999;    3;   0.0;   4;   13.700;-999;  -999;   8.5;    -999;   14.9;   54.46;   23.5;    4.2;    2.1;eor
        320;20190711;-999;-999;-999;    3;   5.8;   4;    0.500;-999;  -999;  12.1;    -999;   15.1;   72.04;   22.2;    9.1;    7.8;eor
        320;20190712;-999;-999;-999;    3;  11.0;   4;    5.033;-999;  -999;  15.1;    -999;   17.1;   79.50;   24.1;   13.7;   13.0;eor
        320;20190713;-999;-999;-999;    3;   6.5;   4;    2.417;-999;  -999;  15.2;    -999;   16.0;   84.38;   20.9;   13.7;   13.5;eor
        320;20190714;-999;-999;-999;    3;   0.0;   0;    5.800;-999;  -999;  14.3;    -999;   16.3;   78.42;   21.1;   11.4;    9.4;eor
        320;20190715;-999;-999;-999;    3;   0.0;   0;   11.467;-999;  -999;  12.8;    -999;   18.0;   65.04;   24.8;   10.7;    8.9;eor
        320;20190716;-999;-999;-999;    3;   0.0;   0;   12.083;-999;  -999;  11.9;    -999;   16.8;   65.79;   24.5;    9.0;    7.3;eor
        320;20190717;-999;-999;-999;    3;   0.0;   0;   11.300;-999;  -999;  12.7;    -999;   17.5;   66.96;   25.6;    8.6;    7.4;eor
        320;20190718;-999;-999;-999;    3;   0.5;   4;   10.733;-999;  -999;  12.3;    -999;   18.9;   61.08;   27.4;    8.8;    7.6;eor
        320;20190719;-999;-999;-999;    3;   1.7;   4;    0.367;-999;  -999;  17.3;    -999;   18.3;   82.46;   23.3;   14.7;   13.5;eor
        320;20190720;-999;-999;-999;    3;   6.0;   4;   11.917;-999;  -999;  16.1;    -999;   22.5;   63.46;   31.1;   12.2;   10.9;eor
        320;20190721;-999;-999;-999;    3;   0.0;   0;    8.833;-999;  -999;  16.2;    -999;   21.0;   68.42;   27.8;   13.0;   11.7;eor
        320;20190722;-999;-999;-999;    3;   0.0;   0;   11.200;-999;  -999;  14.2;    -999;   20.4;   64.38;   29.6;   11.1;    9.7;eor
        320;20190723;-999;-999;-999;    3;   0.0;   0;   14.283;-999;  -999;  14.2;    -999;   23.1;   56.71;   33.6;   12.4;   11.3;eor
        320;20190724;-999;-999;-999;    3;   0.0;   0;   14.167;-999;  -999;  15.2;    -999;   25.4;   53.50;   36.5;   13.6;   12.4;eor
        320;20190725;-999;-999;-999;    3;   0.0;   0;   13.867;-999;  -999;  13.9;    -999;   26.8;   47.08;   37.4;   15.3;   13.9;eor
        320;20190726;-999;-999;-999;    3;   0.0;   0;   13.283;-999;  -999;  13.1;    -999;   26.3;   44.29;   35.8;   14.8;   13.5;eor
        320;20190727;-999;-999;-999;    3;   0.0;   0;    5.683;-999;  -999;  15.1;    -999;   22.1;   58.21;   27.9;   15.1;   13.3;eor
        320;20190728;-999;-999;-999;    3;   2.2;   4;    3.983;-999;  -999;  19.1;    -999;   21.2;   76.46;   28.1;   18.0;   17.6;eor
        320;20190729;-999;-999;-999;    3;   0.0;   0;    1.600;-999;  -999;  19.9;    -999;   21.3;   78.79;   25.5;   19.3;   18.1;eor
        320;20190730;-999;-999;-999;    3;   3.0;   4;    1.550;-999;  -999;  17.8;    -999;   21.5;   71.08;   27.7;   14.9;   13.4;eor
        320;20190731;-999;-999;-999;    3;   1.4;   4;    3.817;-999;  -999;  16.7;    -999;   18.2;   81.08;   23.8;   13.4;   11.3;eor
        320;20190801;-999;-999;-999;    3;   0.0;   0;   10.000;-999;  -999;  12.2;    -999;   18.0;   64.54;   25.6;   10.1;    8.6;eor
        320;20190802;-999;-999;-999;    3;   0.0;   0;    5.750;-999;  -999;  12.5;    -999;   18.1;   64.46;   26.6;    9.8;    8.7;eor
        320;20190803;-999;-999;-999;    3;  11.1;   4;    5.317;-999;  -999;  15.0;    -999;   16.9;   80.08;   24.4;   11.3;    9.5;eor
        320;20190804;-999;-999;-999;    3;   0.0;   0;    7.367;-999;  -999;  14.1;    -999;   18.1;   73.21;   27.5;   12.4;   11.4;eor
        320;20190805;-999;-999;-999;    3;   0.1;   4;    1.667;-999;  -999;  15.4;    -999;   18.6;   73.13;   24.4;   11.8;   10.9;eor
        320;20190806;-999;-999;-999;    3;   3.3;   4;    4.500;-999;  -999;  17.2;    -999;   19.4;   77.88;   26.5;   14.1;   13.0;eor
        320;20190807;-999;-999;-999;    3;  35.3;   4;    0.617;-999;  -999;  18.3;    -999;   17.3;   92.50;   22.2;   13.1;   11.3;eor
        320;20190808;-999;-999;-999;    3;   0.0;   0;    7.600;-999;  -999;  15.4;    -999;   18.0;   77.33;   24.8;   12.4;   11.0;eor
        320;20190809;-999;-999;-999;    3;   4.1;   4;    8.567;-999;  -999;  16.5;    -999;   21.2;   68.50;   29.8;   10.3;    9.0;eor
        320;20190810;-999;-999;-999;    3;   0.1;   4;    3.633;-999;  -999;  18.2;    -999;   19.9;   78.96;   24.4;   12.9;   11.0;eor
        320;20190811;-999;-999;-999;    3;   4.3;   4;   11.017;-999;  -999;  16.2;    -999;   20.0;   72.83;   27.6;   12.2;   10.9;eor
        320;20190812;-999;-999;-999;    3;   0.0;   0;    2.617;-999;  -999;  14.7;    -999;   17.1;   75.88;   20.3;   13.9;   11.5;eor
        320;20190813;-999;-999;-999;    3;   0.0;   0;    9.267;-999;  -999;  11.9;    -999;   15.9;   68.67;   20.7;    9.2;    6.9;eor
        320;20190814;-999;-999;-999;    3;   0.0;   0;    8.383;-999;  -999;  10.9;    -999;   14.4;   69.54;   21.6;    8.1;    5.8;eor
        320;20190815;-999;-999;-999;    3;   1.9;   4;    3.683;-999;  -999;  13.6;    -999;   14.6;   81.71;   19.4;    7.1;    5.3;eor
        320;20190816;-999;-999;-999;    3;   0.0;   0;    7.933;-999;  -999;  13.6;    -999;   16.6;   74.25;   22.2;   10.0;    7.9;eor
        320;20190817;-999;-999;-999;    3;   0.2;   4;    0.150;-999;  -999;  14.4;    -999;   17.4;   73.58;   22.4;    9.7;    8.0;eor
        320;20190818;-999;-999;-999;    3;   3.3;   4;    9.550;-999;  -999;  17.3;    -999;   22.6;   65.33;   30.2;   16.8;   15.2;eor
        320;20190819;-999;-999;-999;    3;   0.2;   4;    6.400;-999;  -999;  16.1;    -999;   19.3;   73.50;   24.2;   13.5;   12.4;eor
        320;20190820;-999;-999;-999;    3;   9.2;   4;    0.700;-999;  -999;  14.6;    -999;   15.9;   82.63;   21.6;   11.5;   10.4;eor
        320;20190821;-999;-999;-999;    3;   0.0;   0;    8.783;-999;  -999;  12.5;    -999;   15.0;   76.79;   23.0;    9.5;    8.4;eor
        320;20190822;-999;-999;-999;    3;   0.0;   0;   12.467;-999;  -999;  11.6;    -999;   16.0;   69.38;   25.6;    6.9;    5.4;eor
        320;20190823;-999;-999;-999;    3;   0.0;   0;   12.667;-999;  -999;  12.7;    -999;   17.3;   69.25;   27.3;    7.3;    5.7;eor
        320;20190824;-999;-999;-999;    3;   0.0;   0;    9.967;-999;  -999;  16.0;    -999;   19.3;   73.25;   28.2;    9.3;    7.5;eor
        320;20190825;-999;-999;-999;    3;   0.0;   0;   11.817;-999;  -999;  17.6;    -999;   21.9;   71.33;   31.4;   13.6;   12.3;eor
        320;20190826;-999;-999;-999;    3;   0.0;   0;    8.900;-999;  -999;  17.9;    -999;   21.3;   73.67;   30.1;   13.5;   12.1;eor
        320;20190827;-999;-999;-999;    3;   0.0;   0;   11.567;-999;  -999;  18.1;    -999;   21.7;   73.04;   29.6;   14.0;   13.0;eor
        320;20190828;-999;-999;-999;    3;   0.0;   0;    9.533;-999;  -999;  17.4;    -999;   22.0;   70.17;   31.3;   14.9;   13.7;eor
        320;20190829;-999;-999;-999;    3;   0.2;   4;    8.417;-999;  -999;  17.6;    -999;   21.1;   72.79;   27.9;   13.4;   12.0;eor
        320;20190830;-999;-999;-999;    3;   0.0;   0;   10.583;-999;  -999;  17.7;    -999;   22.0;   71.17;   30.4;   14.3;   13.5;eor
        320;20190831;-999;-999;-999;    3;   0.0;   0;   11.850;-999;  -999;  16.6;    -999;   21.8;   68.29;   30.9;   13.2;   11.7;eor
        320;20190901;-999;-999;-999;    3;   0.0;   0;    5.200;-999;  -999;  15.7;    -999;   20.5;   66.88;   27.7;   14.1;   12.7;eor
        320;20190902;-999;-999;-999;    3;   0.0;   0;    9.150;-999;  -999;   9.6;    -999;   15.3;   58.88;   22.5;    5.0;    3.1;eor
        320;20190903;-999;-999;-999;    3;   0.0;   0;   12.217;-999;  -999;   8.3;    -999;   13.0;   62.04;   23.4;    2.9;    1.2;eor
        320;20190904;-999;-999;-999;    3;   1.0;   4;   12.117;-999;  -999;   9.9;    -999;   15.4;   61.88;   25.7;    4.6;    2.9;eor
        320;20190905;-999;-999;-999;    3;   0.0;   0;    5.533;-999;  -999;  10.5;    -999;   14.1;   67.83;   21.3;    7.5;    4.9;eor
        320;20190906;-999;-999;-999;    3;   0.5;   4;    7.533;-999;  -999;   9.7;    -999;   13.6;   65.38;   20.7;    5.8;    3.4;eor
        320;20190907;-999;-999;-999;    3;   0.5;   4;    1.550;-999;  -999;  11.7;    -999;   13.8;   75.46;   18.4;   11.2;   10.5;eor
        320;20190908;-999;-999;-999;    3;   8.2;   4;    0.100;-999;  -999;  11.7;    -999;   12.2;   83.46;   16.9;    7.4;    5.8;eor
        320;20190909;-999;-999;-999;    3;   8.7;   4;    0.000;-999;  -999;  12.3;    -999;   11.2;   92.21;   13.2;    7.2;    5.9;eor
        320;20190910;-999;-999;-999;    3;   0.0;   0;    5.900;-999;  -999;  11.0;    -999;   11.6;   82.54;   18.2;    5.3;    3.7;eor
        320;20190911;-999;-999;-999;    3;   0.0;   0;   11.267;-999;  -999;   9.7;    -999;   11.8;   74.25;   21.1;    3.0;    1.7;eor
        320;20190912;-999;-999;-999;    3;   0.2;   4;    2.667;-999;  -999;  13.9;    -999;   15.4;   79.88;   22.3;   10.3;    8.5;eor
        320;20190913;-999;-999;-999;    3;   0.0;   0;    1.150;-999;  -999;  14.7;    -999;   15.2;   85.29;   21.4;    8.3;    6.7;eor
        320;20190914;-999;-999;-999;    3;   0.0;   0;   10.517;-999;  -999;  12.4;    -999;   15.2;   74.42;   23.0;    8.2;    6.2;eor
        320;20190915;-999;-999;-999;    3;   0.0;   0;   11.017;-999;  -999;  12.7;    -999;   15.2;   76.25;   26.4;    6.6;    5.0;eor
        320;20190916;-999;-999;-999;    3;   0.0;   4;    2.017;-999;  -999;  12.0;    -999;   14.6;   74.08;   22.3;    5.7;    4.1;eor
        320;20190917;-999;-999;-999;    3;   0.0;   0;    8.133;-999;  -999;  10.2;    -999;   14.8;   61.63;   19.6;    8.4;    5.3;eor
        320;20190918;-999;-999;-999;    3;   0.0;   0;   10.200;-999;  -999;   7.5;    -999;    9.3;   67.50;   17.8;    1.7;   -0.6;eor
        320;20190919;-999;-999;-999;    3;   0.0;   0;    8.100;-999;  -999;   6.5;    -999;    6.3;   71.96;   15.4;   -1.0;   -2.6;eor
        320;20190920;-999;-999;-999;    3;   0.0;   0;   10.950;-999;  -999;   6.8;    -999;    7.6;   69.96;   18.7;   -1.4;   -3.1;eor
        320;20190921;-999;-999;-999;    3;   0.0;   0;   10.883;-999;  -999;   7.8;    -999;   10.4;   67.71;   22.7;   -0.5;   -2.3;eor
        320;20190922;-999;-999;-999;    3;   0.0;   0;    9.800;-999;  -999;   9.5;    -999;   13.1;   67.04;   24.1;    1.7;   -0.4;eor
        320;20190923;-999;-999;-999;    3;   4.3;   4;    1.400;-999;  -999;  13.1;    -999;   12.5;   88.79;   16.4;    5.9;    4.2;eor
        320;20190924;-999;-999;-999;    3;   4.9;   4;    2.017;-999;  -999;  14.0;    -999;   14.1;   87.83;   19.0;   10.4;    9.4;eor
        320;20190925;-999;-999;-999;    3;   6.4;   4;    2.483;-999;  -999;  13.7;    -999;   13.7;   87.33;   18.4;   11.5;    9.8;eor
        320;20190926;-999;-999;-999;    3;   1.9;   4;    0.850;-999;  -999;  14.7;    -999;   14.8;   87.50;   18.1;   12.0;   11.6;eor
        320;20190927;-999;-999;-999;    3;  10.0;   4;    0.100;-999;  -999;  15.0;    -999;   15.0;   87.92;   18.3;   11.6;    9.7;eor
        320;20190928;-999;-999;-999;    3;   1.3;   4;    3.650;-999;  -999;  13.0;    -999;   13.8;   82.79;   17.0;   10.3;    8.6;eor
        320;20190929;-999;-999;-999;    3;   6.0;   4;    5.550;-999;  -999;  11.8;    -999;   16.0;   65.71;   20.4;   11.3;    9.5;eor
        320;20190930;-999;-999;-999;    3;   1.2;   4;    1.567;-999;  -999;  11.8;    -999;   13.0;   78.96;   15.7;    8.0;    5.4;eor
        320;20191001;-999;-999;-999;    3;   5.4;   4;    0.400;   0;  -999;  13.0;    -999;   13.0;   86.08;   16.9;    7.4;    4.6;eor
        320;20191002;-999;-999;-999;    3;   1.9;   4;    0.933;   0;  -999;  11.4;    -999;   10.9;   86.00;   14.6;    5.1;    3.5;eor
        320;20191003;-999;-999;-999;    3;   0.0;   4;    1.283;   0;  -999;   9.0;    -999;    8.2;   83.08;   12.5;    5.1;    2.7;eor
        320;20191004;-999;-999;-999;    3;   8.4;   4;    0.117;   0;  -999;  10.0;    -999;    9.2;   85.71;   12.0;    6.0;    4.9;eor
        320;20191005;-999;-999;-999;    3;   0.0;   0;    0.033;   0;  -999;   9.5;    -999;    8.5;   85.25;   10.8;    3.3;    1.7;eor
        320;20191006;-999;-999;-999;    3;   5.1;   4;    0.700;   0;  -999;   8.3;    -999;    6.7;   85.21;   10.6;    1.3;   -0.4;eor
        320;20191007;-999;-999;-999;    3;   0.0;   0;    5.833;   0;  -999;   8.6;    -999;    7.3;   84.58;   11.6;    3.5;    2.3;eor
        320;20191008;-999;-999;-999;    3;  10.8;   4;    0.000;   0;  -999;  12.0;    -999;   11.0;   90.54;   13.0;    7.6;    7.1;eor
        320;20191009;-999;-999;-999;    3;   5.1;   4;    0.400;   0;  -999;  11.4;    -999;   11.1;   86.67;   13.0;    8.5;    5.8;eor
        320;20191010;-999;-999;-999;    3;   1.6;   4;    0.867;   0;  -999;  10.1;    -999;    9.6;   84.79;   12.1;    6.8;    4.1;eor
        320;20191011;-999;-999;-999;    3;   0.0;   0;    1.600;   0;  -999;  10.8;    -999;   10.2;   87.13;   15.4;    4.2;    2.5;eor
        320;20191012;-999;-999;-999;    3;   0.0;   0;    8.833;   0;  -999;  11.8;    -999;   13.4;   78.42;   22.0;    3.3;    1.5;eor
        320;20191013;-999;-999;-999;    3;   0.0;   0;    9.483;   0;  -999;  14.0;    -999;   16.5;   75.08;   23.2;   11.8;   10.0;eor
        320;20191014;-999;-999;-999;    3;   0.0;   0;    9.817;   0;  -999;  13.3;    -999;   15.4;   77.63;   23.6;    8.5;    5.9;eor
        320;20191015;-999;-999;-999;    3;   0.8;   4;    5.717;   0;  -999;  12.9;    -999;   12.5;   88.54;   17.6;    6.9;    5.1;eor
        320;20191016;-999;-999;-999;    3;   0.0;   0;    2.383;   0;  -999;  10.9;    -999;   11.7;   79.38;   14.2;    6.7;    4.5;eor
        320;20191017;-999;-999;-999;    1;   0.3;   4;    5.383;   0;  -999;  10.9;    -999;   12.0;   78.04;   17.7;    6.3;    4.4;eor
        320;20191018;-999;-999;-999;    1;   1.9;   4;    3.000;   0;  -999;  12.8;    -999;   12.9;   86.04;   18.8;    7.5;    5.9;eor
        320;20191019;-999;-999;-999;    1;   0.9;   4;    2.417;   0;  -999;  12.2;    -999;   12.2;   86.50;   15.3;    9.1;    8.8;eor
        320;20191020;-999;-999;-999;    1;   0.0;   0;    8.367;   0;  -999;  12.2;    -999;   13.6;   78.88;   19.7;    7.6;    6.1;eor
        320;20191021;-999;-999;-999;    1;   0.0;   0;    1.500;   0;  -999;  11.5;    -999;   10.4;   90.83;   17.3;    6.4;    5.1;eor
        320;20191022;-999;-999;-999;    1;   0.0;   4;    0.983;   0;  -999;  11.6;    -999;    9.7;   95.58;   15.6;    7.1;    5.8;eor
        320;20191023;-999;-999;-999;    1;   0.0;   0;    2.150;   0;  -999;  11.3;    -999;    9.7;   93.25;   16.9;    5.4;    4.5;eor
        320;20191024;-999;-999;-999;    1;   0.0;   0;    2.917;   0;  -999;  11.2;    -999;    9.4;   94.08;   14.4;    4.6;    3.3;eor
        320;20191025;-999;-999;-999;    1;   0.0;   0;    3.983;   0;  -999;  11.3;    -999;   11.2;   86.25;   16.6;    4.5;    3.0;eor
        320;20191026;-999;-999;-999;    1;   0.0;   0;    8.567;   0;  -999;  11.3;    -999;   10.2;   90.29;   16.8;    3.4;    2.0;eor
        320;20191027;-999;-999;-999;    1;   4.2;   4;    3.617;   0;  -999;  11.2;    -999;   10.7;   87.21;   17.8;    4.5;    3.3;eor
        320;20191028;-999;-999;-999;    1;   0.0;   0;    3.800;   0;  -999;   7.9;    -999;    4.7;   91.88;    9.3;   -0.4;   -1.9;eor
        320;20191029;-999;-999;-999;    1;   0.0;   0;    0.867;   0;  -999;   6.7;    -999;    3.1;   88.04;    8.3;   -1.6;   -3.4;eor
        320;20191030;-999;-999;-999;    1;   0.0;   0;    7.800;   0;  -999;   5.3;    -999;    0.9;   83.00;    8.4;   -4.2;   -5.7;eor
        320;20191031;-999;-999;-999;    1;   0.0;   0;    8.800;   0;  -999;   4.9;    -999;    0.5;   79.88;    8.0;   -5.6;   -7.4;eor
        320;20191101;-999;-999;-999;    1;   8.3;   4;    0.000;   0;  -999;   6.8;    -999;    2.3;   92.42;    6.0;   -3.3;   -4.6;eor
        320;20191102;-999;-999;-999;    1;  13.6;   4;    0.067;   0;  -999;  11.9;    -999;   10.1;   95.29;   15.0;    6.0;    5.8;eor
        320;20191103;-999;-999;-999;    1;   8.4;   4;    0.017;   0;  -999;  11.8;    -999;   10.4;   93.54;   11.8;    9.0;    7.8;eor
        320;20191104;-999;-999;-999;    1;   6.6;   4;    0.117;   0;  -999;  10.6;    -999;    9.5;   89.46;   11.2;    7.8;    6.0;eor
        320;20191105;-999;-999;-999;    1;   0.1;   4;    1.717;   0;  -999;   8.8;    -999;    6.7;   89.83;   10.4;    1.6;   -0.1;eor
        320;20191106;-999;-999;-999;    1;   1.4;   4;    0.567;   0;  -999;   8.7;    -999;    6.0;   92.21;    9.7;    2.2;    1.2;eor
        320;20191107;-999;-999;-999;    1;   0.0;   4;    0.200;   0;  -999;   8.9;    -999;    7.1;   88.42;    9.3;    4.2;    2.5;eor
        320;20191108;-999;-999;-999;    1;   3.2;   4;    0.000;   0;  -999;   8.6;    -999;    5.9;   92.79;    7.8;    4.0;    3.2;eor
        320;20191109;-999;-999;-999;    1;   0.0;   0;    0.567;   0;  -999;   7.5;    -999;    3.8;   92.58;    6.8;   -1.6;   -3.3;eor
        320;20191110;-999;-999;-999;    1;   0.0;   0;    4.467;   0;  -999;   6.3;    -999;    2.0;   90.67;    7.8;   -2.0;   -3.6;eor
        320;20191111;-999;-999;-999;    1;   0.4;   4;    0.050;   0;  -999;   6.0;    -999;    1.4;   89.08;    2.6;   -0.4;   -0.1;eor
        320;20191112;-999;-999;-999;    1;   0.0;   0;    0.833;   0;  -999;   7.0;    -999;    3.9;   86.63;    6.8;    1.4;    1.0;eor
        320;20191113;-999;-999;-999;    1;   0.0;   0;    1.333;   0;  -999;   6.8;    -999;    4.3;   82.00;    6.9;    2.7;    1.2;eor
        320;20191114;-999;-999;-999;    1;   0.0;   0;    5.733;   0;  -999;   6.3;    -999;    3.6;   80.08;    8.0;   -1.4;   -2.9;eor
        320;20191115;-999;-999;-999;    1;   1.4;   4;    1.483;   0;  -999;   7.1;    -999;    3.0;   92.00;    8.1;   -2.4;   -3.5;eor
        320;20191116;-999;-999;-999;    1;   0.0;   0;    0.067;   0;  -999;   7.1;    -999;    3.4;   90.88;    5.8;   -1.5;   -2.6;eor
        320;20191117;-999;-999;-999;    1;   0.0;   0;    0.000;   0;  -999;   7.3;    -999;    3.2;   94.63;    6.8;   -1.4;   -2.5;eor
        320;20191118;-999;-999;-999;    1;   0.0;   0;    0.133;   0;  -999;   7.2;    -999;    4.4;   85.08;    6.6;    0.3;   -2.2;eor
        320;20191119;-999;-999;-999;    1;   0.3;   4;    0.000;   0;  -999;   6.9;    -999;    4.2;   84.38;    5.6;    1.7;    0.3;eor
        320;20191120;-999;-999;-999;    1;   0.0;   0;    0.017;   0;  -999;   7.3;    -999;    3.5;   92.71;    5.6;    0.5;   -0.9;eor
        320;20191121;-999;-999;-999;    1;   0.5;   4;    0.000;   0;  -999;   8.5;    -999;    5.3;   95.25;    6.8;    4.0;    3.8;eor
        320;20191122;-999;-999;-999;    1;   0.0;   0;    0.000;   0;  -999;   7.0;    -999;    3.1;   92.17;    6.1;   -2.3;   -3.9;eor
        320;20191123;-999;-999;-999;    1;   0.0;   0;    6.483;   0;  -999;   6.5;    -999;    2.6;   87.96;   11.4;   -3.2;   -5.3;eor
        320;20191124;-999;-999;-999;    1;   0.0;   0;    1.150;   0;  -999;   6.7;    -999;    1.9;   94.04;    9.0;   -1.7;   -3.5;eor
        320;20191125;-999;-999;-999;    1;   0.0;   0;    0.000;   0;  -999;   7.5;    -999;    3.5;   94.96;    4.5;   -0.1;   -0.2;eor
        320;20191126;-999;-999;-999;    1;   0.0;   0;    0.000;   0;  -999;   8.0;    -999;    4.9;   92.46;    6.8;    3.4;    3.3;eor
        320;20191127;-999;-999;-999;    1;   4.9;   4;    1.333;   0;  -999;   8.4;    -999;    5.3;   93.42;    7.9;    3.8;    3.6;eor
        320;20191128;-999;-999;-999;    1;   9.5;   4;    0.267;   0;  -999;   9.1;    -999;    8.3;   83.29;   10.3;    5.4;    3.5;eor
        320;20191129;-999;-999;-999;    1;   2.8;   4;    0.867;   0;  -999;   7.7;    -999;    5.4;   84.42;    8.0;    1.2;    0.2;eor
        320;20191130;-999;-999;-999;    1;   0.0;   0;    4.250;   0;  -999;   6.0;    -999;    1.6;   87.63;    5.5;   -4.2;   -6.3;eor
        320;20191201;-999;-999;-999;    1;   0.0;   0;    0.000;   0;  -999;   5.0;    -999;   -1.6;   92.21;    2.8;   -4.9;   -6.7;eor
        320;20191202;-999;-999;-999;    1;   0.0;   0;    0.033;   0;  -999;   5.6;    -999;    1.2;   84.29;    3.4;   -1.0;   -2.9;eor
        320;20191203;-999;-999;-999;    1;   0.2;   4;    0.000;   0;  -999;   6.2;    -999;    1.2;   92.92;    2.9;   -2.2;   -3.5;eor
        320;20191204;-999;-999;-999;    1;   0.0;   0;    3.233;   0;  -999;   5.1;    -999;   -1.6;   94.46;    2.4;   -5.6;   -7.0;eor
        320;20191205;-999;-999;-999;    1;   0.0;   0;    1.350;   0;  -999;   4.7;    -999;   -2.4;   90.38;   -0.3;   -6.3;   -7.8;eor
        320;20191206;-999;-999;-999;    1;   5.6;   4;    3.967;   0;  -999;   5.3;    -999;    0.5;   84.08;    3.8;   -1.6;   -1.8;eor
        320;20191207;-999;-999;-999;    1;   1.1;   4;    0.050;   0;  -999;   8.4;    -999;    6.3;   87.96;    8.2;    2.8;    2.1;eor
        320;20191208;-999;-999;-999;    1;   2.5;   4;    0.000;   0;  -999;   8.7;    -999;    7.6;   82.67;    9.3;    6.1;    4.9;eor
        320;20191209;-999;-999;-999;    1;   4.4;   4;    2.750;   0;  -999;   7.7;    -999;    5.8;   83.88;    8.0;    2.5;   -0.1;eor
        320;20191210;-999;-999;-999;    1;   0.0;   0;    0.650;   0;  -999;   5.9;    -999;    1.2;   88.38;    4.3;   -4.5;   -6.7;eor
        320;20191211;-999;-999;-999;    1;   3.5;   4;    0.000;   0;  -999;   5.0;    -999;   -0.5;   85.79;    1.6;   -4.4;   -6.3;eor
        320;20191212;-999;-999;-999;    1;   0.1;   4;    0.000;   2;  -999;   6.4;    -999;    1.5;   93.83;    2.8;    0.3;   -1.4;eor
        320;20191213;-999;-999;-999;    1;   7.8;   4;    0.000;   0;  -999;   6.2;    -999;    1.7;   89.50;    3.8;    0.5;   -0.5;eor
        320;20191214;-999;-999;-999;    1;  11.7;   4;    0.683;   0;  -999;   6.9;    -999;    4.4;   83.33;    6.9;    0.6;   -0.4;eor
        320;20191215;-999;-999;-999;    1;   7.0;   4;    0.000;   0;  -999;   8.7;    -999;    6.1;   91.79;   10.9;    1.8;    0.3;eor
        320;20191216;-999;-999;-999;    1;   0.0;   0;    6.550;   0;  -999;   8.3;    -999;    6.2;   87.71;   10.6;    3.0;    0.3;eor
        320;20191217;-999;-999;-999;    1;   0.0;   0;    4.600;   0;  -999;   7.2;    -999;    5.6;   79.42;    8.6;    2.0;   -0.1;eor
        320;20191218;-999;-999;-999;    1;   0.2;   4;    0.050;   0;  -999;   8.3;    -999;    5.6;   90.79;    9.4;    0.7;   -1.1;eor
        320;20191219;-999;-999;-999;    1;   0.0;   0;    4.717;   0;  -999;   6.9;    -999;    2.8;   91.42;    7.7;   -1.5;   -2.8;eor
        320;20191220;-999;-999;-999;    1;   2.5;   4;    3.167;   0;  -999;   7.7;    -999;    5.6;   84.88;    9.3;   -0.1;   -2.4;eor
        320;20191221;-999;-999;-999;    1;   0.0;   0;    0.000;   0;  -999;   8.0;    -999;    4.3;   95.50;    7.4;   -0.2;   -2.3;eor
        320;20191222;-999;-999;-999;    1;   3.5;   4;    0.083;   0;  -999;   8.1;    -999;    5.3;   90.50;    7.0;    3.8;    2.3;eor
        320;20191223;-999;-999;-999;    1;   1.7;   4;    0.383;   0;  -999;   8.0;    -999;    5.5;   88.75;    6.7;    3.5;    1.2;eor
        320;20191224;-999;-999;-999;    1;   3.6;   4;    0.750;   0;  -999;   7.8;    -999;    5.6;   86.04;    7.4;    4.0;    2.2;eor
        320;20191225;-999;-999;-999;    1;   0.1;   4;    0.067;   0;  -999;   7.9;    -999;    5.7;   85.75;    7.4;    1.4;   -0.8;eor
        320;20191226;-999;-999;-999;    1;   0.0;   0;    0.000;   0;  -999;   6.9;    -999;    3.0;   91.04;    5.1;    0.6;   -0.6;eor
        320;20191227;-999;-999;-999;    1;   0.0;   0;    1.717;   0;  -999;   5.9;    -999;    1.8;   84.00;    5.9;   -2.9;   -4.8;eor
        320;20191228;-999;-999;-999;    1;   0.0;   0;    0.933;   0;  -999;   4.6;    -999;   -0.8;   79.63;    2.4;   -5.6;   -7.5;eor
