STATIONS_ID;MESS_DATUM;QN_3;  FX;  FM;QN_4; RSK;RSKF; SDK;SHK_TAG;  NM; VPM;  PM; TMK; UPM; TXK; TNK; TGK;eor
        656;20180703;   10;   8.0;   1.8;    3;   0.0;   0;   13.967;-999;   1.0;   8.1;  947.25;   17.6;   42.50;   24.3;    9.6;    4.3;eor
        656;20180704;   10;   8.9;   1.6;    3;   0.0;   6;   11.133;-999;   2.0;   9.8;  945.04;   20.3;   43.79;   27.7;   11.2;    5.9;eor
        656;20180705;   10;   8.7;   2.4;    3;   0.0;   0;    7.600;-999;   3.9;  13.0;  943.05;   20.6;   54.58;   25.6;   13.7;   10.6;eor
        656;20180706;   10;  10.4;   2.9;    3;   0.0;   6;    6.883;-999;   3.0;  11.2;  947.60;   14.4;   68.79;   19.1;   10.1;    5.0;eor
        656;20180707;   10;   9.7;   3.4;    3;   0.0;   0;   14.700;-999;   1.5;   9.0;  950.82;   14.8;   53.96;   21.0;    8.3;    2.8;eor
        656;20180708;   10;  10.0;   3.3;    3;   0.0;   0;   10.367;-999;   3.3;  11.2;  951.17;   16.4;   60.67;   22.3;    9.4;    8.1;eor
        656;20180709;   10;  10.4;   2.9;    3;   0.0;   6;    7.350;-999;   4.8;  10.9;  949.64;   14.8;   64.75;   19.5;   10.0;    4.9;eor
        656;20180710;   10;   8.4;   2.1;    3;   0.6;   6;    1.983;-999;   7.2;  10.4;  945.11;   11.0;   78.96;   13.1;    8.6;    6.6;eor
        656;20180711;   10;   6.6;   1.9;    3;   1.1;   6;    2.933;-999;   6.5;  11.2;  944.56;   12.7;   77.00;   17.6;    7.9;    5.5;eor
        656;20180712;   10;  10.9;   3.3;    3;   0.1;   6;    5.050;-999;   5.2;  12.9;  946.12;   15.5;   74.13;   21.7;    9.7;    7.1;eor
        656;20180713;   10;  11.0;   3.0;    3;   0.0;   0;   12.350;-999;   1.8;  11.2;  948.91;   18.0;   55.71;   23.9;   11.8;    7.4;eor
        656;20180714;   10;   8.2;   2.0;    3;   0.0;   0;    8.617;-999;   2.6;  12.2;  949.15;   16.7;   65.33;   23.3;   10.2;    6.7;eor
        656;20180715;   10;   7.8;   2.1;    3;   0.0;   0;   10.967;-999;   2.0;  11.1;  947.25;   16.8;   60.58;   23.8;    8.8;    4.8;eor
        656;20180716;   10;   7.5;   2.1;    3;   0.0;   0;   10.667;-999;   2.0;  11.1;  944.72;   19.3;   51.29;   25.5;   13.0;    9.4;eor
        656;20180717;   10;  10.4;   2.4;    3;   0.0;   6;   12.400;-999;   1.7;  10.6;  944.25;   20.9;   45.13;   27.1;   13.4;    8.7;eor
        656;20180718;   10;  11.5;   3.6;    3;   0.0;   0;   12.183;-999;   0.7;  11.3;  947.09;   17.5;   57.75;   21.8;   12.6;    8.6;eor
        656;20180719;   10;  10.3;   2.5;    3;   0.0;   0;   14.333;-999;   0.3;   9.7;  948.02;   17.4;   51.17;   23.2;    9.0;    5.6;eor
        656;20180720;   10;   6.7;   2.1;    3;   0.0;   0;    8.200;-999;   2.6;  10.7;  945.16;   19.6;   48.29;   25.8;   13.1;    9.9;eor
        656;20180721;   10;   9.3;   2.6;    3;   2.1;   6;    4.900;-999;   5.3;  11.9;  942.89;   19.9;   52.08;   24.4;   15.4;   13.6;eor
        656;20180722;   10;   7.2;   1.8;    3;   0.7;   6;    1.283;-999;   6.8;  15.4;  944.71;   17.3;   79.00;   23.0;   14.2;   11.7;eor
        656;20180723;   10;   8.5;   2.1;    3;   0.0;   0;   11.850;-999;   1.8;  13.8;  947.25;   19.5;   63.42;   26.4;   13.4;   10.7;eor
        656;20180724;   10;   7.5;   1.9;    3;   0.0;   4;   11.417;-999;   0.8;  13.3;  946.68;   22.6;   51.38;   30.1;   13.8;   10.2;eor
        656;20180725;   10;   8.8;   2.5;    3;   0.0;   0;   12.350;-999;   2.2;  14.2;  946.95;   24.7;   48.00;   30.7;   16.9;   13.7;eor
        656;20180726;   10;  12.1;   3.5;    3;   0.0;   0;   14.033;-999;   0.8;  13.4;  947.97;   24.4;   45.75;   29.6;   17.4;   13.3;eor
        656;20180727;   10;  10.2;   2.4;    3;   0.0;   6;    9.250;-999;   2.8;  14.1;  945.78;   23.1;   50.83;   29.6;   17.2;   14.2;eor
        656;20180728;   10;  10.5;   2.5;    3;  18.8;   8;    8.867;-999;   5.1;  16.3;  941.11;   21.7;   65.17;   29.5;   14.1;   13.7;eor
        656;20180729;   10;   9.5;   2.2;    3;   0.0;   6;    7.317;-999;   6.0;  14.5;  946.06;   19.7;   66.33;   26.0;   12.5;   11.8;eor
        656;20180730;   10;   6.8;   1.7;    3;   0.0;   0;    8.367;-999;   3.4;  13.6;  947.30;   23.7;   48.96;   30.2;   15.5;   12.0;eor
        656;20180731;   10;  15.1;   3.0;    3;   0.0;   0;   10.933;-999;   2.2;  14.0;  947.56;   26.0;   44.38;   32.8;   18.1;   14.6;eor
        656;20180801;   10;  13.8;   3.6;    3;   0.7;   6;   10.500;-999;   4.4;  14.6;  950.94;   23.1;   52.46;   27.8;   18.2;   16.1;eor
        656;20180802;   10;   7.7;   2.0;    3;   2.7;   6;    8.017;-999;   4.1;  18.2;  953.12;   21.0;   74.42;   29.0;   16.8;   14.5;eor
        656;20180803;   10;   6.3;   2.1;    3;   0.0;   0;    9.900;-999;   1.8;  16.6;  952.29;   23.1;   60.71;   29.6;   15.4;   13.0;eor
        656;20180804;   10;   9.6;   2.5;    3;   0.0;   6;   10.400;-999;   2.3;  15.4;  949.15;   24.0;   52.96;   29.1;   18.1;   15.2;eor
        656;20180805;   10;   9.6;   3.5;    3;   0.0;   6;   10.650;-999;   1.6;  13.2;  950.88;   17.7;   65.92;   22.1;   12.0;    8.6;eor
        656;20180806;   10;   8.2;   2.0;    3;   0.0;   0;   13.600;-999;   0.5;  10.4;  948.61;   19.4;   50.75;   26.9;   10.5;    6.8;eor
        656;20180807;   10;  10.3;   2.4;    3;   0.0;   0;   10.683;-999;   2.3;  11.9;  943.35;   24.8;   39.92;   32.4;   15.9;   11.5;eor
        656;20180808;   10;  12.1;   3.1;    3;   0.0;   0;    9.333;-999;   2.6;  14.6;  943.23;   24.1;   49.92;   30.7;   17.9;   15.6;eor
        656;20180809;   10;  16.6;   3.5;    3;   4.0;   8;    7.483;-999;   4.2;  16.1;  944.30;   20.8;   68.71;   29.9;   14.6;   12.0;eor
        656;20180810;   10;  14.3;   4.2;    3;   0.0;   6;    8.317;-999;   4.0;   9.7;  949.90;   15.3;   56.88;   20.1;   11.1;    7.6;eor
        656;20180811;   10;  14.2;   3.1;    3;   0.6;   6;    8.117;-999;   4.1;   8.7;  950.35;   13.9;   55.54;   18.7;    9.0;    5.0;eor
        656;20180812;   10;   9.9;   2.1;    3;   0.0;   0;   12.967;-999;   4.1;   7.5;  946.52;   16.2;   45.25;   24.0;    7.5;    3.6;eor
        656;20180813;   10;  13.3;   2.6;    3;   3.3;   6;    4.383;-999;   4.9;  12.3;  939.53;   16.6;   66.46;   24.4;   12.8;    8.1;eor
        656;20180814;   10;  11.4;   3.1;    3;   3.8;   6;    0.350;-999;   5.9;  14.7;  942.58;   14.0;   91.63;   16.7;   12.5;   10.8;eor
        656;20180815;   10;   7.3;   2.1;    3;   0.0;   6;    1.700;-999;   5.8;  13.0;  948.98;   14.9;   77.92;   19.6;   11.3;    8.8;eor
        656;20180816;   10;   8.4;   1.9;    3;   0.0;   0;   12.717;-999;   1.1;  13.0;  947.29;   18.6;   64.08;   26.5;   10.7;    8.1;eor
        656;20180817;   10;  11.9;   2.5;    3;   0.0;   6;    8.333;-999;   5.2;  14.3;  946.59;   19.0;   66.08;   25.1;   14.9;   11.1;eor
        656;20180818;   10;   7.9;   1.7;    3;   0.0;   0;    5.833;-999;   5.2;  12.2;  951.21;   17.5;   63.54;   23.7;   12.6;    9.2;eor
        656;20180819;   10;   9.1;   2.2;    3;   0.0;   0;   12.517;-999;   0.7;  10.2;  950.20;   19.3;   49.13;   26.9;   11.3;    7.8;eor
        656;20180820;   10;   9.1;   2.1;    3;   0.0;   6;    0.517;-999;   6.1;  15.0;  948.71;   17.4;   75.71;   19.9;   15.4;   11.6;eor
        656;20180821;   10;   4.9;   1.4;    3;   0.0;   6;    1.283;-999;   5.2;  14.0;  951.05;   16.5;   75.25;   21.0;   13.2;   10.2;eor
        656;20180822;   10;   8.9;   2.0;    3;   0.0;   0;   11.233;-999;   1.2;  11.3;  948.56;   19.5;   52.13;   27.1;   11.1;    7.8;eor
        656;20180823;   10;   9.0;   2.1;    3;   0.0;   0;   10.900;-999;   1.8;  13.4;  942.99;   22.0;   52.38;   28.9;   15.5;   11.7;eor
        656;20180824;   10;   9.1;   2.4;    3;   1.4;   6;    0.517;-999;   6.5;  12.1;  940.48;   14.7;   71.67;   18.2;    8.6;    5.7;eor
        656;20180825;   10;  14.1;   2.6;    3;   6.1;   6;    2.867;-999;   6.0;   9.4;  940.10;    9.3;   80.83;   13.4;    7.0;    5.0;eor
        656;20180826;   10;   9.9;   2.5;    3;   0.0;   0;    7.800;-999;   5.3;   8.1;  944.81;   10.4;   66.21;   15.9;    6.4;    4.8;eor
        656;20180827;   10;  13.1;   3.0;    3;   0.6;   6;    0.250;-999;   7.8;  10.9;  942.80;   12.6;   74.25;   16.0;    9.3;    9.0;eor
        656;20180828;   10;   5.8;   1.8;    3;   0.0;   0;    4.617;-999;   4.2;  10.7;  948.98;   14.0;   68.50;   19.8;    8.7;    5.1;eor
        656;20180829;   10;   9.7;   2.6;    3;   2.5;   6;   11.433;-999;   2.0;  11.2;  944.78;   18.3;   55.21;   25.1;   10.3;    7.4;eor
        656;20180830;   10;  11.2;   2.7;    3;   1.3;   6;    0.717;-999;   7.6;  13.3;  946.18;   13.2;   87.08;   16.2;    9.6;    8.1;eor
        656;20180831;   10;   7.9;   2.4;    3;   0.0;   0;    3.450;-999;   4.8;   9.3;  950.78;   11.0;   72.04;   15.9;    6.5;    3.6;eor
        656;20180901;   10;  13.6;   2.9;    3;   0.0;   0;    9.217;-999;   1.5;   9.6;  954.04;   12.7;   67.29;   17.8;    6.4;    3.3;eor
        656;20180902;   10;  12.2;   4.2;    3;   0.5;   6;    0.717;-999;   6.3;  12.5;  953.44;   13.2;   82.21;   15.6;   11.5;    9.8;eor
        656;20180903;   10;  10.2;   3.1;    3;   0.0;   6;    1.300;-999;   7.7;  15.0;  947.75;   17.1;   78.00;   21.6;   14.3;   13.7;eor
        656;20180904;   10;   9.8;   1.9;    3;   0.0;   0;    8.150;-999;   2.6;  13.4;  946.93;   18.2;   65.63;   24.7;   13.6;   10.1;eor
        656;20180905;   10;   7.6;   2.1;    3;   0.0;   0;    8.917;-999;   1.1;  12.3;  947.76;   16.4;   66.96;   22.0;   10.7;    6.2;eor
        656;20180906;   10;  10.7;   2.2;    3;   2.8;   6;    5.867;-999;   4.3;  12.8;  942.83;   16.8;   69.21;   24.5;   10.7;    7.5;eor
        656;20180907;   10;  10.2;   2.5;    3;   0.1;   6;    4.500;-999;   5.5;  12.2;  942.87;   13.5;   79.13;   18.5;    6.9;    3.0;eor
        656;20180908;   10;   9.8;   2.1;    3;   0.0;   0;   10.133;-999;   4.5;   8.7;  949.05;   11.3;   67.38;   17.2;    4.5;    0.8;eor
        656;20180909;   10;   8.7;   1.9;    3;   0.0;   0;    3.667;-999;   6.8;   9.6;  950.84;   14.4;   59.75;   19.7;   10.2;    7.2;eor
        656;20180910;   10;  11.0;   2.5;    3;   0.0;   0;    2.183;-999;   6.8;  10.6;  951.18;   16.4;   58.04;   22.0;   11.1;    7.1;eor
        656;20180911;   10;  11.8;   3.1;    3;   0.0;   0;   10.417;-999;   6.7;  11.6;  950.91;   16.8;   62.08;   23.3;   12.8;   10.8;eor
        656;20180912;   10;  13.9;   3.5;    3;   0.0;   6;    9.717;-999;   3.6;  12.7;  949.66;   17.4;   65.38;   24.0;   11.5;   11.2;eor
        656;20180913;   10;   4.8;   1.6;    3;   1.0;   6;    0.000;-999;   7.9;  12.1;  949.59;   10.6;   95.08;   11.5;   10.0;   10.4;eor
        656;20180914;   10;   7.6;   1.8;    3;   0.0;   0;    3.167;-999;   7.0;  10.7;  949.36;   11.5;   79.83;   16.7;    7.7;    4.1;eor
        656;20180915;   10;  11.1;   2.4;    3;   0.0;   6;    4.600;-999;   6.6;   9.7;  951.75;   11.7;   71.63;   16.9;    8.2;    3.8;eor
        656;20180916;   10;   7.4;   1.7;    3;   0.0;   0;   10.117;-999;   7.3;   9.4;  952.45;   13.0;   65.75;   19.6;    6.8;    2.9;eor
        656;20180917;   10;   7.5;   1.8;    3;   0.0;   0;   10.800;-999;   6.1;   8.7;  949.62;   16.4;   48.96;   23.2;    9.8;    5.1;eor
        656;20180918;   10;  12.9;   2.9;    3;   0.0;   0;   10.750;-999;   2.9;  10.1;  946.04;   20.1;   44.67;   27.1;   12.2;    7.5;eor
        656;20180919;   10;  14.8;   3.1;    3;   0.0;   0;   10.483;-999;   4.8;  12.4;  948.30;   19.8;   54.54;   25.9;   13.3;    9.3;eor
        656;20180920;   10;  12.5;   2.9;    3;   0.0;   0;    8.833;-999;   7.3;  11.8;  947.19;   17.9;   59.50;   24.2;   11.6;    7.7;eor
        656;20180921;   10;  20.8;   4.5;    3;   7.0;   6;    1.883;-999;   5.8;  11.4;  939.62;   14.5;   70.54;   22.9;    7.1;    5.6;eor
        656;20180922;   10;  13.4;   4.1;    3;   6.2;   6;    0.567;-999;   7.6;   8.9;  946.44;    8.5;   80.67;   11.9;    6.6;    5.6;eor
        656;20180923;   10;  13.6;   3.1;    3;  27.3;   6;    0.000;-999;   7.5;   9.2;  941.16;    6.7;   92.83;    8.7;    4.5;    4.2;eor
        656;20180924;   10;  13.8;   4.2;    3;   6.6;   6;    4.233;-999;   6.6;   7.6;  955.22;    5.1;   85.92;    9.0;    3.3;    1.4;eor
        656;20180925;   10;   7.3;   1.7;    3;   0.0;   6;    6.183;-999;   5.6;   7.0;  964.42;    5.1;   80.96;   10.8;    1.0;   -0.8;eor
        656;20180926;   10;  10.4;   3.2;    3;   0.0;   0;    8.333;-999;   6.1;   6.0;  960.96;    8.4;   57.21;   13.8;    2.1;   -0.9;eor
        656;20180927;   10;   8.4;   3.0;    3;   0.0;   0;    7.033;-999;   3.3;   8.6;  955.43;   13.5;   54.54;   20.5;    9.4;    4.6;eor
        656;20180928;   10;   9.7;   2.6;    3;   0.0;   6;    1.617;-999;   5.3;   7.7;  952.27;    8.4;   70.33;   11.8;    3.6;   -1.0;eor
        656;20180929;   10;   7.2;   1.8;    3;   0.0;   0;   10.317;-999;   1.2;   6.0;  955.39;    6.1;   66.21;   12.4;    1.4;   -1.5;eor
        656;20180930;   10;   8.5;   2.2;    3;   0.0;   6;   10.267;-999;   2.5;   5.6;  945.99;    8.3;   55.08;   15.1;    2.6;   -1.3;eor
        656;20181001;   10;  10.3;   2.6;    3;   5.3;   6;    1.483;-999;   6.4;   7.6;  943.10;    5.6;   83.79;    8.3;    3.2;    0.4;eor
        656;20181002;   10;  13.5;   4.1;    3;  14.5;   6;    0.000;-999;   7.5;   7.8;  944.30;    4.4;   92.63;    8.2;    2.1;    2.3;eor
        656;20181003;   10;  14.2;   3.7;    3;   0.2;   6;    2.083;-999;   7.0;   7.9;  949.17;    7.3;   77.04;    9.7;    5.8;    4.1;eor
        656;20181004;   10;   6.6;   2.1;    3;   0.1;   6;    0.000;-999;   6.0;   9.0;  954.44;    6.7;   90.79;    9.1;    4.3;    1.8;eor
        656;20181005;   10;   6.9;   2.0;    3;   0.0;   0;   10.100;   0;   2.3;   9.5;  949.62;   10.8;   74.88;   17.6;    5.1;    1.7;eor
        656;20181006;   10;  10.1;   2.8;    3;   0.0;   0;    9.400;   0;   5.8;  10.9;  941.10;   14.3;   67.88;   20.5;    8.4;    4.2;eor
        656;20181007;   10;   9.2;   2.4;    3;   0.0;   6;    4.233;   0;   6.3;   9.2;  945.95;    8.5;   81.75;   14.0;    2.8;   -0.1;eor
        656;20181008;   10;   7.0;   1.8;    3;   0.0;   0;    6.500;   0;   7.0;   8.2;  950.50;    7.8;   79.29;   15.1;    1.7;   -1.5;eor
        656;20181009;   10;   6.7;   1.8;    3;   0.0;   0;    6.783;   0;   6.8;  11.3;  951.63;   11.9;   81.88;   18.4;    6.3;    2.7;eor
        656;20181010;   10;   8.8;   2.6;    3;   0.0;   0;    9.633;   0;   2.8;  11.8;  950.19;   13.9;   76.21;   20.1;    8.4;    3.5;eor
        656;20181011;   10;   8.4;   1.9;    3;   0.0;   0;    9.600;   0;   0.0;   9.7;  946.19;   13.8;   63.96;   20.5;    8.3;    4.7;eor
        656;20181012;   10;   7.8;   2.3;    3;   0.0;   0;    9.517;   0;   2.9;  10.8;  951.59;   16.7;   57.29;   22.2;   11.2;    6.3;eor
        656;20181013;   10;   8.0;   2.3;    3;   0.0;   0;    9.500;   0;   0.1;  11.0;  951.87;   16.8;   59.38;   22.9;   10.1;    6.1;eor
        656;20181014;   10;   6.5;   1.7;    3;   0.0;   0;    9.433;   0;   0.0;  10.1;  944.47;   14.2;   64.13;   22.1;    8.7;    3.5;eor
        656;20181015;   10;   5.4;   1.3;    3;   0.0;   0;    9.317;   0;   0.2;   9.1;  944.72;   15.5;   54.50;   23.3;    9.5;    4.4;eor
        656;20181016;   10;   9.3;   2.1;    3;   0.0;   0;    2.433;   0;   5.0;  10.9;  948.23;   15.4;   62.67;   19.5;   11.0;    6.4;eor
        656;20181017;   10;   4.7;   1.1;    3;   0.0;   0;    6.350;   0;   3.4;  11.6;  948.85;   13.4;   76.67;   20.0;    9.4;    4.8;eor
        656;20181018;   10;  10.5;   2.7;    3;   0.0;   6;    5.400;   0;   5.3;  10.9;  950.80;   11.1;   82.50;   14.7;    8.0;    4.0;eor
        656;20181019;   10;   5.2;   1.4;    3;   0.0;   0;    1.467;   0;   8.0;   8.9;  953.18;    8.3;   81.79;   11.9;    4.7;    1.3;eor
        656;20181020;   10;   6.9;   1.6;    3;   0.0;   0;    6.500;   0;   4.4;   7.4;  956.50;    6.4;   78.50;   13.1;    2.2;   -2.3;eor
        656;20181021;   10;   4.6;   1.4;    3;   0.0;   0;    1.433;   0;   7.1;   8.8;  956.29;    7.7;   83.17;   11.6;    3.8;    0.2;eor
        656;20181022;   10;  12.9;   2.5;    3;   0.2;   6;    0.817;   0;   4.7;   7.9;  956.17;    5.8;   84.88;    9.4;    1.3;   -2.8;eor
        656;20181023;   10;  19.6;   5.3;    3;  25.6;   6;    0.000;   0;   7.0;   8.2;  946.79;    5.7;   88.58;    8.9;    1.6;   -0.8;eor
        656;20181024;   10;  18.4;   5.3;    3;   7.8;   6;    0.200;   0;   7.5;   9.6;  945.43;    7.9;   90.46;    9.4;    6.6;    6.4;eor
        656;20181025;   10;  14.5;   3.6;    3;   3.3;   6;    0.000;   0;   7.7;   9.6;  943.52;    7.7;   90.83;    8.7;    5.8;    5.4;eor
        656;20181026;   10;  11.7;   3.6;    3;   3.7;   6;    0.033;   0;   7.7;   8.6;  935.88;    5.8;   92.63;    7.3;    3.5;    3.4;eor
        656;20181027;   10;  11.2;   2.8;    3;   0.7;   6;    0.017;   0;   7.8;   6.6;  935.35;    2.6;   89.08;    3.9;    0.6;   -1.1;eor
        656;20181028;   10;  15.6;   5.4;    3;   3.4;   8;    0.000;   0;   7.6;   6.0;  940.75;    0.8;   91.67;    1.6;    0.0;   -0.8;eor
        656;20181029;   10;  14.1;   6.0;    3;   0.2;   8;    0.000;   0;   8.0;   6.1;  932.30;    0.5;   96.67;    1.7;    0.1;    0.2;eor
        656;20181030;   10;  22.4;   6.1;    3;   2.7;   8;    0.917;   0;   7.6;   7.5;  923.26;    3.9;   91.83;    7.9;    1.0;    0.7;eor
        656;20181031;   10;  15.7;   3.9;    3;   0.0;   0;    6.683;   0;   7.6;   7.0;  943.57;    4.9;   81.58;    8.6;    2.4;    1.1;eor
        656;20181101;   10;  10.0;   2.1;    3;   0.0;   6;    1.267;   0;   5.0;   7.6;  941.55;    7.1;   76.00;   12.1;    3.5;    0.0;eor
        656;20181102;   10;  11.2;   3.5;    3;   0.0;   0;    2.100;   0;   7.1;   7.8;  949.37;    6.4;   80.67;   10.0;    2.7;   -1.2;eor
        656;20181103;   10;   5.8;   1.5;    3;   0.0;   6;    2.517;   0;   6.9;   7.1;  955.49;    4.7;   83.21;    7.1;    3.0;    0.7;eor
        656;20181104;   10;   5.4;   1.5;    3;   0.4;   6;    0.000;   0;   8.0;   9.1;  947.07;    6.0;   97.21;    6.8;    4.9;    5.0;eor
        656;20181105;   10;   4.3;   1.4;    3;   0.0;   4;    3.300;   0;   6.4;  10.0;  940.10;    8.1;   92.29;   13.0;    4.8;    3.3;eor
        656;20181106;   10;   5.3;   1.5;    3;   0.0;   0;    6.317;   0;   5.2;  10.1;  939.13;   10.3;   81.25;   16.3;    6.0;    3.0;eor
        656;20181107;   10;   7.0;   1.9;    3;   0.0;   6;    8.217;   0;   3.8;   8.8;  940.98;    9.3;   76.42;   15.1;    6.2;    2.1;eor
        656;20181108;   10;   6.0;   1.9;    3;   0.5;   6;    0.633;   0;   7.9;   9.4;  948.72;    8.3;   85.46;   10.8;    7.1;    4.4;eor
        656;20181109;   10;   5.4;   1.9;    3;   0.0;   6;    0.683;   0;   7.6;   9.5;  944.77;    7.2;   93.58;    9.7;    4.6;    1.8;eor
        656;20181110;   10;  11.3;   2.3;    3;   3.2;   6;    2.283;   0;   7.8;   9.1;  938.49;    8.1;   84.67;   11.9;    5.0;    3.0;eor
        656;20181111;   10;  11.8;   4.2;    3;   5.0;   6;    0.533;   0;   7.8;   9.8;  939.80;    8.4;   88.67;   10.1;    6.9;    6.0;eor
        656;20181112;   10;  12.0;   2.8;    3;   4.2;   6;    0.083;   0;   7.8;  10.4;  945.08;   10.4;   83.33;   14.1;    7.5;    7.0;eor
        656;20181113;   10;  10.0;   3.5;    3;   4.0;   6;    0.383;   0;   7.0;   9.6;  951.03;    7.6;   90.92;   10.3;    5.5;    4.2;eor
        656;20181114;   10;   8.2;   2.0;    3;   0.0;   0;    3.767;   0;   7.2;   7.9;  956.69;    5.4;   88.67;    9.3;    2.4;   -0.1;eor
        656;20181115;   10;   3.6;   1.1;    3;   0.0;   0;    7.733;   0;   3.8;   6.0;  955.41;    4.0;   77.46;   10.5;    0.1;   -3.3;eor
        656;20181116;   10;   7.0;   2.1;    3;   0.0;   0;    7.783;   0;   1.8;   5.9;  958.52;    3.1;   79.00;    8.8;   -0.3;   -3.7;eor
        656;20181117;   10;   9.0;   3.6;    3;   0.0;   0;    7.750;   0;   0.7;   4.6;  960.61;    0.7;   73.29;    5.5;   -2.2;   -5.6;eor
        656;20181118;   10;  14.6;   4.7;    3;   3.3;   8;    4.433;   0;   4.8;   2.9;  955.82;    0.7;   46.63;    4.7;   -0.8;   -3.6;eor
        656;20181119;   10;  16.0;   6.9;    3;   3.4;   8;    0.000;   0;   7.4;   5.4;  946.72;   -0.7;   93.00;    0.9;   -2.7;   -3.3;eor
        656;20181120;   10;  14.7;   6.1;    3;   1.5;   8;    0.000;   1;   8.0;   4.8;  941.16;   -2.5;   94.63;   -2.1;   -2.9;   -2.6;eor
        656;20181121;   10;   8.8;   4.0;    3;   0.3;   8;    0.000;   2;   8.0;   4.9;  945.30;   -2.4;   95.29;   -2.0;   -2.9;   -2.2;eor
        656;20181122;   10;   7.2;   2.0;    3;   0.1;   6;    0.000;   2;   8.0;   5.1;  948.20;   -1.8;   95.17;   -0.6;   -3.0;   -2.4;eor
        656;20181123;   10;   3.0;   0.9;    3;   0.0;   0;    0.717;   1;   5.7;   5.6;  946.61;   -0.6;   95.83;    0.0;   -1.3;   -5.0;eor
        656;20181124;   10;   4.9;   1.5;    3;   0.8;   8;    0.000;   0;   7.6;   6.1;  940.35;    0.6;   95.38;    1.7;   -1.3;   -5.2;eor
        656;20181125;   10;   6.4;   1.7;    3;   0.3;   6;    1.717;   0;   7.6;   6.7;  938.98;    2.0;   94.96;    5.6;    0.7;    0.5;eor
        656;20181126;   10;   8.4;   3.5;    3;   0.0;   6;    0.000;   0;   7.9;   5.8;  939.93;   -0.3;   96.33;    1.3;   -2.2;   -1.7;eor
        656;20181127;   10;   7.2;   3.1;    3;   0.0;   0;    0.883;   0;   8.0;   4.3;  947.07;   -3.5;   90.71;   -2.0;   -5.3;   -5.4;eor
        656;20181128;   10;   6.8;   1.7;    3;   0.0;   6;    2.400;   0;   7.5;   4.1;  950.85;   -3.6;   88.33;   -1.2;   -6.8;  -10.1;eor
        656;20181129;   10;   8.6;   2.0;    3;   0.1;   6;    0.000;   0;   8.0;   5.8;  946.10;    0.8;   88.42;    4.1;   -2.4;   -2.2;eor
        656;20181130;   10;   6.8;   2.4;    3;   0.4;   6;    0.000;   0;   8.0;   6.4;  941.51;    2.5;   86.92;    4.3;    0.0;   -0.8;eor
        656;20181201;   10;  11.2;   3.4;    3;   1.8;   6;    0.000;   0;   7.8;   7.3;  941.41;    3.2;   94.67;    4.1;    2.5;    2.6;eor
        656;20181202;   10;  12.0;   4.4;    3;  37.7;   8;    0.000;   0;   7.9;   9.0;  931.35;    6.0;   95.04;    9.5;    3.6;    3.4;eor
        656;20181203;   10;  14.1;   4.1;    3;  24.1;   6;    0.067;   0;   7.5;  10.1;  930.05;    8.2;   93.17;    9.2;    6.2;    5.5;eor
        656;20181204;   10;  14.2;   3.3;    3;   1.2;   6;    0.133;   0;   5.5;   6.4;  943.95;    2.3;   87.17;    7.4;   -1.2;   -3.2;eor
        656;20181205;   10;   5.1;   1.5;    3;   1.6;   6;    5.500;   0;   7.5;   5.3;  951.79;   -0.5;   89.21;    2.9;   -2.7;   -6.8;eor
        656;20181206;   10;  12.2;   2.7;    3;   9.9;   6;    0.000;   0;   7.8;   7.7;  944.05;    3.6;   95.88;    7.5;    0.0;   -0.7;eor
        656;20181207;   10;  16.4;   6.4;    3;  21.3;   8;    0.000;   0;   7.7;   9.6;  934.81;    7.1;   94.88;    8.2;    2.5;    2.3;eor
        656;20181208;   10;  17.3;   6.4;    3;  36.0;   8;    0.000;   0;   7.3;   6.9;  929.65;    2.6;   92.63;    4.6;    1.3;    0.5;eor
        656;20181209;   10;  19.5;   5.4;    3;  10.7;   8;    0.000;   0;   7.2;   7.0;  925.30;    3.2;   90.50;    4.9;    1.5;    0.8;eor
        656;20181210;   10;  15.1;   4.4;    3;   8.2;   8;    0.000;   0;   7.6;   5.4;  940.76;    0.5;   85.42;    1.6;   -0.2;   -0.6;eor
        656;20181211;   10;  13.2;   4.3;    3;   2.4;   8;    1.267;   3;   7.5;   5.5;  945.04;    0.4;   87.13;    1.1;   -0.5;   -0.9;eor
        656;20181212;   10;   8.8;   3.4;    3;   1.3;   8;    0.000;   5;   7.4;   5.3;  950.13;   -0.6;   91.08;    0.7;   -2.9;   -2.9;eor
        656;20181213;   10;  10.6;   3.9;    3;   3.0;   8;    0.000;   7;   7.4;   4.7;  948.65;   -2.6;   93.13;   -2.1;   -3.8;   -5.0;eor
        656;20181214;   10;   8.8;   3.6;    3;   0.0;   8;    0.000;   8;   7.9;   4.2;  949.72;   -3.6;   90.08;   -2.8;   -4.2;   -2.0;eor
        656;20181215;   10;   8.4;   2.9;    3;   0.0;   8;    0.000;   7;   7.9;   3.7;  951.28;   -4.6;   84.63;   -4.0;   -5.5;   -2.9;eor
        656;20181216;   10;   8.1;   2.7;    3;   0.4;   8;    0.000;   6;   7.9;   3.8;  940.76;   -4.7;   87.42;   -2.4;   -5.6;   -3.7;eor
        656;20181217;   10;   7.1;   2.2;    3;   3.2;   8;    0.000;   7;   7.9;   5.6;  946.40;   -0.8;   96.63;    0.6;   -3.1;   -1.9;eor
        656;20181218;   10;   6.9;   2.0;    3;   0.2;   8;    0.000;   5;   8.0;   6.1;  950.53;    0.5;   95.25;    1.1;   -0.7;   -3.7;eor
        656;20181219;   10;   7.4;   2.0;    3;   1.7;   6;    0.000;   4;   7.8;   5.7;  942.77;    0.0;   93.63;    1.0;   -1.7;   -4.8;eor
        656;20181220;   10;  11.1;   2.8;    3;   8.9;   6;    0.000;   3;   7.8;   6.7;  941.35;    1.6;   96.63;    2.7;    0.1;    0.1;eor
        656;20181221;   10;  18.6;   5.4;    3;  49.4;   6;    0.000;   0;   7.4;   7.9;  933.66;    4.5;   93.50;    8.0;    2.4;    1.9;eor
        656;20181222;   10;  15.9;   4.1;    3;  15.9;   8;    0.000;   0;   7.3;   7.4;  937.73;    3.9;   91.67;    5.4;    2.4;    2.8;eor
        656;20181223;   10;  11.0;   2.6;    3;  15.5;   8;    0.000;   0;   7.2;   6.9;  944.02;    2.6;   93.54;    3.8;    0.2;    0.1;eor
        656;20181224;   10;  10.3;   3.0;    3;   2.3;   8;    1.133;   0;   7.3;   5.4;  951.30;   -0.4;   90.04;    1.4;   -2.5;   -3.9;eor
        656;20181225;   10;  13.6;   4.0;    3;   0.3;   8;    1.150;   3;   7.4;   5.6;  957.32;    0.4;   89.21;    1.0;   -0.4;   -1.4;eor
        656;20181226;   10;  10.2;   2.8;    3;   0.4;   6;    0.000;   1;   7.9;   5.9;  955.92;    0.3;   94.46;    1.8;   -0.7;   -0.6;eor
        656;20181227;   10;   7.8;   2.8;    3;   0.0;   0;    4.767;   0;   6.8;   4.2;  952.59;    2.1;   60.79;    4.4;   -0.3;   -1.8;eor
        656;20181228;   10;   6.3;   1.8;    3;   0.3;   6;    0.000;   0;   7.0;   6.4;  953.28;    1.7;   92.50;    3.3;    0.0;   -2.4;eor
        656;20181229;   10;  13.7;   3.5;    3;  15.4;   8;    0.000;   0;   7.8;   6.4;  953.07;    1.2;   96.29;    3.5;    0.2;    0.1;eor
        656;20181230;   10;  18.6;   4.8;    3;   0.0;   6;    0.083;   0;   7.8;   6.7;  953.56;    3.1;   88.38;    4.2;    2.3;    1.6;eor
        656;20181231;   10;  10.6;   2.1;    3;   1.5;   8;    0.000;   0;   7.8;   7.9;  957.32;    4.4;   94.67;    5.7;    2.9;    2.7;eor
        656;20190101;   10;  21.5;   5.8;    3;   7.3;   8;    0.000;   0;   7.3;   6.6;  949.08;    2.5;   88.50;    4.8;   -0.9;   -0.8;eor
        656;20190102;   10;  17.1;   6.2;    3;   0.0;   7;    2.667;   0;   6.5;   4.1;  954.01;   -1.2;   73.63;    0.4;   -3.5;   -5.8;eor
        656;20190103;   10;  10.9;   3.0;    3;   0.0;   0;    5.600;   0;   3.3;   3.8;  960.18;   -2.7;   75.75;   -0.4;   -5.3;   -9.3;eor
        656;20190104;   10;  13.5;   3.9;    3;  10.9;   8;    0.000;   0;   7.8;   5.1;  956.35;   -0.5;   86.00;    2.2;   -2.7;   -4.1;eor
        656;20190105;   10;  14.8;   4.3;    3;  13.4;   8;    0.000;   1;   7.6;   7.3;  949.99;    3.6;   92.25;    4.4;    2.1;    1.4;eor
        656;20190106;   10;   8.9;   2.4;    3;   4.4;   8;    0.000;   0;   7.5;   6.9;  954.51;    2.6;   93.58;    3.1;    1.6;    1.7;eor
        656;20190107;   10;  11.5;   3.6;    3;  19.5;   8;    0.000;   0;   7.6;   6.4;  953.22;    1.5;   94.21;    2.4;    0.9;    0.5;eor
        656;20190108;   10;  19.2;   5.5;    3;  33.5;   8;    0.000;   0;   7.4;   6.1;  934.14;    1.1;   92.08;    2.7;   -1.4;   -0.8;eor
        656;20190109;   10;  20.3;   6.3;    3;  10.4;   8;    0.000;  18;   7.7;   4.6;  938.01;   -2.1;   88.29;   -1.1;   -2.5;   -0.7;eor
        656;20190110;   10;  11.1;   3.4;    3;   0.5;   8;    0.450;  36;   7.6;   4.1;  949.00;   -3.8;   87.75;   -2.0;   -5.4;   -0.7;eor
        656;20190111;   10;  13.0;   3.5;    3;   1.3;   8;    0.000;  33;   7.5;   5.4;  945.85;   -0.8;   92.54;    2.1;   -3.6;   -0.7;eor
        656;20190112;   10;  14.0;   3.9;    3;  18.9;   8;    0.000;  29;   7.4;   6.1;  940.43;    1.3;   91.42;    2.1;    0.4;   -0.1;eor
        656;20190113;   10;  17.9;   4.4;    3;  27.4;   8;    0.000;  24;   7.3;   6.9;  928.47;    2.8;   92.21;    4.8;    1.2;    0.0;eor
        656;20190114;   10;  18.9;   6.6;    3;   4.7;   8;    0.333;  14;   7.3;   4.6;  933.70;   -1.0;   81.17;    2.0;   -2.7;   -0.3;eor
        656;20190115;   10;  12.4;   4.7;    3;  12.6;   8;    0.000;  17;   7.7;   5.7;  940.77;    0.0;   91.50;    2.2;   -1.6;   -0.5;eor
        656;20190116;   10;  13.6;   5.0;    3;   1.1;   8;    0.000;  15;   7.8;   6.2;  935.71;    1.0;   93.63;    2.2;   -0.2;    0.0;eor
        656;20190117;   10;  15.1;   4.7;    3;   6.6;   8;    0.000;  15;   7.5;   5.5;  929.29;   -0.1;   91.04;    1.3;   -2.2;    0.1;eor
        656;20190118;   10;  11.1;   2.4;    3;   0.0;   0;    6.617;  19;   4.4;   3.8;  943.20;   -3.9;   83.54;   -0.5;   -6.6;   -2.9;eor
        656;20190119;   10;   4.4;   1.4;    3;   0.0;   0;    7.000;  18;   7.3;   3.6;  944.90;   -4.8;   83.79;   -0.2;   -9.3;   -4.0;eor
        656;20190120;   10;   4.6;   1.6;    3;   0.0;   0;    7.517;  18;   0.0;   2.8;  944.19;   -6.4;   76.83;   -0.7;  -10.2;   -5.3;eor
        656;20190121;   10;   5.6;   1.9;    3;   0.0;   0;    7.567;  18;   1.6;   2.9;  946.76;   -6.5;   77.21;   -2.2;   -9.9;   -5.4;eor
        656;20190122;   10;   5.6;   1.4;    3;   0.0;   0;    7.100;  18;   3.9;   2.7;  936.46;   -6.7;   73.96;   -1.7;   -9.8;   -5.5;eor
        656;20190123;   10;   7.1;   2.2;    3;   0.0;   7;    3.317;  18;   6.2;   2.6;  928.68;   -9.0;   85.29;   -3.7;  -13.2;   -6.1;eor
        656;20190124;   10;   6.3;   2.1;    3;   0.1;   7;    0.000;  19;   7.8;   3.0;  936.25;   -8.2;   90.25;   -6.8;  -11.5;   -3.6;eor
        656;20190125;   10;   8.0;   2.5;    3;  11.3;   8;    0.000;  21;   7.9;   3.2;  939.15;   -7.2;   89.08;   -3.6;   -8.6;   -2.0;eor
        656;20190126;   10;  13.2;   4.0;    3;  19.9;   8;    0.000;  30;   7.8;   5.9;  930.95;    0.1;   94.67;    2.2;   -3.6;   -1.6;eor
        656;20190127;   10;  12.4;   4.8;    3;  13.1;   8;    0.000;  26;   7.6;   6.3;  917.85;    1.1;   95.33;    2.2;    0.0;    0.1;eor
        656;20190128;   10;  12.9;   4.1;    3;   4.9;   8;    0.000;  27;   7.5;   5.2;  919.78;   -1.0;   91.79;    0.1;   -3.2;    0.1;eor
        656;20190129;   10;  10.5;   2.4;    3;   0.7;   8;    0.150;  33;   7.5;   4.5;  930.84;   -2.7;   90.21;   -1.0;   -6.0;    0.1;eor
        656;20190130;   10;  10.6;   2.0;    3;   0.3;   8;    0.467;  32;   7.7;   4.0;  924.20;   -4.1;   88.63;   -2.2;   -6.4;   -0.1;eor
        656;20190131;   10;  10.9;   2.4;    3;   0.0;   7;    5.000;  31;   5.0;   4.1;  925.70;   -3.6;   86.58;   -0.8;   -6.2;   -1.0;eor
        656;20190201;   10;   5.6;   1.9;    3;   1.5;   8;    0.817;  31;   7.4;   4.5;  921.54;   -3.0;   91.13;    0.5;   -7.2;   -1.5;eor
        656;20190202;   10;   7.5;   2.0;    3;   0.0;   8;    0.000;  31;   7.8;   5.7;  925.45;   -0.1;   93.38;    1.4;   -1.9;   -0.6;eor
        656;20190203;   10;  11.9;   3.5;    3;   0.0;   8;    0.000;  31;   7.5;   4.4;  941.77;   -2.2;   85.58;   -1.3;   -3.1;   -0.4;eor
        656;20190204;   10;  10.7;   3.7;    3;   0.0;   8;    3.033;  31;   7.1;   4.4;  952.55;   -1.7;   82.58;    0.2;   -3.4;   -0.8;eor
        656;20190205;   10;   9.5;   3.0;    3;   0.0;   8;    0.000;  30;   8.0;   4.9;  952.61;   -1.1;   87.46;   -0.3;   -2.1;   -0.6;eor
        656;20190206;   10;   7.9;   2.8;    3;   0.0;   0;    3.750;  30;   7.9;   4.9;  950.62;    0.4;   77.96;    3.4;   -2.5;   -0.5;eor
        656;20190207;   10;  10.1;   3.4;    3;   0.6;   8;    0.000;  30;   7.8;   5.0;  940.29;    0.2;   80.17;    1.4;   -1.3;   -0.8;eor
        656;20190208;   10;  14.5;   5.6;    3;   6.7;   8;    0.000;  30;   7.8;   6.2;  939.95;    1.9;   88.50;    3.5;    1.0;    0.0;eor
        656;20190209;   10;  18.1;   6.3;    3;   2.7;   8;    0.117;  26;   7.7;   6.3;  933.37;    3.0;   83.17;    4.7;    1.1;    0.0;eor
        656;20190210;   10;  16.2;   5.7;    3;  47.2;   8;    0.000;  23;   7.6;   7.0;  925.82;    2.7;   93.25;    4.9;   -0.2;    0.1;eor
        656;20190211;   10;  17.4;   4.9;    3;   2.1;   4;    1.400;  23;   6.9;   5.3;  938.77;    0.2;   86.21;    1.6;   -1.1;    0.1;eor
        656;20190212;   10;  12.4;   3.1;    3;   0.0;   8;    2.200;  22;   7.7;   5.1;  955.82;    0.1;   82.42;    1.9;   -1.1;    0.1;eor
        656;20190213;   10;  10.4;   3.2;    3;   0.0;   6;    0.000;  21;   8.0;   6.4;  960.22;    1.5;   93.75;    3.1;    0.4;    0.1;eor
        656;20190214;   10;   7.2;   2.0;    3;   0.0;   0;    8.450;  19;   3.8;   4.9;  962.23;    3.7;   63.29;    9.7;   -1.5;    0.1;eor
        656;20190215;   10;   5.6;   1.7;    3;   0.0;   0;    8.750;  19;   0.0;   4.3;  960.51;    6.2;   46.08;   12.8;    1.2;   -0.3;eor
        656;20190216;   10;   8.5;   3.0;    3;   0.0;   0;    8.783;  17;   2.5;   4.1;  954.69;    7.9;   39.29;   13.3;    3.2;   -1.4;eor
        656;20190217;   10;   8.0;   2.6;    3;   0.0;   0;    8.367;  14;   8.0;   5.0;  951.64;    7.1;   50.46;   13.1;    1.6;   -2.1;eor
        656;20190218;   10;   7.5;   2.4;    3;   0.0;   0;    8.833;  11;   2.3;   4.9;  947.32;    7.5;   49.00;   13.0;    2.4;   -2.3;eor
        656;20190219;   10;  12.8;   3.4;    3;   0.2;   6;    2.517;  10;   7.2;   5.9;  944.75;    4.0;   72.88;    6.2;    2.4;   -2.6;eor
        656;20190220;   10;   9.3;   2.7;    3;   0.0;   0;    1.700;   8;   7.8;   6.0;  949.57;    3.2;   77.96;    6.4;    1.7;   -0.8;eor
        656;20190221;   10;  10.4;   2.8;    3;   3.4;   6;    0.333;   7;   7.8;   7.3;  952.62;    4.4;   86.17;    6.3;    2.0;   -1.0;eor
        656;20190222;   10;   9.8;   2.9;    3;   0.2;   6;    0.183;   1;   7.9;   6.7;  961.88;    2.1;   92.29;    5.9;   -3.3;   -5.0;eor
        656;20190223;   10;   4.1;   1.3;    3;   0.0;   0;    6.467;   0;   6.5;   3.0;  966.65;   -0.6;   56.29;    5.6;   -5.3;   -6.9;eor
        656;20190224;   10;   5.4;   1.0;    3;   0.0;   0;    9.233;   0;   2.0;   2.8;  965.11;    5.5;   31.42;   13.7;   -0.1;   -4.0;eor
        656;20190225;   10;   7.7;   1.7;    3;   0.0;   0;    9.217;   0;   4.4;   5.4;  964.71;    8.5;   51.21;   15.7;    2.4;   -1.5;eor
        656;20190226;   10;   9.2;   2.6;    3;   0.0;   0;    9.467;   0;   4.7;   2.0;  961.16;   10.0;   17.54;   14.8;    3.2;   -1.1;eor
        656;20190227;   10;   6.4;   2.2;    3;   0.0;   0;    9.550;   0;   0.0;   4.3;  954.14;    8.8;   40.50;   16.2;    2.2;   -3.6;eor
        656;20190228;   10;  11.6;   3.2;    3;   2.0;   6;    5.400;   0;   4.2;   6.8;  942.21;    7.3;   67.21;    9.5;    4.6;    2.0;eor
        656;20190301;   10;   9.7;   2.7;    3;   1.3;   6;    0.083;   0;   7.5;   7.3;  940.52;    3.8;   90.00;    6.5;   -0.1;   -0.4;eor
        656;20190302;   10;   8.4;   2.6;    3;   0.7;   8;    0.000;   0;   7.8;   6.0;  942.08;    1.3;   89.38;    4.6;   -0.3;   -0.4;eor
        656;20190303;   10;  14.2;   6.3;    3;  10.3;   6;    0.000;   0;   7.7;   8.4;  935.46;    5.8;   91.29;    6.8;    4.7;    4.3;eor
        656;20190304;   10;  21.2;   6.5;    3;   9.0;   8;    0.233;   0;   7.3;   7.1;  923.74;    5.0;   80.42;    8.9;    1.0;    0.2;eor
        656;20190305;   10;  19.1;   4.9;    3;   3.3;   8;    0.900;   0;   5.5;   5.8;  932.32;    1.3;   86.42;    2.8;   -0.8;   -2.9;eor
        656;20190306;   10;  10.1;   2.8;    3;   1.0;   6;    1.050;   0;   7.7;   6.8;  934.49;    3.6;   85.71;    8.3;   -1.6;   -4.5;eor
        656;20190307;   10;  20.0;   6.4;    3;   3.6;   6;    1.467;   0;   7.4;   7.2;  926.09;    6.6;   74.29;    9.5;    3.8;    2.7;eor
        656;20190308;   10;  18.5;   5.1;    3;  11.3;   8;    0.850;   0;   7.0;   6.3;  935.93;    2.4;   86.67;    4.2;   -0.2;   -1.4;eor
        656;20190309;   10;  18.9;   5.6;    3;  10.6;   8;    0.850;   0;   7.4;   6.6;  936.01;    3.6;   84.42;    9.0;    0.4;   -0.8;eor
        656;20190310;   10;  23.7;   4.2;    3;  31.4;   8;    0.000;   0;   7.2;   6.3;  932.48;    1.6;   90.96;    5.6;   -1.5;   -1.6;eor
        656;20190311;   10;  15.5;   4.8;    3;  12.7;   8;    0.017;  12;   7.1;   5.3;  939.73;   -0.8;   91.29;    0.1;   -1.8;   -1.8;eor
        656;20190312;   10;  16.3;   4.4;    3;   1.4;   8;    0.850;  19;   7.3;   5.2;  941.94;    1.3;   78.42;    4.5;   -0.6;   -0.1;eor
        656;20190313;   10;  18.5;   6.8;    3;  13.2;   8;    0.250;  10;   7.7;   5.7;  930.61;    1.6;   83.13;    4.3;    0.2;    0.1;eor
        656;20190314;   10;  18.9;   5.6;    3;  34.7;   8;    0.000;   7;   7.4;   6.2;  927.95;    1.4;   92.42;    3.0;    0.2;    0.1;eor
        656;20190315;   10;  17.4;   5.1;    3;  18.7;   6;    0.000;   9;   7.3;   6.8;  930.00;    3.3;   87.54;    7.0;    1.9;    0.1;eor
        656;20190316;   10;  16.6;   5.0;    3;  11.9;   8;    0.000;   4;   7.7;   7.1;  934.20;    3.5;   89.13;    6.2;    0.5;    0.1;eor
        656;20190317;   10;  15.7;   5.2;    3;   8.0;   8;    0.017;   0;   7.0;   6.8;  930.52;    3.3;   87.33;    5.7;    0.3;   -0.9;eor
        656;20190318;   10;  13.9;   4.4;    3;   2.0;   8;    1.650;   0;   6.3;   5.4;  941.30;    0.7;   84.33;    3.6;   -1.1;   -1.2;eor
        656;20190319;   10;   9.4;   2.7;    3;   0.0;   8;    2.600;   0;   6.3;   4.9;  953.24;    1.0;   75.46;    4.4;   -1.7;   -4.6;eor
        656;20190320;   10;  10.4;   2.1;    3;   0.0;   0;    8.983;   0;   4.1;   5.8;  959.81;    3.8;   72.63;    9.5;   -2.9;   -6.0;eor
        656;20190321;   10;   7.8;   1.8;    3;   0.0;   0;   10.750;   0;   2.5;   8.0;  961.09;    7.6;   78.04;   14.3;    2.9;   -0.9;eor
        656;20190322;   10;   6.7;   1.6;    3;   0.0;   0;    9.767;   0;   3.1;   8.7;  958.68;    8.8;   78.75;   15.1;    3.3;   -0.8;eor
        656;20190323;   10;   9.2;   2.6;    3;   0.0;   6;   10.083;   0;   4.9;   7.8;  955.37;    8.8;   70.75;   15.7;    4.5;    1.4;eor
        656;20190324;   10;   8.1;   2.0;    3;   2.1;   8;    1.550;   0;   5.6;   6.2;  952.21;    4.2;   75.38;    9.0;    0.7;   -3.1;eor
        656;20190325;   10;  12.9;   4.2;    3;   4.6;   8;    1.917;   1;   6.2;   5.6;  945.08;    1.0;   84.63;    2.3;   -0.4;   -1.9;eor
        656;20190326;   10;  12.4;   4.2;    3;   0.6;   8;    1.133;   0;   7.3;   5.9;  953.45;    1.9;   83.79;    4.3;    0.0;   -0.9;eor
        656;20190327;   10;  10.3;   2.9;    3;   0.0;   6;    1.833;   0;   7.4;   6.5;  957.80;    3.9;   80.33;    7.1;    1.2;   -0.8;eor
        656;20190328;   10;   8.6;   2.5;    3;   0.0;   6;    2.017;   0;   7.2;   7.6;  960.64;    5.9;   82.21;    9.5;    4.1;    2.3;eor
        656;20190329;   10;   7.4;   1.7;    3;   0.0;   0;    5.650;   0;   4.2;   7.9;  958.70;    6.6;   82.13;   12.0;    2.1;   -2.2;eor
        656;20190330;   10;  10.7;   2.5;    3;   0.0;   0;   10.783;   0;   4.5;   7.2;  950.92;    8.8;   66.83;   15.4;    1.9;   -3.1;eor
        656;20190331;   10;   8.8;   2.9;    3;   0.0;   0;    4.733;   0;   4.1;   6.3;  950.90;    4.6;   73.75;    8.3;   -0.1;   -2.9;eor
        656;20190401;   10;   9.3;   3.5;    3;   0.0;   0;   11.617;   0;   0.7;   3.8;  950.87;    3.0;   52.00;    8.6;   -1.8;   -4.0;eor
        656;20190402;   10;   9.0;   2.4;    3;   0.3;   6;    8.167;   0;   4.5;   6.3;  939.21;    7.4;   60.96;   13.0;   -0.7;   -4.7;eor
        656;20190403;   10;  19.5;   2.3;    3;   9.0;   6;    0.817;   0;   7.7;   8.7;  932.14;    7.8;   82.71;   10.2;    3.2;    1.6;eor
        656;20190404;   10;   7.3;   1.9;    3;   0.0;   0;    2.400;   0;   7.5;   8.0;  928.32;    5.3;   89.96;    9.8;    3.0;    1.0;eor
        656;20190405;   10;   8.1;   2.0;    3;   0.0;   0;    0.000;   0;   7.5;   8.2;  933.89;    5.4;   91.67;    7.6;    2.7;    0.2;eor
        656;20190406;   10;   9.2;   3.0;    3;   0.0;   0;   10.600;   0;   2.7;   8.3;  935.99;   10.2;   69.29;   16.3;    3.2;    1.5;eor
        656;20190407;   10;  10.4;   3.4;    3;   0.0;   0;   11.750;   0;   0.0;   8.0;  936.87;   10.5;   63.88;   15.2;    5.1;    1.3;eor
        656;20190408;   10;   8.1;   2.7;    3;   0.0;   0;   11.467;   0;   3.3;   6.8;  939.44;   10.7;   54.67;   15.6;    4.8;    1.0;eor
        656;20190409;   10;  10.4;   3.3;    3;   0.0;   0;    8.883;   0;   5.0;   6.3;  941.60;    4.3;   76.46;    8.8;    0.4;   -0.3;eor
        656;20190410;   10;  10.2;   3.3;    3;   0.0;   0;    7.333;   0;   2.8;   4.6;  944.17;    2.1;   65.75;    7.0;   -1.7;   -5.1;eor
        656;20190411;   10;  10.5;   3.5;    3;   0.2;   8;    1.450;   0;   6.3;   3.7;  949.81;    0.2;   60.46;    3.8;   -2.2;   -5.7;eor
        656;20190412;   10;   7.8;   3.1;    3;   6.0;   8;    0.000;   0;   7.7;   4.5;  951.03;   -1.8;   85.13;   -0.7;   -2.5;   -2.5;eor
        656;20190413;   10;   8.4;   3.1;    3;   2.4;   8;    0.350;   2;   7.3;   4.8;  949.57;   -1.3;   86.33;    0.4;   -2.9;   -4.6;eor
        656;20190414;   10;   9.3;   3.4;    3;   1.9;   8;    0.550;   0;   5.7;   5.4;  951.20;   -0.2;   88.83;    2.6;   -4.4;  -10.4;eor
        656;20190415;   10;  10.9;   3.4;    3;   0.0;   0;   12.550;   0;   1.0;   5.3;  953.17;    5.1;   62.58;    9.6;   -0.2;   -2.5;eor
        656;20190416;   10;   9.0;   3.2;    3;   0.0;   0;   12.517;   0;   0.0;   4.8;  949.18;    7.1;   48.38;   12.7;    0.9;   -2.7;eor
        656;20190417;   10;   9.7;   3.4;    3;   0.0;   0;   12.617;   0;   1.5;   5.0;  953.20;    9.4;   43.92;   14.7;    2.0;   -2.1;eor
        656;20190418;   10;  13.9;   3.8;    3;   0.0;   0;   12.500;   0;   0.0;   5.8;  956.80;   11.5;   44.38;   16.3;    5.5;    1.6;eor
        656;20190419;   10;  11.0;   3.3;    3;   0.0;   0;   12.667;   0;   0.0;   6.4;  959.34;   13.2;   43.38;   18.2;    7.2;    2.5;eor
        656;20190420;   10;   7.9;   2.8;    3;   0.0;   0;   12.667;   0;   1.5;   5.8;  958.15;   13.1;   39.58;   18.8;    6.1;    0.9;eor
        656;20190421;   10;   7.8;   2.6;    3;   0.0;   0;   12.817;   0;   0.3;   5.6;  951.07;   12.6;   39.58;   18.8;    5.5;    0.5;eor
        656;20190422;   10;  13.8;   4.8;    3;   0.0;   0;   12.883;   0;   0.0;   5.9;  943.39;   11.6;   43.83;   17.0;    6.7;    3.1;eor
        656;20190423;   10;  15.7;   5.5;    3;   0.0;   6;   10.083;   0;   2.1;   8.0;  934.73;   10.4;   64.21;   15.6;    5.3;    3.6;eor
        656;20190424;   10;  14.9;   2.9;    3;   1.9;   6;    9.667;   0;   5.8;   9.8;  934.20;   14.2;   63.50;   21.8;    7.7;    5.9;eor
        656;20190425;   10;   9.9;   3.2;    3;   0.0;   0;   10.983;   0;   4.6;   7.8;  939.58;   13.7;   52.88;   19.8;    4.8;    1.0;eor
        656;20190426;   10;  11.4;   3.2;    3;   4.8;   6;    5.317;   0;   7.4;   9.0;  940.29;    9.4;   77.25;   15.2;    5.4;    5.2;eor
        656;20190427;   10;  12.1;   3.1;    3;   9.6;   6;    6.000;   0;   6.0;   8.7;  941.66;    7.1;   86.79;   13.1;    3.3;    1.1;eor
        656;20190428;   10;   6.2;   1.9;    3;   1.8;   6;    2.383;   0;   7.5;   7.6;  946.26;    5.4;   85.54;    9.8;    2.7;    0.6;eor
        656;20190429;   10;  18.0;   4.0;    3;   0.3;   6;    0.000;   0;   7.4;   8.2;  948.33;    5.5;   89.96;    7.4;    2.1;    0.0;eor
        656;20190430;   10;  13.0;   4.0;    3;   0.0;   6;   12.017;   0;   1.3;   6.2;  947.52;    9.2;   51.63;   13.8;    1.1;   -1.8;eor
        656;20190501;   10;  10.6;   3.3;    3;   0.0;   0;   10.133;-999;   4.2;   7.4;  943.40;   11.2;   56.54;   15.9;    6.8;    3.3;eor
        656;20190502;   10;  10.2;   3.5;    3;   2.4;   6;    7.717;-999;   5.8;   8.4;  937.13;    7.8;   79.46;   11.8;    4.8;    4.0;eor
        656;20190503;   10;  10.8;   3.1;    3;   2.2;   8;    3.417;   0;   7.3;   5.6;  937.60;    4.0;   69.54;    6.5;    1.6;    1.1;eor
        656;20190504;   10;  10.4;   2.8;    3;   2.9;   8;    2.567;   0;   6.5;   5.5;  936.07;    1.4;   81.79;    5.7;   -0.4;   -1.5;eor
        656;20190505;   10;   9.0;   2.9;    3;   1.4;   8;    5.767;   0;   3.8;   4.8;  944.35;    2.4;   68.08;    6.8;   -1.8;   -4.3;eor
        656;20190506;   10;   8.7;   2.5;    3;   0.3;   8;    1.850;   0;   6.2;   5.6;  946.12;    2.9;   74.75;    6.7;   -1.3;   -4.5;eor
        656;20190507;   10;   7.1;   2.0;    3;   1.6;   8;    5.600;   0;   5.7;   6.1;  945.04;    3.9;   76.13;    7.7;    0.6;   -2.0;eor
        656;20190508;   10;  11.7;   3.3;    3;  18.1;   6;    2.133;   0;   7.0;   8.0;  934.20;    5.8;   86.38;    9.7;   -0.5;   -3.2;eor
        656;20190509;   10;  10.2;   3.2;    3;   0.9;   6;    3.367;   0;   7.3;   9.0;  929.58;    8.7;   81.21;   12.8;    5.6;    5.9;eor
        656;20190510;   10;  10.0;   2.6;    3;   2.7;   6;    0.667;   0;   7.0;   9.0;  937.54;    7.0;   89.25;   11.3;    3.1;    0.7;eor
        656;20190511;   10;  10.8;   2.9;    3;   9.2;   6;    0.000;   0;   7.3;   8.2;  942.28;    5.5;   90.79;    7.2;    3.4;    1.2;eor
        656;20190512;   10;  12.1;   4.7;    3;   0.0;   0;    9.050;   0;   4.2;   6.0;  957.00;    5.4;   68.17;   10.5;    1.8;    0.2;eor
        656;20190513;   10;  12.4;   4.6;    3;   0.0;   0;   12.567;   0;   0.5;   5.0;  962.82;    5.9;   56.13;   10.9;   -0.6;   -4.2;eor
        656;20190514;   10;  10.6;   4.1;    3;   0.0;   6;    7.050;   0;   5.2;   5.5;  959.05;    5.8;   60.13;   10.0;    2.4;    0.3;eor
        656;20190515;   10;  12.2;   4.4;    3;   0.0;   6;    5.600;   0;   7.5;   4.8;  953.09;    5.4;   53.58;    8.7;    0.1;   -1.4;eor
        656;20190516;   10;  10.0;   2.8;    3;   7.0;   6;    0.000;   0;   7.9;   7.6;  944.35;    5.1;   86.50;    6.0;    3.6;    3.3;eor
        656;20190517;   10;   7.4;   2.6;    3;   0.0;   0;    0.650;-999;   6.3;   9.1;  939.11;    8.0;   85.54;   11.9;    4.2;    4.1;eor
        656;20190518;   10;   6.6;   2.3;    3;   0.0;   0;    9.867;-999;   2.5;  10.2;  936.79;   12.4;   72.17;   17.9;    5.5;    2.3;eor
        656;20190519;   10;  11.0;   2.8;    3;   0.0;   0;    7.783;-999;   5.5;  10.7;  935.35;   14.6;   65.71;   19.8;    8.4;    4.5;eor
        656;20190520;   10;  12.2;   3.9;    3;  37.4;   6;    5.333;-999;   7.5;  13.0;  933.50;   14.8;   78.21;   20.2;   11.2;    7.9;eor
        656;20190521;   10;  11.9;   3.6;    3;   0.6;   6;    3.883;-999;   6.9;  13.0;  936.63;   12.8;   87.83;   17.1;    9.7;    9.7;eor
        656;20190522;   10;  11.0;   3.2;    3;   0.0;   6;    1.867;-999;   5.7;   9.9;  945.09;    8.4;   89.25;   10.6;    4.9;    1.9;eor
        656;20190523;   10;   7.7;   1.9;    3;   0.0;   0;   13.150;-999;   7.1;   8.0;  947.41;   11.5;   62.67;   17.7;    3.9;    0.7;eor
        656;20190524;   10;   9.7;   2.2;    3;   0.0;   6;   10.500;-999;   6.9;   9.3;  944.18;   13.7;   61.21;   18.8;    6.7;    3.6;eor
        656;20190525;   10;   9.0;   2.5;    3;   0.0;   0;   13.267;-999;   3.2;   9.0;  944.64;   10.7;   70.42;   14.9;    5.9;    2.2;eor
        656;20190526;   10;  11.8;   3.3;    3;   0.0;   6;    7.133;-999;   7.5;   9.7;  942.71;   12.5;   68.21;   17.5;    4.7;    1.3;eor
        656;20190527;   10;  10.3;   3.0;    3;   0.8;   6;    0.650;-999;   7.9;  11.5;  938.02;   12.5;   79.71;   15.6;    8.7;    7.0;eor
        656;20190528;   10;   7.9;   1.9;    3;  11.9;   6;    1.067;-999;   7.9;   9.5;  937.79;    9.5;   80.42;   13.7;    6.3;    5.9;eor
        656;20190529;   10;   8.1;   2.5;    3;   0.0;   0;    8.633;-999;   3.7;   7.3;  949.33;    8.0;   69.88;   12.7;    3.9;    1.0;eor
        656;20190530;   10;  12.3;   3.1;    3;   0.0;   6;    5.950;-999;   6.2;  10.0;  952.65;   11.4;   73.67;   15.9;    3.9;    0.5;eor
        656;20190531;   10;   7.8;   2.3;    3;   0.0;   6;    3.033;-999;   7.5;  13.7;  953.26;   15.0;   81.21;   20.1;   11.3;    7.6;eor
        656;20190601;   10;  10.6;   2.1;    3;   0.0;   0;   13.883;-999;   5.8;  12.8;  951.65;   16.9;   68.38;   22.3;   10.3;    6.7;eor
        656;20190602;   10;  10.0;   3.2;    3;   0.0;   0;   14.333;-999;   3.5;  13.5;  947.55;   19.8;   60.33;   25.3;   12.1;    8.3;eor
        656;20190603;   10;  15.2;   3.0;    3;  17.3;   6;    9.183;-999;   4.2;  13.5;  944.58;   19.1;   64.54;   26.7;   12.2;   10.3;eor
        656;20190604;   10;   7.4;   2.1;    3;   0.0;   0;   13.617;-999;   4.2;  14.4;  942.71;   18.4;   70.75;   24.1;   11.0;    8.2;eor
        656;20190605;   10;   9.1;   2.3;    3;   0.0;   6;   11.533;-999;   3.6;  13.7;  939.12;   22.1;   53.71;   28.3;   15.2;   11.9;eor
        656;20190606;   10;  10.4;   2.8;    3;   1.0;   6;    3.300;-999;   5.4;  12.8;  940.71;   14.4;   77.25;   19.7;    8.4;    5.4;eor
        656;20190607;   10;  13.2;   2.7;    3;  17.6;   6;    8.850;-999;   4.0;  12.4;  943.38;   13.8;   78.46;   20.0;    6.6;    3.0;eor
        656;20190608;   10;  18.0;   5.9;    3;   0.0;   0;    8.267;-999;   4.3;   9.0;  948.45;   11.5;   67.63;   14.9;    8.8;    5.8;eor
        656;20190609;   10;   7.7;   2.5;    3;   0.1;   6;    8.867;-999;   6.9;   9.2;  951.92;   14.4;   58.13;   19.8;    6.5;    2.5;eor
        656;20190610;   10;   7.1;   1.9;    3;   3.7;   6;    4.717;-999;   6.9;  13.7;  943.50;   16.9;   71.50;   22.0;   13.4;    9.9;eor
        656;20190611;   10;  13.2;   2.4;    3;  17.6;   8;    5.317;-999;   6.6;  14.6;  941.01;   15.5;   83.00;   19.6;   12.0;   10.7;eor
        656;20190612;   10;  10.2;   2.5;    3;   0.6;   6;    2.250;-999;   6.0;  14.7;  940.05;   14.1;   90.63;   18.8;    9.7;    7.3;eor
        656;20190613;   10;  11.3;   2.9;    3;   1.3;   6;    7.650;-999;   4.7;  11.9;  944.51;   13.9;   77.08;   19.9;    8.9;    5.2;eor
        656;20190614;   10;  12.5;   2.8;    3;   0.1;   6;    8.600;-999;   4.1;  12.3;  946.75;   17.6;   63.75;   23.7;    7.9;    4.7;eor
        656;20190615;   10;  12.3;   3.7;    3;   0.0;   6;    8.867;-999;   3.9;  14.9;  942.63;   18.8;   68.71;   22.8;   11.2;    7.2;eor
        656;20190616;   10;   5.9;   1.6;    3;  11.0;   6;    0.017;-999;   6.8;  13.6;  949.94;   13.5;   87.67;   17.4;    9.8;    6.8;eor
        656;20190617;   10;   7.6;   1.9;    3;   0.0;   0;    8.483;-999;   3.6;  13.2;  951.03;   16.6;   71.54;   21.7;   11.0;    8.7;eor
        656;20190618;   10;   8.9;   2.2;    3;   0.0;   0;   12.733;-999;   5.3;  12.9;  946.52;   19.5;   58.79;   24.7;   12.6;    9.4;eor
        656;20190619;   10;  12.4;   2.6;    3;   4.0;   8;   10.167;-999;   5.5;  14.4;  940.94;   20.1;   64.42;   26.8;   14.0;   10.5;eor
        656;20190620;   10;  11.4;   2.5;    3;   4.6;   6;    5.783;-999;   6.8;  14.5;  942.06;   16.4;   78.79;   21.6;   12.6;    9.7;eor
        656;20190621;   10;   6.9;   2.3;    3;   0.0;   0;    7.583;-999;   4.7;  12.0;  947.81;   15.2;   70.42;   19.5;   10.2;    6.5;eor
        656;20190622;   10;   9.9;   3.9;    3;   0.0;   0;    9.167;-999;   5.3;  12.5;  950.97;   16.1;   68.96;   20.8;   10.0;    7.1;eor
        656;20190623;   10;  12.2;   3.7;    3;   0.0;   0;   14.500;-999;   1.1;  11.0;  951.53;   18.9;   51.92;   23.4;   13.3;   11.3;eor
        656;20190624;   10;  11.5;   3.3;    3;   0.0;   0;   14.567;-999;   5.2;  10.6;  953.02;   20.3;   45.79;   25.0;   13.1;    9.3;eor
        656;20190625;   10;   9.6;   2.5;    3;   0.0;   0;   14.550;-999;   3.2;  14.7;  951.91;   23.0;   53.29;   28.6;   15.5;   11.1;eor
        656;20190626;   10;  12.2;   3.1;    3;   0.0;   0;   14.433;-999;   0.6;  18.0;  952.96;   24.9;   57.33;   30.3;   15.6;   13.4;eor
        656;20190627;   10;   9.7;   2.9;    3;   0.0;   0;   14.550;-999;   0.5;   9.0;  954.50;   16.7;   49.75;   22.2;    9.7;    8.7;eor
        656;20190628;   10;   6.4;   2.0;    3;   0.0;   0;   14.533;-999;   0.3;  10.9;  953.87;   14.4;   68.04;   21.3;    6.4;    2.4;eor
        656;20190629;   10;   6.2;   1.7;    3;   0.0;   0;   14.550;-999;   0.1;   9.8;  951.05;   19.7;   47.21;   28.1;    9.7;    4.6;eor
        656;20190630;   10;  12.2;   3.2;    3;   0.2;   6;   14.300;-999;   1.6;  13.0;  945.60;   24.6;   43.17;   31.6;   16.5;   10.6;eor
        656;20190701;   10;  13.2;   2.8;    3;   0.2;   6;    8.267;-999;   4.3;  12.1;  946.20;   18.0;   59.13;   22.1;   11.7;    9.8;eor
        656;20190702;   10;  11.6;   3.1;    3;   0.0;   6;    7.217;-999;   2.9;   9.2;  950.16;   12.9;   62.88;   17.5;    8.7;    5.0;eor
        656;20190703;   10;   8.6;   3.1;    3;   0.0;   0;    7.467;-999;   2.7;   8.2;  952.33;   11.8;   60.13;   16.7;    6.9;    2.1;eor
        656;20190704;   10;  11.7;   2.4;    3;   0.0;   0;   12.567;-999;   5.2;   8.5;  951.50;   13.2;   58.21;   19.8;    4.8;    0.6;eor
        656;20190705;   10;  12.8;   2.9;    3;   0.0;   0;    6.067;-999;   6.9;  10.3;  945.71;   15.8;   58.79;   21.0;   11.5;    8.7;eor
        656;20190706;   10;  11.5;   3.1;    3;   2.6;   6;    8.117;-999;   6.3;  12.0;  940.50;   15.8;   68.67;   21.9;    9.4;    6.6;eor
        656;20190707;   10;  10.4;   2.9;    3;   0.0;   6;    3.333;-999;   7.1;   8.8;  942.16;   10.5;   70.00;   14.0;    6.7;    4.5;eor
        656;20190708;   10;   8.5;   2.4;    3;   2.2;   6;    1.267;-999;   6.3;   9.0;  945.92;    9.2;   77.54;   12.8;    5.6;    1.7;eor
        656;20190709;   10;   9.7;   2.3;    3;   0.6;   6;    0.283;-999;   7.0;   9.5;  947.62;    9.3;   81.58;   12.4;    6.6;    3.1;eor
        656;20190710;   10;   9.6;   2.0;    3;   1.6;   6;    5.350;-999;   7.0;   9.8;  947.71;   12.3;   69.96;   19.0;    5.7;    2.7;eor
        656;20190711;   10;   6.2;   2.1;    3;   2.5;   6;    0.333;-999;   7.7;  12.9;  943.64;   13.2;   85.08;   17.9;   10.4;   10.5;eor
        656;20190712;   10;   9.1;   2.7;    3;   0.4;   6;    5.633;-999;   6.3;  13.4;  941.07;   14.8;   80.13;   20.8;   10.8;    9.1;eor
        656;20190713;   10;  10.7;   3.4;    3;   1.2;   6;    1.133;-999;   7.9;  13.1;  944.20;   13.5;   84.63;   17.9;   11.5;   11.1;eor
        656;20190714;   10;   7.3;   2.3;    3;   0.0;   6;    0.000;-999;   8.0;  11.3;  947.03;   11.5;   83.42;   13.9;   10.0;    9.9;eor
        656;20190715;   10;   7.1;   1.9;    3;   0.0;   6;    0.017;-999;   7.7;  10.9;  946.94;   10.7;   84.88;   13.0;    7.9;    4.2;eor
        656;20190716;   10;   8.9;   2.7;    3;   0.0;   6;    0.250;-999;   7.5;  11.5;  946.06;   11.0;   87.00;   13.5;    8.7;    7.2;eor
        656;20190717;   10;   5.6;   1.6;    3;   0.0;   6;    1.100;-999;   6.3;  12.0;  944.65;   13.8;   76.42;   18.7;   10.0;    5.7;eor
        656;20190718;   10;   9.2;   1.9;    3;   0.8;   6;    8.733;-999;   5.8;  10.9;  942.70;   16.4;   60.63;   22.2;    9.1;    5.2;eor
        656;20190719;   10;   7.9;   2.0;    3;   1.2;   6;    2.533;-999;   7.7;  14.0;  944.46;   15.7;   79.04;   20.4;   12.3;    9.3;eor
        656;20190720;   10;-999;-999;    3;   4.7;   4;    9.067;-999;  -999;  15.1;  944.57;   18.8;   72.33;   27.1;   11.9;    8.6;eor
        656;20190721;   10;-999;-999;    3;   0.0;   6;    9.700;-999;   5.5;  14.0;  949.52;   16.9;   74.38;   21.6;   12.2;    8.8;eor
        656;20190722;   10;-999;-999;    3;   0.0;   0;    7.400;-999;  -999;  -999;    -999;   17.0;-999;   23.9;   11.1;    8.0;eor
        656;20190723;   10;-999;-999;    3;   0.0;   0;   14.400;-999;  -999;  -999;    -999;   20.8;-999;   28.5;   13.9;   11.0;eor
        656;20190724;   10;   8.1;   2.2;    3;   0.0;   0;   13.967;-999;   0.9;  13.0;  948.97;   25.3;   42.67;   31.9;   17.1;   13.7;eor
        656;20190725;   10;   8.7;   2.5;    3;   0.0;   0;   13.567;-999;   2.2;  11.9;  948.64;   26.9;   35.42;   33.9;   17.6;   14.1;eor
        656;20190726;   10;   9.5;   3.7;    3;   0.0;   0;   13.350;-999;   3.5;  13.1;  944.07;   23.6;   46.08;   28.6;   17.8;   15.8;eor
        656;20190727;   10;  13.4;   4.3;    3;   0.0;   0;   12.350;-999;   1.9;  12.4;  936.77;   20.8;   52.25;   25.8;   15.8;   13.7;eor
        656;20190728;   10;   7.9;   2.8;    3;   2.2;   6;    6.683;-999;   5.8;  14.4;  934.00;   21.3;   57.54;   26.3;   16.0;   14.6;eor
        656;20190729;   10;  10.7;   2.9;    3;   0.9;   6;    3.133;-999;   5.5;  17.6;  940.53;   18.7;   81.92;   21.8;   15.8;   14.0;eor
        656;20190730;   10;   9.5;   2.0;    3;   1.2;   6;    6.267;-999;   5.3;  14.8;  943.06;   20.2;   64.21;   25.8;   16.2;   13.1;eor
        656;20190731;   10;   8.2;   2.0;    3;   9.9;   6;    2.150;-999;   7.3;  14.2;  945.70;   16.8;   75.46;   22.6;   12.0;   12.1;eor
        656;20190801;    3;   8.0;   1.7;    3;   0.0;   6;    7.017;-999;   4.8;  12.2;  947.17;   15.6;   71.00;   21.2;    9.8;    7.6;eor
        656;20190802;    3;   7.2;   1.3;    3;   0.7;   6;    2.433;-999;   7.3;  13.5;  945.13;   15.5;   76.58;   21.3;   12.2;   10.2;eor
        656;20190803;    3;   9.8;   2.1;    3;   4.4;   6;    3.250;-999;   6.3;  14.1;  945.50;   15.1;   82.54;   20.7;   11.8;   10.1;eor
        656;20190804;    3;   7.8;   1.7;    3;   0.0;   6;    5.767;-999;   6.0;  12.9;  946.46;   15.4;   75.63;   20.8;   10.8;    7.8;eor
        656;20190805;    3;   8.4;   2.1;    3;   2.8;   6;    2.883;-999;   7.8;  14.3;  942.66;   17.0;   74.33;   22.4;   11.2;    9.2;eor
        656;20190806;    3;  12.0;   2.8;    3;   0.0;   6;    5.300;-999;   7.6;  14.6;  941.01;   17.9;   72.17;   22.9;   12.7;   10.0;eor
        656;20190807;    3;  10.9;   2.4;    3;   0.0;   6;    1.650;-999;   7.3;  13.9;  938.55;   16.6;   74.13;   20.5;   13.4;   10.6;eor
        656;20190808;    3;  12.5;   2.8;    3;   0.0;   0;    9.183;-999;   3.0;  11.9;  941.92;   16.3;   66.67;   22.1;   11.1;    7.3;eor
        656;20190809;    3;  10.8;   2.3;    3;   4.2;   6;    4.967;-999;   6.5;  14.6;  942.18;   17.8;   73.79;   24.7;   11.1;    7.7;eor
        656;20190810;    3;  14.5;   4.3;    3;   0.0;   0;    3.033;-999;   5.6;  14.9;  942.43;   18.0;   72.63;   21.2;   15.0;   11.5;eor
        656;20190811;    3;  11.5;   3.0;    3;   1.5;   6;    9.433;-999;   4.2;  10.7;  945.42;   17.5;   55.88;   24.0;   11.2;    7.3;eor
        656;20190812;    3;   9.1;   2.7;    3;   0.5;   6;    6.617;-999;   5.9;  11.4;  945.09;   14.5;   71.50;   20.3;    9.8;    7.4;eor
        656;20190813;    3;  12.5;   3.0;    3;   1.9;   6;    3.833;-999;   7.2;  10.3;  945.93;   12.3;   73.25;   16.8;   10.2;    8.9;eor
        656;20190814;    3;   8.6;   2.2;    3;   1.4;   6;    6.267;-999;   4.8;   9.2;  947.04;   12.0;   66.67;   17.3;    8.2;    5.4;eor
        656;20190815;    3;   9.4;   2.4;    3;   8.3;   6;    0.150;-999;   7.7;  12.7;  942.45;   12.6;   86.42;   16.1;    9.5;    9.4;eor
        656;20190816;    3;  10.6;   2.7;    3;   0.8;   6;    7.367;-999;   7.0;  11.6;  945.70;   13.9;   74.21;   18.4;   11.2;    7.8;eor
        656;20190817;    3;  12.7;   4.0;    3;   1.3;   6;    3.217;-999;   7.7;  13.5;  941.07;   15.9;   74.92;   22.1;   11.8;   10.0;eor
        656;20190818;    3;  20.7;   3.2;    3;  17.1;   6;    0.933;-999;   7.8;  16.4;  938.68;   16.0;   89.96;   22.2;   12.4;   11.6;eor
        656;20190819;    3;  13.2;   2.6;    3;   0.0;   0;    7.900;-999;   5.1;  11.3;  946.15;   14.1;   71.83;   19.2;    9.9;    7.0;eor
        656;20190820;    3;   7.1;   1.7;    3;   0.0;   0;    5.767;-999;   6.6;  10.0;  951.96;   13.8;   64.75;   18.2;    9.1;    5.9;eor
        656;20190821;    3;   7.4;   2.1;    3;   0.0;   0;   10.300;-999;   2.9;   9.4;  956.93;   13.6;   63.00;   19.0;    7.4;    4.2;eor
        656;20190822;    3;   7.4;   2.0;    3;   0.0;   0;   12.200;-999;   1.2;   9.1;  956.38;   15.8;   53.17;   22.7;    8.6;    4.7;eor
        656;20190823;    3;   6.8;   1.8;    3;   0.0;   0;   12.200;-999;   0.2;   9.1;  955.63;   18.7;   45.21;   25.5;   11.0;    6.3;eor
        656;20190824;    3;   9.8;   3.0;    3;   0.0;   0;   12.150;-999;   0.0;  12.0;  953.04;   19.9;   52.92;   25.2;   14.4;    9.7;eor
        656;20190825;    3;   6.1;   2.1;    3;   0.0;   0;    7.350;-999;   1.7;  16.1;  950.87;   22.2;   61.58;   27.7;   15.3;   12.1;eor
        656;20190826;    3;   7.7;   2.1;    3;   0.0;   0;    7.700;-999;   1.1;  15.0;  950.30;   22.4;   57.21;   27.6;   16.5;   12.9;eor
        656;20190827;    3;  10.0;   1.6;    3;   0.0;   6;    5.833;-999;   4.8;  15.9;  948.33;   21.1;   64.88;   28.4;   16.3;   12.7;eor
        656;20190828;    3;   8.9;   2.1;    3;   0.0;   0;    7.200;-999;   6.0;  15.0;  946.36;   22.5;   57.58;   29.7;   16.5;   13.1;eor
        656;20190829;    3;   9.6;   2.0;    3;   0.0;   6;    4.250;-999;   7.1;  16.2;  949.03;   20.7;   66.79;   25.7;   16.7;   13.5;eor
        656;20190830;    3;   6.3;   1.5;    3;   0.0;   0;    5.433;-999;   6.3;  16.6;  952.31;   19.6;   73.88;   25.4;   16.3;   13.8;eor
        656;20190831;    3;   9.9;   2.1;    3;   0.0;   0;   11.000;-999;   0.4;  15.5;  946.34;   21.7;   62.58;   28.4;   15.2;   11.9;eor
        656;20190901;    3;  12.1;   2.7;    3;   0.0;   6;    2.850;-999;   6.3;  13.5;  943.24;   16.6;   71.00;   20.7;    9.6;    5.4;eor
        656;20190902;    3;  10.9;   2.1;    3;   0.0;   0;    8.100;-999;   1.9;   8.8;  950.88;   11.5;   67.13;   17.1;    6.6;    2.9;eor
        656;20190903;    3;  10.9;   2.5;    3;   0.0;   0;    2.717;-999;   6.2;   9.6;  952.08;   12.6;   66.58;   18.4;    7.6;    3.8;eor
        656;20190904;    3;  11.3;   2.9;    3;   0.4;   6;   10.533;-999;   6.1;  11.2;  946.00;   14.9;   68.79;   21.2;    8.0;    4.5;eor
        656;20190905;    3;  14.9;   3.0;    3;   0.3;   6;    4.383;-999;   5.8;  10.2;  946.77;   11.3;   76.96;   16.2;    7.0;    3.1;eor
        656;20190906;    3;   8.0;   2.2;    3;   0.0;   0;   11.417;-999;   3.2;   7.6;  951.51;   10.3;   63.46;   16.2;    4.0;    0.2;eor
        656;20190907;    3;   7.4;   1.7;    3;   0.0;   6;    0.867;-999;   7.8;   8.7;  947.55;   10.7;   68.17;   13.5;    7.6;    4.9;eor
        656;20190908;    3;   5.9;   1.5;    3;   0.9;   6;    3.183;-999;   7.3;   9.5;  946.69;   10.7;   74.83;   15.2;    5.7;    2.4;eor
        656;20190909;    3;   7.8;   2.4;    3;   8.9;   6;    0.000;-999;   7.4;  10.8;  943.03;   10.0;   87.96;   12.0;    8.0;    6.4;eor
        656;20190910;    3;   9.2;   2.0;    3;   0.0;   0;    7.883;-999;   2.0;   8.9;  946.50;    9.7;   75.63;   15.5;    5.3;    1.4;eor
        656;20190911;    3;  12.1;   3.2;    3;   2.9;   6;    9.350;-999;   3.8;   9.0;  951.23;   12.4;   65.25;   18.4;    5.4;    1.3;eor
        656;20190912;    3;   7.3;   2.5;    3;   0.1;   6;    2.483;-999;   5.8;  13.4;  956.24;   13.6;   86.25;   18.8;   11.0;   10.7;eor
        656;20190913;    3;   8.9;   2.4;    3;   2.7;   6;    2.433;-999;   6.6;  13.0;  959.32;   13.2;   84.67;   16.4;    6.6;    4.1;eor
        656;20190914;    3;   5.7;   1.6;    3;   0.0;   0;   10.167;-999;   2.6;   8.3;  960.76;   10.3;   69.08;   17.4;    4.4;    1.2;eor
        656;20190915;    3;  10.9;   3.0;    3;   0.7;   6;    9.317;-999;   6.8;   8.5;  951.53;   14.8;   53.58;   20.1;    7.9;    4.7;eor
        656;20190916;    3;   7.6;   1.7;    3;   5.3;   6;    0.000;-999;   7.5;  11.2;  948.26;   10.1;   90.50;   13.1;    6.8;    4.0;eor
        656;20190917;    3;  14.0;   3.6;    3;   2.6;   6;    2.167;-999;   5.4;   8.9;  946.64;    8.2;   82.38;   12.3;    6.4;    4.5;eor
        656;20190918;    3;  10.4;   3.2;    3;   0.1;   6;    4.383;-999;   6.5;   7.9;  952.35;    8.2;   73.38;   12.2;    5.6;    3.3;eor
        656;20190919;    3;   8.4;   2.1;    3;   0.0;   6;    2.517;-999;   6.9;   7.1;  956.44;    6.6;   74.33;   11.9;    2.0;   -1.3;eor
        656;20190920;    3;   5.6;   1.4;    3;   0.0;   0;    9.900;-999;   3.9;   7.9;  956.45;    8.4;   74.08;   15.4;    2.7;   -0.4;eor
        656;20190921;    3;   5.1;   1.5;    3;   0.0;   0;   10.567;-999;   0.2;   8.2;  950.93;   12.0;   61.83;   20.3;    4.1;    0.5;eor
        656;20190922;    3;   7.4;   2.2;    3;   0.0;   0;   10.467;-999;   1.6;   8.6;  942.92;   15.6;   52.33;   23.6;    7.9;    3.5;eor
        656;20190923;    3;   8.6;   2.1;    3;   0.2;   6;    0.000;-999;   7.7;  12.1;  943.25;   13.2;   79.92;   15.7;   10.2;    6.0;eor
        656;20190924;    3;   7.7;   1.8;    3;   2.5;   6;    3.167;-999;   7.5;  11.6;  941.92;   12.8;   79.42;   17.2;    9.8;    7.7;eor
        656;20190925;    3;   8.4;   2.1;    3;  12.0;   6;    0.283;-999;   7.3;  12.4;  936.66;   11.2;   92.92;   14.0;    9.9;    8.3;eor
        656;20190926;    3;  12.8;   3.1;    3;  20.7;   6;    0.983;-999;   7.8;  13.5;  940.45;   12.5;   93.04;   14.8;   10.4;   10.4;eor
        656;20190927;    3;  11.7;   3.2;    3;  12.3;   6;    0.500;-999;   7.3;  13.3;  939.63;   12.0;   94.08;   13.6;   10.6;   10.1;eor
        656;20190928;    3;  15.6;   5.1;    3;   2.9;   6;    0.500;-999;   7.4;  12.1;  940.87;   11.2;   90.88;   13.3;   10.1;    9.9;eor
        656;20190929;    3;  15.8;   5.6;    3;  32.5;   6;    0.633;-999;   7.4;  12.2;  933.35;   11.3;   90.96;   13.7;    9.5;    9.5;eor
        656;20190930;    3;  19.7;   5.0;    3;   9.4;   6;    0.817;-999;   7.4;  11.2;  934.22;   10.5;   87.46;   12.7;    8.2;    7.4;eor
        656;20191001;    3;  15.7;   4.3;    3;  15.7;   6;    0.067;   0;   7.7;  12.4;  932.23;   11.0;   93.75;   13.1;    8.3;    7.9;eor
        656;20191002;    3;  11.8;   3.4;    3;   7.7;   6;    2.550;   0;   6.3;   8.7;  935.39;    6.8;   87.08;   11.9;    4.1;    2.8;eor
        656;20191003;    3;  11.7;   2.4;    3;   8.8;   6;    0.233;   0;   7.2;   9.2;  942.77;    6.9;   92.21;    8.8;    5.4;    3.0;eor
        656;20191004;    3;  10.1;   2.2;    3;  33.5;   6;    0.000;   0;   7.7;   8.8;  936.66;    6.0;   94.79;    7.8;    4.9;    5.1;eor
        656;20191005;    3;  13.5;   3.3;    3;   0.6;   6;    1.617;   0;   7.2;   7.9;  942.15;    4.9;   90.67;    7.5;    2.6;   -0.1;eor
        656;20191006;    3;   8.2;   2.5;    3;   0.0;   0;    1.567;   0;   7.9;   7.2;  946.00;    3.8;   89.88;    6.3;    0.7;   -1.4;eor
        656;20191007;    3;   6.6;   2.2;    3;   1.3;   6;    9.233;   0;   3.8;   6.5;  946.45;    4.7;   78.13;    9.2;    0.3;   -2.7;eor
        656;20191008;    3;  11.9;   3.9;    3;  12.2;   6;    0.000;   0;   7.6;  10.6;  937.23;    8.5;   95.04;   10.1;    6.0;    6.1;eor
        656;20191009;    3;  13.1;   4.7;    3;  14.9;   6;    0.017;   0;   7.6;   9.9;  936.35;    8.3;   90.75;    9.9;    6.6;    6.4;eor
        656;20191010;    3;  13.9;   3.9;    3;   5.3;   6;    0.300;   0;   7.6;   9.2;  940.24;    6.9;   92.67;    7.9;    5.9;    5.8;eor
        656;20191011;    3;  12.7;   5.2;    3;   0.3;   6;    0.033;   0;   7.6;  10.6;  942.62;    9.4;   90.08;   12.1;    7.0;    6.9;eor
        656;20191012;    3;  13.0;   4.8;    3;   0.0;   6;    3.283;   0;   7.2;  12.2;  940.87;   13.2;   80.04;   15.7;   10.4;    9.4;eor
        656;20191013;    3;  11.7;   3.7;    3;   0.0;   6;    4.733;   0;   6.2;  14.9;  942.52;   16.0;   81.79;   19.7;   13.7;   11.3;eor
        656;20191014;    3;   9.9;   2.3;    3;   0.0;   0;    7.817;   0;   3.3;  14.0;  943.57;   15.8;   79.08;   21.5;   12.1;    9.0;eor
        656;20191015;    3;   7.5;   1.5;    3;   4.6;   6;    6.567;   0;   5.8;  13.8;  937.60;   15.7;   78.38;   21.8;   11.6;    8.2;eor
        656;20191016;    3;  12.6;   4.1;    3;   5.8;   6;    0.367;   0;   7.6;  11.1;  939.40;    9.6;   92.50;   12.7;    8.0;    7.9;eor
        656;20191017;    3;  10.0;   3.1;    3;  14.2;   6;    0.183;   0;   7.7;  11.7;  941.53;   10.6;   91.25;   12.6;    9.3;    8.5;eor
        656;20191018;    3;  15.8;   4.0;    3;   2.2;   6;    0.083;   0;   7.4;  11.2;  939.35;    9.7;   91.92;   13.3;    5.3;    2.9;eor
        656;20191019;    3;   9.7;   3.1;    3;   0.0;   6;    0.083;   0;   7.7;  10.4;  938.28;    8.8;   90.71;   11.5;    4.9;    3.0;eor
        656;20191020;    3;   6.3;   2.0;    3;   0.4;   6;    0.183;   0;   7.7;  12.7;  939.62;   11.6;   93.08;   13.4;   10.2;   10.0;eor
        656;20191021;    3;   9.4;   2.3;    3;   0.0;   6;    1.617;   0;   6.9;  12.5;  947.02;   12.5;   86.08;   16.8;    9.7;    6.8;eor
        656;20191022;    3;   6.7;   1.7;    3;   0.0;   0;    6.667;   0;   6.0;   9.8;  952.25;    9.3;   83.96;   14.4;    4.7;    2.1;eor
        656;20191023;    1;   7.1;   1.9;    1;   0.0;   0;    5.650;   0;   5.2;  11.7;  947.08;   10.7;   90.92;   16.2;    5.6;    4.4;eor
        656;20191024;    1;   9.8;   2.5;    1;   0.0;   0;    4.633;   0;   6.5;  11.9;  940.45;   11.6;   87.13;   15.9;    8.9;    5.9;eor
        656;20191025;    1;  11.4;   3.6;    1;   0.0;   0;    2.383;   0;   7.1;  10.5;  947.61;   10.5;   82.79;   13.3;    7.6;    4.3;eor
        656;20191026;    1;  13.1;   6.3;    1;   0.2;   6;    7.050;   0;   7.2;  10.8;  945.30;   11.7;   79.08;   15.4;    9.1;    8.1;eor
        656;20191027;    1;  11.7;   3.4;    1;   3.3;   6;    0.000;   0;   7.3;   8.7;  945.95;    7.2;   84.04;   12.4;    3.2;    0.9;eor
        656;20191028;    1;  10.6;   2.7;    1;   0.0;   6;    1.467;   0;   5.3;   7.3;  949.26;    4.6;   85.25;    7.3;    2.4;    0.2;eor
        656;20191029;    1;   6.2;   1.7;    1;   0.0;   6;    5.283;   0;   5.5;   6.3;  952.05;    3.1;   82.88;    6.7;    0.3;   -2.0;eor
        656;20191030;    1;   7.1;   2.5;    1;   0.0;   0;    6.717;   0;   3.8;   5.8;  955.60;    1.7;   85.13;    5.5;   -1.6;   -4.1;eor
        656;20191031;    1;   5.6;   2.1;    1;   0.0;   0;    8.183;   0;   2.3;   4.8;  952.06;    0.7;   76.00;    6.1;   -2.4;   -5.6;eor
        656;20191101;    1;   8.8;   2.0;    1;   7.2;   6;    2.833;   0;   5.7;   6.0;  938.80;    0.9;   89.71;    6.0;   -4.5;   -8.2;eor
        656;20191102;    1;  13.5;   4.8;    1;   6.5;   6;    0.083;   0;   7.8;  10.9;  923.57;    9.3;   92.29;   12.2;    5.9;    5.8;eor
        656;20191103;    1;   8.8;   2.8;    1;   8.2;   6;    0.017;   0;   7.7;  10.1;  919.37;    7.9;   94.96;    9.3;    6.6;    3.9;eor
        656;20191104;    1;  10.1;   3.7;    1;   5.1;   6;    0.517;   0;   7.5;   9.6;  920.40;    7.3;   93.79;    9.1;    6.5;    6.1;eor
        656;20191105;    1;  10.2;   3.3;    1;   5.9;   6;    0.000;   0;   7.4;   8.6;  925.54;    5.7;   94.08;    6.7;    4.8;    3.9;eor
        656;20191106;    1;   7.8;   2.3;    1;   5.2;   6;    0.000;   0;   7.7;   8.0;  929.70;    4.6;   94.33;    5.8;    3.9;    3.9;eor
        656;20191107;    1;  11.2;   2.7;    1;   2.0;   6;    0.100;   0;   7.6;   8.1;  930.88;    4.9;   93.33;    6.8;    3.2;    2.5;eor
        656;20191108;    1;   6.8;   1.8;    1;   3.5;   6;    0.000;   0;   7.8;   7.1;  934.99;    3.3;   92.04;    5.2;    1.5;   -0.8;eor
        656;20191109;    1;   7.1;   2.0;    1;   0.5;   8;    0.333;   0;   6.8;   6.7;  936.01;    2.4;   92.13;    3.9;    0.7;   -1.5;eor
        656;20191110;    1;   5.1;   1.2;    1;   0.0;   0;    4.250;   0;   3.8;   6.0;  940.65;    0.9;   91.63;    5.1;   -1.7;   -4.7;eor
        656;20191111;    1;   8.8;   2.5;    1;   0.0;   8;    1.333;   0;   7.4;   5.5;  937.35;   -0.3;   92.63;    1.9;   -1.7;   -2.1;eor
        656;20191112;    1;  12.3;   4.6;    1;   0.3;   8;    0.883;   0;   7.6;   6.0;  932.13;    1.7;   87.25;    4.1;   -0.2;   -0.1;eor
        656;20191113;    1;   8.4;   3.0;    1;   0.4;   8;    0.083;   0;   7.9;   6.0;  930.66;    1.0;   90.96;    1.8;    0.1;   -1.2;eor
        656;20191114;    1;  11.1;   2.8;    1;   0.0;   0;    4.717;   0;   6.6;   6.0;  934.07;    1.6;   87.29;    5.3;   -0.8;   -3.1;eor
        656;20191115;    1;   9.1;   3.1;    1;   5.7;   8;    0.000;   0;   8.0;   6.8;  931.83;    1.9;   96.63;    3.7;    0.0;    0.2;eor
        656;20191116;    1;   9.3;   2.6;    1;   0.1;   8;    0.000;   0;   6.1;   6.2;  936.04;    1.0;   94.75;    3.0;   -1.4;   -4.9;eor
        656;20191117;    1;  12.2;   3.1;    1;   0.2;   6;    0.000;   0;   7.9;   6.8;  938.16;    2.2;   94.79;    4.6;   -0.8;   -3.9;eor
        656;20191118;    1;  12.4;   3.6;    1;  10.1;   8;    0.000;   0;   7.8;   7.3;  933.98;    3.0;   96.13;    6.0;   -0.1;    0.1;eor
        656;20191119;    1;  13.7;   3.4;    1;   0.0;   7;    0.083;   2;   6.7;   5.9;  942.47;    0.3;   94.46;    1.8;   -1.1;   -4.4;eor
        656;20191120;    1;   4.9;   1.2;    1;   0.1;   8;    0.817;   0;   6.8;   5.7;  944.78;   -0.1;   93.92;    4.4;   -2.2;   -6.8;eor
        656;20191121;    1;   4.9;   1.5;    1;   0.1;   6;    0.000;   0;   7.9;   7.1;  938.65;    2.3;   97.92;    4.4;    0.1;    0.2;eor
        656;20191122;    1;   5.3;   1.2;    1;   0.0;   0;    5.167;   0;   7.8;   6.9;  937.01;    2.7;   93.46;    7.7;   -0.9;   -2.8;eor
        656;20191123;    1;   9.1;   3.1;    1;   0.0;   0;    0.250;   0;   6.7;   7.4;  933.65;    3.2;   95.58;    4.7;    1.1;   -2.3;eor
        656;20191124;    1;   3.6;   1.1;    1;   0.0;   0;    3.667;   0;   7.2;   7.1;  936.60;    3.1;   92.96;    7.7;    0.2;   -2.2;eor
        656;20191125;    1;   6.3;   1.1;    1;   0.0;   6;    4.217;   0;   7.6;   7.6;  938.20;    3.9;   94.38;    8.8;    0.9;   -1.7;eor
        656;20191126;    1;   8.8;   3.1;    1;   0.1;   6;    0.000;   0;   7.8;   8.1;  934.89;    4.4;   97.00;    6.2;    2.3;    2.3;eor
        656;20191127;    1;  16.0;   3.5;    1;   1.6;   6;    0.000;   0;   7.7;   8.6;  924.96;    5.5;   94.79;    7.2;    4.4;    3.3;eor
        656;20191128;    1;  17.8;   6.3;    1;  19.9;   8;    0.000;   0;   7.4;   8.5;  921.32;    6.1;   89.58;    7.2;    5.0;    4.7;eor
        656;20191129;    1;  13.7;   3.6;    1;   2.6;   8;    0.400;   0;   7.0;   6.0;  934.08;    1.5;   87.08;    5.3;    0.2;   -1.0;eor
        656;20191130;    1;   7.6;   2.1;    1;   0.0;   8;    0.233;   0;   5.6;   5.5;  948.45;   -0.1;   90.88;    1.4;   -3.0;   -6.6;eor
        656;20191201;    1;   4.0;   1.2;    1;   0.0;   0;    1.600;   0;   7.1;   4.8;  948.04;   -1.9;   89.50;    0.7;   -4.0;   -8.0;eor
        656;20191202;    1;  10.4;   2.6;    1;   1.8;   8;    1.733;   0;   7.2;   5.6;  948.99;    0.2;   89.17;    1.7;   -1.8;   -4.5;eor
        656;20191203;    1;   8.2;   2.3;    1;   0.0;   8;    0.000;   0;   7.6;   6.4;  953.25;    1.2;   95.58;    1.8;   -0.1;   -2.2;eor
        656;20191204;    1;   7.4;   1.6;    1;   0.0;   0;    6.433;   0;   2.1;   6.0;  950.16;    0.9;   91.50;    4.1;   -1.1;   -4.8;eor
        656;20191205;    1;   9.6;   2.5;    1;   0.0;   0;    6.417;   0;   0.8;   4.7;  946.39;    0.4;   75.17;    4.1;   -2.5;   -4.3;eor
        656;20191206;    1;  14.1;   4.8;    1;  16.2;   8;    0.000;   0;   7.5;   5.3;  938.69;   -1.0;   91.25;    2.2;   -3.7;   -5.0;eor
        656;20191207;    1;  15.0;   5.1;    1;   9.0;   6;    0.000;   0;   7.3;   7.6;  937.44;    3.9;   94.21;    4.8;    2.2;    2.0;eor
        656;20191208;    1;  16.8;   6.4;    1;   7.0;   8;    0.000;   0;   7.6;   7.6;  931.79;    4.6;   89.46;    6.9;    3.1;    1.9;eor
        656;20191209;    1;  14.9;   4.9;    1;   7.2;   8;    0.000;   0;   7.5;   6.6;  929.61;    2.5;   90.38;    4.0;    0.8;    0.3;eor
        656;20191210;    1;  13.1;   3.3;    1;   0.3;   8;    1.350;   0;   6.0;   5.4;  948.08;   -0.2;   89.54;    1.1;   -1.6;   -3.1;eor
        656;20191211;    1;   9.7;   3.7;    1;   8.1;   8;    0.000;   0;   7.8;   5.0;  937.49;   -0.9;   88.04;    0.1;   -1.8;   -1.6;eor
        656;20191212;    1;   9.8;   3.3;    1;   0.0;   8;    0.000;   4;   7.8;   5.6;  928.81;   -0.5;   95.88;    0.2;   -1.4;   -1.8;eor
        656;20191213;    1;   9.4;   2.6;    1;   4.6;   8;    0.000;   3;   7.7;   5.2;  911.88;   -1.2;   92.42;   -0.2;   -2.5;   -4.9;eor
        656;20191214;    1;  21.0;   5.1;    1;  12.8;   8;    0.000;   5;   7.5;   6.0;  918.66;    0.6;   93.75;    1.6;   -0.1;   -0.2;eor
        656;20191215;    1;  21.1;   4.1;    1;   3.7;   8;    2.200;   8;   6.9;   6.2;  930.13;    2.2;   86.79;    5.1;    0.0;   -2.0;eor
        656;20191216;    1;   8.5;   2.4;    1;   1.2;   6;    0.000;   4;   7.8;   7.6;  936.52;    3.6;   95.50;    5.8;    1.0;   -2.1;eor
        656;20191217;    1;  14.6;   3.2;    1;   1.6;   6;    2.550;   1;   7.3;   8.0;  934.85;    7.3;   79.00;   10.6;    3.2;   -0.9;eor
        656;20191218;    1;  12.3;   2.4;    1;   0.0;   6;    0.167;   0;   5.3;   7.8;  943.91;    4.8;   90.33;   10.1;    0.6;   -2.8;eor
        656;20191219;    1;   4.6;   1.4;    1;   0.0;   0;    3.183;   0;   3.8;   8.0;  942.39;    5.3;   89.54;   10.2;    2.3;   -1.0;eor
        656;20191220;    1;  13.1;   2.4;    1;   3.2;   6;    3.050;   0;   5.2;   7.7;  924.82;    6.6;   79.04;   11.4;    2.9;   -0.2;eor
        656;20191221;    1;   9.9;   3.4;    1;   0.1;   6;    0.433;   0;   6.5;   7.1;  922.07;    3.5;   90.33;    6.0;    0.8;   -2.5;eor
        656;20191222;    1;  13.2;   2.8;    1;   8.9;   6;    0.000;   0;   7.8;   7.3;  917.39;    3.1;   95.38;    4.7;    1.3;    0.2;eor
        656;20191223;    1;  13.2;   3.5;    1;   8.1;   6;    0.017;   0;   7.3;   7.1;  931.91;    3.2;   92.29;    3.6;    2.6;    1.4;eor
        656;20191224;    1;  13.1;   3.7;    1;  17.7;   8;    0.000;   0;   7.5;   7.0;  937.63;    2.7;   93.71;    4.3;    0.2;    0.1;eor
        656;20191225;    1;  12.3;   2.9;    1;   6.4;   8;    0.000;   0;   7.1;   6.8;  943.16;    2.7;   91.38;    4.3;    1.1;    0.3;eor
        656;20191226;    1;   5.8;   1.3;    1;   0.1;   8;    0.183;   0;   7.4;   6.0;  950.71;    0.7;   93.58;    1.9;   -0.3;   -1.2;eor
        656;20191227;    1;   7.4;   1.5;    1;   0.4;   8;    0.933;   0;   7.4;   5.2;  955.41;   -1.0;   91.29;    0.5;   -3.0;   -5.9;eor
        656;20191228;    1;   3.8;   1.2;    1;   0.0;   8;    0.900;   0;   7.8;   4.2;  965.72;   -3.3;   88.50;   -1.8;   -5.4;   -9.0;eor
        656;20191229;    1;   9.1;   1.4;    1;   0.0;   0;    2.917;   0;   6.9;   3.3;  963.55;   -0.4;   60.46;    4.6;   -5.7;  -10.0;eor
        656;20191230;    1;  11.0;   4.2;    1;   0.0;   6;    4.050;   0;   5.5;   1.5;  957.39;    5.0;   17.33;    7.6;    3.6;    1.7;eor
        656;20191231;    1;  11.4;   3.4;    1;   0.1;   6;    1.250;   0;   4.4;   5.4;  957.19;    2.2;   76.29;    5.5;   -1.3;   -5.3;eor
        656;20200101;    1;   6.4;   1.7;    1;   0.0;   0;    6.200;   0;   1.4;   3.6;  959.38;    1.2;   58.00;    5.7;   -4.0;   -8.3;eor
        656;20200102;    1;  11.5;   3.3;    1;   0.0;   8;    6.233;   0;   2.3;   3.8;  953.23;    2.1;   56.63;    5.3;   -2.6;   -3.9;eor
        656;20200103;    1;  14.6;   5.2;    1;  16.8;   8;    0.000;   0;   7.8;   7.0;  945.67;    2.4;   95.92;    5.1;    0.5;    0.5;eor
