STATIONS_ID;MESS_DATUM;QN_3;  FX;  FM;QN_4; RSK;RSKF; SDK;SHK_TAG;  NM; VPM;  PM; TMK; UPM; TXK; TNK; TGK;eor
        850;20180626;-999;-999;-999;    3;   0.0;   4;-999;   0;   4.2;  14.0; 1018.29;   16.6;   76.08;   -999;   -999;-999;eor
        850;20180627;-999;-999;-999;    3;   0.0;   0;-999;   0;   2.2;  12.1; 1018.95;   19.5;   57.42;   -999;   -999;-999;eor
        850;20180628;-999;-999;-999;    3;   0.0;   0;-999;   0;   4.1;  12.2; 1016.59;   21.6;   49.88;   -999;   -999;-999;eor
        850;20180629;-999;-999;-999;    3;   0.0;   0;-999;   0;   2.4;  12.4; 1011.64;   21.6;   50.83;   -999;   -999;-999;eor
        850;20180630;-999;-999;-999;    3;   0.0;   0;-999;   0;   0.8;   8.9; 1013.18;   19.2;   42.25;   -999;   -999;-999;eor
        850;20180701;-999;-999;-999;    3;   0.0;   0;-999;   0;   0.8;   8.0; 1014.54;   18.5;   39.54;   -999;   -999;-999;eor
        850;20180702;-999;-999;-999;    3;   0.0;   0;-999;   0;   0.4;   8.4; 1012.60;   18.6;   41.88;   -999;   -999;-999;eor
        850;20180703;-999;-999;-999;    3;   0.0;   0;-999;   0;   1.7;  10.1; 1010.75;   20.3;   47.38;   -999;   -999;-999;eor
        850;20180704;-999;-999;-999;    3;   0.0;   0;-999;   0;   3.3;  12.0; 1007.84;   21.9;   50.08;   -999;   -999;-999;eor
        850;20180705;-999;-999;-999;    3;   0.0;   0;-999;   0;   3.8;  13.9; 1006.65;   21.1;   58.25;   -999;   -999;-999;eor
        850;20180706;-999;-999;-999;    3;   0.0;   0;-999;   0;   4.3;  12.0; 1011.92;   18.1;   59.83;   -999;   -999;-999;eor
        850;20180707;-999;-999;-999;    3;   0.0;   0;-999;   0;   3.2;  11.3; 1015.63;   17.1;   60.70;   -999;   -999;-999;eor
        850;20180708;-999;-999;-999;    3;   0.0;   0;-999;   0;   2.1;  12.4; 1015.99;   18.8;   60.54;   -999;   -999;-999;eor
        850;20180709;-999;-999;-999;    3;   2.6;   4;-999;   0;   5.4;  12.7; 1014.34;   16.4;   69.04;   -999;   -999;-999;eor
        850;20180710;-999;-999;-999;    3;  25.4;   4;-999;   0;   7.1;  13.8; 1009.40;   13.3;   89.96;   -999;   -999;-999;eor
        850;20180711;-999;-999;-999;    3;   1.7;   4;-999;   0;  -999;  15.1; 1009.15;   15.0;   88.46;   -999;   -999;-999;eor
        850;20180712;-999;-999;-999;    3;   0.0;   4;-999;   0;   5.7;  15.7; 1010.04;   20.1;   69.42;   -999;   -999;-999;eor
        850;20180713;-999;-999;-999;    3;   0.0;   0;-999;   0;   4.7;  14.7; 1013.43;   17.4;   75.63;   -999;   -999;-999;eor
        850;20180714;-999;-999;-999;    3;   0.0;   0;-999;-999;  -999;  13.1; 1013.92;   17.1;   69.63;   -999;   -999;-999;eor
        850;20180715;-999;-999;-999;    3;   0.0;   0;-999;   0;   1.0;  12.2; 1011.71;   18.3;   61.08;   -999;   -999;-999;eor
        850;20180716;-999;-999;-999;    3;   0.0;   0;-999;   0;   1.8;  12.8; 1008.19;   21.2;   54.88;   -999;   -999;-999;eor
        850;20180717;-999;-999;-999;    3;   0.0;   0;-999;   0;   4.2;  13.4; 1006.94;   23.4;   50.75;   -999;   -999;-999;eor
        850;20180718;-999;-999;-999;    3;   0.0;   0;-999;   0;   4.0;  13.5; 1011.16;   20.3;   59.25;   -999;   -999;-999;eor
        850;20180719;-999;-999;-999;    3;   0.0;   0;-999;   0;   2.1;  11.6; 1012.15;   19.3;   55.58;   -999;   -999;-999;eor
        850;20180720;-999;-999;-999;    3;   0.0;   0;-999;   0;   6.2;  11.9; 1008.41;   20.7;   51.08;   -999;   -999;-999;eor
        850;20180721;-999;-999;-999;    3;   0.0;   0;-999;   0;   6.2;  11.7; 1005.36;   23.4;   41.63;   -999;   -999;-999;eor
        850;20180722;-999;-999;-999;    3;   0.0;   0;-999;   0;   4.5;  15.4; 1006.74;   23.8;   53.63;   -999;   -999;-999;eor
        850;20180723;-999;-999;-999;    3;   0.0;   0;-999;   0;   1.8;  14.7; 1010.37;   21.9;   59.38;   -999;   -999;-999;eor
        850;20180724;-999;-999;-999;    3;   0.0;   0;-999;   0;   1.1;  15.9; 1008.93;   25.6;   52.00;   -999;   -999;-999;eor
        850;20180725;-999;-999;-999;    3;   0.0;   0;-999;   0;   3.6;  16.7; 1009.04;   27.6;   47.58;   -999;   -999;-999;eor
        850;20180726;-999;-999;-999;    3;   0.0;   4;-999;   0;   3.1;  16.6; 1010.35;   28.0;   46.17;   -999;   -999;-999;eor
        850;20180727;-999;-999;-999;    3;   0.0;   0;-999;   0;   2.2;  16.6; 1008.10;   27.3;   47.33;   -999;   -999;-999;eor
        850;20180728;-999;-999;-999;    3;   9.5;   4;-999;   0;   5.0;  19.2; 1003.17;   23.7;   69.54;   -999;   -999;-999;eor
        850;20180729;-999;-999;-999;    3;   0.0;   0;-999;   0;   4.5;  16.1; 1008.48;   22.4;   62.92;   -999;   -999;-999;eor
        850;20180730;-999;-999;-999;    3;   0.0;   0;-999;   0;   4.0;  16.2; 1008.95;   26.8;   48.13;   -999;   -999;-999;eor
        850;20180731;-999;-999;-999;    3;   0.0;   0;-999;   0;   4.3;  16.7; 1009.46;   27.2;   46.04;   -999;   -999;-999;eor
        850;20180801;-999;-999;-999;    3;   0.6;   4;-999;   0;   5.2;  15.6; 1014.69;   24.3;   53.04;   -999;   -999;-999;eor
        850;20180802;-999;-999;-999;    3;   0.0;   0;-999;   0;   4.0;  16.5; 1016.42;   24.8;   54.67;   -999;   -999;-999;eor
        850;20180803;-999;-999;-999;    3;   0.0;   0;-999;   0;   0.8;  16.1; 1014.92;   26.6;   49.04;   -999;   -999;-999;eor
        850;20180804;-999;-999;-999;    3;   0.0;   0;-999;   0;   4.5;  16.7; 1012.14;   25.0;   54.92;   -999;   -999;-999;eor
        850;20180805;-999;-999;-999;    3;   0.0;   0;-999;   0;   4.9;  14.2; 1015.05;   20.6;   61.17;   -999;   -999;-999;eor
        850;20180806;-999;-999;-999;    3;   0.0;   0;-999;   0;   2.0;  11.9; 1011.27;   21.9;   50.46;   -999;   -999;-999;eor
        850;20180807;-999;-999;-999;    3;   0.0;   0;-999;   0;   1.3;  12.1; 1004.05;   27.4;   36.00;   -999;   -999;-999;eor
        850;20180808;-999;-999;-999;    3;   0.0;   4;-999;   0;   5.9;  16.5; 1004.35;   26.7;   48.00;   -999;   -999;-999;eor
        850;20180809;-999;-999;-999;    3;  14.1;   4;-999;   0;   4.5;  18.1; 1006.36;   22.8;   67.63;   -999;   -999;-999;eor
        850;20180810;-999;-999;-999;    3;   1.1;   4;-999;   0;   3.6;  11.3; 1012.71;   19.6;   51.33;   -999;   -999;-999;eor
        850;20180811;-999;-999;-999;    3;   0.3;   4;-999;   0;  -999;  11.7; 1013.80;   15.8;   66.04;   -999;   -999;-999;eor
        850;20180812;-999;-999;-999;    3;   0.0;   0;-999;   0;   6.7;  -999;    -999;   18.1;-999;   -999;   -999;-999;eor
        850;20180813;-999;-999;-999;    3;   4.1;   4;-999;   0;   5.6;  14.3; 1001.12;   19.5;   64.04;   -999;   -999;-999;eor
        850;20180814;-999;-999;-999;    3;   2.0;   4;-999;   0;   5.6;  16.8; 1004.95;   18.3;   81.04;   -999;   -999;-999;eor
        850;20180815;-999;-999;-999;    3;   0.0;   0;-999;   0;   6.6;  15.1; 1012.05;   19.1;   69.71;   -999;   -999;-999;eor
        850;20180816;-999;-999;-999;    3;   0.0;   0;-999;   0;   2.8;  14.8; 1009.77;   21.7;   60.42;   -999;   -999;-999;eor
        850;20180817;-999;-999;-999;    3;   0.0;   0;-999;   0;   3.8;  15.9; 1010.80;   20.0;   69.71;   -999;   -999;-999;eor
        850;20180818;-999;-999;-999;    3;   0.0;   0;-999;   0;  -999;  12.1; 1014.91;   18.8;   60.29;   -999;   -999;-999;eor
        850;20180819;-999;-999;-999;    3;   0.0;   0;-999;   0;   2.7;  13.6; 1013.17;   20.7;   59.04;   -999;   -999;-999;eor
        850;20180820;-999;-999;-999;    3;   0.1;   4;-999;   0;   6.8;  17.3; 1011.76;   20.1;   73.38;   -999;   -999;-999;eor
        850;20180821;-999;-999;-999;    3;   0.0;   0;-999;   0;   4.0;  13.4; 1014.96;   20.5;   57.21;   -999;   -999;-999;eor
        850;20180822;-999;-999;-999;    3;   0.0;   0;-999;   0;   2.8;  12.0; 1011.21;   22.2;   47.54;   -999;   -999;-999;eor
        850;20180823;-999;-999;-999;    3;   0.0;   0;-999;   0;   2.2;  15.8; 1005.17;   22.1;   61.21;   -999;   -999;-999;eor
        850;20180824;-999;-999;-999;    3;   1.3;   4;-999;   0;   6.3;  12.3; 1003.42;   18.1;   60.25;   -999;   -999;-999;eor
        850;20180825;-999;-999;-999;    3;   1.0;   4;-999;   0;   4.6;  10.3; 1003.32;   13.7;   66.79;   -999;   -999;-999;eor
        850;20180826;-999;-999;-999;    3;   0.4;   4;-999;   0;   3.6;   8.8; 1008.54;   14.4;   57.00;   -999;   -999;-999;eor
        850;20180827;-999;-999;-999;    3;   2.1;   4;-999;   0;   6.9;  13.6; 1005.05;   15.9;   74.83;   -999;   -999;-999;eor
        850;20180828;-999;-999;-999;    3;   0.0;   0;-999;   0;   4.9;  12.7; 1012.85;   17.5;   65.29;   -999;   -999;-999;eor
        850;20180829;-999;-999;-999;    3;   3.0;   4;-999;   0;   4.1;  12.3; 1007.46;   20.2;   55.13;   -999;   -999;-999;eor
        850;20180830;-999;-999;-999;    3;   0.0;   4;-999;   0;   6.2;  14.9; 1010.02;   16.7;   79.25;   -999;   -999;-999;eor
        850;20180831;-999;-999;-999;    3;   0.0;   0;-999;   0;   5.5;  11.0; 1015.79;   13.7;   72.13;   -999;   -999;-999;eor
        850;20180901;-999;-999;-999;    3;   0.0;   0;-999;   0;   3.3;  11.5; 1019.42;   14.9;   70.08;   -999;   -999;-999;eor
        850;20180902;-999;-999;-999;    3;   0.0;   0;-999;   0;   4.2;  12.2; 1019.14;   17.1;   64.92;   -999;   -999;-999;eor
        850;20180903;-999;-999;-999;    3;   0.0;   0;-999;   0;   3.8;  15.6; 1011.73;   22.3;   60.38;   -999;   -999;-999;eor
        850;20180904;-999;-999;-999;    3;   0.0;   0;-999;   0;   3.7;  15.6; 1010.84;   20.7;   65.83;   -999;   -999;-999;eor
        850;20180905;-999;-999;-999;    3;   0.0;   0;-999;   0;   2.9;  13.0; 1011.95;   18.2;   65.63;   -999;   -999;-999;eor
        850;20180906;-999;-999;-999;    3;   9.3;   4;-999;   0;   4.4;  15.4; 1006.12;   18.8;   74.13;   -999;   -999;-999;eor
        850;20180907;-999;-999;-999;    3;   0.0;   0;-999;   0;   5.0;  13.9; 1006.17;   16.5;   74.08;   -999;   -999;-999;eor
        850;20180908;-999;-999;-999;    3;   0.0;   0;-999;   0;  -999;  10.0; 1012.59;   15.6;   56.67;   -999;   -999;-999;eor
        850;20180909;-999;-999;-999;    3;   0.0;   0;-999;   0;   3.3;  11.3; 1014.27;   17.5;   58.88;   -999;   -999;-999;eor
        850;20180910;-999;-999;-999;    3;   0.0;   0;-999;   0;   6.8;  12.7; 1014.27;   17.6;   63.88;   -999;   -999;-999;eor
        850;20180911;-999;-999;-999;    3;   0.0;   0;-999;   0;   6.8;  13.6; 1013.25;   20.5;   57.96;   -999;   -999;-999;eor
        850;20180912;-999;-999;-999;    3;   0.2;   4;-999;   0;   7.0;  14.5; 1013.75;   17.0;   75.67;   -999;   -999;-999;eor
        850;20180913;-999;-999;-999;    3;   0.2;   4;-999;   0;   6.6;  12.5; 1015.36;   12.8;   85.04;   -999;   -999;-999;eor
        850;20180914;-999;-999;-999;    3;   0.0;   4;-999;   0;   4.0;  10.5; 1014.01;   12.7;   74.13;   -999;   -999;-999;eor
        850;20180915;-999;-999;-999;    3;   0.0;   0;-999;   0;  -999;  11.3; 1015.69;   14.8;   68.13;   -999;   -999;-999;eor
        850;20180916;-999;-999;-999;    3;   0.0;   0;-999;   0;   5.7;  10.7; 1016.31;   15.3;   65.21;   -999;   -999;-999;eor
        850;20180917;-999;-999;-999;    3;   0.0;   0;-999;   0;   6.3;  10.9; 1012.43;   16.7;   61.88;   -999;   -999;-999;eor
        850;20180918;-999;-999;-999;    3;   0.0;   0;-999;   0;   3.0;  11.9; 1007.37;   21.0;   52.21;   -999;   -999;-999;eor
        850;20180919;-999;-999;-999;    3;   0.0;   0;-999;   0;   4.7;  14.1; 1010.44;   20.9;   58.96;   -999;   -999;-999;eor
        850;20180920;-999;-999;-999;    3;   0.0;   0;-999;   0;   5.7;  13.3; 1009.11;   20.7;   55.67;   -999;   -999;-999;eor
        850;20180921;-999;-999;-999;    3;   3.8;   4;-999;   0;   6.3;  12.2; 1000.93;   17.1;   63.17;   -999;   -999;-999;eor
        850;20180922;-999;-999;-999;    3;   7.5;   4;-999;   0;   6.3;  10.6; 1010.37;   11.8;   78.00;   -999;   -999;-999;eor
        850;20180923;-999;-999;-999;    3;  14.2;   4;-999;   0;   7.5;  11.0; 1007.18;    9.7;   91.67;   -999;   -999;-999;eor
        850;20180924;-999;-999;-999;    3;   8.6;   4;-999;   0;   4.5;   9.4; 1021.56;    8.1;   87.21;   -999;   -999;-999;eor
        850;20180925;-999;-999;-999;    3;   0.0;   0;-999;   0;   4.0;   8.7; 1031.03;    8.5;   79.63;   -999;   -999;-999;eor
        850;20180926;-999;-999;-999;    3;   0.0;   0;-999;   0;   6.6;   8.1; 1025.62;   12.1;   59.92;   -999;   -999;-999;eor
        850;20180927;-999;-999;-999;    3;   0.0;   4;-999;   0;   3.0;  11.0; 1019.03;   16.3;   60.29;   -999;   -999;-999;eor
        850;20180928;-999;-999;-999;    3;   0.0;   4;-999;   0;   4.0;   8.5; 1018.37;   11.4;   64.75;   -999;   -999;-999;eor
        850;20180929;-999;-999;-999;    3;   0.0;   0;-999;   0;   2.0;   7.7; 1021.76;    7.6;   76.21;   -999;   -999;-999;eor
        850;20180930;-999;-999;-999;    3;   0.0;   0;-999;   0;   2.9;   7.1; 1010.74;    8.7;   67.42;   -999;   -999;-999;eor
        850;20181001;-999;-999;-999;    3;   0.1;   4;-999;   0;   5.3;   8.8; 1008.48;    8.7;   78.29;   -999;   -999;-999;eor
        850;20181002;-999;-999;-999;    3;   5.6;   4;-999;   0;   6.5;   9.9; 1008.13;    8.1;   90.04;   -999;   -999;-999;eor
        850;20181003;-999;-999;-999;    3;   1.8;   4;-999;   0;   4.8;   9.7; 1014.04;   10.4;   77.29;   -999;   -999;-999;eor
        850;20181004;-999;-999;-999;    3;   0.0;   0;-999;   0;  -999;  11.4; 1018.92;   11.7;   81.79;   -999;   -999;-999;eor
        850;20181005;-999;-999;-999;    3;   0.0;   0;-999;   0;   3.7;  11.0; 1013.23;   13.3;   74.92;   -999;   -999;-999;eor
        850;20181006;-999;-999;-999;    3;   0.2;   4;-999;   0;  -999;  12.0; 1003.43;   14.0;   77.08;   -999;   -999;-999;eor
        850;20181007;-999;-999;-999;    3;   0.0;   0;-999;   0;   6.3;   9.4; 1011.88;   10.5;   75.08;   -999;   -999;-999;eor
        850;20181008;-999;-999;-999;    3;   0.0;   0;-999;   0;   6.6;   8.4; 1015.88;    7.7;   80.92;   -999;   -999;-999;eor
        850;20181009;-999;-999;-999;    3;   0.0;   0;-999;   0;   6.4;  10.3; 1015.76;   10.8;   79.92;   -999;   -999;-999;eor
        850;20181010;-999;-999;-999;    3;   0.0;   0;-999;   0;   3.5;  12.2; 1014.07;   14.8;   73.71;   -999;   -999;-999;eor
        850;20181011;-999;-999;-999;    3;   0.0;   0;-999;   0;   0.5;  11.9; 1008.97;   16.1;   66.71;   -999;   -999;-999;eor
        850;20181012;-999;-999;-999;    3;   0.0;   0;-999;   0;   3.3;  12.2; 1013.95;   17.3;   63.54;   -999;   -999;-999;eor
        850;20181013;-999;-999;-999;    3;   0.0;   0;-999;   0;  -999;  12.6; 1014.37;   18.6;   62.91;   -999;   -999;-999;eor
        850;20181014;-999;-999;-999;    3;   0.0;   0;-999;   0;   0.3;  11.1; 1006.85;   16.4;   62.08;   -999;   -999;-999;eor
        850;20181015;-999;-999;-999;    3;   0.0;   0;-999;   0;   0.8;  11.2; 1007.50;   15.6;   66.83;   -999;   -999;-999;eor
        850;20181016;-999;-999;-999;    3;   0.0;   0;-999;   0;   4.3;  13.0; 1012.18;   14.5;   78.83;   -999;   -999;-999;eor
        850;20181017;-999;-999;-999;    3;   0.0;   0;-999;   0;   4.9;  13.0; 1013.00;   15.0;   79.21;   -999;   -999;-999;eor
        850;20181018;-999;-999;-999;    3;   0.0;   4;-999;   0;   6.4;  12.5; 1016.75;   12.7;   85.75;   -999;   -999;-999;eor
        850;20181019;-999;-999;-999;    3;   0.0;   0;-999;   0;   3.4;   8.4; 1019.84;    7.7;   81.29;   -999;   -999;-999;eor
        850;20181020;-999;-999;-999;    3;   0.0;   0;-999;   0;   6.4;   8.6; 1022.92;    8.3;   76.38;   -999;   -999;-999;eor
        850;20181021;-999;-999;-999;    3;   0.0;   4;-999;-999;  -999;  10.2; 1021.95;   10.2;   82.83;   -999;   -999;-999;eor
        850;20181022;-999;-999;-999;    3;   1.1;   4;-999;   0;   4.3;   9.1; 1022.39;    8.9;   80.08;   -999;   -999;-999;eor
        850;20181023;-999;-999;-999;    3;   6.2;   4;-999;   0;   7.1;  10.3; 1011.24;    9.5;   84.63;   -999;   -999;-999;eor
        850;20181024;-999;-999;-999;    3;   2.6;   4;-999;   0;   7.3;  11.5; 1011.15;   11.2;   87.08;   -999;   -999;-999;eor
        850;20181025;-999;-999;-999;    3;   0.2;   4;-999;   0;   5.7;  11.5; 1008.12;   11.2;   86.46;   -999;   -999;-999;eor
        850;20181026;-999;-999;-999;    3;   0.9;   4;-999;   0;   7.4;  10.3;  999.57;    9.6;   86.17;   -999;   -999;-999;eor
        850;20181027;-999;-999;-999;    3;   0.0;   4;-999;   0;   5.5;   7.4; 1000.81;    6.3;   77.96;   -999;   -999;-999;eor
        850;20181028;-999;-999;-999;    3;   0.0;   4;-999;   0;   6.3;   6.6; 1009.89;    3.1;   85.75;   -999;   -999;-999;eor
        850;20181029;-999;-999;-999;    3;   0.0;   4;-999;   0;   7.8;   7.2; 1000.39;    4.6;   84.92;   -999;   -999;-999;eor
        850;20181030;-999;-999;-999;    3;   1.5;   4;-999;   0;   7.7;   8.4;  986.34;    6.8;   85.46;   -999;   -999;-999;eor
        850;20181031;-999;-999;-999;    3;   0.0;   0;-999;   0;   6.3;   7.8; 1007.66;    9.4;   66.13;   -999;   -999;-999;eor
        850;20181101;-999;-999;-999;    3;   0.0;   0;-999;   0;   5.8;   8.3; 1006.15;    7.6;   79.17;   -999;   -999;-999;eor
        850;20181102;-999;-999;-999;    3;   0.0;   4;-999;   0;   5.8;   9.4; 1014.35;    8.3;   86.29;   -999;   -999;-999;eor
        850;20181103;-999;-999;-999;    3;   0.0;   0;-999;   0;   2.8;   7.1; 1022.48;    4.4;   86.96;   -999;   -999;-999;eor
        850;20181104;-999;-999;-999;    3;   0.0;   0;-999;   0;   6.6;   9.5; 1012.87;    7.4;   90.25;   -999;   -999;-999;eor
        850;20181105;-999;-999;-999;    3;   0.0;   0;-999;   0;   7.6;  11.2; 1004.75;   10.1;   91.29;   -999;   -999;-999;eor
        850;20181106;-999;-999;-999;    3;   0.0;   0;-999;   0;   5.3;  10.4; 1002.69;    8.4;   92.88;   -999;   -999;-999;eor
        850;20181107;-999;-999;-999;    3;   0.0;   0;-999;   0;   3.8;   9.8; 1004.48;    9.5;   83.71;   -999;   -999;-999;eor
        850;20181108;-999;-999;-999;    3;   0.6;   4;-999;   0;   5.8;   9.8; 1013.72;    9.2;   85.29;   -999;   -999;-999;eor
        850;20181109;-999;-999;-999;    3;   0.2;   4;-999;   0;   6.7;  10.6; 1009.37;    9.0;   91.42;   -999;   -999;-999;eor
        850;20181110;-999;-999;-999;    3;   4.3;   4;-999;   0;   7.0;  10.7; 1001.10;   10.4;   84.33;   -999;   -999;-999;eor
        850;20181111;-999;-999;-999;    3;   1.7;   4;-999;   0;   6.5;  11.3; 1002.50;   12.4;   78.29;   -999;   -999;-999;eor
        850;20181112;-999;-999;-999;    3;   2.1;   4;-999;   0;   6.8;  12.2; 1008.41;   12.1;   86.88;   -999;   -999;-999;eor
        850;20181113;-999;-999;-999;    3;   0.9;   4;-999;   0;   5.5;  10.6; 1015.59;   10.3;   84.08;   -999;   -999;-999;eor
        850;20181114;-999;-999;-999;    3;   0.0;   0;-999;   0;   4.9;   9.4; 1022.32;    8.5;   85.04;   -999;   -999;-999;eor
        850;20181115;-999;-999;-999;    3;   0.0;   0;-999;   0;   3.9;   7.5; 1021.80;    3.4;   97.13;   -999;   -999;-999;eor
        850;20181116;-999;-999;-999;    3;   0.0;   0;-999;   0;   0.6;   7.1; 1025.66;    4.4;   85.21;   -999;   -999;-999;eor
        850;20181117;-999;-999;-999;    3;   0.0;   0;-999;-999;  -999;   5.9; 1029.50;    2.3;   81.75;   -999;   -999;-999;eor
        850;20181118;-999;-999;-999;    3;   0.0;   4;-999;   0;   4.2;   5.6; 1025.42;    1.9;   78.79;   -999;   -999;-999;eor
        850;20181119;-999;-999;-999;    3;   0.1;   4;-999;   0;   7.1;   6.8; 1016.56;    4.9;   79.04;   -999;   -999;-999;eor
        850;20181120;-999;-999;-999;    3;   0.2;   4;-999;   0;   7.8;   5.7; 1010.18;    2.5;   78.50;   -999;   -999;-999;eor
        850;20181121;-999;-999;-999;    3;   0.0;   4;-999;   0;   7.9;   5.5; 1014.19;    1.7;   79.38;   -999;   -999;-999;eor
        850;20181122;-999;-999;-999;    3;   0.0;   4;-999;   0;   8.0;   6.0; 1016.65;    1.4;   88.33;   -999;   -999;-999;eor
        850;20181123;-999;-999;-999;    3;   0.0;   0;-999;   0;   8.0;   6.7; 1013.85;    2.9;   88.29;   -999;   -999;-999;eor
        850;20181124;-999;-999;-999;    3;   1.1;   4;-999;-999;  -999;   6.4; 1007.55;    1.1;   96.79;   -999;   -999;-999;eor
        850;20181125;-999;-999;-999;    3;   0.4;   4;-999;   0;   8.0;   7.4; 1006.12;    3.2;   95.63;   -999;   -999;-999;eor
        850;20181126;-999;-999;-999;    3;   0.0;   0;-999;   0;   7.0;   6.6; 1008.43;    3.0;   86.58;   -999;   -999;-999;eor
        850;20181127;-999;-999;-999;    3;   0.0;   0;-999;   0;   6.6;   5.1; 1015.82;   -0.7;   87.46;   -999;   -999;-999;eor
        850;20181128;-999;-999;-999;    3;   0.2;   4;-999;   0;   4.8;   4.6; 1017.71;   -1.0;   80.79;   -999;   -999;-999;eor
        850;20181129;-999;-999;-999;    3;   2.4;   4;-999;   0;   7.9;   6.9; 1009.79;    4.6;   79.67;   -999;   -999;-999;eor
        850;20181130;-999;-999;-999;    3;   0.1;   4;-999;   0;   7.3;   7.2; 1005.68;    6.5;   74.21;   -999;   -999;-999;eor
        850;20181201;-999;-999;-999;    3;   0.0;   0;-999;   0;   6.2;   8.3; 1005.61;    7.2;   81.75;   -999;   -999;-999;eor
        850;20181202;-999;-999;-999;    3;   6.4;   4;-999;-999;  -999;  10.6;  993.86;    9.7;   87.00;   -999;   -999;-999;eor
        850;20181203;-999;-999;-999;    3;   4.5;   4;-999;   0;   6.7;  11.6;  992.43;   11.5;   85.58;   -999;   -999;-999;eor
        850;20181204;-999;-999;-999;    3;   0.0;   0;-999;   0;   2.5;   7.3; 1009.95;    5.7;   80.17;   -999;   -999;-999;eor
        850;20181205;-999;-999;-999;    3;   1.4;   4;-999;   0;   5.5;   5.9; 1017.97;    1.7;   85.58;   -999;   -999;-999;eor
        850;20181206;-999;-999;-999;    3;   0.9;   4;-999;   0;   7.8;   9.6; 1008.07;    7.3;   91.50;   -999;   -999;-999;eor
        850;20181207;-999;-999;-999;    3;   5.1;   4;-999;   0;   8.0;  11.6;  997.47;   10.9;   89.08;   -999;   -999;-999;eor
        850;20181208;-999;-999;-999;    3;   6.7;   4;-999;   0;   7.0;   8.2;  991.84;    7.5;   78.42;   -999;   -999;-999;eor
        850;20181209;-999;-999;-999;    3;   5.2;   4;-999;   0;   6.8;   8.5;  988.68;    7.0;   85.17;   -999;   -999;-999;eor
        850;20181210;-999;-999;-999;    3;   5.7;   4;-999;   0;   6.0;   6.9; 1006.57;    4.3;   83.50;   -999;   -999;-999;eor
        850;20181211;-999;-999;-999;    3;   0.0;   4;-999;   0;   4.6;   6.7; 1012.49;    4.1;   82.46;   -999;   -999;-999;eor
        850;20181212;-999;-999;-999;    3;   0.0;   4;-999;   0;   6.4;   6.6; 1019.22;    2.6;   88.63;   -999;   -999;-999;eor
        850;20181213;-999;-999;-999;    3;   0.1;   4;-999;   0;   6.5;   6.0; 1017.99;    1.7;   87.71;   -999;   -999;-999;eor
        850;20181214;-999;-999;-999;    3;   0.0;   0;-999;   0;   7.3;   5.3; 1019.37;    0.7;   83.25;   -999;   -999;-999;eor
        850;20181215;-999;-999;-999;    3;   0.0;   0;-999;   0;   7.8;   4.7; 1020.27;   -0.2;   78.29;   -999;   -999;-999;eor
        850;20181216;-999;-999;-999;    3;   0.0;   4;-999;   0;   6.5;   4.7; 1008.03;   -0.8;   82.17;   -999;   -999;-999;eor
        850;20181217;-999;-999;-999;    3;   0.2;   4;-999;   0;   7.7;   6.8; 1012.55;    2.8;   89.96;   -999;   -999;-999;eor
        850;20181218;-999;-999;-999;    3;   0.0;   0;-999;   0;   6.6;   7.3; 1016.36;    4.4;   87.42;   -999;   -999;-999;eor
        850;20181219;-999;-999;-999;    3;   0.7;   4;-999;   0;   6.9;   6.7; 1007.72;    3.3;   85.50;   -999;   -999;-999;eor
        850;20181220;-999;-999;-999;    3;   4.0;   4;-999;   0;   7.2;   8.3; 1006.17;    5.5;   91.42;   -999;   -999;-999;eor
        850;20181221;-999;-999;-999;    3;   9.9;   4;-999;   0;  -999;   9.6;  996.58;    7.8;   90.25;   -999;   -999;-999;eor
        850;20181222;-999;-999;-999;    3;   5.2;   4;-999;-999;  -999;   9.2; 1002.77;    7.3;   90.67;   -999;   -999;-999;eor
        850;20181223;-999;-999;-999;    3;   9.2;   4;-999;-999;  -999;   9.1; 1009.58;    6.7;   92.74;   -999;   -999;-999;eor
        850;20181224;-999;-999;-999;    3;   0.5;   4;-999;-999;  -999;   6.9; 1019.73;    3.1;   90.54;   -999;   -999;-999;eor
        850;20181225;-999;-999;-999;    3;   0.0;   0;-999;-999;  -999;   7.0; 1024.68;    5.0;   80.63;   -999;   -999;-999;eor
        850;20181226;-999;-999;-999;    3;   0.0;   0;-999;-999;  -999;   7.8; 1022.79;    4.3;   94.33;   -999;   -999;-999;eor
        850;20181227;-999;-999;-999;    3;   0.0;   0;-999;-999;  -999;   7.1; 1019.44;    4.1;   87.29;   -999;   -999;-999;eor
        850;20181228;-999;-999;-999;    3;   1.2;   4;-999;-999;  -999;   8.2; 1020.40;    5.1;   93.63;   -999;   -999;-999;eor
        850;20181229;-999;-999;-999;    3;   9.2;   4;-999;-999;  -999;   8.8; 1018.63;    6.0;   93.79;   -999;   -999;-999;eor
        850;20181230;-999;-999;-999;    3;   0.0;   0;-999;-999;  -999;   8.6; 1020.64;    7.2;   85.04;   -999;   -999;-999;eor
        850;20181231;-999;-999;-999;    3;   0.4;   4;-999;-999;  -999;  10.0; 1023.99;    7.7;   94.58;   -999;   -999;-999;eor
        850;20190101;-999;-999;-999;    3;   1.7;   4;-999;-999;  -999;   8.1; 1015.34;    6.3;   84.42;   -999;   -999;-999;eor
        850;20190102;-999;-999;-999;    3;   0.0;   0;-999;   0;   1.4;   4.9; 1023.50;    2.7;   66.92;   -999;   -999;-999;eor
        850;20190103;-999;-999;-999;    3;   0.0;   0;-999;   0;   2.8;   5.0; 1029.54;   -1.3;   89.71;   -999;   -999;-999;eor
        850;20190104;-999;-999;-999;    3;   3.0;   4;-999;   0;   7.6;   7.1; 1024.43;    2.3;   95.92;   -999;   -999;-999;eor
        850;20190105;-999;-999;-999;    3;   0.7;   4;-999;   0;  -999;   9.6; 1017.33;    7.1;   94.83;   -999;   -999;-999;eor
        850;20190106;-999;-999;-999;    3;   0.5;   4;-999;   0;   7.3;   9.0; 1022.37;    6.1;   95.17;   -999;   -999;-999;eor
        850;20190107;-999;-999;-999;    3;   9.7;   4;-999;   0;   7.8;   8.7; 1019.32;    5.8;   94.54;   -999;   -999;-999;eor
        850;20190108;-999;-999;-999;    3;   8.6;   4;-999;   0;   7.5;   8.0;  999.24;    5.5;   88.79;   -999;   -999;-999;eor
        850;20190109;-999;-999;-999;    3;   0.1;   4;-999;   0;   7.3;   5.5; 1007.26;    2.6;   74.63;   -999;   -999;-999;eor
        850;20190110;-999;-999;-999;    3;   0.9;   4;-999;   0;   7.0;   5.1; 1018.15;    0.8;   79.54;   -999;   -999;-999;eor
        850;20190111;-999;-999;-999;    3;   0.7;   4;-999;   0;   7.5;   7.7; 1012.54;    4.0;   92.83;   -999;   -999;-999;eor
        850;20190112;-999;-999;-999;    3;   6.0;   4;-999;   0;   7.2;   8.4; 1005.80;    5.8;   90.58;   -999;   -999;-999;eor
        850;20190113;-999;-999;-999;    3;  15.1;   4;-999;   0;   7.2;   9.2;  992.25;    6.9;   92.33;   -999;   -999;-999;eor
        850;20190114;-999;-999;-999;    3;   0.4;   4;-999;   0;   4.9;   5.8; 1000.48;    2.8;   78.04;   -999;   -999;-999;eor
        850;20190115;-999;-999;-999;    3;   2.1;   4;-999;   0;   6.5;   7.4; 1005.97;    4.5;   85.96;   -999;   -999;-999;eor
        850;20190116;-999;-999;-999;    3;   1.2;   4;-999;   0;   7.5;   7.7; 1000.00;    6.2;   80.92;   -999;   -999;-999;eor
        850;20190117;-999;-999;-999;    3;   2.0;   4;-999;   0;   7.1;   6.8;  993.95;    4.0;   84.54;   -999;   -999;-999;eor
        850;20190118;-999;-999;-999;    3;   0.0;   0;-999;   0;   4.0;   5.2; 1010.82;    0.2;   83.67;   -999;   -999;-999;eor
        850;20190119;-999;-999;-999;    3;   0.0;   0;-999;   0;   6.2;   4.7; 1012.87;   -1.4;   85.63;   -999;   -999;-999;eor
        850;20190120;-999;-999;-999;    3;   0.0;   0;-999;   0;   2.6;   4.1; 1013.26;   -4.3;   92.96;   -999;   -999;-999;eor
        850;20190121;-999;-999;-999;    3;   0.0;   4;-999;   0;   5.8;   4.0; 1014.91;   -3.5;   84.17;   -999;   -999;-999;eor
        850;20190122;-999;-999;-999;    3;   0.0;   0;-999;   0;   6.7;   3.8; 1003.25;   -2.0;   71.67;   -999;   -999;-999;eor
        850;20190123;-999;-999;-999;    3;   0.0;   0;-999;   0;   5.9;   3.3;  997.27;   -5.4;   81.88;   -999;   -999;-999;eor
        850;20190124;-999;-999;-999;    3;   0.0;   4;-999;   0;   7.0;   3.3; 1005.65;   -4.0;   73.63;   -999;   -999;-999;eor
        850;20190125;-999;-999;-999;    3;   2.4;   4;-999;   0;   8.0;   3.9; 1007.00;   -3.3;   80.46;   -999;   -999;-999;eor
        850;20190126;-999;-999;-999;    3;  11.6;   4;-999;   0;  -999;   7.9;  995.16;    3.9;   96.96;   -999;   -999;-999;eor
        850;20190127;-999;-999;-999;    3;   0.7;   4;-999;-999;  -999;   7.8;  980.84;    5.1;   88.83;   -999;   -999;-999;eor
        850;20190128;-999;-999;-999;    3;   0.5;   4;-999;   0;   7.2;   6.5;  984.84;    2.6;   88.17;   -999;   -999;-999;eor
        850;20190129;-999;-999;-999;    3;   0.0;   0;-999;   0;   6.1;   5.7;  996.89;    0.4;   91.13;   -999;   -999;-999;eor
        850;20190130;-999;-999;-999;    3;   0.2;   4;-999;   0;   7.2;   4.9;  990.42;   -0.5;   82.46;   -999;   -999;-999;eor
        850;20190131;-999;-999;-999;    3;   0.2;   4;-999;   0;   3.6;   4.9;  991.66;    0.7;   76.71;   -999;   -999;-999;eor
        850;20190201;-999;-999;-999;    3;   0.0;   0;-999;   0;   6.0;   5.0;  987.74;   -0.9;   86.67;   -999;   -999;-999;eor
        850;20190202;-999;-999;-999;    3;   1.4;   4;-999;-999;  -999;   5.7;  992.82;   -0.1;   93.46;   -999;   -999;-999;eor
        850;20190203;-999;-999;-999;    3;   0.0;   0;-999;   0;   5.1;   5.7; 1010.13;    1.0;   87.46;   -999;   -999;-999;eor
        850;20190204;-999;-999;-999;    3;   0.2;   4;-999;   0;   5.3;   5.2; 1018.84;    1.5;   77.08;   -999;   -999;-999;eor
        850;20190205;-999;-999;-999;    3;   0.0;   4;-999;   0;   7.8;   6.5; 1019.58;    3.1;   85.08;   -999;   -999;-999;eor
        850;20190206;-999;-999;-999;    3;   0.0;   4;-999;   0;   7.0;   6.2; 1016.05;    4.3;   74.58;   -999;   -999;-999;eor
        850;20190207;-999;-999;-999;    3;   1.4;   4;-999;   0;   6.3;   6.3; 1003.78;    5.4;   69.17;   -999;   -999;-999;eor
        850;20190208;-999;-999;-999;    3;   0.0;   4;-999;   0;   7.1;   7.5; 1003.43;    6.9;   75.08;   -999;   -999;-999;eor
        850;20190209;-999;-999;-999;    3;   2.8;   4;-999;   0;   5.9;   7.4;  995.93;    8.3;   67.63;   -999;   -999;-999;eor
        850;20190210;-999;-999;-999;    3;   8.9;   4;-999;   0;   7.2;   8.2;  988.31;    6.8;   82.79;   -999;   -999;-999;eor
        850;20190211;-999;-999;-999;    3;   1.2;   4;-999;   0;   5.8;   6.7; 1005.37;    4.8;   77.50;   -999;   -999;-999;eor
        850;20190212;-999;-999;-999;    3;   0.1;   4;-999;   0;   6.2;   6.4; 1023.39;    4.6;   75.42;   -999;   -999;-999;eor
        850;20190213;-999;-999;-999;    3;   0.0;   4;-999;   0;   8.0;   8.1; 1027.01;    6.4;   84.46;   -999;   -999;-999;eor
        850;20190214;-999;-999;-999;    3;   0.0;   0;-999;   0;   3.0;   6.2; 1028.88;    6.0;   69.46;   -999;   -999;-999;eor
        850;20190215;-999;-999;-999;    3;   0.0;   0;-999;   0;   0.8;   5.8; 1026.00;    4.4;   72.17;   -999;   -999;-999;eor
        850;20190216;-999;-999;-999;    3;   0.0;   0;-999;   0;   2.8;   5.7; 1019.17;    5.7;   67.33;   -999;   -999;-999;eor
        850;20190217;-999;-999;-999;    3;   0.0;   0;-999;   0;   5.2;   6.2; 1016.39;    4.9;   74.63;   -999;   -999;-999;eor
        850;20190218;-999;-999;-999;    3;   0.0;   0;-999;   0;   1.8;   6.2; 1011.56;    6.2;   67.58;   -999;   -999;-999;eor
        850;20190219;-999;-999;-999;    3;   0.5;   4;-999;   0;   6.8;   7.5; 1009.55;    7.8;   71.13;   -999;   -999;-999;eor
        850;20190220;-999;-999;-999;    3;   0.0;   4;-999;   0;   7.3;   7.4; 1015.18;    7.7;   70.71;   -999;   -999;-999;eor
        850;20190221;-999;-999;-999;    3;   0.7;   4;-999;   0;   7.5;   9.0; 1018.28;    8.7;   79.38;   -999;   -999;-999;eor
        850;20190222;-999;-999;-999;    3;   0.0;   0;-999;   0;   6.5;   7.9; 1030.48;    5.4;   86.38;   -999;   -999;-999;eor
        850;20190223;-999;-999;-999;    3;   0.0;   0;-999;   0;   6.0;   4.7; 1034.99;    1.8;   69.71;   -999;   -999;-999;eor
        850;20190224;-999;-999;-999;    3;   0.0;   0;-999;   0;   2.0;   4.8; 1032.32;    4.3;   62.13;   -999;   -999;-999;eor
        850;20190225;-999;-999;-999;    3;   0.0;   0;-999;   0;   2.9;   4.8; 1031.44;    5.0;   61.38;   -999;   -999;-999;eor
        850;20190226;-999;-999;-999;    3;   0.0;   0;-999;   0;   3.8;   4.7; 1027.89;    5.2;   59.54;   -999;   -999;-999;eor
        850;20190227;-999;-999;-999;    3;   0.0;   0;-999;   0;   1.3;   5.2; 1019.10;    6.2;   60.63;   -999;   -999;-999;eor
        850;20190228;-999;-999;-999;    3;   0.2;   4;-999;   0;   5.0;   7.6; 1007.21;    7.6;   73.67;   -999;   -999;-999;eor
        850;20190301;-999;-999;-999;    3;   0.5;   4;-999;   0;   7.6;   8.0; 1006.63;    6.1;   84.71;   -999;   -999;-999;eor
        850;20190302;-999;-999;-999;    3;   0.3;   4;-999;   0;  -999;   6.5; 1007.71;    6.0;   69.08;   -999;   -999;-999;eor
        850;20190303;-999;-999;-999;    3;   5.1;   4;-999;   0;   7.7;  10.3;  997.81;   10.3;   81.79;   -999;   -999;-999;eor
        850;20190304;-999;-999;-999;    3;   4.0;   4;-999;   0;   6.1;   8.2;  985.23;    9.4;   68.88;   -999;   -999;-999;eor
        850;20190305;-999;-999;-999;    3;   0.3;   4;-999;   0;   4.9;   6.9;  996.53;    5.9;   75.00;   -999;   -999;-999;eor
        850;20190306;-999;-999;-999;    3;   1.5;   4;-999;   0;   6.7;   7.9;  997.45;    7.4;   75.79;   -999;   -999;-999;eor
        850;20190307;-999;-999;-999;    3;   1.4;   4;-999;   0;   5.8;   8.2;  987.93;   10.4;   65.79;   -999;   -999;-999;eor
        850;20190308;-999;-999;-999;    3;   4.4;   4;-999;   0;   6.9;   7.0;  999.40;    7.5;   68.13;   -999;   -999;-999;eor
        850;20190309;-999;-999;-999;    3;   2.5;   4;-999;   0;   6.7;   7.7;  999.27;    7.5;   74.58;   -999;   -999;-999;eor
        850;20190310;-999;-999;-999;    3;  16.9;   4;-999;   0;   7.3;   6.9;  997.87;    4.2;   84.42;   -999;   -999;-999;eor
        850;20190311;-999;-999;-999;    3;   5.1;   4;-999;   0;   7.1;   6.7; 1005.62;    2.9;   88.88;   -999;   -999;-999;eor
        850;20190312;-999;-999;-999;    3;   0.1;   4;-999;   0;   7.3;   6.4; 1006.31;    6.0;   70.33;   -999;   -999;-999;eor
        850;20190313;-999;-999;-999;    3;   4.6;   4;-999;   0;   7.7;   7.1;  993.41;    6.3;   74.54;   -999;   -999;-999;eor
        850;20190314;-999;-999;-999;    3;   9.4;   4;-999;   0;   7.5;   8.3;  991.39;    6.0;   88.29;   -999;   -999;-999;eor
        850;20190315;-999;-999;-999;    3;   0.7;   4;-999;   0;   6.6;   7.9;  993.49;    8.0;   73.88;   -999;   -999;-999;eor
        850;20190316;-999;-999;-999;    3;   3.9;   4;-999;   0;   7.3;   8.0;  997.82;    7.5;   76.42;   -999;   -999;-999;eor
        850;20190317;-999;-999;-999;    3;   1.6;   4;-999;   0;  -999;   7.6;  993.68;    8.2;   70.38;   -999;   -999;-999;eor
        850;20190318;-999;-999;-999;    3;   2.4;   4;-999;   0;   5.7;   6.6; 1006.46;    5.3;   75.46;   -999;   -999;-999;eor
        850;20190319;-999;-999;-999;    3;   0.0;   0;-999;   0;   4.0;   6.2; 1020.20;    4.3;   76.96;   -999;   -999;-999;eor
        850;20190320;-999;-999;-999;    3;   0.0;   0;-999;   0;   5.3;   7.2; 1026.07;    6.4;   74.50;   -999;   -999;-999;eor
        850;20190321;-999;-999;-999;    3;   0.0;   0;-999;   0;   6.2;   9.9; 1027.38;   10.4;   78.52;   -999;   -999;-999;eor
        850;20190322;-999;-999;-999;    3;   0.0;   0;-999;   0;   3.9;   9.5; 1024.26;    9.6;   80.63;   -999;   -999;-999;eor
        850;20190323;-999;-999;-999;    3;   0.0;   4;-999;   0;   6.2;   9.1; 1022.11;    7.4;   89.17;   -999;   -999;-999;eor
        850;20190324;-999;-999;-999;    3;   2.5;   4;-999;   0;   5.2;   6.0; 1019.70;    5.0;   72.46;   -999;   -999;-999;eor
        850;20190325;-999;-999;-999;    3;   3.5;   4;-999;   0;   5.8;   7.4; 1011.87;    4.8;   86.08;   -999;   -999;-999;eor
        850;20190326;-999;-999;-999;    3;   0.4;   4;-999;   0;   6.7;   7.7; 1020.79;    5.7;   84.04;   -999;   -999;-999;eor
        850;20190327;-999;-999;-999;    3;   0.2;   4;-999;   0;   7.5;   8.6; 1024.89;    7.7;   82.00;   -999;   -999;-999;eor
        850;20190328;-999;-999;-999;    3;   0.0;   0;-999;   0;   6.9;   9.8; 1027.78;    9.8;   81.38;   -999;   -999;-999;eor
        850;20190329;-999;-999;-999;    3;   0.0;   0;-999;   0;   3.8;   9.5; 1024.54;   11.5;   72.71;   -999;   -999;-999;eor
        850;20190330;-999;-999;-999;    3;   0.0;   0;-999;   0;   2.2;   8.1; 1015.54;   11.2;   65.17;   -999;   -999;-999;eor
        850;20190331;-999;-999;-999;    3;   0.0;   0;-999;   0;   3.2;   6.5; 1018.13;    7.6;   64.50;   -999;   -999;-999;eor
        850;20190401;-999;-999;-999;    3;   0.0;   0;-999;   0;   0.2;   4.2; 1018.27;    5.9;   48.58;   -999;   -999;-999;eor
        850;20190402;-999;-999;-999;    3;   1.4;   4;-999;   0;   4.2;   6.8; 1003.40;    9.2;   56.83;   -999;   -999;-999;eor
        850;20190403;-999;-999;-999;    3;   5.7;   4;-999;   0;   6.6;  10.1;  996.29;   10.1;   82.71;   -999;   -999;-999;eor
        850;20190404;-999;-999;-999;    3;   0.0;   0;-999;   0;   7.4;   9.1;  994.27;    7.1;   89.88;   -999;   -999;-999;eor
        850;20190405;-999;-999;-999;    3;   0.0;   4;-999;   0;   7.9;   9.6;  999.56;    8.2;   88.79;   -999;   -999;-999;eor
        850;20190406;-999;-999;-999;    3;   0.0;   0;-999;   0;   3.9;   9.5; 1000.98;   11.8;   72.00;   -999;   -999;-999;eor
        850;20190407;-999;-999;-999;    3;   0.0;   0;-999;   0;   2.0;   7.3; 1001.60;   13.8;   49.83;   -999;   -999;-999;eor
        850;20190408;-999;-999;-999;    3;   0.0;   0;-999;   0;   2.2;   7.3; 1004.80;   11.4;   56.54;   -999;   -999;-999;eor
        850;20190409;-999;-999;-999;    3;   0.0;   0;-999;   0;   1.8;   5.8; 1009.14;    7.3;   58.75;   -999;   -999;-999;eor
        850;20190410;-999;-999;-999;    3;   0.0;   0;-999;   0;   1.8;   4.7; 1012.18;    5.6;   54.08;   -999;   -999;-999;eor
        850;20190411;-999;-999;-999;    3;   0.0;   0;-999;   0;   6.9;   4.7; 1018.42;    5.2;   54.00;   -999;   -999;-999;eor
        850;20190412;-999;-999;-999;    3;   0.2;   4;-999;   0;   7.4;   5.4; 1020.39;    3.4;   69.08;   -999;   -999;-999;eor
        850;20190413;-999;-999;-999;    3;   0.7;   4;-999;   0;   7.0;   5.8; 1018.78;    3.5;   74.96;   -999;   -999;-999;eor
        850;20190414;-999;-999;-999;    3;   0.7;   4;-999;   0;   6.8;   6.7; 1020.26;    3.7;   83.04;   -999;   -999;-999;eor
        850;20190415;-999;-999;-999;    3;   0.0;   0;-999;   0;   2.2;   5.7; 1020.71;    8.5;   53.75;   -999;   -999;-999;eor
        850;20190416;-999;-999;-999;    3;   0.0;   0;-999;   0;   0.2;   5.3; 1015.71;    9.5;   47.25;   -999;   -999;-999;eor
        850;20190417;-999;-999;-999;    3;   0.0;   0;-999;   0;   1.3;   5.2; 1019.35;   12.4;   37.21;   -999;   -999;-999;eor
        850;20190418;-999;-999;-999;    3;   0.0;   0;-999;   0;  -999;   6.2; 1022.98;   14.7;   40.08;   -999;   -999;-999;eor
        850;20190419;-999;-999;-999;    3;   0.0;   0;-999;-999;  -999;   6.9; 1025.22;   16.2;   39.13;   -999;   -999;-999;eor
        850;20190420;-999;-999;-999;    3;   0.0;   0;-999;-999;  -999;   5.1; 1024.18;   14.9;   34.33;   -999;   -999;-999;eor
        850;20190421;-999;-999;-999;    3;   0.0;   0;-999;-999;  -999;   6.0; 1016.25;   14.4;   41.54;   -999;   -999;-999;eor
        850;20190422;-999;-999;-999;    3;   0.0;   0;-999;-999;  -999;   6.0; 1008.38;   15.3;   36.67;   -999;   -999;-999;eor
        850;20190423;-999;-999;-999;    3;   0.0;   4;-999;   0;   2.0;   8.3;  999.50;   15.5;   47.96;-999;-999;-999;eor
        850;20190424;-999;-999;-999;    3;   1.3;   4;-999;   0;   4.5;  10.9;  997.00;   18.2;   55.13;   -999;   -999;-999;eor
        850;20190425;-999;-999;-999;    3;   0.0;   0;-999;   0;   4.2;   9.6; 1002.71;   16.9;   54.50;   -999;   -999;-999;eor
        850;20190426;-999;-999;-999;    3;   3.5;   4;-999;   0;   6.3;  11.1; 1004.96;   13.2;   75.04;   -999;   -999;-999;eor
        850;20190427;-999;-999;-999;    3;   4.6;   4;-999;   0;   6.0;  10.5; 1005.99;   10.6;   84.38;   -999;   -999;-999;eor
        850;20190428;-999;-999;-999;    3;   0.7;   4;-999;   0;   6.6;   9.2; 1012.15;    9.2;   80.42;   -999;   -999;-999;eor
        850;20190429;-999;-999;-999;    3;   3.1;   4;-999;   0;   5.9;  10.3; 1015.58;    8.4;   92.67;   -999;   -999;-999;eor
        850;20190430;-999;-999;-999;    3;   0.0;   4;-999;   0;   4.1;   9.5; 1014.15;   11.0;   73.83;   -999;   -999;-999;eor
        850;20190501;-999;-999;-999;    3;   0.0;   0;-999;   0;   4.5;   9.7; 1008.90;   11.5;   72.79;   -999;   -999;-999;eor
        850;20190502;-999;-999;-999;    3;   1.4;   4;-999;   0;   7.4;   9.7; 1001.80;    9.5;   81.79;   -999;   -999;-999;eor
        850;20190503;-999;-999;-999;    3;   0.1;   4;-999;   0;   6.1;   6.6; 1003.14;    7.7;   64.54;   -999;   -999;-999;eor
        850;20190504;-999;-999;-999;    3;   0.1;   4;-999;   0;   5.0;   6.3; 1002.33;    5.5;   72.21;   -999;   -999;-999;eor
        850;20190505;-999;-999;-999;    3;   0.0;   4;-999;   0;   2.5;   5.7; 1011.07;    5.4;   66.33;   -999;   -999;-999;eor
        850;20190506;-999;-999;-999;    3;   0.9;   4;-999;   0;   6.5;   7.1; 1012.09;    6.2;   75.29;   -999;   -999;-999;eor
        850;20190507;-999;-999;-999;    3;   0.0;   0;-999;   0;   4.1;   6.6; 1011.01;    8.0;   65.13;   -999;   -999;-999;eor
        850;20190508;-999;-999;-999;    3;   7.3;   4;-999;   0;   7.0;   9.2;  998.21;    9.4;   77.38;   -999;   -999;-999;eor
        850;20190509;-999;-999;-999;    3;   0.0;   4;-999;   0;   6.3;  10.5;  992.89;   13.0;   71.67;   -999;   -999;-999;eor
        850;20190510;-999;-999;-999;    3;   0.8;   4;-999;   0;   6.0;  10.2; 1001.75;   10.8;   78.92;   -999;   -999;-999;eor
        850;20190511;-999;-999;-999;    3;   0.0;   0;-999;   0;   6.7;   8.6; 1009.22;    9.0;   75.63;   -999;   -999;-999;eor
        850;20190512;-999;-999;-999;    3;   0.0;   0;-999;   0;   1.9;   6.2; 1024.56;    9.4;   57.04;   -999;   -999;-999;eor
        850;20190513;-999;-999;-999;    3;   0.0;   0;-999;   0;   1.0;   6.2; 1030.72;    9.4;   58.21;   -999;   -999;-999;eor
        850;20190514;-999;-999;-999;    3;   0.0;   0;-999;   0;   2.5;   6.0; 1027.00;    9.9;   54.13;   -999;   -999;-999;eor
        850;20190515;-999;-999;-999;    3;   0.0;   4;-999;   0;   4.3;   5.4; 1020.81;   10.3;   45.83;   -999;   -999;-999;eor
        850;20190516;-999;-999;-999;    3;  10.6;   4;-999;   0;   7.7;   9.6; 1011.68;    8.9;   83.38;   -999;   -999;-999;eor
        850;20190517;-999;-999;-999;    3;   0.0;   0;-999;   0;   6.2;  10.8; 1004.33;   12.2;   77.38;   -999;   -999;-999;eor
        850;20190518;-999;-999;-999;    3;   0.0;   0;-999;   0;   2.3;  11.1; 1000.90;   15.7;   65.96;   -999;   -999;-999;eor
        850;20190519;-999;-999;-999;    3;   0.0;   0;-999;   0;   5.8;  11.4;  998.93;   18.1;   58.54;   -999;   -999;-999;eor
        850;20190520;-999;-999;-999;    3;   2.1;   4;-999;   0;   6.3;  15.1;  997.85;   18.2;   73.88;   -999;   -999;-999;eor
        850;20190521;-999;-999;-999;    3;   0.8;   4;-999;   0;   8.0;  15.6; 1001.46;   14.9;   92.33;   -999;   -999;-999;eor
        850;20190522;-999;-999;-999;    3;   0.0;   0;-999;   0;   6.0;  10.8; 1010.25;   12.3;   77.46;   -999;   -999;-999;eor
        850;20190523;-999;-999;-999;    3;   0.0;   0;-999;   0;   6.3;   8.4; 1011.90;   14.0;   58.04;   -999;   -999;-999;eor
        850;20190524;-999;-999;-999;    3;   0.0;   0;-999;   0;   6.3;  10.5; 1007.65;   16.5;   58.54;   -999;   -999;-999;eor
        850;20190525;-999;-999;-999;    3;   0.0;   0;-999;-999;  -999;  10.3; 1010.06;   11.9;   75.17;   -999;   -999;-999;eor
        850;20190526;-999;-999;-999;    3;   0.2;   4;-999;   0;   7.0;  11.1; 1005.30;   15.4;   65.08;   -999;   -999;-999;eor
        850;20190527;-999;-999;-999;    3;   0.0;   0;-999;   0;   6.6;  11.1; 1001.12;   17.1;   59.75;   -999;   -999;-999;eor
        850;20190528;-999;-999;-999;    3;   0.0;   0;-999;   0;   6.7;   9.1; 1002.69;   13.8;   58.67;   -999;   -999;-999;eor
        850;20190529;-999;-999;-999;-999;-999;-999;-999;   0;  -999;   7.6; 1015.20;   11.6;   58.08;-999;-999;-999;eor
        850;20190530;-999;-999;-999;    3;   0.9;   4;-999;-999;  -999;  -999;    -999;   14.9;-999;   -999;   -999;-999;eor
        850;20190531;-999;-999;-999;    3;   0.0;   0;-999;-999;  -999;  15.5; 1016.49;   19.0;   72.46;   -999;   -999;-999;eor
        850;20190601;-999;-999;-999;    3;   0.0;   0;-999;-999;  -999;  14.0; 1014.88;   19.8;   64.00;   -999;   -999;-999;eor
        850;20190602;-999;-999;-999;    3;   0.0;   0;-999;-999;  -999;  15.0; 1009.20;   23.7;   55.00;   -999;   -999;-999;eor
        850;20190603;-999;-999;-999;    3;   3.2;   4;-999;   0;   5.1;  16.5; 1006.84;   21.3;   67.71;   -999;   -999;-999;eor
        850;20190604;-999;-999;-999;    3;   0.0;   0;-999;   0;   5.7;  17.1; 1005.29;   20.7;   72.21;   -999;   -999;-999;eor
        850;20190605;-999;-999;-999;    3;   1.9;   4;-999;   0;   4.0;  15.7; 1000.58;   26.0;   48.38;   -999;   -999;-999;eor
        850;20190606;-999;-999;-999;    3;   0.0;   4;-999;   0;   5.8;  14.1; 1004.02;   18.2;   68.79;   -999;   -999;-999;eor
        850;20190607;-999;-999;-999;    3;  11.2;   4;-999;   0;   1.7;  12.3; 1007.24;   17.9;   63.70;   -999;   -999;-999;eor
        850;20190608;-999;-999;-999;    3;   0.0;   0;-999;-999;  -999;  10.4; 1011.27;   16.5;   57.92;   -999;   -999;-999;eor
        850;20190609;-999;-999;-999;    3;   0.0;   0;-999;-999;  -999;  10.0; 1016.34;   17.8;   50.21;   -999;   -999;-999;eor
        850;20190610;-999;-999;-999;    3;   0.4;   4;-999;-999;  -999;  14.3; 1006.55;   21.4;   55.54;   -999;   -999;-999;eor
        850;20190611;-999;-999;-999;    3;   8.9;   4;-999;   0;   7.0;  17.0; 1004.55;   18.9;   78.79;   -999;   -999;-999;eor
        850;20190612;-999;-999;-999;    3;   0.5;   4;-999;   0;   6.2;  17.5; 1003.45;   16.8;   91.63;   -999;   -999;-999;eor
        850;20190613;-999;-999;-999;    3;   0.0;   0;-999;   0;   4.1;  12.2; 1007.08;   18.5;   61.08;   -999;   -999;-999;eor
        850;20190614;-999;-999;-999;    3;  12.2;   4;-999;   0;   4.6;  13.6; 1009.00;   21.8;   54.71;   -999;   -999;-999;eor
        850;20190615;-999;-999;-999;    3;   0.0;   0;-999;   0;   5.8;  17.3; 1005.55;   20.3;   73.79;   -999;   -999;-999;eor
        850;20190616;-999;-999;-999;    3;   0.0;   0;-999;   0;   4.9;  15.3; 1013.65;   16.9;   80.25;   -999;   -999;-999;eor
        850;20190617;-999;-999;-999;    3;   0.0;   0;-999;   0;   2.5;  14.2; 1014.66;   19.7;   64.67;   -999;   -999;-999;eor
        850;20190618;-999;-999;-999;    3;   0.0;   0;-999;   0;   5.5;  15.1; 1008.80;   23.1;   55.71;   -999;   -999;-999;eor
        850;20190619;-999;-999;-999;    3;  11.4;   4;-999;   0;   5.7;  15.7; 1002.44;   24.7;   54.67;   -999;   -999;-999;eor
        850;20190620;-999;-999;-999;    3;   0.4;   4;-999;   0;   6.5;  16.7; 1004.57;   20.0;   73.71;   -999;   -999;-999;eor
        850;20190621;-999;-999;-999;    3;   0.0;   0;-999;   0;   4.6;  12.6; 1011.97;   18.6;   61.83;   -999;   -999;-999;eor
        850;20190622;-999;-999;-999;    3;   0.0;   0;-999;   0;   4.0;  12.1; 1016.23;   18.2;   61.17;   -999;   -999;-999;eor
        850;20190623;-999;-999;-999;    3;   0.0;   0;-999;   0;   3.1;  12.5; 1015.74;   21.5;   50.50;   -999;   -999;-999;eor
        850;20190624;-999;-999;-999;    3;   0.0;   0;-999;   0;   5.9;  12.9; 1016.25;   23.6;   46.88;   -999;   -999;-999;eor
        850;20190625;-999;-999;-999;    3;   0.0;   0;-999;   0;   5.5;  15.6; 1013.60;   26.3;   45.71;   -999;   -999;-999;eor
        850;20190626;-999;-999;-999;    3;   0.0;   0;-999;   0;   2.4;  19.1; 1015.34;   25.6;   59.67;   -999;   -999;-999;eor
        850;20190627;-999;-999;-999;    3;   0.0;   0;-999;   0;   3.8;  11.9; 1020.20;   16.8;   63.13;   -999;   -999;-999;eor
        850;20190628;-999;-999;-999;    3;   0.0;   0;-999;   0;   3.3;  11.7; 1018.79;   18.5;   56.92;   -999;   -999;-999;eor
        850;20190629;-999;-999;-999;    3;   0.0;   0;-999;   0;  -999;  11.9; 1013.79;   22.9;   47.79;   -999;   -999;-999;eor
        850;20190630;-999;-999;-999;    3;   0.0;   0;-999;   0;   1.3;  14.9; 1006.47;   26.1;   46.79;   -999;   -999;-999;eor
        850;20190701;-999;-999;-999;    3;   0.0;   0;-999;   0;   2.9;  12.7; 1009.11;   20.8;   54.43;   -999;   -999;-999;eor
        850;20190702;-999;-999;-999;    3;   0.0;   0;-999;   0;   4.5;  10.3; 1014.57;   16.8;   55.33;   -999;   -999;-999;eor
        850;20190703;-999;-999;-999;    3;   0.0;   0;-999;   0;   3.4;   9.4; 1017.43;   14.6;   58.75;   -999;   -999;-999;eor
        850;20190704;-999;-999;-999;    3;   0.0;   0;-999;   0;   4.9;  10.0; 1016.12;   16.0;   57.75;   -999;   -999;-999;eor
        850;20190705;-999;-999;-999;    3;   0.0;   0;-999;   0;   6.4;  12.7; 1009.10;   18.5;   60.54;   -999;   -999;-999;eor
        850;20190706;-999;-999;-999;    3;   2.9;   4;-999;-999;  -999;  14.1; 1003.77;   15.8;   80.04;   -999;   -999;-999;eor
        850;20190707;-999;-999;-999;    3;   0.0;   0;-999;   0;   6.0;  10.2; 1006.38;   14.4;   64.17;   -999;   -999;-999;eor
        850;20190708;-999;-999;-999;    3;   0.2;   4;-999;   0;   6.8;  10.2; 1010.23;   14.0;   64.50;   -999;   -999;-999;eor
        850;20190709;-999;-999;-999;    3;   0.0;   4;-999;   0;   6.2;  10.5; 1012.46;   14.1;   66.67;   -999;   -999;-999;eor
        850;20190710;-999;-999;-999;    3;   0.3;   4;-999;   0;   6.8;  10.9; 1012.37;   16.2;   59.92;   -999;   -999;-999;eor
        850;20190711;-999;-999;-999;    3;   1.8;   4;-999;   0;   7.5;  14.6; 1007.13;   17.1;   76.00;   -999;   -999;-999;eor
        850;20190712;-999;-999;-999;    3;   8.4;   4;-999;   0;   6.7;  16.0; 1004.18;   17.8;   81.29;   -999;   -999;-999;eor
        850;20190713;-999;-999;-999;    3;   1.4;   4;-999;   0;   7.2;  16.3; 1008.47;   16.0;   89.42;   -999;   -999;-999;eor
        850;20190714;-999;-999;-999;    3;   0.0;   4;-999;   0;   7.4;  13.2; 1011.91;   14.9;   78.83;   -999;   -999;-999;eor
        850;20190715;-999;-999;-999;    3;   0.0;   0;-999;   0;   7.0;  12.1; 1011.48;   14.8;   72.29;   -999;   -999;-999;eor
        850;20190716;-999;-999;-999;    3;   0.0;   4;-999;   0;   7.0;  14.3; 1010.25;   15.0;   84.26;   -999;   -999;-999;eor
        850;20190717;-999;-999;-999;    3;   0.0;   0;-999;   0;   4.5;  12.2; 1008.68;   17.4;   64.08;   -999;   -999;-999;eor
        850;20190718;-999;-999;-999;    3;   0.8;   4;-999;   0;   6.2;  12.5; 1005.50;   20.1;   55.88;   -999;   -999;-999;eor
        850;20190719;-999;-999;-999;    3;   0.0;   4;-999;   0;   6.0;  14.7; 1006.86;   20.8;   62.29;   -999;   -999;-999;eor
        850;20190720;-999;-999;-999;    3;  11.1;   4;-999;   0;   6.5;  16.1; 1006.38;   19.9;   69.92;   -999;   -999;-999;eor
        850;20190721;-999;-999;-999;    3;   0.0;   0;-999;   0;   4.1;  15.4; 1012.33;   20.1;   68.50;   -999;   -999;-999;eor
        850;20190722;-999;-999;-999;    3;   0.0;   4;-999;   0;   6.6;  15.4; 1015.99;   20.4;   65.83;   -999;   -999;-999;eor
        850;20190723;-999;-999;-999;    3;   0.0;   0;-999;   0;   1.0;  17.1; 1014.70;   24.7;   58.63;   -999;   -999;-999;eor
        850;20190724;-999;-999;-999;    3;   0.0;   0;-999;   0;   2.5;  15.2; 1010.54;   28.1;   42.96;   -999;   -999;-999;eor
        850;20190725;-999;-999;-999;    3;   0.0;   0;-999;   0;   3.5;  14.7; 1010.00;   29.5;   37.67;   -999;   -999;-999;eor
        850;20190726;-999;-999;-999;    3;   0.0;   0;-999;   0;   2.5;  14.9; 1006.68;   25.9;   46.46;   -999;   -999;-999;eor
        850;20190727;-999;-999;-999;    3;   0.0;   0;-999;-999;  -999;  14.6;  999.59;   24.1;   50.04;   -999;   -999;-999;eor
        850;20190728;-999;-999;-999;    3;   0.0;   4;-999;   0;   5.7;  16.3;  996.40;   24.2;   55.79;   -999;   -999;-999;eor
        850;20190729;-999;-999;-999;    3;   3.4;   4;-999;   0;   6.7;  19.7; 1003.53;   21.3;   77.92;   -999;   -999;-999;eor
        850;20190730;-999;-999;-999;    3;   3.1;   4;-999;   0;   3.7;  15.3; 1005.44;   23.3;   55.92;   -999;   -999;-999;eor
        850;20190731;-999;-999;-999;    3;   0.0;   4;-999;   0;   6.1;  15.7; 1008.39;   20.8;   66.67;   -999;   -999;-999;eor
        850;20190801;-999;-999;-999;    3;   0.0;   4;-999;   0;   5.3;  13.7; 1010.26;   19.5;   62.92;   -999;   -999;-999;eor
        850;20190802;-999;-999;-999;    3;   0.0;   0;-999;   0;   4.9;  14.7; 1008.17;   19.9;   65.67;   -999;   -999;-999;eor
        850;20190803;-999;-999;-999;    3;   0.0;   4;-999;   0;   5.5;  14.7; 1009.15;   19.1;   68.92;   -999;   -999;-999;eor
        850;20190804;-999;-999;-999;    3;   0.0;   0;-999;   0;   5.5;  13.8; 1009.93;   18.7;   66.92;   -999;   -999;-999;eor
        850;20190805;-999;-999;-999;    3;   1.8;   4;-999;   0;   6.9;  16.2; 1004.48;   19.9;   70.92;   -999;   -999;-999;eor
        850;20190806;-999;-999;-999;    3;   6.4;   4;-999;   0;   5.8;  16.1; 1002.99;   19.9;   71.63;   -999;   -999;-999;eor
        850;20190807;-999;-999;-999;    3;   2.6;   4;-999;   0;   5.8;  15.1; 1000.52;   19.4;   69.50;   -999;   -999;-999;eor
        850;20190808;-999;-999;-999;    3;   0.0;   0;-999;   0;   2.9;  13.7; 1003.91;   18.9;   66.25;   -999;   -999;-999;eor
        850;20190809;-999;-999;-999;    3;   0.5;   4;-999;   0;   6.0;  16.2; 1004.02;   19.8;   71.21;   -999;   -999;-999;eor
        850;20190810;-999;-999;-999;    3;   0.0;   0;-999;-999;  -999;  15.1; 1003.37;   22.5;   57.29;   -999;   -999;-999;eor
        850;20190811;-999;-999;-999;    3;   0.0;   0;-999;   0;   5.3;  11.6; 1007.65;   20.8;   48.46;   -999;   -999;-999;eor
        850;20190812;-999;-999;-999;    3;   1.1;   4;-999;   0;   5.0;  12.3; 1007.60;   19.7;   56.71;   -999;   -999;-999;eor
        850;20190813;-999;-999;-999;    3;   0.5;   4;-999;   0;   5.8;  12.3; 1009.32;   15.0;   73.33;   -999;   -999;-999;eor
        850;20190814;-999;-999;-999;    3;   2.4;   4;-999;   0;   2.7;  10.0; 1010.37;   15.9;   59.38;   -999;   -999;-999;eor
        850;20190815;-999;-999;-999;    3;  10.2;   4;-999;   0;   6.7;  15.4; 1004.47;   16.3;   82.50;   -999;   -999;-999;eor
        850;20190816;-999;-999;-999;    3;   0.0;   4;-999;   0;   5.6;  13.4; 1008.56;   17.8;   68.25;   -999;   -999;-999;eor
        850;20190817;-999;-999;-999;    3;   0.0;   4;-999;   0;   7.3;  15.2; 1002.56;   19.8;   65.92;   -999;   -999;-999;eor
        850;20190818;-999;-999;-999;    3;   6.1;   4;-999;   0;   6.9;  18.0; 1000.76;   17.6;   89.92;   -999;   -999;-999;eor
        850;20190819;-999;-999;-999;    3;   0.0;   0;-999;   0;   4.5;  13.0; 1008.91;   17.5;   67.92;   -999;   -999;-999;eor
        850;20190820;-999;-999;-999;    3;   1.4;   4;-999;   0;   5.5;  11.7; 1015.64;   17.2;   62.13;   -999;   -999;-999;eor
        850;20190821;-999;-999;-999;    3;   0.0;   0;-999;   0;   2.8;  11.5; 1021.45;   16.3;   66.63;   -999;   -999;-999;eor
        850;20190822;-999;-999;-999;    3;   0.0;   0;-999;   0;   3.0;  10.6; 1019.82;   18.9;   54.25;   -999;   -999;-999;eor
        850;20190823;-999;-999;-999;    3;   0.0;   0;-999;   0;  -999;  11.6; 1019.16;   20.3;   53.88;   -999;   -999;-999;eor
        850;20190824;-999;-999;-999;    3;   0.0;   0;-999;-999;  -999;  13.2; 1016.50;   22.4;   51.67;   -999;   -999;-999;eor
        850;20190825;-999;-999;-999;    3;   0.0;   0;-999;   0;  -999;  16.6; 1013.69;   24.5;   54.92;   -999;   -999;-999;eor
        850;20190826;-999;-999;-999;    3;   0.0;   0;-999;   0;   0.3;  16.0; 1012.63;   26.3;   49.25;   -999;   -999;-999;eor
        850;20190827;-999;-999;-999;    3;   0.0;   0;-999;   0;   3.8;  17.9; 1010.30;   24.9;   58.17;   -999;   -999;-999;eor
        850;20190828;-999;-999;-999;    3;   1.9;   4;-999;   0;   5.0;  18.3; 1007.60;   24.1;   64.63;   -999;   -999;-999;eor
        850;20190829;-999;-999;-999;    3;   7.5;   4;-999;   0;   4.9;  19.0; 1011.82;   20.2;   81.79;   -999;   -999;-999;eor
        850;20190830;-999;-999;-999;    3;   0.0;   0;-999;   0;   3.1;  16.7; 1015.76;   20.0;   74.33;   -999;   -999;-999;eor
        850;20190831;-999;-999;-999;    3;   0.0;   0;-999;   0;  -999;  17.2; 1007.71;   23.5;   62.75;   -999;   -999;-999;eor
        850;20190901;-999;-999;-999;    3;   0.4;   4;-999;   0;   6.7;  15.4; 1006.23;   18.8;   71.46;   -999;   -999;-999;eor
        850;20190902;-999;-999;-999;    3;   0.1;   4;-999;   0;   1.8;  10.7; 1015.01;   14.6;   68.17;   -999;   -999;-999;eor
        850;20190903;-999;-999;-999;    3;   0.1;   4;-999;   0;  -999;  12.6; 1015.53;   15.5;   70.96;   -999;   -999;-999;eor
        850;20190904;-999;-999;-999;    3;   1.3;   4;-999;   0;   6.3;  13.5; 1009.00;   17.8;   68.46;   -999;   -999;-999;eor
        850;20190905;-999;-999;-999;    3;   1.1;   4;-999;   0;   3.4;  12.0; 1010.28;   14.3;   74.71;   -999;   -999;-999;eor
        850;20190906;-999;-999;-999;    3;   1.1;   4;-999;   0;  -999;   9.5; 1015.75;   13.9;   63.04;   -999;   -999;-999;eor
        850;20190907;-999;-999;-999;    3;   3.8;   4;-999;-999;  -999;  11.9; 1011.68;   13.0;   80.04;   -999;   -999;-999;eor
        850;20190908;-999;-999;-999;    3;   0.0;   4;-999;-999;  -999;  11.4; 1011.43;   13.9;   73.67;   -999;   -999;-999;eor
        850;20190909;-999;-999;-999;    3;   0.8;   4;-999;   0;   6.7;  12.7; 1007.62;   12.9;   85.96;   -999;   -999;-999;eor
        850;20190910;-999;-999;-999;    3;   0.0;   0;-999;   0;   2.0;  10.3; 1010.25;   13.4;   70.29;   -999;   -999;-999;eor
        850;20190911;-999;-999;-999;    3;   2.0;   4;-999;   0;   5.3;  11.2; 1014.67;   14.2;   72.13;   -999;   -999;-999;eor
        850;20190912;-999;-999;-999;    3;   0.0;   4;-999;   0;   5.5;  16.1; 1019.35;   17.7;   79.96;   -999;   -999;-999;eor
        850;20190913;-999;-999;-999;    3;   0.1;   4;-999;   0;   5.5;  13.3; 1023.75;   17.2;   69.17;   -999;   -999;-999;eor
        850;20190914;-999;-999;-999;    3;   0.0;   0;-999;   0;  -999;   9.2; 1026.40;   11.8;   70.54;   -999;   -999;-999;eor
        850;20190915;-999;-999;-999;    3;   2.0;   4;-999;   0;   6.7;  11.1; 1015.09;   14.4;   70.42;   -999;   -999;-999;eor
        850;20190916;-999;-999;-999;    3;   0.3;   4;-999;   0;   6.8;  12.8; 1013.18;   12.8;   87.21;   -999;   -999;-999;eor
        850;20190917;-999;-999;-999;    3;   0.9;   4;-999;   0;   4.1;  10.1; 1011.15;   11.6;   75.33;   -999;   -999;-999;eor
        850;20190918;-999;-999;-999;    3;   0.7;   4;-999;   0;   3.7;   8.9; 1017.82;   10.9;   69.96;   -999;   -999;-999;eor
        850;20190919;-999;-999;-999;    3;   0.0;   0;-999;   0;   5.6;   8.3; 1022.50;   10.0;   70.75;   -999;   -999;-999;eor
        850;20190920;-999;-999;-999;    3;   0.0;   0;-999;   0;   4.3;   9.0; 1022.17;   10.2;   74.88;   -999;   -999;-999;eor
        850;20190921;-999;-999;-999;    3;   0.0;   0;-999;   0;   0.9;   9.0; 1015.16;   13.5;   63.04;   -999;   -999;-999;eor
        850;20190922;-999;-999;-999;    3;   0.0;   0;-999;   0;   2.3;   9.8; 1005.77;   17.0;   54.17;   -999;   -999;-999;eor
        850;20190923;-999;-999;-999;    3;   0.1;   4;-999;   0;   6.7;  13.4; 1007.00;   14.6;   79.71;   -999;   -999;-999;eor
        850;20190924;-999;-999;-999;    3;   8.1;   4;-999;   0;   6.1;  13.4; 1005.13;   15.7;   76.92;   -999;   -999;-999;eor
        850;20190925;-999;-999;-999;    3;   4.4;   4;-999;   0;   6.7;  14.4;  999.60;   14.1;   88.92;   -999;   -999;-999;eor
        850;20190926;-999;-999;-999;    3;   8.3;   4;-999;   0;   6.8;  15.2; 1002.91;   15.1;   88.13;   -999;   -999;-999;eor
        850;20190927;-999;-999;-999;    3;   0.5;   4;-999;   0;   6.2;  14.6; 1002.00;   15.8;   81.42;   -999;   -999;-999;eor
        850;20190928;-999;-999;-999;    3;   1.7;   4;-999;   0;   6.0;  13.2; 1002.88;   15.1;   76.88;   -999;   -999;-999;eor
        850;20190929;-999;-999;-999;    3;  25.7;   4;-999;   0;   7.0;  14.3;  994.67;   14.3;   87.46;   -999;   -999;-999;eor
        850;20190930;-999;-999;-999;    3;   8.9;   4;-999;   0;   6.1;  12.9;  996.13;   14.5;   79.17;   -999;   -999;-999;eor
        850;20191001;-999;-999;-999;    3;  25.0;   4;-999;   0;   7.3;  13.9;  994.26;   13.5;   89.58;   -999;   -999;-999;eor
        850;20191002;-999;-999;-999;    3;   1.9;   4;-999;   0;   4.7;   9.9; 1000.16;    9.8;   82.00;   -999;   -999;-999;eor
        850;20191003;-999;-999;-999;    3;   0.4;   4;-999;-999;  -999;  11.1; 1007.66;   10.4;   88.17;   -999;   -999;-999;eor
        850;20191004;-999;-999;-999;    3;  13.0;   4;-999;-999;  -999;  10.9; 1001.50;    9.5;   91.92;   -999;   -999;-999;eor
        850;20191005;-999;-999;-999;    3;   0.0;   0;-999;-999;  -999;   9.1; 1009.26;    9.2;   79.96;   -999;   -999;-999;eor
        850;20191006;-999;-999;-999;    3;   0.0;   0;-999;-999;  -999;   8.3; 1012.58;    6.6;   85.63;   -999;   -999;-999;eor
        850;20191007;-999;-999;-999;    3;   2.5;   4;-999;   0;   5.0;   7.0; 1012.50;    6.6;   72.17;   -999;   -999;-999;eor
        850;20191008;-999;-999;-999;    3;   2.8;   4;-999;   0;   6.9;  12.4; 1000.06;   11.8;   88.54;   -999;   -999;-999;eor
        850;20191009;-999;-999;-999;    3;   4.8;   4;-999;   0;   6.3;  11.3;  999.12;   12.1;   80.46;   -999;   -999;-999;eor
        850;20191010;-999;-999;-999;    3;   2.0;   4;-999;   0;   5.9;  10.4; 1003.49;   10.8;   80.54;   -999;   -999;-999;eor
        850;20191011;-999;-999;-999;    3;   0.4;   4;-999;   0;  -999;  11.9; 1004.22;   14.3;   71.88;   -999;   -999;-999;eor
        850;20191012;-999;-999;-999;    3;   0.0;   0;-999;-999;  -999;  13.4; 1002.68;   16.2;   74.08;   -999;   -999;-999;eor
        850;20191013;-999;-999;-999;    3;   0.5;   4;-999;   0;   5.3;  16.1; 1003.46;   17.6;   80.04;   -999;   -999;-999;eor
        850;20191014;-999;-999;-999;    3;   0.0;   0;-999;   0;   4.7;  14.6; 1006.36;   16.9;   76.75;   -999;   -999;-999;eor
        850;20191015;-999;-999;-999;    3;  19.7;   4;-999;   0;   6.6;  15.3;  999.98;   16.6;   82.46;   -999;   -999;-999;eor
        850;20191016;-999;-999;-999;    1;   1.2;   4;-999;   0;   6.8;  13.2; 1002.45;   13.7;   84.58;   -999;   -999;-999;eor
        850;20191017;-999;-999;-999;    1;   1.2;   4;-999;   0;   7.2;  14.0; 1004.14;   14.7;   83.88;   -999;   -999;-999;eor
        850;20191018;-999;-999;-999;    1;   0.2;   4;-999;   0;   4.8;  12.2; 1001.62;   13.5;   79.00;   -999;   -999;-999;eor
        850;20191019;-999;-999;-999;    1;   3.0;   4;-999;   0;   6.6;  11.5; 1001.02;   12.5;   79.33;   -999;   -999;-999;eor
        850;20191020;-999;-999;-999;    1;   5.8;   4;-999;   0;   7.6;  13.9; 1003.50;   12.5;   95.33;   -999;   -999;-999;eor
        850;20191021;-999;-999;-999;    1;   0.4;   4;-999;   0;   6.0;  14.5; 1010.32;   14.2;   89.92;   -999;   -999;-999;eor
        850;20191022;-999;-999;-999;    1;   0.0;   0;-999;   0;   5.6;  11.2; 1017.14;   11.6;   82.21;   -999;   -999;-999;eor
        850;20191023;-999;-999;-999;    1;   0.0;   0;-999;   0;   5.5;  12.3; 1011.48;   11.9;   88.36;   -999;   -999;-999;eor
        850;20191024;-999;-999;-999;    1;   0.0;   0;-999;   0;   7.0;  13.9; 1003.19;   14.1;   87.00;   -999;   -999;-999;eor
        850;20191025;-999;-999;-999;    1;   1.1;   4;-999;   0;   6.2;  11.5; 1010.64;   14.1;   71.17;   -999;   -999;-999;eor
        850;20191026;-999;-999;-999;    1;   1.3;   4;-999;   0;   5.9;  11.9; 1006.88;   15.9;   66.00;   -999;   -999;-999;eor
        850;20191027;-999;-999;-999;    1;   0.7;   4;-999;   0;   6.3;   9.9; 1010.09;   11.2;   74.83;   -999;   -999;-999;eor
        850;20191028;-999;-999;-999;    1;   1.9;   4;-999;   0;   2.8;   8.8; 1014.82;    7.5;   85.08;   -999;   -999;-999;eor
        850;20191029;-999;-999;-999;    1;   0.0;   0;-999;   0;   4.6;   7.3; 1019.41;    4.2;   89.50;   -999;   -999;-999;eor
        850;20191030;-999;-999;-999;    1;   0.0;   0;-999;   0;   2.0;   5.9; 1023.57;    2.2;   83.25;   -999;   -999;-999;eor
        850;20191031;-999;-999;-999;    1;   0.0;   0;-999;-999;  -999;   5.6; 1019.57;    1.9;   81.21;   -999;   -999;-999;eor
        850;20191101;-999;-999;-999;    1;   5.4;   4;-999;-999;  -999;   6.7; 1003.49;    2.1;   91.58;   -999;   -999;-999;eor
        850;20191102;-999;-999;-999;    1;   2.1;   4;-999;-999;  -999;  12.2;  984.95;   11.8;   87.75;   -999;   -999;-999;eor
        850;20191103;-999;-999;-999;    1;   5.4;   4;-999;-999;  -999;  11.2;  981.57;   11.9;   80.04;   -999;   -999;-999;eor
        850;20191104;-999;-999;-999;    1;   0.2;   4;-999;   0;   6.8;  11.4;  983.05;   10.5;   90.38;   -999;   -999;-999;eor
        850;20191105;-999;-999;-999;    1;  10.4;   4;-999;   0;   7.4;  10.7;  988.99;    8.9;   93.88;   -999;   -999;-999;eor
        850;20191106;-999;-999;-999;    1;   2.4;   4;-999;   0;   7.5;   9.5;  994.25;    7.2;   93.67;   -999;   -999;-999;eor
        850;20191107;-999;-999;-999;    1;   0.4;   4;-999;   0;   7.7;   8.6;  995.25;    5.6;   93.29;   -999;   -999;-999;eor
        850;20191108;-999;-999;-999;    1;   1.5;   4;-999;   0;   5.8;   8.4; 1000.67;    5.8;   90.67;   -999;   -999;-999;eor
        850;20191109;-999;-999;-999;    1;   1.2;   4;-999;-999;  -999;   8.4; 1001.61;    5.6;   92.83;   -999;   -999;-999;eor
        850;20191110;-999;-999;-999;    1;   1.2;   4;-999;   0;   0.7;   6.5; 1006.71;    1.8;   93.67;   -999;   -999;-999;eor
        850;20191111;-999;-999;-999;    1;   0.0;   0;-999;   0;   5.1;   6.2; 1002.30;    2.8;   85.08;   -999;   -999;-999;eor
        850;20191112;-999;-999;-999;    1;   0.0;   4;-999;   0;   5.3;   6.8;  996.27;    5.5;   75.08;   -999;   -999;-999;eor
        850;20191113;-999;-999;-999;    1;   0.0;   0;-999;   0;   6.1;   6.9;  994.93;    4.4;   82.79;   -999;   -999;-999;eor
        850;20191114;-999;-999;-999;    1;   0.0;   0;-999;   0;   4.0;   6.9;  999.86;    4.3;   83.75;   -999;   -999;-999;eor
        850;20191115;-999;-999;-999;    1;   4.5;   4;-999;   0;   7.5;   7.7;  998.21;    5.1;   87.29;   -999;   -999;-999;eor
        850;20191116;-999;-999;-999;    1;   3.2;   4;-999;-999;  -999;   7.5; 1001.02;    3.9;   93.21;   -999;   -999;-999;eor
        850;20191117;-999;-999;-999;    1;   0.5;   4;-999;-999;  -999;   6.8; 1005.25;    2.1;   94.13;   -999;   -999;-999;eor
        850;20191118;-999;-999;-999;    1;   5.3;   4;-999;   0;   7.9;   8.6;  998.68;    5.6;   94.42;   -999;   -999;-999;eor
        850;20191119;-999;-999;-999;    1;   0.0;   0;-999;   0;   7.4;   7.8; 1007.27;    5.3;   88.29;   -999;   -999;-999;eor
        850;20191120;-999;-999;-999;    1;   0.0;   4;-999;   0;   8.0;   7.4; 1012.15;    3.0;   97.92;   -999;   -999;-999;eor
        850;20191121;-999;-999;-999;    1;   0.5;   4;-999;   0;   8.0;   8.4; 1005.08;    4.7;   97.38;   -999;   -999;-999;eor
        850;20191122;-999;-999;-999;    1;   0.0;   0;-999;   0;   7.0;   8.1; 1002.23;    4.9;   94.50;   -999;   -999;-999;eor
        850;20191123;-999;-999;-999;    1;   0.0;   0;-999;-999;  -999;   8.8;  999.18;    6.8;   88.42;   -999;   -999;-999;eor
        850;20191124;-999;-999;-999;    1;   0.0;   4;-999;-999;  -999;   8.1; 1002.70;    5.2;   90.63;   -999;   -999;-999;eor
        850;20191125;-999;-999;-999;    1;   0.0;   4;-999;   0;   8.0;   8.0; 1004.41;    4.6;   94.79;   -999;   -999;-999;eor
        850;20191126;-999;-999;-999;    1;   0.0;   0;-999;   0;   7.8;   9.1;  999.01;    6.9;   90.00;   -999;   -999;-999;eor
        850;20191127;-999;-999;-999;    1;   2.5;   4;-999;   0;   6.8;   9.8;  987.32;    8.6;   87.63;   -999;   -999;-999;eor
        850;20191128;-999;-999;-999;    1;   2.3;   4;-999;   0;   7.2;  10.1;  982.73;    9.9;   83.17;   -999;   -999;-999;eor
        850;20191129;-999;-999;-999;    1;   0.5;   4;-999;   0;   4.3;   7.0;  999.50;    4.2;   86.25;   -999;   -999;-999;eor
        850;20191130;-999;-999;-999;    1;   0.0;   0;-999;   0;   3.3;   6.5; 1015.23;    1.8;   92.92;   -999;   -999;-999;eor
        850;20191201;-999;-999;-999;    1;   0.0;   0;-999;   0;   6.5;   5.7; 1015.77;   -0.8;   98.08;   -999;   -999;-999;eor
        850;20191202;-999;-999;-999;    1;   0.7;   4;-999;   0;   6.7;   7.2; 1016.00;    2.8;   95.00;   -999;   -999;-999;eor
        850;20191203;-999;-999;-999;    1;   0.1;   4;-999;   0;   7.5;   8.1; 1019.79;    5.0;   92.33;   -999;   -999;-999;eor
        850;20191204;-999;-999;-999;    1;   0.0;   0;-999;   0;   2.0;   6.5; 1016.48;    2.2;   91.50;   -999;   -999;-999;eor
        850;20191205;-999;-999;-999;    1;   0.0;   0;-999;   0;   2.7;   5.4; 1012.18;   -0.4;   90.25;   -999;   -999;-999;eor
        850;20191206;-999;-999;-999;    1;   3.4;   4;-999;   0;   7.2;   7.1; 1001.46;    3.9;   85.54;   -999;   -999;-999;eor
        850;20191207;-999;-999;-999;    1;   1.2;   4;-999;   0;  -999;   9.5; 1000.95;    8.4;   86.29;   -999;   -999;-999;eor
        850;20191208;-999;-999;-999;    1;   3.1;   4;-999;-999;  -999;   8.6;  994.08;    9.1;   73.88;   -999;   -999;-999;eor
        850;20191209;-999;-999;-999;    1;   2.4;   4;-999;   0;   6.4;   7.9;  993.57;    6.3;   82.67;   -999;   -999;-999;eor
        850;20191210;-999;-999;-999;    1;   5.3;   4;-999;   0;   4.0;   6.3; 1013.72;    3.5;   80.21;   -999;   -999;-999;eor
        850;20191211;-999;-999;-999;    1;   6.5;   4;-999;   0;   8.0;   6.9; 1002.00;    3.5;   88.42;   -999;   -999;-999;eor
        850;20191212;-999;-999;-999;    1;   0.0;   4;-999;   0;   7.0;   7.2;  993.77;    3.7;   89.59;   -999;   -999;-999;eor
        850;20191213;-999;-999;-999;    1;   3.3;   4;-999;   0;   6.0;   5.9;  976.02;    1.4;   87.96;   -999;   -999;-999;eor
        850;20191214;-999;-999;-999;    1;   5.3;   4;-999;   0;   7.0;   7.2;  981.63;    3.9;   88.63;   -999;   -999;-999;eor
        850;20191215;-999;-999;-999;    1;   6.6;   4;-999;-999;  -999;   6.9;  992.60;    6.4;   72.25;   -999;   -999;-999;eor
        850;20191216;-999;-999;-999;    1;   0.0;   0;-999;   0;   7.0;   8.2; 1000.43;    6.0;   85.79;   -999;   -999;-999;eor
        850;20191217;-999;-999;-999;    1;   2.6;   4;-999;   0;   7.0;   9.1;  996.79;    9.2;   79.00;   -999;   -999;-999;eor
        850;20191218;-999;-999;-999;    1;   0.0;   0;-999;   0;   4.7;   8.5; 1008.71;    6.5;   88.63;   -999;   -999;-999;eor
        850;20191219;-999;-999;-999;    1;   0.0;   0;-999;   0;   3.5;   8.1; 1006.04;    5.7;   88.08;   -999;   -999;-999;eor
        850;20191220;-999;-999;-999;    1;   4.3;   4;-999;   0;  -999;   8.2;  987.15;    5.5;   89.33;   -999;   -999;-999;eor
        850;20191221;-999;-999;-999;    1;   0.0;   0;-999;-999;  -999;   7.9;  985.08;    6.7;   80.92;   -999;   -999;-999;eor
        850;20191222;-999;-999;-999;    1;   3.7;   4;-999;-999;  -999;   7.9;  980.33;    4.7;   90.75;   -999;   -999;-999;eor
        850;20191223;-999;-999;-999;    1;   0.0;   4;-999;-999;  -999;   8.9;  995.98;    7.5;   86.04;   -999;   -999;-999;eor
        850;20191224;-999;-999;-999;    1;   6.2;   4;-999;-999;  -999;   8.4; 1002.00;    6.2;   89.08;   -999;   -999;-999;eor
        850;20191225;-999;-999;-999;    1;   1.0;   4;-999;-999;  -999;   8.9; 1009.53;    5.9;   95.38;   -999;   -999;-999;eor
        850;20191226;-999;-999;-999;    1;   0.0;   0;-999;-999;  -999;   7.7; 1017.44;    4.1;   94.58;   -999;   -999;-999;eor
        850;20191227;-999;-999;-999;    1;   0.0;   0;-999;-999;  -999;   6.4; 1024.26;    2.3;   89.50;   -999;   -999;-999;eor
