STATIONS_ID;MESS_DATUM;QN_3;  FX;  FM;QN_4; RSK;RSKF; SDK;SHK_TAG;  NM; VPM;  PM; TMK; UPM; TXK; TNK; TGK;eor
       1103;20180705;-999;-999;-999;    3;   3.0;   4;-999;-999;  -999;  -999;    -999;   17.5;-999;   24.5;   12.0;   11.0;eor
       1103;20180706;-999;-999;-999;    3;  12.1;   4;-999;-999;  -999;  17.6;    -999;   15.7;   98.17;   17.9;   14.5;   13.8;eor
       1103;20180707;-999;-999;-999;    3;   0.0;   0;-999;-999;  -999;  13.8;    -999;   18.0;   69.46;   24.0;   13.4;   11.4;eor
       1103;20180708;-999;-999;-999;    3;   0.0;   0;-999;-999;  -999;  13.3;    -999;   19.4;   60.08;   24.8;   14.3;   10.3;eor
       1103;20180709;-999;-999;-999;    3;   0.8;   4;-999;-999;  -999;  13.4;    -999;   19.2;   61.83;   25.4;   12.8;    9.3;eor
       1103;20180710;-999;-999;-999;    3;  14.8;   4;-999;-999;  -999;  15.1;    -999;   16.1;   84.50;   23.1;   13.0;   11.1;eor
       1103;20180711;-999;-999;-999;    3;   0.0;   0;-999;-999;  -999;  13.3;    -999;   14.9;   79.13;   19.6;   10.9;    7.8;eor
       1103;20180712;-999;-999;-999;    3;   0.0;   0;-999;-999;  -999;  12.3;    -999;   16.8;   65.29;   22.5;    9.6;    6.8;eor
       1103;20180713;-999;-999;-999;    3;   0.0;   0;-999;-999;  -999;  12.5;    -999;   19.9;   55.42;   26.1;   12.2;    8.6;eor
       1103;20180714;-999;-999;-999;    3;   0.7;   4;-999;-999;  -999;  15.0;    -999;   19.7;   66.58;   26.0;   14.0;   10.2;eor
       1103;20180715;-999;-999;-999;    3;   0.5;   4;-999;-999;  -999;  14.7;    -999;   18.9;   69.58;   26.4;   13.9;   10.8;eor
       1103;20180716;-999;-999;-999;    3;   3.6;   4;-999;-999;  -999;  15.4;    -999;   17.4;   79.13;   24.5;   13.0;   10.1;eor
       1103;20180717;-999;-999;-999;    3;   0.1;   4;-999;-999;  -999;  13.9;    -999;   19.2;   65.21;   26.6;   13.4;    9.8;eor
       1103;20180718;-999;-999;-999;    3;   0.0;   0;-999;-999;  -999;  13.8;    -999;   21.4;   55.50;   28.2;   16.1;   11.2;eor
       1103;20180719;-999;-999;-999;    3;   0.0;   0;-999;-999;  -999;  12.7;    -999;   21.3;   51.83;   27.6;   14.4;   10.4;eor
       1103;20180720;-999;-999;-999;    3;   0.2;   4;-999;-999;  -999;  13.3;    -999;   22.5;   50.21;   29.2;   14.8;   10.2;eor
       1103;20180721;-999;-999;-999;    3;  19.5;   4;-999;-999;  -999;  16.9;    -999;   17.2;   86.58;   20.9;   15.5;   15.1;eor
       1103;20180722;-999;-999;-999;    3;  13.6;   4;-999;-999;  -999;  17.7;    -999;   15.8;   98.08;   17.2;   14.9;   14.2;eor
       1103;20180723;-999;-999;-999;    3;   0.5;   4;-999;-999;  -999;  17.5;    -999;   18.2;   85.67;   24.9;   14.7;   12.6;eor
       1103;20180724;-999;-999;-999;    3;   0.0;   0;-999;-999;  -999;  15.7;    -999;   20.9;   66.83;   27.8;   13.4;   10.9;eor
       1103;20180725;-999;-999;-999;    3;   0.3;   4;-999;-999;  -999;  16.3;    -999;   21.8;   63.88;   29.5;   15.6;   13.4;eor
       1103;20180726;-999;-999;-999;    3;   0.0;   0;-999;-999;  -999;  16.0;    -999;   21.7;   63.71;   27.5;   15.4;   13.7;eor
       1103;20180727;-999;-999;-999;    3;   0.0;   0;-999;-999;  -999;  16.4;    -999;   22.5;   62.54;   28.2;   15.9;   14.8;eor
       1103;20180728;-999;-999;-999;    3;   2.7;   4;-999;-999;  -999;  16.7;    -999;   22.7;   61.38;   28.3;   17.5;   15.1;eor
       1103;20180729;-999;-999;-999;    3;   0.0;   0;-999;-999;  -999;  16.5;    -999;   22.9;   60.00;   28.8;   18.7;   17.7;eor
       1103;20180730;-999;-999;-999;    3;   0.0;   0;-999;-999;  -999;  16.4;    -999;   24.8;   54.42;   31.2;   18.0;   16.0;eor
       1103;20180731;-999;-999;-999;    3;   0.0;   0;-999;-999;  -999;  16.0;    -999;   25.5;   51.00;   32.3;   18.3;   16.1;eor
       1103;20180801;-999;-999;-999;    3;   1.9;   4;-999;-999;  -999;  16.9;    -999;   25.0;   55.75;   32.5;   18.9;   16.6;eor
       1103;20180802;-999;-999;-999;    3;   0.0;   0;-999;-999;  -999;  19.2;    -999;   22.8;   70.33;   29.7;   18.0;   17.0;eor
       1103;20180803;-999;-999;-999;    3;   0.0;   0;-999;-999;  -999;  18.8;    -999;   24.6;   63.21;   31.3;   17.9;   16.5;eor
       1103;20180804;-999;-999;-999;    3;   0.0;   0;-999;-999;  -999;  17.6;    -999;   25.5;   56.33;   32.7;   18.9;   16.3;eor
       1103;20180805;-999;-999;-999;    3;   0.0;   0;-999;-999;  -999;  18.0;    -999;   24.9;   57.54;   31.3;   19.5;   17.4;eor
       1103;20180806;-999;-999;-999;    3;   0.0;   0;-999;-999;  -999;  16.3;    -999;   24.4;   55.58;   30.5;   18.4;   15.5;eor
       1103;20180807;-999;-999;-999;    3;   0.1;   4;-999;-999;  -999;  16.8;    -999;   23.0;   61.25;   31.9;   18.7;   16.1;eor
       1103;20180808;-999;-999;-999;    3;   0.0;   0;-999;-999;  -999;  17.3;    -999;   23.9;   60.08;   30.1;   18.0;   15.6;eor
       1103;20180809;-999;-999;-999;    3;  12.2;   4;-999;-999;  -999;  16.7;    -999;   22.7;   66.79;   33.0;   15.7;   14.2;eor
       1103;20180810;-999;-999;-999;    3;  10.2;   4;-999;-999;  -999;  15.8;    -999;   14.6;   94.83;   17.9;   12.3;   10.8;eor
       1103;20180811;-999;-999;-999;    3;   0.0;   0;-999;-999;  -999;  12.8;    -999;   17.1;   68.63;   22.8;   10.7;    9.6;eor
       1103;20180812;-999;-999;-999;    3;   0.0;   0;-999;-999;  -999;  14.3;    -999;   20.3;   61.71;   27.6;   12.4;   10.0;eor
       1103;20180813;-999;-999;-999;    3;  13.4;   4;-999;-999;  -999;  17.2;    -999;   20.7;   74.50;   29.5;   16.0;   14.0;eor
       1103;20180814;-999;-999;-999;    3;   0.0;   0;-999;-999;  -999;  16.2;    -999;   17.7;   80.58;   22.9;   15.2;   14.5;eor
       1103;20180815;-999;-999;-999;    3;   0.0;   0;-999;-999;  -999;  15.2;    -999;   19.0;   70.13;   24.3;   15.5;   13.5;eor
       1103;20180816;-999;-999;-999;    3;   0.0;   0;-999;-999;  -999;  14.5;    -999;   20.0;   64.21;   25.9;   13.5;   11.5;eor
       1103;20180817;-999;-999;-999;    3;   0.0;   0;-999;-999;  -999;  13.3;    -999;   21.3;   54.25;   27.4;   14.2;   10.7;eor
       1103;20180818;-999;-999;-999;    3;   0.0;   0;-999;-999;  -999;  16.1;    -999;   21.4;   64.00;   26.8;   16.8;   15.3;eor
       1103;20180819;-999;-999;-999;    3;   0.0;   0;-999;-999;  -999;  15.5;    -999;   22.6;   58.79;   29.0;   16.2;   13.6;eor
       1103;20180820;-999;-999;-999;    3;   0.0;   0;-999;-999;  -999;  15.0;    -999;   22.6;   56.29;   28.7;   17.8;   14.7;eor
       1103;20180821;-999;-999;-999;    3;   0.0;   0;-999;-999;  -999;  15.4;    -999;   22.4;   58.88;   28.9;   15.7;   13.5;eor
       1103;20180822;-999;-999;-999;    3;   0.0;   0;-999;-999;  -999;  15.6;    -999;   23.7;   55.79;   30.4;   17.0;   14.1;eor
       1103;20180823;-999;-999;-999;    3;  33.2;   4;-999;-999;  -999;  17.4;    -999;   19.0;   79.96;   28.3;   15.1;   14.9;eor
       1103;20180824;-999;-999;-999;    3;   4.3;   4;-999;-999;  -999;  16.6;    -999;   17.0;   85.67;   21.5;   13.2;   12.8;eor
       1103;20180825;-999;-999;-999;    3;   8.3;   4;-999;-999;  -999;  12.5;    -999;   12.7;   85.83;   16.5;    9.0;    8.9;eor
       1103;20180826;-999;-999;-999;    3;   0.0;   0;-999;-999;  -999;  10.5;    -999;   11.3;   80.04;   16.4;    7.9;    5.5;eor
       1103;20180827;-999;-999;-999;    3;   0.0;   0;-999;-999;  -999;  10.4;    -999;   15.5;   62.17;   23.8;    6.0;    4.1;eor
       1103;20180828;-999;-999;-999;    3;   0.0;   0;-999;-999;  -999;  14.9;    -999;   19.4;   66.71;   24.7;   14.4;   12.2;eor
       1103;20180829;-999;-999;-999;    3;   4.2;   4;-999;-999;  -999;  16.5;    -999;   19.4;   73.92;   26.2;   13.4;   10.8;eor
       1103;20180830;-999;-999;-999;    3;   3.1;   4;-999;-999;  -999;  16.3;    -999;   15.2;   94.04;   16.9;   12.9;   11.8;eor
       1103;20180831;-999;-999;-999;    3;  24.0;   4;-999;-999;  -999;  14.9;    -999;   13.1;   98.79;   14.5;   12.0;   10.0;eor
       1103;20180901;-999;-999;-999;    3;   5.9;   4;-999;-999;  -999;  13.3;    -999;   11.3;   99.04;   12.3;   10.3;   10.4;eor
       1103;20180902;-999;-999;-999;    3;   0.0;   4;-999;-999;  -999;  13.8;    -999;   12.6;   94.25;   16.5;   10.4;   10.4;eor
       1103;20180903;-999;-999;-999;    3;  24.4;   4;-999;-999;  -999;  14.6;    -999;   14.8;   87.00;   18.7;   11.7;   11.2;eor
       1103;20180904;-999;-999;-999;    3;  10.2;   4;-999;-999;  -999;  16.5;    -999;   14.7;   97.92;   17.4;   13.7;   12.6;eor
       1103;20180905;-999;-999;-999;    3;   0.0;   0;-999;-999;  -999;  16.1;    -999;   17.0;   84.25;   22.4;   11.6;    9.3;eor
       1103;20180906;-999;-999;-999;    3;   0.3;   4;-999;-999;  -999;  15.3;    -999;   17.7;   77.13;   23.5;   11.7;   10.0;eor
       1103;20180907;-999;-999;-999;    3;   7.0;   4;-999;-999;  -999;  16.4;    -999;   15.5;   93.00;   19.6;   13.6;   13.4;eor
       1103;20180908;-999;-999;-999;    3;   0.0;   0;-999;-999;  -999;  14.2;    -999;   15.6;   81.25;   21.4;   11.4;    9.0;eor
       1103;20180909;-999;-999;-999;    3;   0.0;   0;-999;-999;  -999;  14.1;    -999;   17.1;   74.38;   23.3;   11.3;    8.1;eor
       1103;20180910;-999;-999;-999;    3;   0.0;   0;-999;-999;  -999;  14.1;    -999;   18.4;   67.83;   24.5;   12.1;    8.4;eor
       1103;20180911;-999;-999;-999;    3;   0.0;   0;-999;-999;  -999;  13.1;    -999;   19.6;   58.21;   25.8;   14.1;   10.2;eor
       1103;20180912;-999;-999;-999;    3;   0.0;   0;-999;-999;  -999;  14.4;    -999;   20.7;   60.29;   27.8;   14.4;    9.7;eor
       1103;20180913;-999;-999;-999;    3;  13.0;   4;-999;-999;  -999;  15.8;    -999;   18.7;   73.42;   23.3;   15.1;   12.0;eor
       1103;20180914;-999;-999;-999;    3;   2.0;   4;-999;-999;  -999;  15.6;    -999;   15.1;   90.96;   19.9;   12.9;    9.9;eor
       1103;20180915;-999;-999;-999;    3;   0.0;   0;-999;-999;  -999;  14.5;    -999;   15.1;   84.29;   18.8;   11.2;    9.0;eor
       1103;20180916;-999;-999;-999;    3;   0.3;   4;-999;-999;  -999;  13.8;    -999;   16.4;   73.00;   21.7;   11.1;    8.0;eor
       1103;20180917;-999;-999;-999;    3;   0.0;   0;-999;-999;  -999;  16.4;    -999;   18.9;   76.25;   25.0;   14.1;   11.5;eor
       1103;20180918;-999;-999;-999;    3;   3.8;   4;-999;-999;  -999;  16.0;    -999;   18.8;   74.79;   26.3;   13.8;   10.5;eor
       1103;20180919;-999;-999;-999;    3;   0.0;   0;-999;-999;  -999;  15.4;    -999;   17.7;   77.33;   24.3;   13.1;   10.6;eor
       1103;20180920;-999;-999;-999;    3;   0.0;   0;-999;-999;  -999;  15.4;    -999;   18.7;   72.79;   25.5;   13.1;    9.9;eor
       1103;20180921;-999;-999;-999;    3;   1.4;   4;-999;-999;  -999;  13.8;    -999;   18.5;   68.17;   26.7;   10.3;    9.2;eor
       1103;20180922;-999;-999;-999;    3;   9.2;   4;-999;-999;  -999;  10.0;    -999;   12.4;   70.79;   16.2;    9.6;    8.0;eor
       1103;20180923;-999;-999;-999;    3;  17.6;   4;-999;-999;  -999;  14.2;    -999;   15.7;   81.58;   24.5;    9.1;    9.1;eor
       1103;20180924;-999;-999;-999;    3;   0.0;   0;-999;-999;  -999;   7.9;    -999;    7.9;   74.75;   11.8;    5.2;    2.1;eor
       1103;20180925;-999;-999;-999;    3;   0.0;   0;-999;-999;  -999;   6.6;    -999;    6.4;   69.13;   11.6;    2.6;   -0.9;eor
       1103;20180926;-999;-999;-999;    3;   0.0;   0;-999;-999;  -999;   7.9;    -999;    8.6;   70.29;   16.8;    1.7;   -0.2;eor
       1103;20180927;-999;-999;-999;    3;   0.0;   0;-999;-999;  -999;   9.8;    -999;   13.2;   65.29;   19.9;    6.8;    2.2;eor
       1103;20180928;-999;-999;-999;    3;   0.0;   0;-999;-999;  -999;  11.0;    -999;   14.3;   67.92;   20.2;    9.7;    4.5;eor
       1103;20180929;-999;-999;-999;    3;   0.0;   0;-999;-999;  -999;   8.3;    -999;    9.7;   69.04;   13.9;    5.2;    3.1;eor
       1103;20180930;-999;-999;-999;    3;   7.2;   4;-999;-999;  -999;   9.9;    -999;   10.8;   73.50;   18.9;    2.4;    0.0;eor
       1103;20181001;-999;-999;-999;    3;  11.1;   4;-999;   0;  -999;  10.6;    -999;    9.3;   90.25;   13.1;    5.9;    5.3;eor
       1103;20181002;-999;-999;-999;    3;   0.0;   0;-999;   0;  -999;   7.6;    -999;    7.6;   74.25;   10.9;    4.1;    3.3;eor
       1103;20181003;-999;-999;-999;    3;   0.0;   4;-999;   0;  -999;  10.1;    -999;   10.4;   79.92;   13.6;    8.7;    4.8;eor
       1103;20181004;-999;-999;-999;    3;   0.0;   0;-999;   0;  -999;  10.2;    -999;   10.7;   79.63;   15.5;    6.4;    2.0;eor
       1103;20181005;-999;-999;-999;    3;   0.0;   0;-999;   0;  -999;  10.8;    -999;   11.4;   80.33;   18.5;    5.0;    1.1;eor
       1103;20181006;-999;-999;-999;    3;   0.3;   4;-999;   0;  -999;  12.3;    -999;   14.5;   74.38;   20.4;    8.5;    4.7;eor
       1103;20181007;-999;-999;-999;    3;   0.4;   4;-999;   0;  -999;  13.9;    -999;   14.0;   87.17;   16.0;   12.2;    8.7;eor
       1103;20181008;-999;-999;-999;    3;   0.0;   0;-999;   0;  -999;  13.7;    -999;   12.9;   91.92;   16.9;   10.9;    6.8;eor
       1103;20181009;-999;-999;-999;    3;   0.0;   0;-999;   0;  -999;  13.1;    -999;   12.3;   91.67;   15.6;   10.4;    5.9;eor
       1103;20181010;-999;-999;-999;    3;   0.0;   0;-999;   0;  -999;  13.2;    -999;   13.2;   87.29;   18.6;   10.1;    6.1;eor
       1103;20181011;-999;-999;-999;    3;   0.0;   0;-999;   0;  -999;  10.6;    -999;   15.8;   59.13;   22.3;    8.5;    4.4;eor
       1103;20181012;-999;-999;-999;    3;   0.0;   0;-999;   0;  -999;  11.9;    -999;   18.0;   58.33;   23.4;   12.3;    7.6;eor
       1103;20181013;-999;-999;-999;    3;   0.0;   0;-999;   0;  -999;  12.1;    -999;   14.7;   73.38;   20.2;    9.8;    5.3;eor
       1103;20181014;-999;-999;-999;    3;   0.0;   0;-999;   0;  -999;  10.6;    -999;   15.6;   60.79;   22.2;   10.4;    4.2;eor
       1103;20181015;-999;-999;-999;    3;   0.0;   0;-999;   0;  -999;   9.7;    -999;   15.4;   55.92;   21.9;   11.3;    4.5;eor
       1103;20181016;-999;-999;-999;    3;   0.0;   0;-999;   0;  -999;   9.5;    -999;   14.8;   56.75;   21.3;    9.1;    5.5;eor
       1103;20181017;-999;-999;-999;    3;   0.0;   0;-999;   0;  -999;  10.4;    -999;   13.4;   68.08;   18.8;    8.8;    4.6;eor
       1103;20181018;-999;-999;-999;    3;   0.0;   0;-999;   0;  -999;  11.3;    -999;   12.3;   79.75;   18.3;    7.5;    4.2;eor
       1103;20181019;-999;-999;-999;    3;   0.0;   0;-999;   0;  -999;  11.2;    -999;   10.6;   88.33;   16.2;    7.1;    3.9;eor
       1103;20181020;-999;-999;-999;    3;   0.0;   0;-999;   0;  -999;  10.0;    -999;   10.0;   82.04;   14.9;    6.3;    4.0;eor
       1103;20181021;-999;-999;-999;    3;   0.0;   0;-999;   0;  -999;   7.8;    -999;    8.1;   72.88;   12.4;    4.2;    0.3;eor
       1103;20181022;-999;-999;-999;    3;   0.0;   0;-999;   0;  -999;   7.3;    -999;    7.0;   73.17;   12.6;    1.2;   -1.3;eor
       1103;20181023;-999;-999;-999;    3;   1.1;   4;-999;   0;  -999;   7.8;    -999;    8.8;   69.92;   12.1;    5.2;    3.9;eor
       1103;20181024;-999;-999;-999;    3;   6.4;   4;-999;   0;  -999;  10.0;    -999;    9.9;   82.00;   12.0;    7.9;    7.0;eor
       1103;20181025;-999;-999;-999;    3;   0.0;   0;-999;   0;  -999;  11.0;    -999;   10.4;   87.42;   13.9;    8.5;    6.1;eor
       1103;20181026;-999;-999;-999;    3;   0.1;   4;-999;   0;  -999;   9.4;    -999;   10.2;   75.88;   16.4;    6.6;    4.9;eor
       1103;20181027;-999;-999;-999;    3;  16.9;   4;-999;   0;  -999;   8.1;    -999;    5.0;   92.29;    7.1;    3.2;    3.3;eor
       1103;20181028;-999;-999;-999;    3;   2.8;   4;-999;   0;  -999;   7.3;    -999;    3.2;   95.54;    4.1;    2.6;    2.9;eor
       1103;20181029;-999;-999;-999;    3;   1.8;   4;-999;   0;  -999;   9.2;    -999;    6.3;   95.92;   12.3;    3.1;    3.5;eor
       1103;20181030;-999;-999;-999;    3;   0.0;   0;-999;   0;  -999;   6.9;    -999;    7.7;   67.00;   13.5;    2.5;   -0.8;eor
       1103;20181031;-999;-999;-999;    3;   0.0;   0;-999;   0;  -999;   7.4;    -999;    6.3;   78.00;   10.1;    0.3;   -2.0;eor
       1103;20181101;-999;-999;-999;    3;   0.0;   0;-999;   0;  -999;   8.1;    -999;    9.7;   68.00;   12.6;    5.3;    2.4;eor
       1103;20181102;-999;-999;-999;    3;   0.4;   4;-999;   0;  -999;   9.1;    -999;    7.2;   89.83;    9.4;    4.7;    2.0;eor
       1103;20181103;-999;-999;-999;    3;   0.0;   0;-999;   0;  -999;  10.1;    -999;    8.1;   93.42;    9.2;    6.9;    6.9;eor
       1103;20181104;-999;-999;-999;    3;   0.0;   0;-999;   0;  -999;  10.7;    -999;    8.5;   96.67;    9.0;    7.7;    8.0;eor
       1103;20181105;-999;-999;-999;    3;   0.0;   0;-999;   0;  -999;   9.8;    -999;   11.3;   75.67;   18.7;    4.7;    2.8;eor
       1103;20181106;-999;-999;-999;    3;   0.0;   0;-999;   0;  -999;   9.7;    -999;   13.6;   62.00;   18.6;    9.0;    5.1;eor
       1103;20181107;-999;-999;-999;    3;   0.0;   0;-999;   0;  -999;  10.6;    -999;   10.4;   83.96;   15.3;    6.3;    3.3;eor
       1103;20181108;-999;-999;-999;    3;   0.0;   0;-999;   0;  -999;   9.9;    -999;    9.3;   84.92;   13.4;    6.0;    4.3;eor
       1103;20181109;-999;-999;-999;    3;   0.0;   0;-999;   0;  -999;   9.6;    -999;    6.8;   96.25;    8.7;    5.8;    6.0;eor
       1103;20181110;-999;-999;-999;    3;   0.0;   0;-999;   0;  -999;   9.3;    -999;    6.7;   94.13;   11.1;    4.9;    3.2;eor
       1103;20181111;-999;-999;-999;    3;   0.0;   0;-999;   0;  -999;   9.6;    -999;    7.3;   93.71;   12.7;    5.1;    3.1;eor
       1103;20181112;-999;-999;-999;    3;   0.0;   0;-999;   0;  -999;   9.1;    -999;    7.6;   88.17;   14.8;    1.9;    0.4;eor
       1103;20181113;-999;-999;-999;    3;   0.0;   0;-999;   0;  -999;   9.3;    -999;    8.4;   83.63;   14.6;    5.0;    1.6;eor
       1103;20181114;-999;-999;-999;    3;   0.0;   0;-999;   0;  -999;   8.3;    -999;    4.5;   97.79;    6.4;    2.3;    0.4;eor
       1103;20181115;-999;-999;-999;    3;   0.0;   0;-999;   0;  -999;   7.3;    -999;    2.7;   97.63;    3.7;   -0.3;   -2.5;eor
       1103;20181116;-999;-999;-999;    3;   0.0;   0;-999;   0;  -999;   6.1;    -999;    1.7;   89.29;    4.3;   -0.2;   -2.6;eor
       1103;20181117;-999;-999;-999;    3;   0.0;   0;-999;   0;  -999;   5.2;    -999;    1.4;   77.00;    5.5;   -1.5;   -3.4;eor
       1103;20181118;-999;-999;-999;    3;   2.3;   4;-999;   0;  -999;   4.7;    -999;    0.3;   76.50;    4.4;   -2.8;   -4.4;eor
       1103;20181119;-999;-999;-999;    3;   0.0;   4;-999;   3;  -999;   4.9;    -999;   -1.5;   89.50;   -0.4;   -2.6;   -3.3;eor
       1103;20181120;-999;-999;-999;    3;   0.0;   0;-999;   2;  -999;   5.3;    -999;    0.4;   84.54;    5.0;   -2.5;   -3.1;eor
       1103;20181121;-999;-999;-999;    3;   0.0;   4;-999;   0;  -999;   5.6;    -999;   -0.8;   97.54;    0.3;   -2.0;   -1.6;eor
       1103;20181122;-999;-999;-999;    3;   0.0;   0;-999;   0;  -999;   6.0;    -999;    0.6;   94.00;    4.6;   -1.2;   -1.5;eor
       1103;20181123;-999;-999;-999;    3;   0.0;   0;-999;   0;  -999;   6.3;    -999;    0.6;   98.79;    1.8;   -0.5;   -0.1;eor
       1103;20181124;-999;-999;-999;    3;   2.4;   4;-999;   0;  -999;   7.7;    -999;    3.7;   96.25;    6.5;    1.8;    0.0;eor
       1103;20181125;-999;-999;-999;    3;   1.1;   4;-999;   0;  -999;   7.1;    -999;    2.4;   98.17;    4.2;   -0.1;   -0.8;eor
       1103;20181126;-999;-999;-999;    3;  11.5;   4;-999;   0;  -999;   6.4;    -999;    1.1;   96.50;    2.8;   -0.1;    0.0;eor
       1103;20181127;-999;-999;-999;    3;   3.5;   4;-999;   4;  -999;   5.9;    -999;    0.1;   95.63;    0.6;   -0.4;   -0.2;eor
       1103;20181128;-999;-999;-999;    3;   0.0;   0;-999;   6;  -999;   5.3;    -999;   -1.6;   96.42;   -0.1;   -3.9;   -6.0;eor
       1103;20181129;-999;-999;-999;    3;   0.0;   0;-999;   4;  -999;   4.7;    -999;   -2.6;   92.38;   -0.3;   -4.2;   -4.0;eor
       1103;20181130;-999;-999;-999;    3;   5.2;   4;-999;   3;  -999;   5.5;    -999;   -0.6;   92.71;    3.8;   -3.2;   -3.0;eor
       1103;20181201;-999;-999;-999;    3;   0.0;   0;-999;   0;  -999;   7.7;    -999;    4.3;   92.67;    7.9;    0.9;   -1.1;eor
       1103;20181202;-999;-999;-999;    3;   9.3;   4;-999;   0;  -999;   8.0;    -999;    5.2;   88.33;   10.8;    1.0;   -0.6;eor
       1103;20181203;-999;-999;-999;    3;   1.6;   4;-999;   0;  -999;  10.0;    -999;   11.0;   76.54;   13.6;    8.2;    7.5;eor
       1103;20181204;-999;-999;-999;    3;   3.2;   4;-999;   0;  -999;   8.2;    -999;    6.7;   83.88;    9.7;    2.6;    0.3;eor
       1103;20181205;-999;-999;-999;    3;   2.0;   4;-999;   0;  -999;   6.8;    -999;    2.2;   95.04;    3.5;    0.9;    0.1;eor
       1103;20181206;-999;-999;-999;    3;   0.4;   4;-999;   0;  -999;   8.8;    -999;    6.5;   89.96;    9.5;    1.2;    1.5;eor
       1103;20181207;-999;-999;-999;    3;   0.0;   0;-999;   0;  -999;   9.0;    -999;    9.1;   77.42;   12.1;    6.8;    3.5;eor
       1103;20181208;-999;-999;-999;    3;   1.0;   4;-999;   0;  -999;   5.8;    -999;    6.2;   61.21;    8.4;    3.6;    1.9;eor
       1103;20181209;-999;-999;-999;    3;  18.8;   4;-999;   0;  -999;   7.4;    -999;    5.3;   83.00;    8.9;    3.1;    2.6;eor
       1103;20181210;-999;-999;-999;    3;   5.1;   4;-999;   4;  -999;   6.2;    -999;    1.2;   92.04;    3.8;   -0.2;   -0.9;eor
       1103;20181211;-999;-999;-999;    3;   1.3;   4;-999;   3;  -999;   5.4;    -999;    0.0;   87.63;    0.9;   -0.8;   -1.9;eor
       1103;20181212;-999;-999;-999;    3;   2.4;   4;-999;   3;  -999;   5.4;    -999;   -0.8;   92.63;   -0.1;   -1.8;   -3.5;eor
       1103;20181213;-999;-999;-999;    3;   0.0;   0;-999;   2;  -999;   4.6;    -999;   -2.4;   88.96;   -1.3;   -3.6;   -3.4;eor
       1103;20181214;-999;-999;-999;    3;   0.0;   0;-999;   2;  -999;   3.9;    -999;   -3.6;   83.50;   -3.3;   -4.0;   -3.8;eor
       1103;20181215;-999;-999;-999;    3;   0.0;   0;-999;   2;  -999;   3.7;    -999;   -3.8;   80.21;   -3.1;   -7.7;  -10.9;eor
       1103;20181216;-999;-999;-999;    3;   0.8;   4;-999;   2;  -999;   4.2;    -999;   -4.0;   89.50;    0.7;   -7.9;   -9.7;eor
       1103;20181217;-999;-999;-999;    3;   0.7;   4;-999;   3;  -999;   5.4;    -999;   -0.2;   88.92;    2.4;   -3.6;   -8.1;eor
       1103;20181218;-999;-999;-999;    3;   0.0;   0;-999;   2;  -999;   5.8;    -999;    0.8;   89.13;    3.5;   -2.4;   -3.7;eor
       1103;20181219;-999;-999;-999;    3;   1.0;   4;-999;   2;  -999;   4.8;    -999;   -0.9;   84.92;    1.4;   -3.8;   -4.5;eor
       1103;20181220;-999;-999;-999;    3;   0.0;   4;-999;   1;  -999;   6.1;    -999;    3.8;   77.13;    6.9;   -0.1;   -1.3;eor
       1103;20181221;-999;-999;-999;    3;   3.0;   4;-999;   0;  -999;   6.9;    -999;    5.3;   76.38;   10.8;    1.1;   -0.9;eor
       1103;20181222;-999;-999;-999;    3;  13.1;   4;-999;   0;  -999;   9.0;    -999;    9.0;   78.54;   11.3;    6.2;    5.5;eor
       1103;20181223;-999;-999;-999;    3;  20.1;   4;-999;   0;  -999;   8.8;    -999;    6.7;   89.63;    9.9;    5.4;    4.9;eor
       1103;20181224;-999;-999;-999;    3;   5.7;   4;-999;   0;  -999;   7.5;    -999;    3.9;   91.58;   10.9;    1.1;    0.4;eor
       1103;20181225;-999;-999;-999;    3;   0.0;   0;-999;   0;  -999;   5.4;    -999;   -0.3;   89.92;    1.4;   -2.1;   -4.6;eor
       1103;20181226;-999;-999;-999;    3;   0.0;   0;-999;   0;  -999;   4.7;    -999;   -2.0;   88.88;    2.7;   -4.9;   -6.9;eor
       1103;20181227;-999;-999;-999;    3;   0.0;   0;-999;   0;  -999;   4.9;    -999;   -1.2;   87.63;    2.8;   -4.0;   -6.5;eor
       1103;20181228;-999;-999;-999;    3;   0.0;   0;-999;   0;  -999;   4.9;    -999;    0.6;   77.92;    4.8;   -1.8;   -4.2;eor
       1103;20181229;-999;-999;-999;    3;   3.9;   4;-999;   0;  -999;   5.0;    -999;   -1.0;   88.25;    0.6;   -3.0;   -2.9;eor
       1103;20181230;-999;-999;-999;    3;   4.8;   4;-999;   0;  -999;   6.4;    -999;    1.7;   92.33;    2.5;   -0.6;   -0.6;eor
       1103;20181231;-999;-999;-999;    3;  10.4;   4;-999;   0;  -999;   6.8;    -999;    2.1;   95.88;    3.7;    0.4;    0.1;eor
       1103;20190101;-999;-999;-999;    3;   3.1;   4;-999;   0;  -999;   6.8;    -999;    3.2;   89.17;    3.8;    1.0;    0.9;eor
       1103;20190102;-999;-999;-999;    3;   2.6;   4;-999;   0;  -999;   4.8;    -999;   -1.1;   85.17;    2.1;   -4.0;   -7.9;eor
       1103;20190103;-999;-999;-999;    3;   0.7;   4;-999;   3;  -999;   3.7;    -999;   -3.0;   76.08;   -1.2;   -4.3;   -7.9;eor
       1103;20190104;-999;-999;-999;    3;   6.2;   4;-999;   4;  -999;   4.6;    -999;   -2.3;   88.00;   -1.5;   -2.9;   -3.1;eor
       1103;20190105;-999;-999;-999;    3;  19.6;   4;-999;   9;  -999;   5.5;    -999;   -0.6;   94.04;    0.3;   -1.6;   -0.9;eor
       1103;20190106;-999;-999;-999;    3;   6.5;   4;-999;  13;  -999;   6.1;    -999;    0.4;   96.54;    0.8;    0.1;    0.0;eor
       1103;20190107;-999;-999;-999;    3;   2.2;   4;-999;  16;  -999;   6.0;    -999;    0.5;   94.79;    0.9;    0.1;    0.0;eor
       1103;20190108;-999;-999;-999;    3;   8.3;   4;-999;  13;  -999;   5.9;    -999;    1.2;   88.75;    2.6;    0.2;    0.0;eor
       1103;20190109;-999;-999;-999;    3;  14.8;   4;-999;  18;  -999;   5.2;    -999;   -1.1;   91.75;    0.7;   -2.2;   -2.2;eor
       1103;20190110;-999;-999;-999;    3;   7.9;   4;-999;  30;  -999;   4.9;    -999;   -2.1;   92.92;   -0.7;   -4.2;   -2.3;eor
       1103;20190111;-999;-999;-999;    3;   2.0;   4;-999;  39;  -999;   4.0;    -999;   -3.7;   84.96;   -1.7;   -5.9;   -3.2;eor
       1103;20190112;-999;-999;-999;    3;   7.2;   4;-999;  50;  -999;   5.6;    -999;    0.2;   90.04;    1.6;   -2.0;   -2.4;eor
       1103;20190113;-999;-999;-999;    3;  14.9;   4;-999;  46;  -999;   6.5;    -999;    1.9;   92.46;    4.2;    0.2;    0.0;eor
       1103;20190114;-999;-999;-999;    3;  13.6;   4;-999;  39;  -999;   6.2;    -999;    1.0;   93.33;    3.9;   -1.1;   -1.5;eor
       1103;20190115;-999;-999;-999;    3;   0.0;   0;-999;  38;  -999;   5.1;    -999;   -0.1;   83.63;    1.3;   -1.8;   -2.5;eor
       1103;20190116;-999;-999;-999;    3;   0.0;   0;-999;  35;  -999;   4.7;    -999;   -0.4;   79.17;    2.7;   -4.1;   -5.3;eor
       1103;20190117;-999;-999;-999;    3;   1.0;   4;-999;  28;  -999;   5.3;    -999;    3.0;   70.33;    7.5;   -1.4;   -2.8;eor
       1103;20190118;-999;-999;-999;    3;   0.0;   0;-999;  23;  -999;   4.3;    -999;   -1.5;   78.54;    1.1;   -5.0;   -8.3;eor
       1103;20190119;-999;-999;-999;    3;   0.0;   0;-999;  23;  -999;   3.5;    -999;   -5.2;   83.96;   -2.4;   -7.7;  -12.0;eor
       1103;20190120;-999;-999;-999;    3;   0.7;   4;-999;  23;  -999;   3.6;    -999;   -5.1;   85.29;    0.0;   -8.3;  -13.3;eor
       1103;20190121;-999;-999;-999;    3;   0.0;   0;-999;  26;  -999;   4.0;    -999;   -4.1;   88.00;   -2.6;   -5.7;  -10.2;eor
       1103;20190122;-999;-999;-999;    3;   0.0;   0;-999;  26;  -999;   3.8;    -999;   -4.8;   89.75;   -3.2;   -6.3;   -6.2;eor
       1103;20190123;-999;-999;-999;    3;   0.0;   0;-999;  25;  -999;   3.6;    -999;   -5.8;   90.29;   -4.8;   -6.6;   -6.4;eor
       1103;20190124;-999;-999;-999;    3;   0.4;   4;-999;  25;  -999;   3.6;    -999;   -4.2;   81.04;   -2.5;   -5.5;   -6.5;eor
       1103;20190125;-999;-999;-999;    3;   0.2;   4;-999;  26;  -999;   3.2;    -999;   -5.5;   79.08;   -4.0;   -7.7;  -10.8;eor
       1103;20190126;-999;-999;-999;    3;   3.4;   4;-999;  30;  -999;   5.4;    -999;    0.2;   83.54;    3.5;   -6.4;   -7.6;eor
       1103;20190127;-999;-999;-999;    3;   0.5;   4;-999;  21;  -999;   5.7;    -999;    2.0;   82.17;    5.9;   -1.8;   -4.6;eor
       1103;20190128;-999;-999;-999;    3;   0.5;   4;-999;  21;  -999;   4.6;    -999;    1.0;   71.04;    2.8;   -0.7;   -0.6;eor
       1103;20190129;-999;-999;-999;    3;   0.0;   4;-999;  21;  -999;   4.4;    -999;   -1.3;   79.17;    1.8;   -5.1;   -7.8;eor
       1103;20190130;-999;-999;-999;    3;   0.0;   0;-999;  21;  -999;   3.5;    -999;   -2.4;   69.25;    2.7;   -8.1;  -11.7;eor
       1103;20190131;-999;-999;-999;    3;   0.0;   0;-999;  19;  -999;   3.5;    -999;   -2.1;   66.50;    1.6;   -6.0;  -10.6;eor
       1103;20190201;-999;-999;-999;    3;   1.0;   4;-999;  19;  -999;   4.2;    -999;   -0.2;   69.38;    4.1;   -1.7;   -3.3;eor
       1103;20190202;-999;-999;-999;    3;  20.0;   4;-999;  17;  -999;   6.2;    -999;    1.3;   90.92;    5.1;   -1.3;   -2.5;eor
       1103;20190203;-999;-999;-999;    3;  22.6;   4;-999;  28;  -999;   5.5;    -999;   -0.7;   94.96;    0.6;   -2.1;   -2.4;eor
       1103;20190204;-999;-999;-999;    3;   0.0;   0;-999;  32;  -999;   4.6;    -999;   -2.4;   90.25;    0.4;   -7.0;   -9.9;eor
       1103;20190205;-999;-999;-999;    3;   0.0;   0;-999;  29;  -999;   4.2;    -999;   -3.7;   91.29;    0.0;   -6.7;   -7.4;eor
       1103;20190206;-999;-999;-999;    3;   0.0;   0;-999;  29;  -999;   3.7;    -999;   -5.6;   92.71;   -3.2;   -7.7;   -9.4;eor
       1103;20190207;-999;-999;-999;    3;   4.7;   4;-999;  29;  -999;   4.5;    -999;   -3.7;   92.42;    3.8;  -11.3;  -14.0;eor
       1103;20190208;-999;-999;-999;    3;   0.0;   0;-999;  27;  -999;   5.5;    -999;    2.4;   75.50;    5.7;   -0.7;   -2.8;eor
       1103;20190209;-999;-999;-999;    3;   0.2;   4;-999;  24;  -999;   5.8;    -999;    5.1;   65.58;    8.5;   -0.4;   -5.2;eor
       1103;20190210;-999;-999;-999;    3;   2.7;   4;-999;  19;  -999;   5.5;    -999;    3.9;   69.58;   10.1;   -0.5;   -2.5;eor
       1103;20190211;-999;-999;-999;    3;   6.6;   4;-999;  12;  -999;   5.6;    -999;    0.9;   86.25;    3.9;   -0.8;   -2.5;eor
       1103;20190212;-999;-999;-999;    3;   0.0;   0;-999;  16;  -999;   4.9;    -999;   -0.2;   81.92;    1.9;   -2.2;   -5.3;eor
       1103;20190213;-999;-999;-999;    3;   0.0;   0;-999;  14;  -999;   4.4;    -999;    0.1;   72.67;    7.4;   -2.8;   -5.5;eor
       1103;20190214;-999;-999;-999;    3;   0.0;   0;-999;   9;  -999;   5.2;    -999;    2.0;   74.21;    9.6;   -2.7;   -5.3;eor
       1103;20190215;-999;-999;-999;    3;   0.0;   0;-999;   9;  -999;   5.3;    -999;    3.4;   69.71;    9.3;   -2.2;   -4.5;eor
       1103;20190216;-999;-999;-999;    3;   0.0;   0;-999;   7;  -999;   4.6;    -999;    4.5;   57.04;   11.0;   -1.3;   -4.2;eor
       1103;20190217;-999;-999;-999;    3;   0.0;   0;-999;   7;  -999;   4.3;    -999;    5.2;   49.13;   11.6;    0.1;   -3.1;eor
       1103;20190218;-999;-999;-999;    3;   0.0;   0;-999;   6;  -999;   4.2;    -999;    4.6;   49.88;   12.9;   -0.1;   -3.2;eor
       1103;20190219;-999;-999;-999;    3;   0.2;   4;-999;   6;  -999;   5.6;    -999;    6.7;   57.42;   11.7;    2.3;   -0.5;eor
       1103;20190220;-999;-999;-999;    3;   0.0;   0;-999;   5;  -999;   7.1;    -999;    5.2;   80.63;    8.5;    2.9;    1.8;eor
       1103;20190221;-999;-999;-999;    3;   1.7;   4;-999;   5;  -999;   7.0;    -999;    6.8;   71.25;   10.3;    3.5;    2.3;eor
       1103;20190222;-999;-999;-999;    3;   1.2;   4;-999;   4;  -999;   8.1;    -999;    5.2;   90.79;    7.5;    0.7;   -0.2;eor
       1103;20190223;-999;-999;-999;    3;   0.0;   0;-999;   0;  -999;   3.3;    -999;   -0.7;   57.83;    2.9;   -3.6;   -4.4;eor
       1103;20190224;-999;-999;-999;    3;   0.0;   0;-999;   0;  -999;   3.2;    -999;   -0.2;   52.04;    5.1;   -4.8;   -5.8;eor
       1103;20190225;-999;-999;-999;    3;   0.0;   0;-999;   0;  -999;   5.4;    -999;    4.7;   60.33;   11.4;   -2.4;   -3.8;eor
       1103;20190226;-999;-999;-999;    3;   0.0;   0;-999;   0;  -999;   6.6;    -999;    7.9;   62.96;   14.4;    0.6;   -0.9;eor
       1103;20190227;-999;-999;-999;    3;   0.0;   0;-999;   0;  -999;   5.9;    -999;    9.2;   51.96;   15.6;    4.0;    1.5;eor
       1103;20190228;-999;-999;-999;    3;   1.2;   4;-999;   0;  -999;   5.8;    -999;   11.2;   44.38;   16.5;    4.5;    1.9;eor
       1103;20190301;-999;-999;-999;    3;   5.7;   4;-999;   0;  -999;   7.9;    -999;    6.0;   84.29;    8.7;    4.8;    4.6;eor
       1103;20190302;-999;-999;-999;    3;   0.2;   4;-999;   0;  -999;   7.3;    -999;    5.2;   82.54;    7.2;    3.9;    3.1;eor
       1103;20190303;-999;-999;-999;    3;   0.0;   0;-999;   0;  -999;   6.7;    -999;    8.8;   60.79;   13.5;    5.6;    4.5;eor
       1103;20190304;-999;-999;-999;    3;   0.6;   4;-999;   0;  -999;   5.9;    -999;    7.3;   58.79;   15.7;    3.4;    2.3;eor
       1103;20190305;-999;-999;-999;    3;   6.4;   4;-999;   0;  -999;   5.6;    -999;    5.2;   65.54;    8.8;    2.1;    1.8;eor
       1103;20190306;-999;-999;-999;    3;   0.0;   0;-999;   0;  -999;   7.4;    -999;    6.1;   78.96;   11.5;    0.7;   -0.1;eor
       1103;20190307;-999;-999;-999;    3;   1.7;   4;-999;   0;  -999;   6.8;    -999;    7.9;   65.17;   12.0;    4.8;    3.0;eor
       1103;20190308;-999;-999;-999;    3;   0.0;   0;-999;   0;  -999;   6.0;    -999;    6.4;   62.75;    9.1;    4.4;    2.8;eor
       1103;20190309;-999;-999;-999;    3;   1.9;   4;-999;   0;  -999;   7.0;    -999;    8.1;   64.67;   11.3;    4.5;    3.6;eor
       1103;20190310;-999;-999;-999;    3;   6.9;   4;-999;   0;  -999;   8.3;    -999;    9.0;   73.04;   13.2;    3.4;    2.6;eor
       1103;20190311;-999;-999;-999;    3;   5.1;   4;-999;   0;  -999;   5.0;    -999;    1.3;   76.17;    4.3;   -1.1;   -1.3;eor
       1103;20190312;-999;-999;-999;    3;   0.1;   4;-999;   2;  -999;   4.5;    -999;    3.2;   60.04;    7.5;   -0.1;   -0.3;eor
       1103;20190313;-999;-999;-999;    3;   1.1;   4;-999;   0;  -999;   5.4;    -999;    4.7;   63.63;    9.3;    2.4;    1.3;eor
       1103;20190314;-999;-999;-999;    3;   4.1;   4;-999;   0;  -999;   6.2;    -999;    3.5;   79.04;    5.4;    1.8;    1.1;eor
       1103;20190315;-999;-999;-999;    3;  12.1;   4;-999;   0;  -999;   8.1;    -999;    5.8;   87.25;    9.2;    2.5;    2.3;eor
       1103;20190316;-999;-999;-999;    3;   0.0;   0;-999;   0;  -999;   7.5;    -999;   10.6;   59.50;   15.1;    7.6;    4.9;eor
       1103;20190317;-999;-999;-999;    3;   3.9;   4;-999;   0;  -999;   5.6;    -999;    9.3;   52.75;   19.1;    2.2;    1.7;eor
       1103;20190318;-999;-999;-999;    3;   0.3;   4;-999;   0;  -999;   5.7;    -999;    2.4;   78.58;    5.9;    0.8;   -0.5;eor
       1103;20190319;-999;-999;-999;    3;   0.0;   0;-999;   0;  -999;   5.2;    -999;    2.3;   73.29;    7.9;   -0.9;   -2.2;eor
       1103;20190320;-999;-999;-999;    3;   0.0;   0;-999;   0;  -999;   4.5;    -999;    2.9;   61.63;    7.4;   -1.6;   -3.8;eor
       1103;20190321;-999;-999;-999;    3;   0.0;   0;-999;   0;  -999;   4.6;    -999;    4.9;   53.83;   11.1;   -1.4;   -3.3;eor
       1103;20190322;-999;-999;-999;    3;   0.0;   0;-999;   0;  -999;   5.6;    -999;    7.6;   55.13;   14.1;    0.5;   -1.0;eor
       1103;20190323;-999;-999;-999;    3;   0.0;   0;-999;   0;  -999;   6.4;    -999;   10.9;   50.38;   17.9;    4.4;    1.7;eor
       1103;20190324;-999;-999;-999;    3;   0.0;   0;-999;   0;  -999;   7.5;    -999;   10.6;   59.83;   16.8;    4.5;    1.6;eor
       1103;20190325;-999;-999;-999;    3;   4.3;   4;-999;   0;  -999;   6.3;    -999;    4.6;   75.58;    8.9;    0.2;   -1.3;eor
       1103;20190326;-999;-999;-999;    3;   0.4;   4;-999;   0;  -999;   5.4;    -999;    2.5;   75.79;    6.5;   -0.4;   -2.6;eor
       1103;20190327;-999;-999;-999;    3;   0.2;   4;-999;   0;  -999;   6.4;    -999;    3.3;   82.58;    6.6;    1.0;    0.8;eor
       1103;20190328;-999;-999;-999;    3;   0.0;   0;-999;   0;  -999;   6.9;    -999;    6.7;   71.33;   11.0;    3.2;    2.3;eor
       1103;20190329;-999;-999;-999;    3;   0.0;   0;-999;   0;  -999;   7.6;    -999;    7.9;   73.54;   13.6;    3.4;    0.7;eor
       1103;20190330;-999;-999;-999;    3;   0.0;   0;-999;   0;  -999;   7.1;    -999;    9.9;   60.58;   16.9;    1.4;   -1.6;eor
       1103;20190331;-999;-999;-999;    3;   0.0;   0;-999;   0;  -999;   6.8;    -999;   10.9;   53.42;   16.4;    4.8;    0.2;eor
       1103;20190401;-999;-999;-999;    3;   0.0;   0;-999;   0;  -999;   7.7;    -999;    9.3;   65.67;   14.1;    5.4;    3.0;eor
       1103;20190402;-999;-999;-999;    3;   0.0;   0;-999;   0;  -999;   7.2;    -999;   11.0;   56.67;   18.6;    2.7;   -0.3;eor
       1103;20190403;-999;-999;-999;    3;   0.0;   0;-999;   0;  -999;   6.6;    -999;   12.5;   47.08;   18.2;    4.5;    4.0;eor
       1103;20190404;-999;-999;-999;    3;   0.0;   0;-999;   0;  -999;   7.0;    -999;    6.5;   74.00;   15.8;    1.8;   -0.4;eor
       1103;20190405;-999;-999;-999;    3;   0.0;   0;-999;   0;  -999;   6.9;    -999;    4.9;   79.13;    8.1;    2.6;    1.5;eor
       1103;20190406;-999;-999;-999;    3;   0.0;   0;-999;   0;  -999;   8.1;    -999;    8.5;   73.83;   14.5;    2.8;   -0.2;eor
       1103;20190407;-999;-999;-999;    3;   0.0;   0;-999;   0;  -999;   8.3;    -999;    9.4;   70.63;   15.4;    3.5;    1.0;eor
       1103;20190408;-999;-999;-999;    3;   0.5;   4;-999;   0;  -999;   9.2;    -999;    8.1;   85.08;    9.4;    6.9;    6.0;eor
       1103;20190409;-999;-999;-999;    3;   0.0;   0;-999;   0;  -999;   9.5;    -999;   10.4;   76.21;   15.7;    5.6;    2.3;eor
       1103;20190410;-999;-999;-999;    3;   0.8;   4;-999;   0;  -999;   9.3;    -999;    8.2;   85.71;   10.2;    6.6;    5.4;eor
       1103;20190411;-999;-999;-999;    3;   0.0;   0;-999;   0;  -999;   7.4;    -999;    6.6;   76.04;    8.9;    4.2;    3.5;eor
       1103;20190412;-999;-999;-999;    3;   0.0;   0;-999;   0;  -999;   5.1;    -999;    4.1;   62.33;    7.2;    1.0;   -0.4;eor
       1103;20190413;-999;-999;-999;    3;   0.0;   0;-999;   0;  -999;   5.2;    -999;    4.5;   62.83;    8.4;    1.1;    0.7;eor
       1103;20190414;-999;-999;-999;    3;   0.6;   4;-999;   0;  -999;   5.8;    -999;    4.7;   68.29;    7.9;    1.7;    0.2;eor
       1103;20190415;-999;-999;-999;    3;   0.0;   0;-999;   0;  -999;   6.9;    -999;    7.1;   70.88;   12.4;    3.6;    2.4;eor
       1103;20190416;-999;-999;-999;    3;   0.0;   0;-999;   0;  -999;   6.6;    -999;    9.9;   54.54;   16.9;    2.5;   -0.1;eor
       1103;20190417;-999;-999;-999;    3;   0.0;   0;-999;   0;  -999;   6.0;    -999;   10.7;   48.75;   16.8;    4.6;    0.9;eor
       1103;20190418;-999;-999;-999;    3;   0.0;   0;-999;   0;  -999;   7.7;    -999;   11.8;   57.13;   18.2;    4.9;    2.6;eor
       1103;20190419;-999;-999;-999;    3;   0.0;   0;-999;   0;  -999;   6.9;    -999;   13.6;   46.63;   20.4;    6.0;    3.0;eor
       1103;20190420;-999;-999;-999;    3;   0.0;   0;-999;   0;  -999;   6.0;    -999;   14.4;   38.42;   20.4;    7.1;    1.2;eor
       1103;20190421;-999;-999;-999;    3;   0.0;   0;-999;   0;  -999;   5.3;    -999;   14.2;   33.46;   21.1;    6.7;   -1.5;eor
       1103;20190422;-999;-999;-999;    3;   0.0;   0;-999;   0;  -999;   6.9;    -999;   14.6;   42.50;   21.2;    6.7;    0.6;eor
       1103;20190423;-999;-999;-999;    3;   0.0;   0;-999;   0;  -999;   8.7;    -999;   13.8;   56.08;   20.1;    8.7;    4.9;eor
       1103;20190424;-999;-999;-999;    3;   0.0;   0;-999;   0;  -999;   7.7;    -999;   17.7;   39.71;   24.8;   10.0;    5.0;eor
       1103;20190425;-999;-999;-999;    3;   0.0;   0;-999;   0;  -999;   8.0;    -999;   16.1;   48.54;   23.7;    7.4;    1.3;eor
       1103;20190426;-999;-999;-999;    3;   3.8;   4;-999;   0;  -999;   8.1;    -999;    8.8;   74.04;   15.4;    4.8;    2.7;eor
       1103;20190427;-999;-999;-999;    3;   4.4;   4;-999;   0;  -999;   8.5;    -999;    7.5;   82.46;   12.5;    4.7;    3.8;eor
       1103;20190428;-999;-999;-999;    3;   0.0;   0;-999;   0;  -999;   6.5;    -999;    5.8;   72.17;    9.7;    2.8;    2.4;eor
       1103;20190429;-999;-999;-999;    3;  11.7;   4;-999;   0;  -999;   8.0;    -999;    5.5;   88.21;    8.5;    3.6;    2.3;eor
       1103;20190430;-999;-999;-999;    3;   0.4;   4;-999;   0;  -999;   8.8;    -999;    7.5;   85.08;   12.1;    4.7;    1.6;eor
       1103;20190501;-999;-999;-999;    3;   0.0;   0;-999;-999;  -999;   7.8;    -999;   10.8;   62.17;   16.7;    5.3;    1.0;eor
       1103;20190502;-999;-999;-999;    3;  11.5;   4;-999;-999;  -999;   8.0;    -999;   12.7;   57.88;   19.6;    5.2;   -0.5;eor
       1103;20190503;-999;-999;-999;    3;   3.1;   4;-999;-999;  -999;   9.6;    -999;    8.0;   89.00;   10.6;    6.8;    4.1;eor
       1103;20190504;-999;-999;-999;    3;   4.1;   4;-999;-999;  -999;   7.8;    -999;    5.9;   84.50;   12.4;    1.0;    0.4;eor
       1103;20190505;-999;-999;-999;    3;   0.6;   4;-999;-999;  -999;   6.3;    -999;    2.6;   85.50;    6.4;    0.9;   -0.7;eor
       1103;20190506;-999;-999;-999;    3;   0.0;   0;-999;-999;  -999;   5.5;    -999;    4.6;   66.96;    8.3;    0.9;   -0.4;eor
       1103;20190507;-999;-999;-999;    3;   0.0;   0;-999;-999;  -999;   5.8;    -999;    7.2;   58.42;   12.6;    1.5;   -2.6;eor
       1103;20190508;-999;-999;-999;    3;   3.5;   4;-999;-999;  -999;   8.2;    -999;   10.2;   66.33;   15.1;    3.1;    1.5;eor
       1103;20190509;-999;-999;-999;    3;   0.6;   4;-999;-999;  -999;   8.8;    -999;   10.8;   69.54;   16.8;    6.3;    5.9;eor
       1103;20190510;-999;-999;-999;    3;   0.8;   4;-999;-999;  -999;   9.3;    -999;   10.8;   72.21;   15.7;    7.7;    4.0;eor
       1103;20190511;-999;-999;-999;    3;  12.3;   4;-999;-999;  -999;   9.6;    -999;   10.2;   77.21;   14.8;    6.9;    6.6;eor
       1103;20190512;-999;-999;-999;    3;  17.0;   4;-999;-999;  -999;   8.6;    -999;    5.5;   94.96;    6.9;    4.4;    4.8;eor
       1103;20190513;-999;-999;-999;    3;   0.0;   0;-999;-999;  -999;   7.5;    -999;    7.6;   74.21;   13.6;    4.0;    0.6;eor
       1103;20190514;-999;-999;-999;    3;   0.6;   4;-999;-999;  -999;   5.9;    -999;    6.2;   64.83;   12.0;    1.9;   -0.9;eor
       1103;20190515;-999;-999;-999;    3;   0.4;   4;-999;-999;  -999;   7.3;    -999;    4.8;   85.13;    7.3;    2.5;    3.0;eor
       1103;20190516;-999;-999;-999;    3;   0.0;   0;-999;-999;  -999;   8.3;    -999;    6.8;   83.58;    9.8;    3.5;    2.6;eor
       1103;20190517;-999;-999;-999;    3;   0.0;   0;-999;-999;  -999;   9.9;    -999;   12.2;   71.75;   19.1;    4.9;    1.7;eor
       1103;20190518;-999;-999;-999;    3;   0.0;   0;-999;-999;  -999;  10.0;    -999;   14.6;   62.75;   20.0;    7.5;    2.5;eor
       1103;20190519;-999;-999;-999;    3;   7.0;   4;-999;-999;  -999;  11.0;    -999;   14.7;   67.00;   21.6;    9.6;    4.2;eor
       1103;20190520;-999;-999;-999;    3; 108.3;   4;-999;-999;  -999;  12.6;    -999;   10.9;   96.33;   11.5;    9.9;   10.2;eor
       1103;20190521;-999;-999;-999;    3;  31.9;   4;-999;-999;  -999;  11.8;    -999;   10.3;   93.96;   12.0;    9.8;    9.8;eor
       1103;20190522;-999;-999;-999;    3;   0.6;   4;-999;-999;  -999;  11.9;    -999;   10.8;   92.00;   13.5;    8.1;    4.3;eor
       1103;20190523;-999;-999;-999;    3;   0.0;   0;-999;-999;  -999;   9.4;    -999;   12.2;   68.88;   17.8;    7.0;    3.4;eor
       1103;20190524;-999;-999;-999;    3;   0.0;   4;-999;-999;  -999;   9.7;    -999;   14.7;   59.83;   20.9;    7.2;    2.1;eor
       1103;20190525;-999;-999;-999;    3;   0.3;   4;-999;-999;  -999;  11.6;    -999;   15.0;   69.33;   20.4;    9.1;    5.4;eor
       1103;20190526;-999;-999;-999;    3;   0.0;   0;-999;-999;  -999;  12.1;    -999;   15.1;   71.50;   20.4;   11.1;    7.7;eor
       1103;20190527;-999;-999;-999;    3;  11.6;   4;-999;-999;  -999;  12.9;    -999;   14.3;   79.46;   18.6;   11.3;    7.0;eor
       1103;20190528;-999;-999;-999;    3;  19.0;   4;-999;-999;  -999;  12.7;    -999;   11.2;   94.88;   13.0;    8.4;    9.1;eor
       1103;20190529;-999;-999;-999;    3;   4.0;   4;-999;-999;  -999;  11.3;    -999;    9.7;   93.63;   13.4;    8.3;    8.7;eor
       1103;20190530;-999;-999;-999;    3;   0.0;   0;-999;-999;  -999;  10.3;    -999;   11.8;   75.96;   16.5;    7.4;    5.5;eor
       1103;20190531;-999;-999;-999;    3;   0.0;   0;-999;-999;  -999;  11.8;    -999;   13.9;   74.63;   19.4;    9.4;    7.3;eor
       1103;20190601;-999;-999;-999;    3;   0.0;   0;-999;-999;  -999;  13.4;    -999;   17.3;   69.33;   23.2;    9.8;    6.2;eor
       1103;20190602;-999;-999;-999;    3;   0.0;   0;-999;-999;  -999;  13.7;    -999;   20.0;   59.88;   25.5;   12.7;    8.7;eor
       1103;20190603;-999;-999;-999;    3;   0.0;   0;-999;-999;  -999;  13.0;    -999;   20.9;   55.33;   27.9;   12.9;    9.7;eor
       1103;20190604;-999;-999;-999;    3;   0.0;   0;-999;-999;  -999;  14.1;    -999;   21.3;   57.25;   27.2;   14.4;   10.4;eor
       1103;20190605;-999;-999;-999;    3;   0.0;   0;-999;-999;  -999;  14.1;    -999;   22.1;   54.13;   27.9;   15.8;   11.7;eor
       1103;20190606;-999;-999;-999;    3;   0.8;   4;-999;-999;  -999;  13.4;    -999;   17.2;   68.50;   21.1;   11.5;   11.5;eor
       1103;20190607;-999;-999;-999;    3;   0.0;   0;-999;-999;  -999;  14.6;    -999;   17.9;   72.25;   25.6;    9.4;    6.9;eor
       1103;20190608;-999;-999;-999;    3;   0.0;   0;-999;-999;  -999;   9.1;    -999;   15.5;   52.38;   20.5;   12.2;    9.3;eor
       1103;20190609;-999;-999;-999;    3;   0.3;   4;-999;-999;  -999;  12.5;    -999;   18.1;   60.25;   25.4;   11.8;    8.8;eor
       1103;20190610;-999;-999;-999;    3;   6.7;   4;-999;-999;  -999;  15.8;    -999;   17.6;   79.58;   24.7;   13.6;   11.7;eor
       1103;20190611;-999;-999;-999;    3;   0.0;   0;-999;-999;  -999;  16.7;    -999;   16.8;   87.54;   24.3;   12.3;   12.4;eor
       1103;20190612;-999;-999;-999;    3;   0.0;   0;-999;-999;  -999;  15.1;    -999;   15.3;   86.92;   20.7;   11.3;   10.1;eor
       1103;20190613;-999;-999;-999;    3;   0.0;   0;-999;-999;  -999;  13.5;    -999;   17.0;   71.00;   23.0;   10.6;    8.1;eor
       1103;20190614;-999;-999;-999;    3;   0.0;   0;-999;-999;  -999;  17.6;    -999;   22.4;   66.21;   29.7;   13.7;   10.5;eor
       1103;20190615;-999;-999;-999;    3;  18.9;   4;-999;-999;  -999;  14.9;    -999;   22.0;   56.71;   25.4;   13.0;   13.2;eor
       1103;20190616;-999;-999;-999;    3;   0.2;   4;-999;-999;  -999;  15.2;    -999;   15.4;   86.79;   19.7;   13.1;   11.1;eor
       1103;20190617;-999;-999;-999;    3;   0.0;   0;-999;-999;  -999;  15.3;    -999;   18.4;   73.58;   23.6;   12.1;   10.2;eor
       1103;20190618;-999;-999;-999;    3;   0.0;   0;-999;-999;  -999;  15.8;    -999;   20.9;   65.17;   27.2;   14.8;   12.0;eor
       1103;20190619;-999;-999;-999;    3;   0.2;   4;-999;-999;  -999;  14.6;    -999;   21.9;   56.42;   27.6;   16.4;   14.7;eor
       1103;20190620;-999;-999;-999;    3;  11.8;   4;-999;-999;  -999;  15.6;    -999;   18.0;   76.63;   24.1;   13.4;   12.3;eor
       1103;20190621;-999;-999;-999;    3;  14.0;   4;-999;-999;  -999;  16.7;    -999;   17.3;   85.50;   23.0;   12.8;   10.9;eor
       1103;20190622;-999;-999;-999;    3;   7.8;   4;-999;-999;  -999;  17.2;    -999;   16.7;   90.67;   22.6;   13.8;   12.5;eor
       1103;20190623;-999;-999;-999;    3;   2.2;   4;-999;-999;  -999;  17.4;    -999;   17.4;   87.71;   22.9;   13.7;   13.1;eor
       1103;20190624;-999;-999;-999;    3;   0.0;   0;-999;-999;  -999;  17.7;    -999;   20.8;   74.08;   26.0;   15.2;   14.2;eor
       1103;20190625;-999;-999;-999;    3;   0.0;   0;-999;-999;  -999;  18.7;    -999;   23.7;   64.79;   29.7;   16.4;   14.5;eor
       1103;20190626;-999;-999;-999;    3;   0.0;   0;-999;-999;  -999;  18.8;    -999;   26.6;   55.75;   32.7;   19.0;   15.2;eor
       1103;20190627;-999;-999;-999;    3;   0.0;   0;-999;-999;  -999;  19.7;    -999;   25.6;   59.42;   30.6;   17.7;   12.5;eor
       1103;20190628;-999;-999;-999;    3;   0.0;   0;-999;-999;  -999;  11.8;    -999;   21.2;   47.50;   26.4;   14.0;   10.1;eor
       1103;20190629;-999;-999;-999;    3;   0.0;   0;-999;-999;  -999;  12.8;    -999;   22.0;   49.88;   27.6;   15.2;   10.2;eor
       1103;20190630;-999;-999;-999;    3;   0.0;   0;-999;-999;  -999;  14.7;    -999;   25.6;   46.63;   33.7;   15.9;   11.2;eor
       1103;20190701;-999;-999;-999;    3;  21.9;   4;-999;-999;  -999;  17.5;    -999;   22.3;   67.00;   30.9;   16.4;   16.0;eor
       1103;20190702;-999;-999;-999;    3;   0.0;   0;-999;-999;  -999;  16.8;    -999;   19.5;   75.21;   24.6;   15.0;   11.7;eor
       1103;20190703;-999;-999;-999;    3;   0.0;   0;-999;-999;  -999;  12.9;    -999;   18.1;   62.75;   23.0;   12.6;   10.0;eor
       1103;20190704;-999;-999;-999;    3;   0.0;   0;-999;-999;  -999;  11.8;    -999;   18.6;   56.92;   24.7;   11.6;    8.8;eor
       1103;20190705;-999;-999;-999;    3;   0.0;   0;-999;-999;  -999;  12.2;    -999;   21.1;   49.29;   26.2;   15.7;    9.9;eor
       1103;20190706;-999;-999;-999;    3;   2.9;   4;-999;-999;  -999;  12.9;    -999;   22.7;   47.88;   29.4;   15.1;   11.1;eor
       1103;20190707;-999;-999;-999;    3;  20.1;   4;-999;-999;  -999;  16.8;    -999;   16.9;   87.75;   21.2;   12.7;   12.8;eor
       1103;20190708;-999;-999;-999;    3;   2.2;   4;-999;-999;  -999;  14.0;    -999;   13.9;   88.13;   17.2;   11.8;   10.6;eor
       1103;20190709;-999;-999;-999;    3;   0.0;   0;-999;-999;  -999;  11.0;    -999;   14.2;   69.63;   19.3;    9.9;    7.8;eor
       1103;20190710;-999;-999;-999;    3;   0.0;   0;-999;-999;  -999;   9.2;    -999;   14.6;   56.92;   20.2;    9.1;    7.7;eor
       1103;20190711;-999;-999;-999;    3;   4.6;   4;-999;-999;  -999;  12.2;    -999;   14.9;   73.33;   20.4;   11.1;    7.1;eor
       1103;20190712;-999;-999;-999;    3;   5.7;   4;-999;-999;  -999;  14.2;    -999;   15.8;   79.71;   20.1;   12.5;   11.8;eor
       1103;20190713;-999;-999;-999;    3;  22.9;   4;-999;-999;  -999;  14.2;    -999;   13.2;   93.54;   16.2;   11.9;   11.6;eor
       1103;20190714;-999;-999;-999;    3;   3.5;   4;-999;-999;  -999;  14.6;    -999;   14.4;   89.33;   18.7;   12.0;   10.3;eor
       1103;20190715;-999;-999;-999;    3;   0.0;   0;-999;-999;  -999;  13.8;    -999;   16.0;   77.83;   22.2;   11.5;   10.2;eor
       1103;20190716;-999;-999;-999;    3;   0.0;   0;-999;-999;  -999;  13.0;    -999;   17.3;   67.29;   23.3;   11.8;    9.7;eor
       1103;20190717;-999;-999;-999;    3;   0.0;   0;-999;-999;  -999;  13.1;    -999;   19.3;   58.96;   25.2;   12.3;    8.9;eor
       1103;20190718;-999;-999;-999;    3;   0.0;   0;-999;-999;  -999;  12.8;    -999;   20.0;   55.83;   25.3;   14.1;   10.0;eor
       1103;20190719;-999;-999;-999;    3;   0.0;   0;-999;-999;  -999;  14.3;    -999;   20.4;   60.71;   26.6;   15.1;   11.2;eor
       1103;20190720;-999;-999;-999;    3;   1.2;   4;-999;-999;  -999;  15.7;    -999;   22.7;   59.08;   30.2;   15.6;   12.0;eor
       1103;20190721;-999;-999;-999;    3;  16.4;   4;-999;-999;  -999;  18.9;    -999;   18.8;   87.04;   24.0;   16.3;   13.3;eor
       1103;20190722;-999;-999;-999;    3;   0.0;   0;-999;-999;  -999;  16.9;    -999;   21.9;   66.58;   28.3;   15.8;   13.1;eor
       1103;20190723;-999;-999;-999;    3;   0.0;   0;-999;-999;  -999;  16.1;    -999;   23.8;   55.50;   29.6;   16.0;   13.3;eor
       1103;20190724;-999;-999;-999;    3;   0.0;   0;-999;-999;  -999;  17.7;    -999;   25.4;   55.83;   31.4;   18.2;   14.2;eor
       1103;20190725;-999;-999;-999;    3;   0.0;   0;-999;-999;  -999;  17.6;    -999;   26.6;   52.25;   32.1;   19.8;   16.4;eor
       1103;20190726;-999;-999;-999;    3;   0.0;   0;-999;-999;  -999;  18.2;    -999;   26.0;   55.50;   31.9;   19.2;   15.6;eor
       1103;20190727;-999;-999;-999;    3;   1.0;   4;-999;-999;  -999;  18.2;    -999;   21.0;   73.54;   26.6;   15.9;   14.7;eor
       1103;20190728;-999;-999;-999;    3;  27.1;   4;-999;-999;  -999;  19.1;    -999;   18.3;   90.88;   21.3;   15.8;   14.4;eor
       1103;20190729;-999;-999;-999;    3;   0.5;   4;-999;-999;  -999;  17.4;    -999;   15.9;   96.54;   17.9;   14.5;   14.0;eor
       1103;20190730;-999;-999;-999;    3;   1.6;   4;-999;-999;  -999;  18.0;    -999;   20.2;   77.29;   25.7;   15.1;   13.6;eor
       1103;20190731;-999;-999;-999;    3;   2.8;   4;-999;-999;  -999;  17.4;    -999;   16.3;   93.71;   19.5;   14.4;   11.4;eor
       1103;20190801;-999;-999;-999;    3;   0.0;   0;-999;-999;  -999;  15.6;    -999;   18.1;   76.67;   24.7;   12.0;   10.3;eor
       1103;20190802;-999;-999;-999;    3;   0.7;   4;-999;-999;  -999;  13.7;    -999;   18.4;   66.46;   23.7;   13.8;   11.9;eor
       1103;20190803;-999;-999;-999;    3;   3.0;   4;-999;-999;  -999;  15.5;    -999;   16.2;   83.83;   20.7;   12.3;   11.3;eor
       1103;20190804;-999;-999;-999;    3;   0.0;   0;-999;-999;  -999;  14.6;    -999;   18.2;   71.46;   23.9;   12.4;   10.3;eor
       1103;20190805;-999;-999;-999;    3;   0.0;   0;-999;-999;  -999;  15.1;    -999;   20.7;   63.46;   27.7;   13.9;   11.4;eor
       1103;20190806;-999;-999;-999;    3;   0.0;   4;-999;-999;  -999;  15.7;    -999;   21.1;   63.67;   25.8;   17.9;   15.6;eor
       1103;20190807;-999;-999;-999;    3;   7.2;   4;-999;-999;  -999;  16.6;    -999;   18.5;   79.38;   24.1;   14.9;   13.9;eor
       1103;20190808;-999;-999;-999;    3;   0.0;   0;-999;-999;  -999;  16.0;    -999;   19.2;   74.08;   24.9;   14.7;   13.1;eor
       1103;20190809;-999;-999;-999;    3;   0.0;   0;-999;-999;  -999;  17.7;    -999;   22.4;   66.83;   29.8;   14.8;   12.1;eor
       1103;20190810;-999;-999;-999;    3;  12.5;   4;-999;-999;  -999;  19.5;    -999;   19.3;   86.83;   22.9;   16.1;   15.2;eor
       1103;20190811;-999;-999;-999;    3;   3.8;   4;-999;-999;  -999;  17.2;    -999;   20.5;   73.13;   25.8;   15.1;   14.2;eor
       1103;20190812;-999;-999;-999;    3;  26.4;   4;-999;-999;  -999;  16.3;    -999;   14.6;   97.33;   18.0;   12.8;   13.2;eor
       1103;20190813;-999;-999;-999;    3;   7.0;   4;-999;-999;  -999;  14.9;    -999;   14.6;   90.04;   18.4;   12.4;   12.3;eor
       1103;20190814;-999;-999;-999;    3;   0.0;   0;-999;-999;  -999;  12.2;    -999;   14.9;   73.25;   19.6;   11.4;    8.3;eor
       1103;20190815;-999;-999;-999;    3;   0.9;   4;-999;-999;  -999;  13.2;    -999;   14.7;   78.96;   20.0;    9.6;    7.4;eor
       1103;20190816;-999;-999;-999;    3;   0.0;   0;-999;-999;  -999;  13.4;    -999;   16.5;   72.50;   21.8;   12.9;    9.5;eor
       1103;20190817;-999;-999;-999;    3;   0.0;   0;-999;-999;  -999;  13.8;    -999;   18.3;   67.50;   24.6;   11.4;    8.4;eor
       1103;20190818;-999;-999;-999;    3;   4.0;   4;-999;-999;  -999;  16.9;    -999;   22.8;   62.17;   30.3;   15.7;   13.0;eor
       1103;20190819;-999;-999;-999;    3;   3.6;   4;-999;-999;  -999;  18.2;    -999;   18.4;   86.13;   23.3;   15.5;   15.4;eor
       1103;20190820;-999;-999;-999;    3;  24.1;   4;-999;-999;  -999;  17.6;    -999;   15.9;   96.67;   19.8;   12.0;   12.2;eor
       1103;20190821;-999;-999;-999;    3;   0.0;   0;-999;-999;  -999;  13.9;    -999;   14.1;   86.71;   17.9;   11.6;   11.7;eor
       1103;20190822;-999;-999;-999;    3;   0.0;   0;-999;-999;  -999;  14.3;    -999;   14.6;   85.92;   18.8;   11.6;   10.0;eor
       1103;20190823;-999;-999;-999;    3;   0.0;   0;-999;-999;  -999;  16.7;    -999;   17.1;   85.75;   20.7;   12.3;    9.8;eor
       1103;20190824;-999;-999;-999;    3;   0.0;   0;-999;-999;  -999;  18.5;    -999;   20.2;   78.63;   26.0;   15.0;   12.6;eor
       1103;20190825;-999;-999;-999;    3;   0.0;   0;-999;-999;  -999;  17.8;    -999;   19.4;   79.67;   25.6;   14.9;   13.2;eor
       1103;20190826;-999;-999;-999;    3;   0.0;   0;-999;-999;  -999;  18.0;    -999;   20.0;   77.63;   26.0;   14.7;   12.6;eor
       1103;20190827;-999;-999;-999;    3;   0.0;   0;-999;-999;  -999;  18.1;    -999;   21.1;   73.58;   27.0;   15.0;   13.0;eor
       1103;20190828;-999;-999;-999;    3;   4.0;   4;-999;-999;  -999;  17.9;    -999;   21.9;   68.71;   27.2;   16.8;   13.3;eor
       1103;20190829;-999;-999;-999;    3;   0.0;   0;-999;-999;  -999;  18.9;    -999;   19.7;   82.58;   23.8;   16.3;   14.8;eor
       1103;20190830;-999;-999;-999;    3;   0.0;   0;-999;-999;  -999;  18.1;    -999;   20.6;   75.75;   25.7;   15.6;   13.1;eor
       1103;20190831;-999;-999;-999;    3;   0.0;   0;-999;-999;  -999;  17.9;    -999;   21.5;   71.42;   28.5;   15.9;   12.9;eor
       1103;20190901;-999;-999;-999;    3;   5.5;   4;-999;-999;  -999;  16.4;    -999;   20.3;   70.25;   26.3;   15.3;   12.7;eor
       1103;20190902;-999;-999;-999;    3;   0.6;   4;-999;-999;  -999;  14.8;    -999;   14.3;   90.38;   15.7;   10.7;    8.2;eor
       1103;20190903;-999;-999;-999;    3;   0.0;   0;-999;-999;  -999;  11.2;    -999;   14.5;   70.58;   20.3;    8.4;    5.9;eor
       1103;20190904;-999;-999;-999;    3;   0.0;   0;-999;-999;  -999;  12.4;    -999;   16.7;   66.79;   23.5;    9.4;    6.2;eor
       1103;20190905;-999;-999;-999;    3;   5.7;   4;-999;-999;  -999;  13.0;    -999;   13.3;   85.08;   16.6;    9.7;    9.2;eor
       1103;20190906;-999;-999;-999;    3;   1.9;   4;-999;-999;  -999;  12.4;    -999;   11.5;   91.46;   14.0;    9.3;    9.6;eor
       1103;20190907;-999;-999;-999;    3;   1.2;   4;-999;-999;  -999;  12.3;    -999;   11.5;   90.71;   14.0;   10.0;    9.4;eor
       1103;20190908;-999;-999;-999;    3;  18.0;   4;-999;-999;  -999;  11.1;    -999;    9.2;   95.63;   11.1;    7.1;    6.3;eor
       1103;20190909;-999;-999;-999;    3;   2.1;   4;-999;-999;  -999;  11.3;    -999;    9.2;   96.50;   11.8;    7.6;    3.5;eor
       1103;20190910;-999;-999;-999;    3;   0.0;   0;-999;-999;  -999;  11.2;    -999;   11.1;   85.54;   17.7;    5.6;    2.3;eor
       1103;20190911;-999;-999;-999;    3;   0.1;   4;-999;-999;  -999;  11.6;    -999;   13.7;   75.58;   20.3;    8.9;    7.1;eor
       1103;20190912;-999;-999;-999;    3;   0.0;   0;-999;-999;  -999;  13.5;    -999;   16.5;   72.67;   22.5;   12.3;    9.1;eor
       1103;20190913;-999;-999;-999;    3;   0.0;   0;-999;-999;  -999;  14.8;    -999;   17.8;   73.17;   23.6;   12.3;    8.3;eor
       1103;20190914;-999;-999;-999;    3;   0.0;   0;-999;-999;  -999;  16.2;    -999;   17.3;   82.38;   22.4;   13.3;   10.0;eor
       1103;20190915;-999;-999;-999;    3;   0.0;   0;-999;-999;  -999;  16.7;    -999;   17.9;   82.42;   25.0;   11.6;    8.3;eor
       1103;20190916;-999;-999;-999;    3;   0.0;   0;-999;-999;  -999;  17.3;    -999;   19.5;   76.38;   24.7;   14.8;   10.7;eor
       1103;20190917;-999;-999;-999;    3;   0.0;   0;-999;-999;  -999;  13.8;    -999;   15.5;   78.50;   19.9;    9.9;    6.1;eor
       1103;20190918;-999;-999;-999;    3;   0.0;   0;-999;-999;  -999;   8.8;    -999;   10.5;   69.88;   15.5;    6.3;    2.2;eor
       1103;20190919;-999;-999;-999;    3;   0.0;   0;-999;-999;  -999;   7.6;    -999;    9.1;   67.54;   15.3;    4.6;    0.9;eor
       1103;20190920;-999;-999;-999;    3;   0.0;   0;-999;-999;  -999;   7.2;    -999;    9.2;   63.29;   15.1;    4.1;    0.9;eor
       1103;20190921;-999;-999;-999;    3;   0.0;   0;-999;-999;  -999;   9.1;    -999;   11.7;   65.75;   18.5;    4.9;    2.6;eor
       1103;20190922;-999;-999;-999;    3;   0.0;   0;-999;-999;  -999;  12.1;    -999;   12.8;   81.08;   17.1;    7.4;    4.5;eor
       1103;20190923;-999;-999;-999;    3;   8.8;   4;-999;-999;  -999;  13.6;    -999;   12.4;   94.17;   14.9;   11.3;    6.9;eor
       1103;20190924;-999;-999;-999;    3;   0.9;   4;-999;-999;  -999;  13.1;    -999;   13.5;   84.75;   17.6;   10.3;    9.8;eor
       1103;20190925;-999;-999;-999;    3;   0.7;   4;-999;-999;  -999;  12.4;    -999;   13.9;   78.46;   18.6;   11.5;   10.0;eor
       1103;20190926;-999;-999;-999;    3;   0.3;   4;-999;-999;  -999;  13.7;    -999;   13.5;   88.42;   16.6;   10.9;    9.5;eor
       1103;20190927;-999;-999;-999;    3;   7.4;   4;-999;-999;  -999;  14.6;    -999;   16.0;   81.17;   20.9;   12.6;   10.5;eor
       1103;20190928;-999;-999;-999;    3;   0.0;   0;-999;-999;  -999;  12.6;    -999;   13.6;   81.58;   17.2;   10.2;    7.0;eor
       1103;20190929;-999;-999;-999;    3;   0.1;   4;-999;-999;  -999;  12.2;    -999;   16.2;   67.04;   21.2;    9.6;    5.1;eor
       1103;20190930;-999;-999;-999;    3;   0.0;   0;-999;-999;  -999;  11.2;    -999;   15.6;   63.75;   19.7;    9.6;    5.4;eor
       1103;20191001;-999;-999;-999;    3;   2.5;   4;-999;   0;  -999;  11.1;    -999;   15.5;   66.08;   23.0;    7.6;    4.0;eor
       1103;20191002;-999;-999;-999;    3;  18.4;   4;-999;   0;  -999;  12.2;    -999;   11.0;   91.83;   15.0;    4.7;    3.9;eor
       1103;20191003;-999;-999;-999;    3;   0.0;   0;-999;   0;  -999;   8.0;    -999;    6.7;   81.67;   11.2;    4.4;    1.0;eor
       1103;20191004;-999;-999;-999;    3;   1.1;   4;-999;   0;  -999;   9.0;    -999;    7.5;   86.08;   11.5;    2.8;    0.1;eor
       1103;20191005;-999;-999;-999;    3;   3.2;   4;-999;   0;  -999;   9.9;    -999;    8.5;   88.79;   10.7;    4.7;    1.2;eor
       1103;20191006;-999;-999;-999;    3;  20.0;   4;-999;   0;  -999;   9.4;    -999;    7.2;   92.54;   10.4;    3.7;    1.0;eor
       1103;20191007;-999;-999;-999;    3;   3.2;   4;-999;   0;  -999;   9.7;    -999;    6.7;   97.96;    8.9;    5.0;    4.6;eor
       1103;20191008;-999;-999;-999;    3;   5.9;   4;-999;   0;  -999;  10.9;    -999;   10.5;   85.63;   16.0;    5.0;    2.6;eor
       1103;20191009;-999;-999;-999;    3;   8.7;   4;-999;   0;  -999;  11.6;    -999;   10.3;   92.13;   14.9;    8.1;    6.3;eor
       1103;20191010;-999;-999;-999;    3;   1.6;   4;-999;   0;  -999;   9.9;    -999;    9.5;   83.17;   12.7;    7.8;    5.3;eor
       1103;20191011;-999;-999;-999;    3;   0.0;   0;-999;   0;  -999;   9.7;    -999;   10.4;   77.67;   17.2;    5.0;    2.0;eor
       1103;20191012;-999;-999;-999;    3;   0.0;   0;-999;   0;  -999;  11.1;    -999;   14.1;   68.79;   22.7;    7.6;    1.8;eor
       1103;20191013;-999;-999;-999;    3;   0.0;   0;-999;   0;  -999;  12.6;    -999;   15.3;   72.25;   21.8;   10.1;    5.8;eor
       1103;20191014;-999;-999;-999;    3;   0.0;   0;-999;   0;  -999;  13.5;    -999;   14.9;   79.17;   21.2;   10.9;    5.9;eor
       1103;20191015;-999;-999;-999;    3;   3.0;   4;-999;   0;  -999;  12.6;    -999;   14.4;   77.29;   21.4;    9.0;    4.3;eor
       1103;20191016;-999;-999;-999;    3;   0.0;   0;-999;   0;  -999;   9.4;    -999;   10.8;   74.00;   15.8;    8.2;    3.5;eor
       1103;20191017;-999;-999;-999;    1;   0.0;   0;-999;   0;  -999;  10.3;    -999;   12.0;   74.79;   18.5;    6.4;    2.9;eor
       1103;20191018;-999;-999;-999;    1;   0.2;   4;-999;   0;  -999;  11.5;    -999;   12.9;   77.50;   18.9;    8.9;    5.2;eor
       1103;20191019;-999;-999;-999;    1;   0.0;   0;-999;   0;  -999;  11.7;    -999;   11.6;   86.21;   15.2;    9.0;    5.0;eor
       1103;20191020;-999;-999;-999;    1;   0.0;   0;-999;   0;  -999;  11.6;    -999;   12.9;   79.54;   18.4;    5.7;    3.7;eor
       1103;20191021;-999;-999;-999;    1;   0.0;   0;-999;   0;  -999;  12.8;    -999;   14.0;   81.33;   18.0;   11.0;    8.1;eor
       1103;20191022;-999;-999;-999;    1;   0.0;   4;-999;   0;  -999;  12.8;    -999;   10.8;   98.88;   12.2;    9.7;    7.5;eor
       1103;20191023;-999;-999;-999;    1;   0.0;   0;-999;   0;  -999;  12.8;    -999;   11.2;   96.33;   14.1;    9.4;    6.3;eor
       1103;20191024;-999;-999;-999;    1;   0.0;   0;-999;   0;  -999;  11.7;    -999;   12.0;   83.75;   16.8;    6.6;    4.7;eor
       1103;20191025;-999;-999;-999;    1;   0.0;   0;-999;   0;  -999;  12.5;    -999;   12.7;   85.67;   17.2;    9.6;    5.0;eor
       1103;20191026;-999;-999;-999;    1;   0.0;   0;-999;   0;  -999;  12.3;    -999;   12.9;   83.71;   19.2;    7.5;    3.1;eor
       1103;20191027;-999;-999;-999;    1;   5.5;   4;-999;   0;  -999;  11.3;    -999;   14.5;   68.75;   21.5;   10.1;    3.9;eor
       1103;20191028;-999;-999;-999;    1;   2.8;   4;-999;   0;  -999;  10.6;    -999;    8.1;   97.71;   11.5;    6.5;    7.0;eor
       1103;20191029;-999;-999;-999;    1;   2.6;   4;-999;   0;  -999;   8.9;    -999;    5.7;   97.08;    7.2;    4.8;    4.5;eor
       1103;20191030;-999;-999;-999;    1;   0.8;   4;-999;   0;  -999;   7.3;    -999;    4.0;   89.75;    4.9;    2.0;    1.9;eor
       1103;20191031;-999;-999;-999;    1;   0.0;   0;-999;   0;  -999;   6.8;    -999;    2.7;   91.63;    5.1;    1.4;    1.3;eor
       1103;20191101;-999;-999;-999;    1;   0.9;   4;-999;   0;  -999;   8.4;    -999;    4.4;   99.79;    7.5;    1.6;    2.2;eor
       1103;20191102;-999;-999;-999;    1;   0.6;   4;-999;   0;  -999;  10.8;    -999;    9.9;   88.54;   14.3;    7.1;    4.3;eor
       1103;20191103;-999;-999;-999;    1;   2.3;   4;-999;   0;  -999;  10.6;    -999;    8.9;   93.08;   11.1;    6.5;    2.9;eor
       1103;20191104;-999;-999;-999;    1;   5.4;   4;-999;   0;  -999;   9.3;    -999;    9.3;   79.63;   13.2;    6.0;    3.1;eor
       1103;20191105;-999;-999;-999;    1;   1.2;   4;-999;   0;  -999;   8.6;    -999;    5.6;   94.42;    9.5;    1.5;   -1.3;eor
       1103;20191106;-999;-999;-999;    1;   0.6;   4;-999;   0;  -999;   8.0;    -999;    5.2;   90.88;    8.8;    0.9;   -2.2;eor
       1103;20191107;-999;-999;-999;    1;   0.0;   0;-999;   0;  -999;   8.0;    -999;    5.6;   88.96;   10.5;    2.3;   -2.2;eor
       1103;20191108;-999;-999;-999;    1;   0.0;   0;-999;   0;  -999;   7.6;    -999;    3.7;   95.38;    5.3;    1.7;   -0.3;eor
       1103;20191109;-999;-999;-999;    1;   0.6;   4;-999;   0;  -999;   6.8;    -999;    3.1;   89.54;    6.3;    0.2;   -3.7;eor
       1103;20191110;-999;-999;-999;    1;   0.0;   0;-999;   0;  -999;   5.9;    -999;   -0.4;   98.58;    1.3;   -2.2;   -3.5;eor
       1103;20191111;-999;-999;-999;    1;   2.2;   4;-999;   0;  -999;   6.0;    -999;    0.1;   97.83;    2.0;   -1.2;   -1.2;eor
       1103;20191112;-999;-999;-999;    1;   5.6;   4;-999;   0;  -999;   7.0;    -999;    2.8;   93.71;    5.6;    0.0;    0.0;eor
       1103;20191113;-999;-999;-999;    1;   1.8;   4;-999;   3;  -999;   6.4;    -999;    0.8;   98.21;    2.5;   -1.2;   -3.3;eor
       1103;20191114;-999;-999;-999;    1;   0.0;   0;-999;   0;  -999;   5.8;    -999;    0.0;   95.25;    3.4;   -2.6;   -4.9;eor
       1103;20191115;-999;-999;-999;    1;   0.2;   4;-999;   0;  -999;   6.7;    -999;    4.3;   81.04;    8.5;    1.0;   -0.8;eor
       1103;20191116;-999;-999;-999;    1;   0.0;   4;-999;   0;  -999;   7.4;    -999;    3.3;   95.29;    5.1;    1.1;   -0.9;eor
       1103;20191117;-999;-999;-999;    1;   2.0;   4;-999;   0;  -999;   7.7;    -999;    3.3;   99.04;    5.3;    2.2;    0.6;eor
       1103;20191118;-999;-999;-999;    1;   0.0;   0;-999;   0;  -999;   6.5;    -999;    3.8;   82.79;    8.7;    1.4;   -0.8;eor
       1103;20191119;-999;-999;-999;    1;   0.0;   0;-999;   0;  -999;   6.5;    -999;    2.3;   89.92;    6.0;    0.2;   -3.0;eor
       1103;20191120;-999;-999;-999;    1;   0.8;   4;-999;   0;  -999;   6.6;    -999;    1.5;   96.00;    3.9;   -0.5;   -2.7;eor
       1103;20191121;-999;-999;-999;    1;   0.0;   0;-999;   0;  -999;   7.0;    -999;    2.3;   96.79;    3.8;    1.3;    1.6;eor
       1103;20191122;-999;-999;-999;    1;   0.0;   0;-999;   0;  -999;   6.9;    -999;    2.0;   98.04;    3.0;   -0.2;   -1.7;eor
       1103;20191123;-999;-999;-999;    1;   0.0;   0;-999;   0;  -999;   7.2;    -999;    7.4;   70.58;   12.2;   -0.3;   -1.9;eor
       1103;20191124;-999;-999;-999;    1;   0.0;   0;-999;   0;  -999;   8.1;    -999;    7.7;   77.79;   12.2;    3.9;    1.2;eor
       1103;20191125;-999;-999;-999;    1;   0.0;   0;-999;   0;  -999;   7.7;    -999;    3.4;   98.17;    4.4;    2.5;    0.8;eor
       1103;20191126;-999;-999;-999;    1;   0.0;   0;-999;   0;  -999;   7.9;    -999;    3.9;   97.42;    6.9;    2.2;    2.3;eor
       1103;20191127;-999;-999;-999;    1;   0.2;   4;-999;   0;  -999;   8.0;    -999;    4.5;   94.42;    9.1;    2.0;    1.1;eor
       1103;20191128;-999;-999;-999;    1;   2.1;   4;-999;   0;  -999;   7.6;    -999;    7.2;   74.63;   10.1;    4.1;    0.9;eor
       1103;20191129;-999;-999;-999;    1;   3.0;   4;-999;   0;  -999;   7.5;    -999;    5.5;   83.42;    8.2;    1.0;   -0.7;eor
       1103;20191130;-999;-999;-999;    1;   0.0;   0;-999;   0;  -999;   5.6;    -999;    1.2;   84.29;    4.5;   -1.6;   -3.5;eor
       1103;20191201;-999;-999;-999;    1;   2.6;   4;-999;   0;  -999;   5.0;    -999;   -1.2;   89.21;    0.0;   -2.6;   -3.5;eor
       1103;20191202;-999;-999;-999;    1;   0.1;   4;-999;   3;  -999;   5.2;    -999;   -0.6;   89.08;   -0.1;   -1.7;   -2.6;eor
       1103;20191203;-999;-999;-999;    1;   0.0;   0;-999;   2;  -999;   4.5;    -999;   -0.9;   78.71;    3.1;   -3.8;   -6.5;eor
       1103;20191204;-999;-999;-999;    1;   0.0;   0;-999;   0;  -999;   4.5;    -999;   -1.8;   83.46;    1.5;   -4.2;   -6.2;eor
       1103;20191205;-999;-999;-999;    1;   0.0;   0;-999;   0;  -999;   4.5;    -999;   -2.5;   88.96;    4.8;   -7.6;   -8.7;eor
       1103;20191206;-999;-999;-999;    1;   1.3;   4;-999;   0;  -999;   4.5;    -999;   -1.0;   78.79;    8.0;   -8.0;   -9.6;eor
       1103;20191207;-999;-999;-999;    1;   0.0;   0;-999;   0;  -999;   7.1;    -999;    6.5;   73.04;    9.3;    3.0;    1.9;eor
       1103;20191208;-999;-999;-999;    1;   0.1;   4;-999;   0;  -999;   6.3;    -999;    5.3;   71.63;    9.5;    0.9;   -2.0;eor
       1103;20191209;-999;-999;-999;    1;   7.7;   4;-999;   0;  -999;   6.5;    -999;    7.0;   65.58;   10.9;    3.0;    2.2;eor
       1103;20191210;-999;-999;-999;    1;   0.1;   4;-999;   0;  -999;   5.8;    -999;    0.4;   91.67;    3.1;   -4.3;   -7.1;eor
       1103;20191211;-999;-999;-999;    1;   0.7;   4;-999;   0;  -999;   4.3;    -999;   -1.7;   79.46;    1.7;   -5.3;   -7.8;eor
       1103;20191212;-999;-999;-999;    1;   0.9;   4;-999;   0;  -999;   5.9;    -999;    0.5;   93.54;    2.4;   -3.4;   -4.8;eor
       1103;20191213;-999;-999;-999;    1;   1.6;   4;-999;   0;  -999;   5.3;    -999;    0.9;   81.71;    5.2;   -3.2;   -4.5;eor
       1103;20191214;-999;-999;-999;    1;   2.6;   4;-999;   1;  -999;   5.8;    -999;    5.3;   65.71;    9.0;    0.1;   -1.4;eor
       1103;20191215;-999;-999;-999;    1;   0.0;   0;-999;   0;  -999;   6.9;    -999;    6.2;   73.46;   12.0;    1.9;   -0.6;eor
       1103;20191216;-999;-999;-999;    1;   0.0;   0;-999;   0;  -999;   6.2;    -999;    4.6;   74.00;    8.8;    0.2;   -2.5;eor
       1103;20191217;-999;-999;-999;    1;   0.0;   4;-999;   0;  -999;   6.6;    -999;   11.6;   48.88;   15.3;    7.9;    3.5;eor
       1103;20191218;-999;-999;-999;    1;   0.1;   4;-999;   0;  -999;   8.2;    -999;   10.3;   65.79;   14.9;    4.8;    1.3;eor
       1103;20191219;-999;-999;-999;    1;   0.0;   0;-999;   0;  -999;   7.2;    -999;    6.9;   73.50;   11.4;    2.7;   -0.1;eor
       1103;20191220;-999;-999;-999;    1;   2.9;   4;-999;   0;  -999;   6.8;    -999;   11.4;   51.67;   15.8;    5.6;    2.2;eor
       1103;20191221;-999;-999;-999;    1;   4.5;   4;-999;   0;  -999;   7.5;    -999;    3.4;   95.08;    5.5;   -0.4;   -2.1;eor
       1103;20191222;-999;-999;-999;    1;   0.4;   4;-999;   0;  -999;   6.9;    -999;    3.3;   88.46;    6.6;   -1.1;   -2.0;eor
       1103;20191223;-999;-999;-999;    1;   2.5;   4;-999;   0;  -999;   7.2;    -999;    4.5;   84.96;    5.3;    3.7;    3.0;eor
       1103;20191224;-999;-999;-999;    1;   7.5;   4;-999;   0;  -999;   7.1;    -999;    4.3;   85.54;    5.9;    2.2;   -0.1;eor
       1103;20191225;-999;-999;-999;    1;   9.8;   4;-999;   0;  -999;   7.4;    -999;    4.3;   89.08;    6.3;    1.5;    0.2;eor
       1103;20191226;-999;-999;-999;    1;   2.0;   4;-999;   0;  -999;   6.4;    -999;    2.0;   90.92;    4.8;    0.4;   -1.1;eor
       1103;20191227;-999;-999;-999;    1;   4.8;   4;-999;-999;  -999;   6.6;    -999;    1.7;   95.46;    3.5;   -1.0;   -4.2;eor
       1103;20191228;-999;-999;-999;    1;   0.0;   0;-999;   0;  -999;   4.8;    -999;   -1.6;   88.92;    0.7;   -3.7;   -6.4;eor
