STATIONS_ID;MESS_DATUM;QN_3;  FX;  FM;QN_4; RSK;RSKF; SDK;SHK_TAG;  NM; VPM;  PM; TMK; UPM; TXK; TNK; TGK;eor
       1279;20180626;-999;-999;-999;    3;   0.0;   0;    5.617;-999;  -999;  13.8;    -999;   17.7;   69.79;   23.5;   12.3;    7.3;eor
       1279;20180627;-999;-999;-999;    3;   0.0;   0;    9.600;-999;  -999;  12.2;    -999;   18.1;   61.88;   25.0;   11.7;    7.0;eor
       1279;20180628;-999;-999;-999;    3;   0.6;   4;    3.783;-999;  -999;  14.3;    -999;   18.3;   68.75;   24.4;   11.8;    7.5;eor
       1279;20180629;-999;-999;-999;    3;   0.0;   0;    6.600;-999;  -999;  16.1;    -999;   22.0;   64.67;   29.2;   15.2;    9.9;eor
       1279;20180630;-999;-999;-999;    3;   0.0;   0;   15.000;-999;  -999;  11.3;    -999;   20.0;   52.67;   26.5;   12.5;    7.9;eor
       1279;20180701;-999;-999;-999;    3;   0.0;   0;   15.133;-999;  -999;   8.5;    -999;   18.7;   41.33;   25.1;   10.7;    4.7;eor
       1279;20180702;-999;-999;-999;    3;   0.0;   0;   15.117;-999;  -999;   7.9;    -999;   19.3;   38.00;   26.4;   11.2;    6.1;eor
       1279;20180703;-999;-999;-999;    3;   0.0;   0;   15.067;-999;  -999;   8.9;    -999;   20.8;   41.71;   29.9;    9.7;    3.9;eor
       1279;20180704;-999;-999;-999;    3;   0.0;   0;   11.717;-999;  -999;  11.8;    -999;   21.8;   50.79;   32.2;   10.5;    6.0;eor
       1279;20180705;-999;-999;-999;    3;  44.4;   4;    8.917;-999;  -999;  17.1;    -999;   20.1;   78.38;   30.9;   13.8;    9.7;eor
       1279;20180706;-999;-999;-999;    3;   4.1;   4;    7.383;-999;  -999;  17.1;    -999;   20.2;   75.71;   26.7;   13.8;   10.5;eor
       1279;20180707;-999;-999;-999;    3;   0.0;   0;   14.650;-999;  -999;  12.8;    -999;   19.3;   62.38;   27.0;   11.1;    7.6;eor
       1279;20180708;-999;-999;-999;    3;   0.0;   0;   12.450;-999;  -999;  12.4;    -999;   19.5;   59.71;   27.9;   11.4;    8.7;eor
       1279;20180709;-999;-999;-999;    3;   0.0;   0;    9.650;-999;  -999;  13.9;    -999;   20.5;   61.33;   27.8;   13.0;   10.0;eor
       1279;20180710;-999;-999;-999;    3;   3.1;   4;    2.283;-999;  -999;  13.5;    -999;   16.9;   70.42;   20.4;   12.9;   10.0;eor
       1279;20180711;-999;-999;-999;    3;   0.2;   4;    3.133;-999;  -999;  13.9;    -999;   15.4;   80.63;   20.9;   12.5;   10.5;eor
       1279;20180712;-999;-999;-999;    3;   0.0;   0;    7.517;-999;  -999;  14.7;    -999;   18.8;   70.71;   25.0;   13.5;   12.0;eor
       1279;20180713;-999;-999;-999;    3;   0.0;   0;   11.467;-999;  -999;  15.7;    -999;   20.6;   68.67;   27.0;   13.0;    9.7;eor
       1279;20180714;-999;-999;-999;    3;   0.0;   0;   10.983;-999;  -999;  14.5;    -999;   21.6;   61.25;   28.9;   13.8;   10.9;eor
       1279;20180715;-999;-999;-999;    3;   0.4;   4;    8.983;-999;  -999;  15.2;    -999;   20.4;   66.96;   29.0;   12.7;    9.1;eor
       1279;20180716;-999;-999;-999;    3;   0.4;   4;    7.017;-999;  -999;  16.3;    -999;   19.2;   76.38;   26.6;   14.7;   10.9;eor
       1279;20180717;-999;-999;-999;    3;   0.0;   0;   12.767;-999;  -999;  13.9;    -999;   22.1;   58.58;   30.6;   12.1;    8.6;eor
       1279;20180718;-999;-999;-999;    3;   0.0;   0;   12.833;-999;  -999;  14.1;    -999;   22.2;   56.08;   29.1;   14.2;    9.2;eor
       1279;20180719;-999;-999;-999;    3;   0.0;   0;   14.483;-999;  -999;  12.3;    -999;   20.4;   56.79;   28.3;   11.4;    7.3;eor
       1279;20180720;-999;-999;-999;    3;   0.4;   4;   11.700;-999;  -999;  13.8;    -999;   22.3;   55.79;   30.2;   11.8;    7.9;eor
       1279;20180721;-999;-999;-999;    3;  14.6;   4;    0.000;-999;  -999;  19.5;    -999;   18.6;   91.33;   19.6;   17.2;   14.0;eor
       1279;20180722;-999;-999;-999;    3;   2.3;   4;    0.000;-999;  -999;  19.8;    -999;   18.9;   90.96;   22.3;   16.6;   16.4;eor
       1279;20180723;-999;-999;-999;    3;   0.0;   0;    9.300;-999;  -999;  18.7;    -999;   22.2;   73.54;   29.0;   16.7;   14.2;eor
       1279;20180724;-999;-999;-999;    3;   0.0;   0;   14.133;-999;  -999;  17.5;    -999;   23.4;   66.63;   31.6;   15.0;   12.3;eor
       1279;20180725;-999;-999;-999;    3;   0.0;   0;   14.000;-999;  -999;  -999;    -999;   25.0;-999;   32.4;   15.6;   12.3;eor
       1279;20180726;-999;-999;-999;    3;   0.0;   0;   14.000;-999;  -999;  -999;    -999;   25.5;-999;   32.2;   16.0;   14.0;eor
       1279;20180727;-999;-999;-999;    3;   0.0;   4;   10.117;-999;  -999;  17.1;    -999;   24.2;   59.08;   31.0;   16.8;   13.3;eor
       1279;20180728;-999;-999;-999;    3;   0.1;   4;    8.733;-999;  -999;  17.6;    -999;   24.5;   61.63;   33.2;   16.3;   12.9;eor
       1279;20180729;-999;-999;-999;    3;   0.0;   0;    9.033;-999;  -999;  18.5;    -999;   24.4;   64.33;   31.8;   17.2;   14.1;eor
       1279;20180730;-999;-999;-999;    3;   0.0;   0;   12.567;-999;  -999;  17.7;    -999;   25.8;   60.13;   34.8;   16.2;   12.8;eor
       1279;20180731;-999;-999;-999;    3;   0.0;   0;   13.317;-999;  -999;  16.4;    -999;   27.5;   51.67;   37.7;   16.3;   12.7;eor
       1279;20180801;-999;-999;-999;    3;   0.0;   0;    9.400;-999;  -999;  18.4;    -999;   26.6;   55.71;   33.7;   18.4;   15.2;eor
       1279;20180802;-999;-999;-999;    3;   0.0;   0;    6.583;-999;  -999;  20.4;    -999;   26.2;   60.54;   32.1;   20.7;   17.0;eor
       1279;20180803;-999;-999;-999;    3;   0.0;   0;   12.533;-999;  -999;  19.9;    -999;   27.5;   57.88;   35.9;   18.7;   15.3;eor
       1279;20180804;-999;-999;-999;    3;   0.0;   0;    9.517;-999;  -999;  20.2;    -999;   27.2;   60.42;   36.5;   19.7;   16.6;eor
       1279;20180805;-999;-999;-999;    3;   0.0;   0;   12.067;-999;  -999;  17.1;    -999;   24.9;   58.13;   31.4;   17.7;   13.1;eor
       1279;20180806;-999;-999;-999;    3;   0.0;   0;   13.767;-999;  -999;  14.1;    -999;   24.4;   51.38;   33.7;   15.4;   10.6;eor
       1279;20180807;-999;-999;-999;    3;   0.0;   0;    9.767;-999;  -999;  15.9;    -999;   26.1;   51.17;   36.3;   16.2;   12.4;eor
       1279;20180808;-999;-999;-999;    3;   0.0;   0;    6.317;-999;  -999;  17.9;    -999;   25.6;   57.58;   33.9;   17.6;   13.7;eor
       1279;20180809;-999;-999;-999;    3;   0.0;   0;   12.950;-999;  -999;  17.3;    -999;   25.7;   57.00;   36.0;   17.4;   14.1;eor
       1279;20180810;-999;-999;-999;    3;   0.0;   0;    7.600;-999;  -999;  12.2;    -999;   20.7;   51.04;   26.0;   16.8;   12.6;eor
       1279;20180811;-999;-999;-999;    3;   0.0;   0;    9.333;-999;  -999;  12.0;    -999;   19.6;   56.38;   26.0;   11.7;    6.8;eor
       1279;20180812;-999;-999;-999;    3;   0.0;   0;   13.217;-999;  -999;  11.1;    -999;   19.9;   54.79;   30.8;    8.6;    4.6;eor
       1279;20180813;-999;-999;-999;    3;   0.0;   4;    6.433;-999;  -999;  15.3;    -999;   20.4;   65.71;   28.9;   11.5;    7.7;eor
       1279;20180814;-999;-999;-999;    3;   0.1;   4;    3.617;-999;  -999;  16.4;    -999;   19.0;   76.83;   24.7;   14.2;   10.0;eor
       1279;20180815;-999;-999;-999;    3;   0.0;   0;    5.250;-999;  -999;  15.5;    -999;   19.1;   73.25;   26.3;   13.4;    9.3;eor
       1279;20180816;-999;-999;-999;    3;   0.0;   0;   12.850;-999;  -999;  14.4;    -999;   21.7;   61.83;   31.8;   11.5;    7.8;eor
       1279;20180817;-999;-999;-999;    3;   0.0;   0;   11.933;-999;  -999;  13.8;    -999;   24.0;   52.54;   33.1;   13.3;    9.4;eor
       1279;20180818;-999;-999;-999;    3;   0.0;   0;   10.050;-999;  -999;  17.1;    -999;   23.4;   62.38;   30.7;   17.7;   13.3;eor
       1279;20180819;-999;-999;-999;    3;   0.0;   0;   12.433;-999;  -999;  15.5;    -999;   23.3;   59.96;   32.6;   15.1;   11.6;eor
       1279;20180820;-999;-999;-999;    3;   0.0;   0;   11.117;-999;  -999;  15.6;    -999;   22.7;   60.04;   30.6;   13.8;    9.4;eor
       1279;20180821;-999;-999;-999;    3;   0.0;   0;   11.500;-999;  -999;  14.9;    -999;   22.9;   57.71;   29.9;   15.1;   10.8;eor
       1279;20180822;-999;-999;-999;    3;   0.0;   0;   11.450;-999;  -999;  15.6;    -999;   24.7;   54.63;   33.9;   16.5;   12.6;eor
       1279;20180823;-999;-999;-999;    3;   0.0;   0;    6.517;-999;  -999;  16.9;    -999;   23.2;   62.00;   30.6;   14.9;   10.8;eor
       1279;20180824;-999;-999;-999;    3;   0.1;   4;    3.400;-999;  -999;  16.1;    -999;   19.7;   70.25;   24.9;   16.4;   13.5;eor
       1279;20180825;-999;-999;-999;    3;   0.4;   4;    1.517;-999;  -999;  11.4;    -999;   14.5;   69.42;   20.1;    8.1;    3.7;eor
       1279;20180826;-999;-999;-999;    3;   0.0;   0;   10.317;-999;  -999;   9.0;    -999;   13.0;   65.71;   21.2;    5.4;    1.2;eor
       1279;20180827;-999;-999;-999;    3;   0.0;   0;    3.100;-999;  -999;  11.6;    -999;   17.1;   60.83;   24.3;    7.6;    2.5;eor
       1279;20180828;-999;-999;-999;    3;   0.0;   0;   10.350;-999;  -999;  13.9;    -999;   18.7;   68.38;   25.5;   11.7;    6.2;eor
       1279;20180829;-999;-999;-999;    3;   0.9;   4;   11.833;-999;  -999;  13.7;    -999;   21.0;   61.08;   30.9;    8.7;    4.2;eor
       1279;20180830;-999;-999;-999;    3;   0.0;   0;    1.000;-999;  -999;  15.6;    -999;   17.4;   78.46;   21.5;   11.3;    6.9;eor
       1279;20180831;-999;-999;-999;    3;   0.5;   4;    0.433;-999;  -999;  14.2;    -999;   15.3;   82.33;   19.5;   11.6;    8.6;eor
       1279;20180901;-999;-999;-999;    3;   1.6;   4;    0.833;-999;  -999;  11.5;    -999;   16.2;   63.58;   20.2;   13.0;   11.1;eor
       1279;20180902;-999;-999;-999;    3;   2.7;   4;    0.017;-999;  -999;  15.2;    -999;   15.8;   84.58;   17.5;   14.0;   13.0;eor
       1279;20180903;-999;-999;-999;    3;   3.3;   4;    2.017;-999;  -999;  18.0;    -999;   17.2;   92.13;   22.0;   14.5;   12.6;eor
       1279;20180904;-999;-999;-999;    3;   0.0;   4;    3.967;-999;  -999;  18.4;    -999;   18.9;   85.54;   25.8;   15.3;   12.8;eor
       1279;20180905;-999;-999;-999;    3;   0.0;   0;    7.833;-999;  -999;  16.0;    -999;   18.8;   78.25;   27.5;   12.9;   10.2;eor
       1279;20180906;-999;-999;-999;    3;   8.2;   4;    9.917;-999;  -999;  15.6;    -999;   19.7;   72.75;   28.8;   11.5;    8.0;eor
       1279;20180907;-999;-999;-999;    3;   0.0;   0;    3.383;-999;  -999;  17.0;    -999;   17.6;   85.04;   23.7;   12.1;    9.5;eor
       1279;20180908;-999;-999;-999;    3;   0.0;   0;    9.500;-999;  -999;  11.9;    -999;   16.6;   67.38;   23.6;    9.2;    6.0;eor
       1279;20180909;-999;-999;-999;    3;   0.0;   0;    9.700;-999;  -999;  11.5;    -999;   16.5;   67.13;   26.5;    8.9;    6.1;eor
       1279;20180910;-999;-999;-999;    3;   0.0;   0;    9.533;-999;  -999;  12.0;    -999;   18.1;   64.63;   28.5;    7.8;    4.6;eor
       1279;20180911;-999;-999;-999;    3;   0.0;   0;   12.000;-999;  -999;  12.5;    -999;   18.8;   63.29;   28.0;   10.4;    7.0;eor
       1279;20180912;-999;-999;-999;    3;   0.0;   0;   12.117;-999;  -999;  13.1;    -999;   20.2;   62.79;   31.5;    9.5;    6.1;eor
       1279;20180913;-999;-999;-999;    3;   2.0;   4;    2.333;-999;  -999;  16.6;    -999;   18.9;   76.67;   24.9;   14.8;   11.2;eor
       1279;20180914;-999;-999;-999;    3;   0.0;   0;    3.567;-999;  -999;  15.9;    -999;   17.7;   80.29;   23.6;   13.8;   10.4;eor
       1279;20180915;-999;-999;-999;    3;   0.0;   0;    9.917;-999;  -999;  11.9;    -999;   16.3;   68.04;   22.5;    8.3;    4.3;eor
       1279;20180916;-999;-999;-999;    3;   0.0;   0;   11.567;-999;  -999;  10.6;    -999;   14.7;   69.42;   24.7;    5.2;    2.3;eor
       1279;20180917;-999;-999;-999;    3;   0.0;   0;   11.617;-999;  -999;  11.9;    -999;   17.1;   67.04;   27.9;    8.3;    5.4;eor
       1279;20180918;-999;-999;-999;    3;   0.0;   0;   11.417;-999;  -999;  13.5;    -999;   19.7;   65.63;   31.3;    9.0;    5.8;eor
       1279;20180919;-999;-999;-999;    3;   0.0;   0;    9.117;-999;  -999;  15.9;    -999;   21.0;   66.67;   29.5;   14.0;   10.3;eor
       1279;20180920;-999;-999;-999;    3;   0.0;   0;   10.400;-999;  -999;  15.5;    -999;   21.3;   66.79;   32.1;   12.6;    8.7;eor
       1279;20180921;-999;-999;-999;    3;   0.6;   4;    5.383;-999;  -999;  14.9;    -999;   19.4;   69.63;   30.6;   12.3;    9.8;eor
       1279;20180922;-999;-999;-999;    3;   0.7;   4;    2.783;-999;  -999;   9.3;    -999;   13.9;   60.21;   18.1;    9.9;    4.6;eor
       1279;20180923;-999;-999;-999;    3;  13.4;   4;    0.233;-999;  -999;  14.6;    -999;   13.9;   90.17;   23.6;    7.6;    5.5;eor
       1279;20180924;-999;-999;-999;    3;   0.0;   0;    6.233;-999;  -999;   8.3;    -999;    9.8;   70.29;   14.5;    5.8;    1.9;eor
       1279;20180925;-999;-999;-999;    3;   0.0;   0;    8.933;-999;  -999;   7.1;    -999;    7.3;   73.92;   14.2;    1.6;   -2.0;eor
       1279;20180926;-999;-999;-999;    3;   0.0;   0;    8.983;-999;  -999;   6.9;    -999;    8.3;   70.00;   18.1;   -0.5;   -3.3;eor
       1279;20180927;-999;-999;-999;    3;   0.0;   0;   11.250;-999;  -999;   7.8;    -999;   12.0;   65.13;   24.0;    2.5;   -0.2;eor
       1279;20180928;-999;-999;-999;    3;   0.0;   0;    9.467;-999;  -999;   9.2;    -999;   12.5;   67.54;   20.9;    5.0;    0.3;eor
       1279;20180929;-999;-999;-999;    3;   0.0;   0;   11.050;-999;  -999;   6.9;    -999;    8.9;   65.83;   16.3;    1.5;   -2.7;eor
       1279;20180930;-999;-999;-999;    3;   0.0;   0;   11.067;-999;  -999;   7.8;    -999;    9.4;   72.17;   19.7;    0.3;   -3.6;eor
       1279;20181001;-999;-999;-999;    3;   0.0;   0;    2.983;   0;  -999;   8.3;    -999;    9.1;   74.67;   13.9;    4.0;    0.0;eor
       1279;20181002;-999;-999;-999;    3;   0.4;   4;    1.133;   0;  -999;   8.1;    -999;    7.7;   77.83;   10.6;    2.9;   -2.0;eor
       1279;20181003;-999;-999;-999;    3;   0.0;   0;    2.933;   0;  -999;   9.7;    -999;   11.1;   74.71;   16.6;    3.2;   -0.9;eor
       1279;20181004;-999;-999;-999;    3;   0.0;   0;   10.450;   0;  -999;   8.4;    -999;    8.5;   79.42;   17.8;    0.5;   -2.7;eor
       1279;20181005;-999;-999;-999;    3;   0.0;   0;   10.183;   0;  -999;   8.9;    -999;   11.2;   73.25;   23.0;    1.7;   -1.8;eor
       1279;20181006;-999;-999;-999;    3;   0.0;   0;    5.550;   0;  -999;  11.8;    -999;   14.0;   76.67;   24.4;    5.3;    1.3;eor
       1279;20181007;-999;-999;-999;    3;   0.0;   0;    8.617;   0;  -999;  12.5;    -999;   14.5;   78.17;   23.8;    7.8;    4.1;eor
       1279;20181008;-999;-999;-999;    3;   0.0;   0;    8.783;   0;  -999;  12.1;    -999;   12.6;   84.08;   21.5;    6.0;    2.4;eor
       1279;20181009;-999;-999;-999;    3;   0.0;   0;    8.317;   0;  -999;  12.0;    -999;   12.1;   86.75;   21.9;    5.8;    2.5;eor
       1279;20181010;-999;-999;-999;    3;   0.0;   0;   10.150;   0;  -999;  11.4;    -999;   12.5;   81.25;   22.0;    4.2;    0.6;eor
       1279;20181011;-999;-999;-999;    3;   0.5;   4;   10.267;   0;  -999;   9.6;    -999;   16.3;   56.04;   25.2;   10.4;    4.0;eor
       1279;20181012;-999;-999;-999;    3;   0.0;   0;   10.067;   0;  -999;  12.7;    -999;   15.9;   74.58;   26.0;    9.0;    3.9;eor
       1279;20181013;-999;-999;-999;    3;   0.0;   0;   10.167;   0;  -999;  10.9;    -999;   15.0;   69.96;   25.1;    6.1;    1.9;eor
       1279;20181014;-999;-999;-999;    3;   0.0;   0;   10.100;   0;  -999;  10.4;    -999;   13.7;   72.67;   24.6;    6.1;    1.7;eor
       1279;20181015;-999;-999;-999;    3;   0.0;   0;   10.083;   0;  -999;   9.5;    -999;   13.3;   69.42;   25.1;    4.8;   -0.2;eor
       1279;20181016;-999;-999;-999;    3;   0.0;   0;    8.050;   0;  -999;  10.3;    -999;   12.2;   76.88;   22.2;    4.4;    0.1;eor
       1279;20181017;-999;-999;-999;    3;   0.0;   0;    9.517;   0;  -999;  10.6;    -999;   11.5;   81.75;   21.7;    4.4;    0.1;eor
       1279;20181018;-999;-999;-999;    3;   0.0;   0;    6.500;   0;  -999;  10.8;    -999;   12.0;   79.71;   20.7;    4.4;    0.1;eor
       1279;20181019;-999;-999;-999;    3;   0.0;   0;    7.367;   0;  -999;  10.9;    -999;   10.7;   86.54;   18.0;    4.9;    0.7;eor
       1279;20181020;-999;-999;-999;    3;   0.0;   0;    6.633;   0;  -999;   9.2;    -999;    9.6;   80.25;   17.1;    2.9;   -2.5;eor
       1279;20181021;-999;-999;-999;    3;   0.0;   0;    9.050;   0;  -999;   7.8;    -999;    7.1;   81.29;   15.4;    0.8;   -4.6;eor
       1279;20181022;-999;-999;-999;    3;   0.2;   4;    5.167;   0;  -999;   7.7;    -999;    6.6;   80.04;   15.1;   -1.8;   -6.5;eor
       1279;20181023;-999;-999;-999;    3;   0.1;   4;    0.000;   0;  -999;   8.0;    -999;    8.2;   75.46;   12.1;    2.6;   -2.2;eor
       1279;20181024;-999;-999;-999;    3;  13.8;   4;    0.167;   0;  -999;  12.0;    -999;   11.4;   88.63;   13.9;    9.2;    8.8;eor
       1279;20181025;-999;-999;-999;    3;   0.8;   4;    0.200;   0;  -999;  11.7;    -999;   11.8;   83.96;   13.8;    9.6;    8.9;eor
       1279;20181026;-999;-999;-999;    3;   0.1;   4;    2.733;   0;  -999;   9.5;    -999;   10.3;   76.00;   14.5;    8.3;    4.3;eor
       1279;20181027;-999;-999;-999;    3;   2.1;   4;    0.000;   0;  -999;   7.9;    -999;    7.3;   76.88;    9.1;    5.3;    3.2;eor
       1279;20181028;-999;-999;-999;    3;   6.9;   4;    0.000;   0;  -999;   7.2;    -999;    4.4;   86.38;    6.5;    2.6;    2.3;eor
       1279;20181029;-999;-999;-999;    3;   0.2;   4;    0.000;   0;  -999;   8.4;    -999;    6.8;   84.71;   11.6;    3.5;    3.2;eor
       1279;20181030;-999;-999;-999;    3;   2.0;   4;    0.517;   0;  -999;   8.5;    -999;    8.1;   78.21;   14.8;    3.3;   -0.7;eor
       1279;20181031;-999;-999;-999;    3;   0.0;   0;    4.733;   0;  -999;   7.3;    -999;    7.3;   74.08;   14.7;    0.3;   -3.2;eor
       1279;20181101;-999;-999;-999;    3;   0.0;   0;    3.617;   0;  -999;   8.3;    -999;    6.5;   87.46;   15.3;    1.3;   -2.2;eor
       1279;20181102;-999;-999;-999;    3;   0.0;   0;    3.183;   0;  -999;   8.7;    -999;    7.1;   86.88;   14.0;    1.2;   -2.2;eor
       1279;20181103;-999;-999;-999;    3;   0.0;   0;    0.100;   0;  -999;   9.5;    -999;    9.5;   80.63;   12.3;    5.4;    0.3;eor
       1279;20181104;-999;-999;-999;    3;   0.0;   0;    0.000;   0;  -999;  11.0;    -999;   10.9;   84.17;   11.7;    9.5;    8.9;eor
       1279;20181105;-999;-999;-999;    3;   0.0;   0;    3.600;   0;  -999;  10.6;    -999;   11.3;   80.63;   17.5;    5.5;    1.5;eor
       1279;20181106;-999;-999;-999;    3;   0.0;   0;    6.983;   0;  -999;   9.7;    -999;    9.4;   83.96;   18.4;    2.7;   -1.1;eor
       1279;20181107;-999;-999;-999;    3;   0.1;   4;    5.233;   0;  -999;   9.4;    -999;    6.9;   94.04;   14.0;    2.9;   -0.8;eor
       1279;20181108;-999;-999;-999;    3;   0.1;   4;    0.000;   0;  -999;  10.5;    -999;    8.3;   95.50;   12.3;    5.2;    3.5;eor
       1279;20181109;-999;-999;-999;    3;   0.0;   0;    0.000;   0;  -999;  10.1;    -999;    8.7;   89.79;   11.4;    5.4;    1.2;eor
       1279;20181110;-999;-999;-999;    3;   0.1;   4;    0.433;   0;  -999;   9.8;    -999;    9.1;   84.67;   11.4;    7.6;    4.5;eor
       1279;20181111;-999;-999;-999;    3;   1.5;   4;    4.267;   0;  -999;  10.7;    -999;   10.0;   87.21;   15.8;    6.9;    2.5;eor
       1279;20181112;-999;-999;-999;    3;   0.2;   4;    5.767;   0;  -999;  10.0;    -999;   11.0;   76.46;   17.1;    6.1;    1.7;eor
       1279;20181113;-999;-999;-999;    3;   0.5;   4;    0.683;   0;  -999;   9.9;    -999;    8.4;   88.92;   12.7;    1.5;   -1.8;eor
       1279;20181114;-999;-999;-999;    3;   0.0;   0;    0.000;   0;  -999;   8.1;    -999;    4.7;   94.46;    7.8;    0.9;   -2.5;eor
       1279;20181115;-999;-999;-999;    3;   0.0;   0;    4.517;   0;  -999;   7.7;    -999;    6.0;   82.46;   10.1;   -0.2;   -3.9;eor
       1279;20181116;-999;-999;-999;    3;   0.0;   0;    7.467;   0;  -999;   6.1;    -999;    3.3;   81.17;    9.9;   -3.2;   -6.2;eor
       1279;20181117;-999;-999;-999;    3;   0.0;   0;    7.700;   0;  -999;   5.5;    -999;    5.1;   63.42;    9.8;    2.6;   -2.1;eor
       1279;20181118;-999;-999;-999;    3;   0.0;   0;    7.650;   0;  -999;   3.9;    -999;    3.4;   50.25;    8.5;   -1.6;   -5.5;eor
       1279;20181119;-999;-999;-999;    3;   0.0;   0;    0.000;   0;  -999;   5.1;    -999;    1.6;   73.79;    3.5;   -2.2;   -6.9;eor
       1279;20181120;-999;-999;-999;    3;   1.7;   4;    0.033;   0;  -999;   5.6;    -999;    1.8;   79.92;    3.6;   -3.2;   -7.5;eor
       1279;20181121;-999;-999;-999;    3;   0.0;   0;    0.000;   0;  -999;   6.0;    -999;    2.2;   84.46;    4.1;   -3.3;   -7.4;eor
       1279;20181122;-999;-999;-999;    3;   0.0;   0;    0.000;   0;  -999;   6.4;    -999;    3.3;   82.75;    5.0;    1.5;   -3.1;eor
       1279;20181123;-999;-999;-999;    3;   1.8;   4;    0.000;   0;  -999;   6.4;    -999;    2.1;   90.00;    3.8;   -0.5;   -3.4;eor
       1279;20181124;-999;-999;-999;    3;   0.9;   4;    0.667;   0;  -999;   7.9;    -999;    4.3;   94.67;    8.7;   -0.1;   -2.7;eor
       1279;20181125;-999;-999;-999;    3;   0.0;   0;    0.000;   0;  -999;   7.5;    -999;    4.1;   92.00;    5.8;    1.1;   -2.4;eor
       1279;20181126;-999;-999;-999;    3;   0.0;   0;    0.000;   0;  -999;   6.7;    -999;    4.6;   79.54;    6.5;    3.2;    1.6;eor
       1279;20181127;-999;-999;-999;    3;   0.0;   0;    0.000;   0;  -999;   5.7;    -999;    2.6;   77.38;    3.5;    0.4;    0.1;eor
       1279;20181128;-999;-999;-999;    3;   0.0;   0;    5.950;   0;  -999;   5.2;    -999;    1.5;   76.96;    4.8;    0.0;   -2.0;eor
       1279;20181129;-999;-999;-999;    3;   0.0;   0;    4.817;   0;  -999;   4.5;    -999;    1.6;   67.13;    5.3;   -1.4;   -3.8;eor
       1279;20181130;-999;-999;-999;    3;   3.7;   4;    0.000;   0;  -999;   5.4;    -999;    1.4;   78.92;    2.4;    0.5;   -1.4;eor
       1279;20181201;-999;-999;-999;    3;   0.2;   4;    2.250;   0;  -999;   8.1;    -999;    5.1;   91.88;    9.3;    2.1;   -0.2;eor
       1279;20181202;-999;-999;-999;    3;  19.2;   4;    0.000;   0;  -999;  10.0;    -999;    7.8;   92.92;   11.5;    4.8;    3.8;eor
       1279;20181203;-999;-999;-999;    3;  29.8;   4;    0.167;   0;  -999;  12.1;    -999;   10.4;   96.42;   12.0;    8.8;    7.5;eor
       1279;20181204;-999;-999;-999;    3;   0.2;   4;    0.500;   0;  -999;   8.4;    -999;    6.0;   87.83;   10.0;   -2.3;   -5.4;eor
       1279;20181205;-999;-999;-999;    3;   0.2;   4;    0.133;   0;  -999;   5.8;    -999;    0.8;   89.63;    4.3;   -2.9;   -6.2;eor
       1279;20181206;-999;-999;-999;    3;   0.4;   4;    0.000;   0;  -999;   8.4;    -999;    5.8;   89.58;    9.4;    3.0;    1.4;eor
       1279;20181207;-999;-999;-999;    3;   1.3;   4;    0.000;   0;  -999;  10.9;    -999;   10.6;   85.38;   12.3;    8.2;    6.3;eor
       1279;20181208;-999;-999;-999;    3;  10.8;   4;    0.000;   0;  -999;   7.8;    -999;    6.6;   79.71;    8.4;    5.4;    3.4;eor
       1279;20181209;-999;-999;-999;    3;   6.3;   4;    0.000;   0;  -999;   8.6;    -999;    7.0;   85.42;    8.6;    3.6;    1.8;eor
       1279;20181210;-999;-999;-999;    3;   2.0;   4;    1.583;   0;  -999;   6.7;    -999;    3.3;   86.33;    4.9;    1.7;   -0.2;eor
       1279;20181211;-999;-999;-999;    3;   0.1;   4;    0.000;   0;  -999;   6.3;    -999;    3.0;   83.67;    4.0;    2.0;    0.3;eor
       1279;20181212;-999;-999;-999;    3;   0.0;   0;    0.817;   0;  -999;   5.9;    -999;    2.1;   83.00;    4.6;   -1.4;   -5.2;eor
       1279;20181213;-999;-999;-999;    3;   0.0;   0;    1.667;   0;  -999;   4.4;    -999;   -0.4;   74.88;    1.0;   -2.3;   -6.7;eor
       1279;20181214;-999;-999;-999;    3;   0.0;   0;    1.233;   0;  -999;   4.2;    -999;   -0.3;   69.50;    0.4;   -1.2;   -2.1;eor
       1279;20181215;-999;-999;-999;    3;   0.0;   0;    0.000;   0;  -999;   3.9;    -999;   -0.7;   67.33;   -0.2;   -2.4;   -5.9;eor
       1279;20181216;-999;-999;-999;    3;   1.0;   4;    0.000;   0;  -999;   4.7;    -999;   -1.6;   85.46;    0.6;   -3.9;   -8.4;eor
       1279;20181217;-999;-999;-999;    3;   2.2;   4;    0.000;   0;  -999;   7.0;    -999;    2.4;   95.46;    4.7;    0.4;    0.0;eor
       1279;20181218;-999;-999;-999;    3;   0.0;   0;    3.317;   0;  -999;   7.1;    -999;    3.3;   91.29;    6.4;   -0.5;   -4.4;eor
       1279;20181219;-999;-999;-999;    3;   7.8;   4;    0.000;   0;  -999;   6.2;    -999;    1.5;   91.50;    2.8;   -1.2;   -5.1;eor
       1279;20181220;-999;-999;-999;    3;   1.2;   4;    0.100;   0;  -999;   7.8;    -999;    4.5;   93.13;    6.7;    2.4;    1.8;eor
       1279;20181221;-999;-999;-999;    3;   8.6;   4;    0.000;   0;  -999;   8.9;    -999;    7.4;   85.58;   11.6;    4.6;    2.8;eor
       1279;20181222;-999;-999;-999;    3;   4.2;   4;    1.800;   0;  -999;   9.9;    -999;    9.4;   83.96;   11.5;    6.7;    2.8;eor
       1279;20181223;-999;-999;-999;    3;  28.4;   4;    0.000;   0;  -999;   9.1;    -999;    6.4;   94.08;   11.2;    2.6;   -0.6;eor
       1279;20181224;-999;-999;-999;    3;   0.6;   4;    0.517;   0;  -999;   7.4;    -999;    4.2;   89.00;    9.3;   -0.1;   -2.1;eor
       1279;20181225;-999;-999;-999;    3;   0.0;   0;    0.000;   0;  -999;   5.7;    -999;    1.2;   85.04;    2.8;   -0.3;   -3.2;eor
       1279;20181226;-999;-999;-999;    3;   0.2;   4;    4.133;   0;  -999;   5.4;    -999;    0.1;   87.92;    2.9;   -3.5;   -7.1;eor
       1279;20181227;-999;-999;-999;    3;   0.0;   0;    3.800;   0;  -999;   5.9;    -999;    1.9;   84.58;    5.0;   -0.2;   -2.3;eor
       1279;20181228;-999;-999;-999;    3;   0.1;   4;    7.033;   0;  -999;   5.7;    -999;    0.7;   89.33;    5.2;   -2.1;   -5.1;eor
       1279;20181229;-999;-999;-999;    3;   2.5;   4;    0.000;   1;  -999;   6.1;    -999;    0.8;   94.75;    3.0;   -1.3;   -1.3;eor
       1279;20181230;-999;-999;-999;    3;   0.3;   4;    0.183;   0;  -999;   7.6;    -999;    5.3;   84.96;    7.1;    3.0;    2.4;eor
       1279;20181231;-999;-999;-999;    3;   0.4;   4;    0.000;   0;  -999;   8.8;    -999;    5.7;   95.83;    6.9;    4.3;    4.1;eor
       1279;20190101;-999;-999;-999;    3;   6.7;   4;    0.000;   0;  -999;   8.3;    -999;    5.7;   89.92;    6.6;    1.3;   -0.2;eor
       1279;20190102;-999;-999;-999;    3;   0.6;   4;    4.083;   0;  -999;   5.0;    -999;    1.6;   72.25;    3.9;   -0.8;   -4.0;eor
       1279;20190103;-999;-999;-999;    3;   0.0;   4;    6.050;   0;  -999;   4.4;    -999;   -0.8;   76.04;    2.0;   -4.2;   -8.0;eor
       1279;20190104;-999;-999;-999;    3;   5.5;   4;    0.000;   1;  -999;   5.5;    -999;    0.1;   88.58;    1.7;   -2.5;   -5.6;eor
       1279;20190105;-999;-999;-999;    3;  12.2;   4;    0.000;   2;  -999;   7.3;    -999;    3.0;   95.17;    5.4;    0.3;   -0.1;eor
       1279;20190106;-999;-999;-999;    3;   2.3;   4;    0.000;   0;  -999;   8.0;    -999;    4.7;   93.54;    5.4;    3.4;    3.1;eor
       1279;20190107;-999;-999;-999;    3;   3.0;   4;    0.000;   0;  -999;   7.3;    -999;    4.1;   89.50;    5.1;    2.1;    1.6;eor
       1279;20190108;-999;-999;-999;    3;   9.0;   4;    0.400;   0;  -999;   7.1;    -999;    3.7;   88.63;    5.1;    2.2;    1.5;eor
       1279;20190109;-999;-999;-999;    3;   0.6;   4;    0.000;   2;  -999;   5.9;    -999;    1.1;   89.83;    3.2;   -0.3;   -0.5;eor
       1279;20190110;-999;-999;-999;    3;   0.0;   4;    0.000;   1;  -999;   5.0;    -999;    0.1;   80.79;    1.5;   -2.7;   -5.7;eor
       1279;20190111;-999;-999;-999;    3;   8.0;   4;    0.000;   1;  -999;   5.1;    -999;   -1.2;   90.25;    0.9;   -2.1;   -2.8;eor
       1279;20190112;-999;-999;-999;    3;   4.7;   4;    0.000;   3;  -999;   6.6;    -999;    2.0;   93.00;    2.9;    0.8;   -0.1;eor
       1279;20190113;-999;-999;-999;    3;  14.4;   4;    0.000;   0;  -999;   8.2;    -999;    5.2;   92.42;    7.9;    2.6;    1.6;eor
       1279;20190114;-999;-999;-999;    3;   1.6;   4;    0.233;   0;  -999;   6.1;    -999;    3.8;   75.25;    6.0;    1.4;   -0.2;eor
       1279;20190115;-999;-999;-999;    3;   0.0;   0;    0.367;   0;  -999;   6.0;    -999;    3.2;   78.63;    4.7;    1.2;   -0.2;eor
       1279;20190116;-999;-999;-999;    3;   0.0;   0;    1.167;   0;  -999;   6.2;    -999;    3.9;   76.50;    5.8;    0.1;   -3.9;eor
       1279;20190117;-999;-999;-999;    3;   2.0;   4;    0.250;   0;  -999;   6.6;    -999;    4.1;   80.46;    6.6;    0.0;   -3.4;eor
       1279;20190118;-999;-999;-999;    3;   0.0;   0;    4.267;   0;  -999;   4.8;    -999;   -0.1;   80.00;    3.1;   -3.8;   -7.6;eor
       1279;20190119;-999;-999;-999;    3;   0.0;   0;    7.550;   0;  -999;   3.5;    -999;   -2.6;   72.38;    2.9;   -7.1;  -12.1;eor
       1279;20190120;-999;-999;-999;    3;   0.0;   0;    7.450;   0;  -999;   3.7;    -999;   -3.6;   77.83;   -0.6;   -8.2;  -12.9;eor
       1279;20190121;-999;-999;-999;    3;   0.0;   0;    6.617;   0;  -999;   3.5;    -999;   -4.0;   79.21;    1.7;   -8.2;  -13.5;eor
       1279;20190122;-999;-999;-999;    3;   0.0;   0;    0.000;   0;  -999;   3.6;    -999;   -4.8;   84.33;   -3.0;   -8.5;  -13.1;eor
       1279;20190123;-999;-999;-999;    3;   0.6;   4;    0.000;   0;  -999;   3.7;    -999;   -4.2;   83.00;   -3.2;   -5.0;   -7.2;eor
       1279;20190124;-999;-999;-999;    3;   0.8;   4;    0.000;   2;  -999;   4.2;    -999;   -3.2;   86.46;   -1.9;   -4.3;   -4.9;eor
       1279;20190125;-999;-999;-999;    3;   6.4;   4;    0.533;   3;  -999;   4.1;    -999;   -3.3;   85.17;   -1.4;   -5.2;   -6.4;eor
       1279;20190126;-999;-999;-999;    3;   2.3;   4;    0.000;   4;  -999;   6.4;    -999;    1.5;   93.58;    3.6;   -1.7;   -2.2;eor
       1279;20190127;-999;-999;-999;    3;   0.5;   4;    1.950;   1;  -999;   6.7;    -999;    4.5;   80.42;    8.5;    2.5;    0.8;eor
       1279;20190128;-999;-999;-999;    3;   2.5;   4;    0.000;   0;  -999;   6.0;    -999;    2.0;   84.63;    3.6;    0.7;   -0.3;eor
       1279;20190129;-999;-999;-999;    3;   0.0;   0;    0.000;   0;  -999;   5.4;    -999;    0.4;   85.46;    2.6;   -2.5;   -6.6;eor
       1279;20190130;-999;-999;-999;    3;   0.0;   0;    1.767;   0;  -999;   4.5;    -999;    0.3;   71.96;    3.9;   -2.8;   -7.4;eor
       1279;20190131;-999;-999;-999;    3;   1.2;   4;    6.233;   0;  -999;   4.1;    -999;   -0.5;   72.00;    5.0;   -5.3;  -10.4;eor
       1279;20190201;-999;-999;-999;    3;   4.1;   4;    0.067;   2;  -999;   5.6;    -999;    1.5;   82.38;    3.8;   -0.9;   -2.5;eor
       1279;20190202;-999;-999;-999;    3;   0.0;   4;    0.000;   0;  -999;   6.7;    -999;    1.9;   95.58;    4.5;    0.4;   -1.2;eor
       1279;20190203;-999;-999;-999;    3;   2.2;   4;    0.000;   0;  -999;   5.9;    -999;    1.2;   87.58;    2.4;   -0.4;   -1.1;eor
       1279;20190204;-999;-999;-999;    3;   0.0;   0;    8.517;   1;  -999;   4.7;    -999;   -0.9;   82.38;    3.9;   -5.7;  -11.1;eor
       1279;20190205;-999;-999;-999;    3;   0.0;   0;    1.833;   0;  -999;   4.7;    -999;   -1.7;   87.17;    1.9;   -3.6;   -7.4;eor
       1279;20190206;-999;-999;-999;    3;   0.0;   0;    4.833;   0;  -999;   4.4;    -999;   -2.5;   86.25;    2.5;   -5.5;   -9.3;eor
       1279;20190207;-999;-999;-999;    3;   2.0;   4;    0.000;   0;  -999;   4.8;    -999;   -2.4;   91.38;    1.1;   -6.6;   -8.3;eor
       1279;20190208;-999;-999;-999;    3;   0.2;   4;    6.217;   0;  -999;   6.3;    -999;    3.1;   83.46;    8.4;   -1.8;   -5.2;eor
       1279;20190209;-999;-999;-999;    3;   0.1;   4;    2.633;   0;  -999;   6.7;    -999;    6.4;   69.54;   11.0;    1.7;   -2.7;eor
       1279;20190210;-999;-999;-999;    3;   4.4;   4;    0.000;   0;  -999;   7.1;    -999;    6.9;   72.17;   11.4;    3.6;    0.1;eor
       1279;20190211;-999;-999;-999;    3;   0.4;   4;    0.050;   0;  -999;   6.3;    -999;    3.6;   80.25;    5.4;    1.2;   -2.6;eor
       1279;20190212;-999;-999;-999;    3;   0.0;   4;    0.417;   0;  -999;   5.5;    -999;    3.1;   72.58;    4.5;    1.6;   -1.0;eor
       1279;20190213;-999;-999;-999;    3;   0.0;   0;    8.583;   0;  -999;   5.2;    -999;    2.0;   75.88;    9.0;   -2.9;   -6.4;eor
       1279;20190214;-999;-999;-999;    3;   0.0;   0;    5.250;   0;  -999;   5.2;    -999;    0.9;   81.83;    9.8;   -3.5;   -7.0;eor
       1279;20190215;-999;-999;-999;    3;   0.0;   0;    9.433;   0;  -999;   5.3;    -999;    1.7;   79.67;   13.6;   -4.6;   -8.5;eor
       1279;20190216;-999;-999;-999;    3;   0.0;   0;    9.450;   0;  -999;   5.3;    -999;    2.4;   77.38;   14.1;   -4.8;   -8.6;eor
       1279;20190217;-999;-999;-999;    3;   0.0;   0;    9.500;   0;  -999;   5.6;    -999;    3.0;   77.88;   14.5;   -4.1;   -7.4;eor
       1279;20190218;-999;-999;-999;    3;   0.0;   0;    9.550;   0;  -999;   5.3;    -999;    3.1;   74.96;   15.5;   -4.2;   -7.3;eor
       1279;20190219;-999;-999;-999;    3;   0.0;   0;    1.917;   0;  -999;   6.0;    -999;    1.8;   86.08;    9.4;   -3.7;   -6.0;eor
       1279;20190220;-999;-999;-999;    3;   0.0;   0;    1.800;   0;  -999;   6.2;    -999;    2.3;   86.42;    9.9;   -3.5;   -5.2;eor
       1279;20190221;-999;-999;-999;    3;   0.0;   4;    1.250;   0;  -999;   7.0;    -999;    4.6;   83.04;   11.0;   -2.1;   -3.4;eor
       1279;20190222;-999;-999;-999;    3;   0.0;   0;    0.050;   0;  -999;   8.1;    -999;    7.7;   76.13;   11.0;   -0.2;   -4.8;eor
       1279;20190223;-999;-999;-999;    3;   0.0;   0;    8.533;   0;  -999;   3.8;    -999;    1.2;   60.50;    7.2;   -3.8;   -8.6;eor
       1279;20190224;-999;-999;-999;    3;   0.0;   0;    8.217;   0;  -999;   3.6;    -999;    1.0;   59.71;   10.4;   -5.0;   -9.3;eor
       1279;20190225;-999;-999;-999;    3;   0.0;   0;    9.667;   0;  -999;   4.9;    -999;    3.2;   68.17;   15.8;   -4.5;   -8.3;eor
       1279;20190226;-999;-999;-999;    3;   0.0;   0;    9.550;   0;  -999;   5.5;    -999;    4.6;   71.38;   17.0;   -3.0;   -6.6;eor
       1279;20190227;-999;-999;-999;    3;   0.0;   0;   10.133;   0;  -999;   5.2;    -999;    5.6;   63.63;   17.3;   -2.5;   -6.0;eor
       1279;20190228;-999;-999;-999;    3;   0.3;   4;    9.350;   0;  -999;   6.6;    -999;    7.6;   67.13;   16.7;   -3.0;   -7.6;eor
       1279;20190301;-999;-999;-999;    3;   1.4;   4;    0.000;   0;  -999;   9.2;    -999;    8.6;   82.04;   10.3;    6.5;    3.9;eor
       1279;20190302;-999;-999;-999;    3;   0.1;   4;    0.000;   0;  -999;   8.2;    -999;    6.3;   86.29;    8.4;    3.9;   -0.9;eor
       1279;20190303;-999;-999;-999;    3;   0.0;   0;    0.000;   0;  -999;   8.4;    -999;    9.6;   70.25;   12.0;    7.0;    2.3;eor
       1279;20190304;-999;-999;-999;    3;   2.5;   4;    1.317;   0;  -999;   7.1;    -999;    8.7;   64.08;   14.0;    4.2;    1.8;eor
       1279;20190305;-999;-999;-999;    3;   1.6;   4;    0.167;   0;  -999;   7.0;    -999;    4.7;   81.83;    8.6;   -0.4;   -3.8;eor
       1279;20190306;-999;-999;-999;    3;   0.0;   0;    5.667;   0;  -999;   7.7;    -999;    7.4;   76.38;   14.3;   -1.0;   -4.4;eor
       1279;20190307;-999;-999;-999;    3;   2.7;   4;    1.717;   0;  -999;   7.9;    -999;    8.6;   70.92;   12.3;    4.1;   -1.3;eor
       1279;20190308;-999;-999;-999;    3;   2.8;   4;    0.750;   0;  -999;   7.3;    -999;    6.4;   76.63;    9.9;    2.9;   -0.8;eor
       1279;20190309;-999;-999;-999;    3;   3.1;   4;    0.217;   0;  -999;   8.2;    -999;    7.4;   79.04;   10.7;    3.5;    1.2;eor
       1279;20190310;-999;-999;-999;    3;   6.2;   4;    3.267;   0;  -999;   8.6;    -999;    8.5;   78.21;   14.4;    4.0;    2.4;eor
       1279;20190311;-999;-999;-999;    3;   1.5;   4;    2.600;   0;  -999;   5.8;    -999;    3.6;   73.92;    6.5;    0.8;   -3.0;eor
       1279;20190312;-999;-999;-999;    3;   0.6;   4;    5.433;   0;  -999;   5.2;    -999;    6.1;   57.25;   10.0;    2.2;    0.2;eor
       1279;20190313;-999;-999;-999;    3;   1.3;   4;    1.917;   0;  -999;   6.1;    -999;    6.2;   65.04;    9.2;    3.7;    0.9;eor
       1279;20190314;-999;-999;-999;    3;   5.2;   4;    0.033;   0;  -999;   7.3;    -999;    5.1;   83.21;    6.7;    3.8;    2.3;eor
       1279;20190315;-999;-999;-999;    3;  22.5;   4;    0.000;   0;  -999;   9.3;    -999;    8.2;   84.29;   11.3;    5.1;    2.2;eor
       1279;20190316;-999;-999;-999;    3;   8.3;   4;    0.533;   0;  -999;   9.3;    -999;    8.0;   87.46;   12.2;    2.2;   -2.4;eor
       1279;20190317;-999;-999;-999;    3;   0.8;   4;    7.117;   0;  -999;   7.2;    -999;    6.8;   75.96;   16.4;    1.3;   -3.4;eor
       1279;20190318;-999;-999;-999;    3;   0.5;   4;    3.333;   0;  -999;   6.4;    -999;    3.9;   78.96;    8.2;   -0.4;   -2.6;eor
       1279;20190319;-999;-999;-999;    3;   0.0;   0;    6.450;   0;  -999;   5.4;    -999;    3.0;   74.96;    9.2;   -1.1;   -4.8;eor
       1279;20190320;-999;-999;-999;    3;   0.0;   0;   11.333;   0;  -999;   5.0;    -999;    3.8;   67.17;   11.3;   -3.2;   -7.6;eor
       1279;20190321;-999;-999;-999;    3;   0.0;   0;   11.550;   0;  -999;   5.4;    -999;    6.1;   64.79;   16.6;   -2.8;   -6.6;eor
       1279;20190322;-999;-999;-999;    3;   0.0;   0;   11.450;   0;  -999;   7.3;    -999;    8.8;   68.75;   20.1;   -0.5;   -4.5;eor
       1279;20190323;-999;-999;-999;    3;   0.0;   0;   11.417;   0;  -999;   7.7;    -999;    9.8;   68.88;   19.0;    0.3;   -4.2;eor
       1279;20190324;-999;-999;-999;    3;   0.0;   0;    4.783;   0;  -999;   8.7;    -999;    9.1;   75.54;   14.3;    2.8;   -1.7;eor
       1279;20190325;-999;-999;-999;    3;   9.3;   4;    4.600;   0;  -999;   6.7;    -999;    4.4;   80.96;    7.8;   -0.2;   -3.2;eor
       1279;20190326;-999;-999;-999;    3;   0.2;   4;    1.250;   0;  -999;   6.0;    -999;    3.9;   76.38;    7.3;   -1.8;   -4.7;eor
       1279;20190327;-999;-999;-999;    3;   0.0;   0;    2.683;   0;  -999;   7.0;    -999;    6.6;   73.54;   10.3;    3.3;    2.3;eor
       1279;20190328;-999;-999;-999;    3;   0.0;   0;    0.717;   0;  -999;   8.2;    -999;    8.0;   77.33;   12.5;    3.1;   -0.6;eor
       1279;20190329;-999;-999;-999;    3;   0.0;   0;   11.133;   0;  -999;   8.0;    -999;    9.6;   70.83;   16.8;    3.2;   -2.1;eor
       1279;20190330;-999;-999;-999;    3;   0.0;   0;   11.717;   0;  -999;   7.3;    -999;    9.1;   68.88;   18.8;   -0.3;   -4.1;eor
       1279;20190331;-999;-999;-999;    3;   0.0;   0;    9.600;   0;  -999;   7.3;    -999;    9.5;   66.54;   19.1;    0.7;   -3.3;eor
       1279;20190401;-999;-999;-999;    3;   0.0;   0;   11.717;   0;  -999;   7.4;    -999;   10.4;   60.50;   16.9;    3.8;   -0.3;eor
       1279;20190402;-999;-999;-999;    3;   0.0;   0;   10.333;   0;  -999;   7.4;    -999;   10.7;   60.08;   20.4;    0.9;   -3.7;eor
       1279;20190403;-999;-999;-999;    3;   0.1;   4;    8.883;   0;  -999;   8.9;    -999;   11.8;   67.42;   19.3;    5.3;    3.3;eor
       1279;20190404;-999;-999;-999;    3;   0.5;   4;    4.417;   0;  -999;   8.1;    -999;    8.1;   75.96;   13.7;    4.8;    4.9;eor
       1279;20190405;-999;-999;-999;    3;   0.0;   0;    1.183;   0;  -999;   8.5;    -999;    6.9;   85.75;   11.5;    3.2;   -0.7;eor
       1279;20190406;-999;-999;-999;    3;   0.0;   0;    8.483;   0;  -999;   8.4;    -999;   10.6;   69.88;   19.2;    2.0;   -1.5;eor
       1279;20190407;-999;-999;-999;    3;   0.0;   0;   10.033;   0;  -999;   8.0;    -999;   12.4;   56.88;   18.2;    5.0;   -0.6;eor
       1279;20190408;-999;-999;-999;    3;   0.0;   0;    4.483;   0;  -999;   9.6;    -999;   12.6;   67.08;   18.3;    9.1;    6.5;eor
       1279;20190409;-999;-999;-999;    3;   0.1;   4;    0.050;   0;  -999;   9.5;    -999;   10.7;   75.13;   17.9;    4.8;    0.5;eor
       1279;20190410;-999;-999;-999;    3;   0.0;   0;    0.833;   0;  -999;   6.2;    -999;    9.1;   54.17;   13.0;    4.4;    1.3;eor
       1279;20190411;-999;-999;-999;    3;   0.0;   0;   11.917;   0;  -999;   4.8;    -999;    6.2;   51.75;   11.9;    1.2;   -1.3;eor
       1279;20190412;-999;-999;-999;    3;   0.0;   0;    4.550;   0;  -999;   4.2;    -999;    4.1;   52.63;    8.4;   -0.8;   -4.4;eor
       1279;20190413;-999;-999;-999;    3;   0.0;   0;    5.883;   0;  -999;   4.4;    -999;    5.3;   51.46;   10.4;    1.2;    0.4;eor
       1279;20190414;-999;-999;-999;    3;   0.0;   0;    7.583;   0;  -999;   5.6;    -999;    5.0;   64.58;    9.3;    1.0;   -0.6;eor
       1279;20190415;-999;-999;-999;    3;   0.0;   0;   11.250;   0;  -999;   5.8;    -999;   10.3;   50.83;   17.3;    2.6;   -3.1;eor
       1279;20190416;-999;-999;-999;    3;   0.0;   0;   12.483;   0;  -999;   5.0;    -999;   11.6;   39.96;   18.9;    0.4;   -5.3;eor
       1279;20190417;-999;-999;-999;    3;   0.0;   0;   10.267;   0;  -999;   5.5;    -999;   12.9;   39.83;   20.1;    4.0;   -1.7;eor
       1279;20190418;-999;-999;-999;    3;   0.0;   0;   11.900;   0;  -999;   7.0;    -999;   14.7;   44.04;   20.9;    8.4;    1.9;eor
       1279;20190419;-999;-999;-999;    3;   0.0;   0;   13.100;   0;  -999;   6.7;    -999;   16.8;   36.58;   23.4;    6.1;   -1.1;eor
       1279;20190420;-999;-999;-999;    3;   0.0;   0;   13.033;   0;  -999;   6.4;    -999;   16.1;   40.42;   24.4;    4.6;   -1.7;eor
       1279;20190421;-999;-999;-999;    3;   0.0;   0;   13.050;   0;  -999;   6.2;    -999;   15.1;   42.46;   23.9;    3.8;   -2.6;eor
       1279;20190422;-999;-999;-999;    3;   0.0;   0;   12.967;   0;  -999;   6.4;    -999;   15.4;   41.96;   23.6;    3.9;   -2.3;eor
       1279;20190423;-999;-999;-999;    3;   0.0;   0;    7.533;   0;  -999;   9.1;    -999;   15.8;   51.04;   20.8;   11.2;    6.3;eor
       1279;20190424;-999;-999;-999;    3;   0.0;   0;   10.300;   0;  -999;   9.1;    -999;   18.2;   47.33;   27.7;    9.1;    3.3;eor
       1279;20190425;-999;-999;-999;    3;   0.0;   0;   12.133;   0;  -999;   8.0;    -999;   16.5;   48.67;   26.0;    4.7;   -0.6;eor
       1279;20190426;-999;-999;-999;    3;   3.9;   4;    1.317;   0;  -999;   9.8;    -999;    9.8;   80.92;   12.8;    6.9;    0.9;eor
       1279;20190427;-999;-999;-999;    3;  11.3;   4;    2.633;   0;  -999;   9.9;    -999;    9.2;   85.75;   16.3;    5.6;    3.9;eor
       1279;20190428;-999;-999;-999;    3;   2.6;   4;    1.833;   0;  -999;   7.9;    -999;    7.6;   77.29;   12.1;    4.3;    3.2;eor
       1279;20190429;-999;-999;-999;    3;  10.1;   4;    0.000;   0;  -999;   9.1;    -999;    7.5;   87.38;   10.7;    3.9;    1.2;eor
       1279;20190430;-999;-999;-999;    3;   0.0;   0;   10.983;   0;  -999;   8.3;    -999;   11.0;   67.00;   17.6;    4.3;    0.4;eor
       1279;20190501;-999;-999;-999;    3;   0.0;   0;    6.733;-999;  -999;   9.3;    -999;   10.4;   75.54;   19.0;    2.2;   -1.2;eor
       1279;20190502;-999;-999;-999;    3;   1.6;   4;    7.883;-999;  -999;   9.3;    -999;   12.3;   68.75;   19.4;    3.7;   -0.4;eor
       1279;20190503;-999;-999;-999;    3;   0.1;   4;    1.250;-999;  -999;   8.9;    -999;    9.4;   76.50;   12.4;    4.2;   -0.2;eor
       1279;20190504;-999;-999;-999;    3;   5.1;   4;    0.467;-999;  -999;   7.6;    -999;    5.0;   86.83;    8.6;    1.1;   -2.2;eor
       1279;20190505;-999;-999;-999;    3;   0.0;   0;    3.983;-999;  -999;   6.0;    -999;    4.5;   74.08;   10.7;   -0.2;   -3.7;eor
       1279;20190506;-999;-999;-999;    3;   0.0;   0;    2.217;-999;  -999;   6.0;    -999;    5.1;   71.29;   11.3;   -1.7;   -4.9;eor
       1279;20190507;-999;-999;-999;    3;   0.0;   0;    5.050;-999;  -999;   6.4;    -999;    7.4;   65.71;   13.3;    0.4;   -3.3;eor
       1279;20190508;-999;-999;-999;    3;   4.5;   4;    1.633;-999;  -999;   9.6;    -999;    9.7;   78.54;   15.3;    2.1;   -2.1;eor
       1279;20190509;-999;-999;-999;    3;   5.2;   4;    1.683;-999;  -999;  10.9;    -999;   10.8;   84.46;   16.0;    6.9;    3.4;eor
       1279;20190510;-999;-999;-999;    3;   2.1;   4;    6.100;-999;  -999;   9.6;    -999;   12.7;   67.92;   18.2;    8.4;    4.3;eor
       1279;20190511;-999;-999;-999;    3;   2.1;   4;    1.850;-999;  -999;  11.0;    -999;   12.3;   78.21;   18.3;    7.6;    6.2;eor
       1279;20190512;-999;-999;-999;    3;   0.0;   0;    6.717;-999;  -999;   6.9;    -999;   10.2;   57.21;   15.0;    6.1;    4.0;eor
       1279;20190513;-999;-999;-999;    3;   0.0;   0;   13.517;-999;  -999;   5.9;    -999;    9.8;   52.71;   16.1;    2.7;   -1.7;eor
       1279;20190514;-999;-999;-999;    3;   0.0;   0;    8.317;-999;  -999;   5.9;    -999;    7.5;   61.08;   13.7;    0.5;   -3.2;eor
       1279;20190515;-999;-999;-999;    3;   0.0;   0;    4.483;-999;  -999;   6.1;    -999;    6.9;   64.58;   11.5;    0.1;   -3.8;eor
       1279;20190516;-999;-999;-999;    3;   1.0;   4;    0.350;-999;  -999;   8.5;    -999;    7.9;   79.75;    9.4;    6.5;    5.7;eor
       1279;20190517;-999;-999;-999;    3;   0.0;   0;    9.550;-999;  -999;  10.1;    -999;   13.0;   69.75;   19.8;    6.8;    4.0;eor
       1279;20190518;-999;-999;-999;    3;   0.0;   0;   12.533;-999;  -999;  10.6;    -999;   15.2;   65.21;   23.3;    5.9;    1.8;eor
       1279;20190519;-999;-999;-999;    3;   7.7;   4;   10.483;-999;  -999;  12.4;    -999;   16.1;   71.00;   25.3;    7.5;    3.3;eor
       1279;20190520;-999;-999;-999;    3;  27.8;   4;    0.350;-999;  -999;  14.4;    -999;   14.2;   88.96;   19.4;   11.6;    8.7;eor
       1279;20190521;-999;-999;-999;    3;  16.3;   4;    0.000;-999;  -999;  14.6;    -999;   13.6;   93.42;   16.4;   12.4;   12.0;eor
       1279;20190522;-999;-999;-999;    3;   0.0;   0;    0.500;-999;  -999;  12.4;    -999;   12.7;   84.96;   16.2;    6.9;    3.2;eor
       1279;20190523;-999;-999;-999;    3;   0.0;   0;    8.600;-999;  -999;  10.5;    -999;   12.8;   75.25;   20.5;    5.9;    3.1;eor
       1279;20190524;-999;-999;-999;    3;   0.0;   0;   12.300;-999;  -999;  11.1;    -999;   15.4;   67.96;   23.0;    6.2;    2.9;eor
       1279;20190525;-999;-999;-999;    3;   0.0;   4;    7.883;-999;  -999;  12.1;    -999;   15.6;   71.46;   22.9;    9.2;    5.4;eor
       1279;20190526;-999;-999;-999;    3;   0.0;   0;   12.867;-999;  -999;  11.9;    -999;   16.4;   67.83;   23.3;    8.9;    4.5;eor
       1279;20190527;-999;-999;-999;    3;   0.1;   4;   11.517;-999;  -999;  12.8;    -999;   16.8;   69.50;   23.7;    8.9;    4.6;eor
       1279;20190528;-999;-999;-999;    3;   0.1;   4;    0.700;-999;  -999;  12.6;    -999;   14.1;   78.54;   17.4;    9.1;    5.1;eor
       1279;20190529;-999;-999;-999;    3;   0.1;   4;    2.517;-999;  -999;  10.0;    -999;   10.9;   77.38;   16.1;    5.5;    0.6;eor
       1279;20190530;-999;-999;-999;    3;   0.0;   0;   12.317;-999;  -999;   9.0;    -999;   14.5;   59.92;   22.9;    3.3;   -0.6;eor
       1279;20190531;-999;-999;-999;    3;   0.0;   0;    4.083;-999;  -999;  13.9;    -999;   17.9;   69.33;   23.8;   12.0;    7.6;eor
       1279;20190601;-999;-999;-999;    3;   0.0;   0;   12.833;-999;  -999;  13.9;    -999;   19.3;   67.21;   27.3;    9.8;    6.0;eor
       1279;20190602;-999;-999;-999;    3;   0.0;   0;   14.717;-999;  -999;  13.8;    -999;   21.9;   58.38;   30.9;   11.0;    6.9;eor
       1279;20190603;-999;-999;-999;    3;   4.1;   4;   11.833;-999;  -999;  15.1;    -999;   21.9;   64.33;   32.9;   12.8;    8.1;eor
       1279;20190604;-999;-999;-999;    3;   0.0;   0;   13.550;-999;  -999;  15.3;    -999;   22.0;   63.50;   30.1;   13.2;    9.6;eor
       1279;20190605;-999;-999;-999;    3;   0.0;   0;   14.767;-999;  -999;  14.7;    -999;   23.8;   54.71;   31.9;   13.4;    9.6;eor
       1279;20190606;-999;-999;-999;    3;   3.6;   4;    2.383;-999;  -999;  13.4;    -999;   16.7;   70.54;   20.9;   11.4;   10.9;eor
       1279;20190607;-999;-999;-999;    3;   1.3;   4;   11.650;-999;  -999;  13.6;    -999;   19.0;   65.38;   27.9;   11.7;   11.5;eor
       1279;20190608;-999;-999;-999;    3;   0.0;   4;    8.383;-999;  -999;  10.9;    -999;   16.2;   63.00;   23.0;    9.5;    4.7;eor
       1279;20190609;-999;-999;-999;    3;   0.5;   4;    9.367;-999;  -999;  12.6;    -999;   17.9;   64.79;   27.2;    7.6;    3.3;eor
       1279;20190610;-999;-999;-999;    3;   5.2;   4;    2.117;-999;  -999;  16.9;    -999;   17.9;   83.13;   24.3;   14.6;   12.1;eor
       1279;20190611;-999;-999;-999;    3;   0.0;   0;    5.433;-999;  -999;  16.7;    -999;   18.8;   78.08;   24.1;   14.4;   12.6;eor
       1279;20190612;-999;-999;-999;    3;   1.5;   4;    4.617;-999;  -999;  16.1;    -999;   16.5;   85.92;   24.9;   13.3;   11.8;eor
       1279;20190613;-999;-999;-999;    3;   0.0;   0;   11.317;-999;  -999;  13.5;    -999;   18.5;   68.42;   26.4;   11.5;    8.7;eor
       1279;20190614;-999;-999;-999;    3;   0.0;   0;   10.767;-999;  -999;  14.7;    -999;   22.6;   58.38;   32.3;   10.7;    6.5;eor
       1279;20190615;-999;-999;-999;    3;   7.4;   4;   11.067;-999;  -999;  15.8;    -999;   21.8;   61.71;   25.7;   17.4;   14.5;eor
       1279;20190616;-999;-999;-999;    3;   0.9;   4;    0.000;-999;  -999;  17.1;    -999;   16.7;   90.25;   18.1;   13.6;   10.5;eor
       1279;20190617;-999;-999;-999;    3;   0.0;   0;   10.850;-999;  -999;  15.7;    -999;   19.7;   72.50;   27.1;   12.7;   11.7;eor
       1279;20190618;-999;-999;-999;    3;   0.0;   0;   12.550;-999;  -999;  15.0;    -999;   22.3;   60.04;   30.2;   13.5;   10.3;eor
       1279;20190619;-999;-999;-999;    3;   5.1;   4;   12.133;-999;  -999;  15.8;    -999;   24.2;   57.38;   33.2;   16.0;   13.4;eor
       1279;20190620;-999;-999;-999;    3;   0.1;   4;    5.067;-999;  -999;  17.7;    -999;   20.0;   77.25;   26.8;   15.7;   11.9;eor
       1279;20190621;-999;-999;-999;    3;   0.0;   0;    6.983;-999;  -999;  15.4;    -999;   19.6;   71.29;   27.0;   13.7;   10.5;eor
       1279;20190622;-999;-999;-999;    3;   0.5;   4;    8.567;-999;  -999;  15.8;    -999;   20.7;   66.08;   26.5;   13.3;    9.7;eor
       1279;20190623;-999;-999;-999;    3;   0.0;   0;   10.000;-999;  -999;  16.3;    -999;   22.6;   60.92;   28.2;   16.8;   13.8;eor
       1279;20190624;-999;-999;-999;    3;   0.0;   0;   14.900;-999;  -999;  15.3;    -999;   24.5;   53.08;   31.1;   17.0;   13.3;eor
       1279;20190625;-999;-999;-999;    3;   0.0;   0;   15.150;-999;  -999;  17.1;    -999;   26.2;   54.29;   35.3;   17.2;   12.1;eor
       1279;20190626;-999;-999;-999;    3;   0.0;   0;   14.683;-999;  -999;  19.1;    -999;   27.9;   57.46;   38.1;   17.1;   13.7;eor
       1279;20190627;-999;-999;-999;    3;   0.0;   0;   14.150;-999;  -999;  14.6;    -999;   25.6;   47.83;   32.5;   16.3;   10.2;eor
       1279;20190628;-999;-999;-999;    3;   0.0;   0;   15.150;-999;  -999;  11.2;    -999;   21.7;   46.13;   29.5;   12.9;    8.4;eor
       1279;20190629;-999;-999;-999;    3;   0.0;   0;   15.167;-999;  -999;  11.9;    -999;   23.9;   44.88;   33.3;   12.9;    7.8;eor
       1279;20190630;-999;-999;-999;    3;   0.0;   0;   15.117;-999;  -999;  14.2;    -999;   26.6;   47.71;   38.3;   13.4;    8.2;eor
       1279;20190701;-999;-999;-999;    3;   0.0;   0;    9.133;-999;  -999;  16.8;    -999;   25.6;   52.96;   33.7;   17.4;   12.3;eor
       1279;20190702;-999;-999;-999;    3;   0.0;   0;   14.783;-999;  -999;  10.6;    -999;   21.2;   43.92;   27.0;   16.0;   10.1;eor
       1279;20190703;-999;-999;-999;    3;   0.0;   0;   14.967;-999;  -999;   8.6;    -999;   19.5;   40.25;   25.4;   11.0;    5.7;eor
       1279;20190704;-999;-999;-999;    3;   0.0;   0;   14.750;-999;  -999;   8.9;    -999;   19.4;   42.50;   27.1;   10.9;    5.4;eor
       1279;20190705;-999;-999;-999;    3;   0.0;   0;    5.583;-999;  -999;  10.7;    -999;   19.7;   50.54;   28.3;   12.0;    8.2;eor
       1279;20190706;-999;-999;-999;    3;   3.8;   4;   10.817;-999;  -999;  10.8;    -999;   23.4;   41.88;   31.7;   13.9;   10.7;eor
       1279;20190707;-999;-999;-999;    3;   0.1;   4;    3.783;-999;  -999;  13.2;    -999;   17.6;   66.58;   21.9;   12.4;    8.7;eor
       1279;20190708;-999;-999;-999;    3;   0.0;   0;    9.333;-999;  -999;   9.0;    -999;   16.1;   52.17;   22.7;    9.9;    5.4;eor
       1279;20190709;-999;-999;-999;    3;   0.0;   0;    7.917;-999;  -999;   9.0;    -999;   14.4;   57.54;   20.0;    8.5;    3.9;eor
       1279;20190710;-999;-999;-999;    3;   0.0;   4;   13.767;-999;  -999;   9.1;    -999;   16.4;   53.79;   24.6;    6.3;    1.6;eor
       1279;20190711;-999;-999;-999;    3;   5.5;   4;    0.167;-999;  -999;  13.5;    -999;   16.2;   74.42;   23.4;   13.5;   11.7;eor
       1279;20190712;-999;-999;-999;    3;   3.7;   4;    7.083;-999;  -999;  15.8;    -999;   17.9;   79.29;   25.0;   12.5;    9.1;eor
       1279;20190713;-999;-999;-999;    3;   1.5;   4;    2.200;-999;  -999;  15.7;    -999;   16.8;   82.67;   20.8;   14.0;   13.3;eor
       1279;20190714;-999;-999;-999;    3;   0.1;   4;    9.200;-999;  -999;  13.9;    -999;   18.2;   68.54;   23.7;   13.2;   10.6;eor
       1279;20190715;-999;-999;-999;    3;   0.0;   0;   10.733;-999;  -999;  12.8;    -999;   18.8;   62.17;   25.4;   11.8;    8.5;eor
       1279;20190716;-999;-999;-999;    3;   0.0;   0;   11.417;-999;  -999;  11.7;    -999;   18.1;   59.96;   25.8;   10.4;    6.0;eor
       1279;20190717;-999;-999;-999;    3;   0.0;   0;   12.517;-999;  -999;  12.7;    -999;   19.5;   59.88;   27.1;   11.9;    7.4;eor
       1279;20190718;-999;-999;-999;    3;   0.0;   4;   10.417;-999;  -999;  12.6;    -999;   20.8;   56.58;   29.8;   11.2;    7.0;eor
       1279;20190719;-999;-999;-999;    3;   6.6;   4;    2.217;-999;  -999;  17.2;    -999;   19.7;   75.42;   27.9;   15.9;   12.9;eor
       1279;20190720;-999;-999;-999;    3;   0.4;   4;   10.883;-999;  -999;  16.9;    -999;   23.5;   64.58;   33.6;   14.0;   11.2;eor
       1279;20190721;-999;-999;-999;    3;   0.0;   0;    7.683;-999;  -999;  16.2;    -999;   22.9;   60.96;   29.9;   16.0;   11.1;eor
       1279;20190722;-999;-999;-999;    3;   0.0;   0;   13.017;-999;  -999;  14.0;    -999;   22.6;   57.33;   31.7;   13.1;    9.3;eor
       1279;20190723;-999;-999;-999;    3;   0.0;   0;   14.350;-999;  -999;  14.9;    -999;   24.9;   52.88;   33.9;   14.3;   10.9;eor
       1279;20190724;-999;-999;-999;    3;   0.0;   0;   14.333;-999;  -999;  16.7;    -999;   27.4;   50.83;   37.1;   17.0;   13.1;eor
       1279;20190725;-999;-999;-999;    3;   0.0;   0;   14.217;-999;  -999;  14.9;    -999;   29.2;   43.17;   38.3;   18.3;   14.5;eor
       1279;20190726;-999;-999;-999;    3;   2.2;   4;   12.967;-999;  -999;  13.1;    -999;   28.9;   37.46;   37.5;   18.1;   13.4;eor
       1279;20190727;-999;-999;-999;    3;   3.8;   4;    0.950;-999;  -999;  17.8;    -999;   22.4;   66.71;   26.3;   17.3;   16.4;eor
       1279;20190728;-999;-999;-999;    3;   3.3;   4;    4.367;-999;  -999;  20.4;    -999;   20.9;   83.63;   29.3;   17.7;   16.0;eor
       1279;20190729;-999;-999;-999;    3;   0.0;   4;    0.617;-999;  -999;  19.9;    -999;   20.0;   85.00;   24.2;   17.6;   16.1;eor
       1279;20190730;-999;-999;-999;    3;   7.3;   4;    3.517;-999;  -999;  18.7;    -999;   22.2;   72.71;   29.6;   17.2;   13.9;eor
       1279;20190731;-999;-999;-999;    3;   9.2;   4;    3.750;-999;  -999;  17.7;    -999;   19.1;   80.58;   24.5;   15.7;   13.2;eor
       1279;20190801;-999;-999;-999;    3;   0.0;   0;   11.167;-999;  -999;  13.5;    -999;   19.9;   62.75;   27.4;   13.5;   10.7;eor
       1279;20190802;-999;-999;-999;    3;  -999;-999;    7.067;-999;  -999;  13.7;    -999;   19.4;   64.38;   27.0;   13.0;   10.6;eor
       1279;20190803;-999;-999;-999;    3;  -999;-999;    2.000;-999;  -999;  -999;    -999;   17.5;-999;   22.6;   13.3;   11.0;eor
       1279;20190804;-999;-999;-999;    3;  -999;-999;   13.300;-999;  -999;  -999;    -999;   19.6;-999;   27.2;   11.0;   10.4;eor
       1279;20190805;-999;-999;-999;    3;  -999;-999;    2.400;-999;  -999;  -999;    -999;   20.0;-999;   24.7;   14.5;   11.8;eor
       1279;20190806;-999;-999;-999;    3;   3.5;   4;    7.817;-999;  -999;  18.0;    -999;   21.4;   72.54;   29.1;   16.2;   13.5;eor
       1279;20190807;-999;-999;-999;    3;   7.3;   4;    1.233;-999;  -999;  19.7;    -999;   18.3;   93.42;   23.6;   16.3;   14.1;eor
       1279;20190808;-999;-999;-999;    3;   0.0;   0;    7.533;-999;  -999;  16.8;    -999;   19.8;   75.38;   26.2;   14.2;   11.1;eor
       1279;20190809;-999;-999;-999;    3;  14.4;   4;    8.200;-999;  -999;  17.6;    -999;   22.4;   69.04;   31.3;   12.3;    9.7;eor
       1279;20190810;-999;-999;-999;    3;   0.3;   4;    3.433;-999;  -999;  19.7;    -999;   20.9;   80.54;   25.9;   14.6;   11.6;eor
       1279;20190811;-999;-999;-999;    3;   3.1;   4;   11.467;-999;  -999;  16.2;    -999;   21.1;   69.21;   28.7;   12.8;    9.8;eor
       1279;20190812;-999;-999;-999;    3;   0.2;   4;    2.883;-999;  -999;  14.6;    -999;   17.3;   74.58;   21.4;   14.8;   12.4;eor
       1279;20190813;-999;-999;-999;    3;   0.0;   0;    8.850;-999;  -999;  12.5;    -999;   16.5;   69.17;   21.7;   10.7;    7.5;eor
       1279;20190814;-999;-999;-999;    3;   0.0;   0;    7.417;-999;  -999;  11.8;    -999;   15.5;   69.92;   21.9;   10.0;    6.6;eor
       1279;20190815;-999;-999;-999;    3;   9.5;   4;    3.433;-999;  -999;  14.7;    -999;   15.4;   83.71;   21.0;    8.9;    5.7;eor
       1279;20190816;-999;-999;-999;    3;   0.0;   0;    7.317;-999;  -999;  14.3;    -999;   17.5;   73.88;   24.3;   11.8;    8.8;eor
       1279;20190817;-999;-999;-999;    3;   0.6;   4;    0.167;-999;  -999;  15.8;    -999;   17.8;   78.38;   23.5;   11.2;    8.6;eor
       1279;20190818;-999;-999;-999;    3;   0.0;   0;   10.233;-999;  -999;  17.8;    -999;   23.4;   64.83;   31.9;   16.7;   15.2;eor
       1279;20190819;-999;-999;-999;    3;   0.1;   4;    5.667;-999;  -999;  16.7;    -999;   20.3;   71.75;   25.6;   14.6;   11.6;eor
       1279;20190820;-999;-999;-999;    3;   4.4;   4;    0.333;-999;  -999;  15.3;    -999;   16.2;   84.00;   20.7;   13.1;   11.0;eor
       1279;20190821;-999;-999;-999;    3;   0.0;   0;    8.950;-999;  -999;  12.8;    -999;   15.8;   75.75;   23.1;    9.8;    7.5;eor
       1279;20190822;-999;-999;-999;    3;   0.0;   0;   12.850;-999;  -999;  12.2;    -999;   17.8;   64.17;   25.5;   10.7;    6.6;eor
       1279;20190823;-999;-999;-999;    3;   0.0;   0;   13.017;-999;  -999;  13.9;    -999;   18.7;   68.75;   26.9;    9.7;    5.7;eor
       1279;20190824;-999;-999;-999;    3;   0.0;   0;   10.800;-999;  -999;  17.3;    -999;   21.7;   68.04;   29.5;   13.3;    9.2;eor
       1279;20190825;-999;-999;-999;    3;   0.0;   0;   11.717;-999;  -999;  19.3;    -999;   23.1;   71.79;   31.4;   15.8;   12.3;eor
       1279;20190826;-999;-999;-999;    3;   0.0;   0;    8.500;-999;  -999;  19.4;    -999;   22.3;   75.04;   30.3;   15.6;   11.7;eor
       1279;20190827;-999;-999;-999;    3;   0.1;   4;   10.050;-999;  -999;  19.5;    -999;   22.5;   74.38;   30.6;   15.5;   12.1;eor
       1279;20190828;-999;-999;-999;    3;   0.0;   0;    7.517;-999;  -999;  18.9;    -999;   23.0;   71.96;   32.3;   16.1;   12.7;eor
       1279;20190829;-999;-999;-999;    3;   0.0;   0;    4.833;-999;  -999;  19.0;    -999;   21.9;   74.83;   29.6;   15.2;   11.7;eor
       1279;20190830;-999;-999;-999;    3;   0.0;   0;   11.583;-999;  -999;  19.1;    -999;   23.1;   71.83;   32.1;   16.0;   12.3;eor
       1279;20190831;-999;-999;-999;    3;   0.0;   0;   12.117;-999;  -999;  17.8;    -999;   23.0;   68.38;   32.5;   15.3;   11.2;eor
       1279;20190901;-999;-999;-999;    3;   0.0;   0;    6.517;-999;  -999;  16.1;    -999;   21.4;   65.38;   28.7;   15.9;   11.9;eor
       1279;20190902;-999;-999;-999;    3;   0.0;   0;    8.950;-999;  -999;  10.0;    -999;   16.7;   55.08;   22.6;    8.0;    2.6;eor
       1279;20190903;-999;-999;-999;    3;   0.0;   0;   11.967;-999;  -999;   9.0;    -999;   15.0;   59.33;   25.0;    5.4;    0.7;eor
       1279;20190904;-999;-999;-999;    3;   0.0;   0;   12.567;-999;  -999;  10.5;    -999;   17.5;   58.00;   27.5;    7.3;    2.7;eor
       1279;20190905;-999;-999;-999;    3;   0.0;   0;    4.650;-999;  -999;  10.8;    -999;   15.7;   62.38;   21.5;    9.7;    3.9;eor
       1279;20190906;-999;-999;-999;    3;   0.4;   4;    5.433;-999;  -999;  10.4;    -999;   14.3;   66.46;   20.2;    7.3;    2.5;eor
       1279;20190907;-999;-999;-999;    3;   0.1;   4;    1.017;-999;  -999;  11.5;    -999;   14.8;   69.75;   19.8;   11.2;    7.7;eor
       1279;20190908;-999;-999;-999;    3;   3.2;   4;    0.217;-999;  -999;  11.7;    -999;   12.6;   81.29;   16.9;    8.2;    4.8;eor
       1279;20190909;-999;-999;-999;    3;   0.7;   4;    1.267;-999;  -999;  12.6;    -999;   12.2;   88.83;   16.9;    8.9;    4.6;eor
       1279;20190910;-999;-999;-999;    3;   0.0;   0;    6.417;-999;  -999;  10.9;    -999;   11.8;   81.50;   19.4;    5.8;    2.5;eor
       1279;20190911;-999;-999;-999;    3;   0.1;   4;    9.867;-999;  -999;  10.0;    -999;   13.8;   68.96;   22.6;    4.8;    1.2;eor
       1279;20190912;-999;-999;-999;    3;   0.0;   0;    3.917;-999;  -999;  13.9;    -999;   17.6;   70.25;   24.0;   11.8;    7.3;eor
       1279;20190913;-999;-999;-999;    3;   0.0;   0;    1.983;-999;  -999;  14.6;    -999;   16.4;   80.75;   25.2;    9.6;    5.4;eor
       1279;20190914;-999;-999;-999;    3;   0.0;   0;   10.350;-999;  -999;  13.5;    -999;   17.0;   73.46;   24.3;   10.7;    6.0;eor
       1279;20190915;-999;-999;-999;    3;   0.0;   0;   11.050;-999;  -999;  13.6;    -999;   17.5;   72.83;   27.9;    8.0;    4.2;eor
       1279;20190916;-999;-999;-999;    3;   0.1;   4;    2.750;-999;  -999;  11.9;    -999;   16.4;   68.33;   24.7;    7.7;    3.1;eor
       1279;20190917;-999;-999;-999;    3;   0.0;   0;    6.833;-999;  -999;  10.5;    -999;   16.2;   57.25;   20.6;   11.6;    8.0;eor
       1279;20190918;-999;-999;-999;    3;   0.0;   0;   10.583;-999;  -999;   7.5;    -999;   11.1;   59.79;   17.8;    4.0;   -1.4;eor
       1279;20190919;-999;-999;-999;    3;   0.0;   0;   10.383;-999;  -999;   7.0;    -999;    8.9;   65.79;   16.2;    1.7;   -3.3;eor
       1279;20190920;-999;-999;-999;    3;   0.0;   0;   11.333;-999;  -999;   7.3;    -999;    9.6;   66.29;   18.4;    0.4;   -3.6;eor
       1279;20190921;-999;-999;-999;    3;   0.0;   0;   11.567;-999;  -999;   8.4;    -999;   13.1;   61.71;   23.5;    2.1;   -2.2;eor
       1279;20190922;-999;-999;-999;    3;   0.0;   0;    9.117;-999;  -999;  10.1;    -999;   15.3;   62.58;   24.5;    4.6;   -0.4;eor
       1279;20190923;-999;-999;-999;    3;   5.4;   4;    0.000;-999;  -999;  14.1;    -999;   13.3;   91.25;   15.9;    8.6;    4.0;eor
       1279;20190924;-999;-999;-999;    3;   1.1;   4;    4.167;-999;  -999;  14.0;    -999;   14.6;   85.25;   19.3;    9.0;    5.5;eor
       1279;20190925;-999;-999;-999;    3;   0.7;   4;    2.583;-999;  -999;  13.7;    -999;   14.7;   82.21;   20.1;   11.0;    7.8;eor
       1279;20190926;-999;-999;-999;    3;   1.1;   4;    0.833;-999;  -999;  15.3;    -999;   15.8;   86.13;   19.5;   12.4;    9.9;eor
       1279;20190927;-999;-999;-999;    3;  16.1;   4;    0.333;-999;  -999;  15.5;    -999;   15.2;   89.96;   20.5;    9.3;    6.3;eor
       1279;20190928;-999;-999;-999;    3;   0.0;   0;    5.000;-999;  -999;  12.8;    -999;   14.0;   81.42;   19.1;    9.3;    6.5;eor
       1279;20190929;-999;-999;-999;    3;   9.9;   4;    6.367;-999;  -999;  11.8;    -999;   16.1;   66.38;   22.6;   10.8;    8.0;eor
       1279;20190930;-999;-999;-999;    3;   0.0;   0;    1.733;-999;  -999;  12.1;    -999;   14.1;   75.42;   17.5;    8.9;    5.4;eor
       1279;20191001;-999;-999;-999;    3;   2.6;   4;    1.117;   0;  -999;  13.5;    -999;   14.2;   82.96;   19.1;    8.8;    5.1;eor
       1279;20191002;-999;-999;-999;    3;   6.7;   4;    1.033;   0;  -999;  12.0;    -999;   11.0;   89.75;   16.5;    4.8;    1.9;eor
       1279;20191003;-999;-999;-999;    3;   0.0;   0;    0.267;   0;  -999;   9.3;    -999;    8.4;   84.38;   12.4;    4.6;    1.5;eor
       1279;20191004;-999;-999;-999;    3;  10.9;   4;    0.250;   0;  -999;  10.4;    -999;    9.8;   85.71;   12.8;    6.9;    4.2;eor
       1279;20191005;-999;-999;-999;    3;   0.0;   0;    0.317;   0;  -999;  10.0;    -999;    9.5;   83.58;   11.3;    3.6;   -0.1;eor
       1279;20191006;-999;-999;-999;    3;   2.9;   4;    0.150;   0;  -999;   8.6;    -999;    6.9;   87.29;   11.1;    2.3;   -0.6;eor
       1279;20191007;-999;-999;-999;    3;   0.1;   4;    1.250;   0;  -999;   9.3;    -999;    8.5;   84.04;   10.7;    7.2;    5.1;eor
       1279;20191008;-999;-999;-999;    3;  15.9;   4;    0.000;   0;  -999;  12.7;    -999;   11.2;   94.67;   13.8;    8.1;    7.7;eor
       1279;20191009;-999;-999;-999;    3;   3.2;   4;    1.667;   0;  -999;  12.0;    -999;   11.6;   88.25;   14.0;    8.2;    3.9;eor
       1279;20191010;-999;-999;-999;    3;   6.7;   4;    3.000;   0;  -999;  10.2;    -999;    9.5;   86.50;   14.7;    6.7;    3.0;eor
       1279;20191011;-999;-999;-999;    3;   0.0;   0;    3.500;   0;  -999;  11.1;    -999;   11.1;   85.08;   17.9;    6.5;    2.8;eor
       1279;20191012;-999;-999;-999;    3;   0.0;   0;    8.667;   0;  -999;  12.3;    -999;   15.0;   73.54;   23.7;    7.9;    2.7;eor
       1279;20191013;-999;-999;-999;    3;   0.0;   0;   10.083;   0;  -999;  14.1;    -999;   18.2;   69.58;   25.4;   12.5;    7.6;eor
       1279;20191014;-999;-999;-999;    3;   0.0;   0;   10.100;   0;  -999;  13.8;    -999;   15.6;   80.67;   25.5;    9.1;    5.0;eor
       1279;20191015;-999;-999;-999;    3;   5.4;   4;    8.367;   0;  -999;  13.6;    -999;   14.2;   84.46;   21.9;    7.7;    4.0;eor
       1279;20191016;-999;-999;-999;    1;   0.0;   0;    1.300;   0;  -999;  11.2;    -999;   12.6;   76.96;   16.2;    8.7;    3.7;eor
       1279;20191017;-999;-999;-999;    1;   1.4;   4;    4.117;   0;  -999;  11.5;    -999;   12.7;   78.67;   19.4;    6.9;    2.9;eor
       1279;20191018;-999;-999;-999;    1;   3.4;   4;    2.950;   0;  -999;  13.6;    -999;   13.7;   87.04;   20.1;   10.1;    7.8;eor
       1279;20191019;-999;-999;-999;    1;   3.3;   4;    0.300;   0;  -999;  13.1;    -999;   12.6;   89.88;   14.4;   11.1;    9.3;eor
       1279;20191020;-999;-999;-999;    1;   0.0;   0;    8.050;   0;  -999;  13.0;    -999;   13.5;   84.96;   19.4;    9.7;    6.1;eor
       1279;20191021;-999;-999;-999;    1;   0.0;   0;    1.833;   0;  -999;  12.7;    -999;   11.6;   92.54;   17.5;    7.9;    4.5;eor
       1279;20191022;-999;-999;-999;    1;   0.0;   0;    2.233;   0;  -999;  12.5;    -999;   11.3;   93.50;   16.4;    7.8;    4.7;eor
       1279;20191023;-999;-999;-999;    1;   0.0;   0;    0.000;   0;  -999;  12.7;    -999;   11.6;   92.54;   15.6;    7.6;    4.6;eor
       1279;20191024;-999;-999;-999;    1;   0.0;   0;    0.000;   0;  -999;  11.9;    -999;    9.9;   97.29;   13.3;    5.8;    2.9;eor
       1279;20191025;-999;-999;-999;    1;   0.0;   0;    5.283;   0;  -999;  11.9;    -999;   12.0;   86.46;   18.4;    6.3;    3.1;eor
       1279;20191026;-999;-999;-999;    1;   0.0;   0;    8.567;   0;  -999;  11.5;    -999;   11.2;   86.75;   19.6;    4.4;    1.3;eor
       1279;20191027;-999;-999;-999;    1;   1.5;   4;    4.683;   0;  -999;  11.4;    -999;   11.7;   83.25;   19.2;    6.5;    2.5;eor
       1279;20191028;-999;-999;-999;    1;   0.0;   0;    4.000;   0;  -999;   8.3;    -999;    5.9;   90.00;    9.6;    2.7;   -0.7;eor
       1279;20191029;-999;-999;-999;    1;   0.0;   0;    1.467;   0;  -999;   7.5;    -999;    5.8;   81.96;    9.9;    2.3;    0.4;eor
       1279;20191030;-999;-999;-999;    1;   0.0;   0;    7.633;   0;  -999;   6.2;    -999;    5.2;   70.58;    9.4;    0.9;   -2.4;eor
       1279;20191031;-999;-999;-999;    1;   0.0;   0;    9.133;   0;  -999;   5.4;    -999;    3.3;   71.79;    8.8;   -2.3;   -5.7;eor
       1279;20191101;-999;-999;-999;    1;   6.1;   4;    0.000;   0;  -999;   7.9;    -999;    5.1;   88.50;    9.4;    1.3;   -0.2;eor
       1279;20191102;-999;-999;-999;    1;   5.7;   4;    0.583;   0;  -999;  13.5;    -999;   12.3;   94.04;   17.3;    9.4;    7.0;eor
       1279;20191103;-999;-999;-999;    1;   8.2;   4;    0.083;   0;  -999;  12.5;    -999;   11.4;   92.67;   13.1;    9.7;    7.8;eor
       1279;20191104;-999;-999;-999;    1;   3.2;   4;    0.517;   0;  -999;  11.0;    -999;    9.8;   90.42;   12.3;    7.8;    4.5;eor
       1279;20191105;-999;-999;-999;    1;   0.2;   4;    0.983;   0;  -999;   9.0;    -999;    7.0;   89.33;   11.5;    2.3;   -0.5;eor
       1279;20191106;-999;-999;-999;    1;   2.3;   4;    0.750;   0;  -999;   9.2;    -999;    6.7;   92.96;   10.0;    3.8;    1.4;eor
       1279;20191107;-999;-999;-999;    1;   0.3;   4;    4.883;   0;  -999;   8.7;    -999;    8.1;   81.67;   11.5;    4.4;   -0.2;eor
       1279;20191108;-999;-999;-999;    1;   1.9;   4;    0.000;   0;  -999;   9.0;    -999;    6.9;   90.50;    8.0;    6.0;    5.1;eor
       1279;20191109;-999;-999;-999;    1;   0.0;   4;    0.467;   0;  -999;   7.4;    -999;    4.2;   89.21;    7.8;   -0.8;   -3.6;eor
       1279;20191110;-999;-999;-999;    1;   0.0;   0;    3.133;   0;  -999;   6.4;    -999;    1.7;   92.38;    6.7;   -2.0;   -4.9;eor
       1279;20191111;-999;-999;-999;    1;   0.6;   4;    1.667;   0;  -999;   6.1;    -999;    3.0;   80.50;    5.2;    2.0;    1.0;eor
       1279;20191112;-999;-999;-999;    1;   0.0;   4;    1.133;   0;  -999;   7.0;    -999;    4.6;   82.83;    7.9;    2.3;   -1.0;eor
       1279;20191113;-999;-999;-999;    1;   0.0;   0;    0.567;   0;  -999;   6.9;    -999;    4.6;   81.33;    7.2;    2.8;   -0.1;eor
       1279;20191114;-999;-999;-999;    1;   0.0;   0;    5.967;   0;  -999;   6.1;    -999;    3.7;   77.75;    8.1;    0.4;   -3.5;eor
       1279;20191115;-999;-999;-999;    1;   2.1;   4;    0.883;   0;  -999;   7.4;    -999;    6.3;   77.33;   10.4;    3.7;    1.5;eor
       1279;20191116;-999;-999;-999;    1;   0.0;   4;    2.083;   0;  -999;   7.3;    -999;    4.4;   88.04;    8.0;    0.9;   -1.5;eor
       1279;20191117;-999;-999;-999;    1;   0.0;   0;    0.000;   0;  -999;   8.0;    -999;    4.7;   92.83;    9.2;    0.3;   -1.5;eor
       1279;20191118;-999;-999;-999;    1;   0.0;   0;    1.433;   0;  -999;   6.9;    -999;    5.2;   77.75;    8.4;    1.7;   -3.0;eor
       1279;20191119;-999;-999;-999;    1;   0.0;   4;    0.000;   0;  -999;   6.9;    -999;    4.8;   80.17;    6.2;    3.5;    0.5;eor
       1279;20191120;-999;-999;-999;    1;   2.5;   4;    3.283;   0;  -999;   6.9;    -999;    4.1;   85.21;    6.7;    1.6;    1.6;eor
       1279;20191121;-999;-999;-999;    1;   1.5;   4;    0.000;   0;  -999;   8.1;    -999;    5.2;   91.21;    6.4;    3.9;    3.8;eor
       1279;20191122;-999;-999;-999;    1;   0.0;   0;    0.000;   0;  -999;   7.0;    -999;    3.6;   89.21;    5.0;   -0.8;   -3.6;eor
       1279;20191123;-999;-999;-999;    1;   0.0;   0;    5.733;   0;  -999;   7.0;    -999;    4.9;   81.46;   12.2;   -1.7;   -4.4;eor
       1279;20191124;-999;-999;-999;    1;   0.0;   0;    0.267;   0;  -999;   7.3;    -999;    3.5;   92.79;   10.0;   -0.1;   -2.8;eor
       1279;20191125;-999;-999;-999;    1;   0.0;   0;    0.000;   0;  -999;   7.2;    -999;    2.8;   95.67;    4.3;   -0.5;   -2.9;eor
       1279;20191126;-999;-999;-999;    1;   0.0;   0;    0.600;   0;  -999;   8.3;    -999;    6.0;   88.29;    9.4;    3.7;    2.5;eor
       1279;20191127;-999;-999;-999;    1;   4.3;   4;    1.400;   0;  -999;   8.7;    -999;    6.7;   88.21;    9.1;    4.3;    1.3;eor
       1279;20191128;-999;-999;-999;    1;   0.7;   4;    0.117;   0;  -999;   9.1;    -999;    9.1;   78.42;   10.9;    7.6;    3.8;eor
       1279;20191129;-999;-999;-999;    1;   4.1;   4;    0.917;   0;  -999;   8.0;    -999;    6.0;   84.46;    8.5;    3.3;    0.3;eor
       1279;20191130;-999;-999;-999;    1;   0.0;   4;    2.617;   0;  -999;   6.1;    -999;    2.3;   84.58;    5.8;   -3.1;   -6.8;eor
       1279;20191201;-999;-999;-999;    1;   0.0;   0;    0.000;   0;  -999;   5.0;    -999;    0.4;   80.58;    2.8;   -3.3;   -6.2;eor
       1279;20191202;-999;-999;-999;    1;   0.0;   0;    2.217;   0;  -999;   5.4;    -999;    1.9;   77.21;    5.4;   -1.3;   -4.2;eor
       1279;20191203;-999;-999;-999;    1;   0.0;   0;    0.000;   0;  -999;   6.3;    -999;    2.0;   88.88;    3.7;   -0.1;   -3.8;eor
       1279;20191204;-999;-999;-999;    1;   0.0;   0;    6.517;   0;  -999;   5.2;    -999;   -0.1;   87.17;    4.8;   -3.8;   -8.0;eor
       1279;20191205;-999;-999;-999;    1;   0.0;   0;    1.667;   0;  -999;   4.7;    -999;   -2.4;   90.79;   -0.5;   -5.1;   -9.0;eor
       1279;20191206;-999;-999;-999;    1;   4.5;   4;    4.367;   0;  -999;   5.4;    -999;    1.1;   82.21;    5.5;   -1.5;   -3.6;eor
       1279;20191207;-999;-999;-999;    1;   0.2;   4;    0.767;   0;  -999;   8.5;    -999;    6.5;   88.29;    9.5;    3.4;   -0.7;eor
       1279;20191208;-999;-999;-999;    1;   1.9;   4;    0.000;   0;  -999;   8.8;    -999;    7.9;   82.13;   10.4;    5.3;    3.9;eor
       1279;20191209;-999;-999;-999;    1;   3.8;   4;    1.433;   0;  -999;   7.8;    -999;    6.8;   78.71;   10.0;    4.2;    0.1;eor
       1279;20191210;-999;-999;-999;    1;   0.0;   0;    3.167;   0;  -999;   6.0;    -999;    2.1;   84.79;    4.8;   -2.2;   -7.1;eor
       1279;20191211;-999;-999;-999;    1;   8.7;   4;    0.133;   0;  -999;   5.1;    -999;    0.4;   80.96;    2.5;   -2.3;   -7.1;eor
       1279;20191212;-999;-999;-999;    1;   0.2;   4;    0.000;   2;  -999;   6.3;    -999;    1.2;   94.46;    2.8;   -0.4;   -4.5;eor
       1279;20191213;-999;-999;-999;    1;   9.3;   4;    0.000;   2;  -999;   6.3;    -999;    2.0;   89.54;    4.2;    0.5;   -2.1;eor
       1279;20191214;-999;-999;-999;    1;   5.3;   4;    0.617;   0;  -999;   7.1;    -999;    5.5;   78.33;    8.2;    1.7;    0.2;eor
       1279;20191215;-999;-999;-999;    1;   2.0;   4;    0.067;   0;  -999;   9.0;    -999;    7.3;   87.75;   12.8;    4.0;    0.4;eor
       1279;20191216;-999;-999;-999;    1;   0.0;   0;    5.750;   0;  -999;   8.2;    -999;    7.1;   82.17;   11.4;    1.4;   -1.9;eor
       1279;20191217;-999;-999;-999;    1;   0.0;   0;    3.550;   0;  -999;   7.1;    -999;    4.0;   87.46;   10.9;    0.3;   -2.4;eor
       1279;20191218;-999;-999;-999;    1;   0.8;   4;    1.200;   0;  -999;   8.3;    -999;    5.6;   90.42;   11.2;    0.9;   -2.2;eor
       1279;20191219;-999;-999;-999;    1;   0.0;   0;    5.250;   0;  -999;   6.6;    -999;    2.4;   91.29;    8.6;   -0.9;   -4.1;eor
       1279;20191220;-999;-999;-999;    1;   2.1;   4;    2.583;   0;  -999;   7.3;    -999;    3.9;   89.38;    9.6;   -2.2;   -5.2;eor
       1279;20191221;-999;-999;-999;    1;   0.0;   0;    0.817;   0;  -999;   7.5;    -999;    3.6;   94.42;    6.6;    0.2;   -3.3;eor
       1279;20191222;-999;-999;-999;    1;   2.0;   4;    0.000;   0;  -999;   8.0;    -999;    5.6;   88.46;    7.6;    3.0;    0.5;eor
       1279;20191223;-999;-999;-999;    1;   1.6;   4;    0.150;   0;  -999;   8.1;    -999;    6.3;   85.25;    8.0;    4.9;    0.5;eor
       1279;20191224;-999;-999;-999;    1;   4.5;   4;    0.600;   0;  -999;   8.0;    -999;    5.7;   87.63;    7.5;    4.3;    1.4;eor
       1279;20191225;-999;-999;-999;    1;   7.5;   4;    0.167;   0;  -999;   8.3;    -999;    6.2;   87.88;    7.6;    3.8;    0.5;eor
       1279;20191226;-999;-999;-999;    1;   0.0;   0;    0.600;   0;  -999;   7.3;    -999;    3.6;   92.13;    5.9;    2.0;   -0.1;eor
       1279;20191227;-999;-999;-999;    1;   0.0;   0;    0.433;   0;  -999;   6.3;    -999;    2.1;   87.92;    5.3;   -2.9;   -6.8;eor
