STATIONS_ID;MESS_DATUM;QN_3;  FX;  FM;QN_4; RSK;RSKF; SDK;SHK_TAG;  NM; VPM;  PM; TMK; UPM; TXK; TNK; TGK;eor
       1357;20180703;   10;   6.9;   1.7;    3;   0.0;   0;-999;-999;  -999;   7.7;    -999;   17.0;   43.71;   25.3;    7.2;    4.5;eor
       1357;20180704;   10;  10.9;   1.9;    3;   0.0;   0;-999;-999;  -999;   9.2;    -999;   19.8;   42.42;   26.8;    9.5;    7.2;eor
       1357;20180705;   10;  10.2;   2.5;    3;  18.1;   4;-999;-999;  -999;  14.2;    -999;   18.8;   69.04;   26.5;   12.6;    9.4;eor
       1357;20180706;   10;   9.3;   1.7;    3;   0.0;   0;-999;-999;  -999;  14.5;    -999;   17.1;   75.25;   22.8;   10.7;    8.6;eor
       1357;20180707;   10;   9.3;   2.0;    3;   0.0;   0;-999;-999;  -999;   8.4;    -999;   16.5;   49.54;   23.5;    9.2;    6.3;eor
       1357;20180708;   10;   9.8;   2.2;    3;   0.0;   0;-999;-999;  -999;  11.2;    -999;   16.5;   60.96;   23.8;    9.7;    7.1;eor
       1357;20180709;   10;   8.7;   1.8;    3;   0.0;   0;-999;-999;  -999;  12.2;    -999;   17.7;   62.00;   24.0;   11.5;    9.3;eor
       1357;20180710;   10;   6.8;   1.4;    3;   2.4;   4;-999;-999;  -999;  11.8;    -999;   13.6;   76.17;   16.7;    9.5;    8.1;eor
       1357;20180711;   10;   8.8;   1.6;    3;   4.6;   4;-999;-999;  -999;  11.2;    -999;   12.3;   79.29;   17.6;    9.7;    8.6;eor
       1357;20180712;   10;   8.7;   2.2;    3;   0.0;   0;-999;-999;  -999;  12.9;    -999;   14.6;   78.42;   20.1;   10.3;    9.2;eor
       1357;20180713;   10;  12.2;   1.7;    3;   2.6;   4;-999;-999;  -999;  14.0;    -999;   16.9;   74.17;   24.2;   11.3;    9.7;eor
       1357;20180714;   10;   7.5;   1.5;    3;   0.0;   0;-999;-999;  -999;  12.5;    -999;   18.0;   63.17;   25.1;   10.6;    8.8;eor
       1357;20180715;   10;  12.4;   1.9;    3;   3.3;   4;-999;-999;  -999;  12.8;    -999;   17.3;   68.33;   25.6;   11.4;    9.2;eor
       1357;20180716;   10;   5.4;   1.3;    3;   5.7;   4;-999;-999;  -999;  14.6;    -999;   15.7;   82.83;   22.0;   11.5;    9.6;eor
       1357;20180717;   10;  10.2;   2.2;    3;   0.3;   4;-999;-999;  -999;  12.6;    -999;   18.8;   61.00;   25.3;   12.0;    9.9;eor
       1357;20180718;   10;  10.7;   2.6;    3;   0.0;   0;-999;-999;  -999;  11.7;    -999;   19.7;   52.29;   25.3;   14.2;   10.1;eor
       1357;20180719;   10;   6.8;   1.5;    3;   0.0;   0;-999;-999;  -999;  10.8;    -999;   18.2;   54.58;   25.4;   10.6;    7.5;eor
       1357;20180720;   10;   6.6;   1.2;    3;   0.0;   0;-999;-999;  -999;  12.0;    -999;   19.1;   57.25;   26.7;   10.8;    8.3;eor
       1357;20180721;   10;   8.8;   1.3;    3;   5.0;   4;-999;-999;  -999;  14.6;    -999;   17.1;   74.96;   20.1;   14.4;   12.6;eor
       1357;20180722;   10;   5.2;   1.4;    3;   0.2;   4;-999;-999;  -999;  15.0;    -999;   17.2;   77.46;   21.9;   14.1;   12.6;eor
       1357;20180723;   10;   7.0;   1.5;    3;   0.0;   0;-999;-999;  -999;  14.9;    -999;   19.1;   68.58;   25.4;   14.2;   11.9;eor
       1357;20180724;   10;   6.7;   1.6;    3;   0.0;   0;-999;-999;  -999;  13.5;    -999;   21.5;   55.92;   29.0;   12.6;   10.1;eor
       1357;20180725;   10;   9.3;   2.4;    3;   0.0;   0;-999;-999;  -999;  14.4;    -999;   22.4;   55.50;   29.1;   14.7;   12.0;eor
       1357;20180726;   10;   8.7;   2.2;    3;   0.0;   0;-999;-999;  -999;  13.9;    -999;   22.0;   55.00;   29.3;   14.5;   12.2;eor
       1357;20180727;   10;   8.6;   1.7;    3;   0.0;   0;-999;-999;  -999;  14.7;    -999;   20.8;   61.00;   27.9;   14.0;   11.6;eor
       1357;20180728;   10;  10.6;   2.0;    3;  30.3;   4;-999;-999;  -999;  16.2;    -999;   19.6;   74.63;   29.0;   13.7;   11.0;eor
       1357;20180729;   10;   8.4;   1.4;    3;   0.0;   0;-999;-999;  -999;  16.0;    -999;   20.9;   67.75;   27.9;   13.9;   12.6;eor
       1357;20180730;   10;   4.7;   1.4;    3;   0.0;   0;-999;-999;  -999;  15.1;    -999;   22.9;   56.63;   31.3;   15.2;   12.9;eor
       1357;20180731;   10;   6.8;   1.5;    3;   0.0;   0;-999;-999;  -999;  15.2;    -999;   24.5;   53.92;   32.8;   15.7;   13.2;eor
       1357;20180801;   10;   9.0;   2.3;    3;   0.0;   0;-999;-999;  -999;  17.2;    -999;   23.9;   58.92;   29.1;   16.6;   14.3;eor
       1357;20180802;   10;  10.9;   2.1;    3;   0.6;   4;-999;-999;  -999;  18.6;    -999;   22.4;   69.54;   28.9;   17.8;   15.1;eor
       1357;20180803;   10;   8.5;   1.8;    3;   7.9;   4;-999;-999;  -999;  18.3;    -999;   23.4;   65.67;   31.2;   15.9;   14.0;eor
       1357;20180804;   10;   9.1;   1.5;    3;   0.6;   4;-999;-999;  -999;  19.2;    -999;   22.4;   72.17;   30.2;   17.9;   15.4;eor
       1357;20180805;   10;   9.1;   2.2;    3;   0.0;   0;-999;-999;  -999;  16.2;    -999;   20.2;   69.13;   25.9;   13.1;   10.4;eor
       1357;20180806;   10;   5.8;   1.4;    3;   0.0;   0;-999;-999;  -999;  11.8;    -999;   19.7;   55.75;   28.8;   10.8;    8.4;eor
       1357;20180807;   10;   9.8;   1.9;    3;   0.0;   0;-999;-999;  -999;  13.7;    -999;   22.8;   51.46;   31.0;   13.2;   10.2;eor
       1357;20180808;   10;  12.1;   2.2;    3;   0.0;   0;-999;-999;  -999;  15.6;    -999;   22.8;   57.71;   28.3;   16.2;   13.4;eor
       1357;20180809;   10;  21.5;   3.2;    3;   0.3;   4;-999;-999;  -999;  15.0;    -999;   23.2;   55.58;   31.6;   15.8;   13.2;eor
       1357;20180810;   10;  10.3;   3.2;    3;   0.2;   4;-999;-999;  -999;  11.6;    -999;   16.6;   62.33;   21.0;   12.3;    9.5;eor
       1357;20180811;   10;  12.1;   2.7;    3;   0.0;   0;-999;-999;  -999;  10.4;    -999;   15.4;   61.92;   21.2;    9.2;    6.0;eor
       1357;20180812;   10;   8.5;   1.8;    3;   0.0;   0;-999;-999;  -999;   9.2;    -999;   16.6;   51.58;   25.6;    7.5;    4.5;eor
       1357;20180813;   10;  12.5;   2.3;    3;   2.1;   4;-999;-999;  -999;  13.5;    -999;   18.6;   65.63;   27.0;   11.7;    8.3;eor
       1357;20180814;   10;   9.5;   3.2;    3;   0.1;   4;-999;-999;  -999;  14.6;    -999;   15.9;   81.13;   19.3;   12.2;    9.6;eor
       1357;20180815;   10;   9.1;   2.0;    3;   0.0;   0;-999;-999;  -999;  13.5;    -999;   15.4;   78.50;   20.7;   10.5;    8.2;eor
       1357;20180816;   10;   6.7;   1.4;    3;   0.0;   0;-999;-999;  -999;  12.7;    -999;   18.4;   63.63;   27.3;   10.2;    7.3;eor
       1357;20180817;   10;   7.2;   1.4;    3;   0.0;   0;-999;-999;  -999;  12.9;    -999;   20.9;   55.50;   29.4;   12.4;    9.5;eor
       1357;20180818;   10;   6.2;   1.5;    3;   0.0;   0;-999;-999;  -999;  15.0;    -999;   20.0;   66.04;   26.8;   14.8;   12.2;eor
       1357;20180819;   10;   7.6;   1.6;    3;   0.0;   0;-999;-999;  -999;  14.3;    -999;   21.0;   60.92;   28.7;   14.4;   12.4;eor
       1357;20180820;   10;   9.0;   1.7;    3;   0.0;   0;-999;-999;  -999;  13.6;    -999;   19.7;   60.71;   26.4;   13.3;   10.0;eor
       1357;20180821;   10;   7.0;   1.5;    3;   0.0;   0;-999;-999;  -999;  14.4;    -999;   18.8;   68.67;   25.9;   13.4;   11.0;eor
       1357;20180822;   10;  10.1;   1.6;    3;   0.0;   0;-999;-999;  -999;  13.3;    -999;   20.5;   59.58;   29.6;   12.3;    9.7;eor
       1357;20180823;   10;  10.7;   1.7;    3;   1.0;   4;-999;-999;  -999;  14.2;    -999;   20.8;   59.54;   30.0;   14.3;   10.9;eor
       1357;20180824;   10;  10.9;   2.7;    3;   0.5;   4;-999;-999;  -999;  14.1;    -999;   16.9;   73.13;   22.5;   12.5;   10.2;eor
       1357;20180825;   10;  10.8;   3.2;    3;   0.6;   4;-999;-999;  -999;  10.1;    -999;   11.3;   74.88;   14.8;    6.2;    3.7;eor
       1357;20180826;   10;   8.4;   1.7;    3;   0.0;   0;-999;-999;  -999;   7.6;    -999;    9.8;   66.25;   16.8;    4.1;    0.9;eor
       1357;20180827;   10;  13.7;   2.7;    3;   0.0;   0;-999;-999;  -999;   9.6;    -999;   13.5;   62.75;   20.7;    4.8;    1.8;eor
       1357;20180828;   10;   6.1;   1.4;    3;   0.0;   0;-999;-999;  -999;  12.0;    -999;   16.5;   65.96;   23.6;   10.4;    7.2;eor
       1357;20180829;   10;   9.1;   1.8;    3;  11.1;   4;-999;-999;  -999;  10.9;    -999;   17.4;   59.54;   26.3;    7.8;    5.2;eor
       1357;20180830;   10;  11.3;   2.8;    3;   0.6;   4;-999;-999;  -999;  14.1;    -999;   13.4;   91.17;   16.4;    8.1;    6.0;eor
       1357;20180831;   10;   6.0;   1.6;    3;   0.3;   4;-999;-999;  -999;  11.7;    -999;   12.0;   84.00;   16.7;    7.9;    6.0;eor
       1357;20180901;   10;   9.7;   3.0;    3;   0.2;   4;-999;-999;  -999;  10.2;    -999;   12.1;   71.79;   13.5;   10.5;    9.1;eor
       1357;20180902;   10;   7.4;   2.5;    3;  12.4;   4;-999;-999;  -999;  13.5;    -999;   12.8;   91.17;   14.8;   11.4;   11.4;eor
       1357;20180903;   10;   7.7;   1.5;    3;   5.8;   4;-999;-999;  -999;  16.1;    -999;   14.7;   95.58;   17.6;   12.8;   11.2;eor
       1357;20180904;   10;   7.0;   1.5;    3;   1.6;   4;-999;-999;  -999;  15.8;    -999;   16.2;   86.75;   23.7;   12.3;   10.4;eor
       1357;20180905;   10;   5.6;   1.5;    3;   0.0;   0;-999;-999;  -999;  13.4;    -999;   16.3;   74.92;   24.3;   11.1;    9.1;eor
       1357;20180906;   10;   7.8;   1.7;    3;   3.8;   4;-999;-999;  -999;  12.6;    -999;   16.5;   70.08;   23.9;   10.0;    7.9;eor
       1357;20180907;   10;  11.4;   1.8;    3;   0.2;   4;-999;-999;  -999;  14.6;    -999;   14.7;   87.25;   18.9;   10.0;    8.1;eor
       1357;20180908;   10;   8.6;   1.9;    3;   0.0;   0;-999;-999;  -999;  10.5;    -999;   13.0;   72.71;   19.3;    8.0;    5.3;eor
       1357;20180909;   10;   7.6;   1.6;    3;   0.0;   0;-999;-999;  -999;  10.6;    -999;   14.0;   68.08;   22.1;    7.6;    5.2;eor
       1357;20180910;   10;   7.5;   1.8;    3;   0.0;   0;-999;-999;  -999;  10.9;    -999;   16.0;   63.00;   23.3;    8.6;    5.7;eor
       1357;20180911;   10;  10.5;   2.5;    3;   0.0;   0;-999;-999;  -999;  10.9;    -999;   16.5;   60.42;   23.1;    9.9;    7.2;eor
       1357;20180912;   10;  10.6;   2.1;    3;   1.8;   4;-999;-999;  -999;  11.5;    -999;   17.8;   60.08;   26.2;    9.5;    6.4;eor
       1357;20180913;   10;   5.6;   1.2;    3;   3.4;   4;-999;-999;  -999;  14.9;    -999;   15.2;   86.17;   21.0;   12.3;   10.0;eor
       1357;20180914;   10;   4.4;   1.3;    3;   0.0;   0;-999;-999;  -999;  13.4;    -999;   13.7;   86.17;   18.4;   11.1;    9.0;eor
       1357;20180915;   10;   8.4;   1.9;    3;   0.0;   0;-999;-999;  -999;  10.1;    -999;   12.8;   70.21;   18.3;    6.5;    4.1;eor
       1357;20180916;   10;   6.5;   1.6;    3;   0.0;   0;-999;-999;  -999;   9.4;    -999;   12.7;   67.13;   21.2;    6.3;    3.5;eor
       1357;20180917;   10;   7.0;   1.6;    3;   0.0;   0;-999;-999;  -999;  11.2;    -999;   14.8;   68.71;   23.5;    7.6;    4.9;eor
       1357;20180918;   10;   8.1;   1.6;    3;   0.2;   4;-999;-999;  -999;  13.1;    -999;   17.3;   69.75;   26.2;   10.5;    7.8;eor
       1357;20180919;   10;   8.8;   1.8;    3;   0.0;   0;-999;-999;  -999;  13.8;    -999;   17.5;   71.25;   24.9;   12.3;    9.6;eor
       1357;20180920;   10;   8.2;   1.9;    3;   0.0;   0;-999;-999;  -999;  14.7;    -999;   18.3;   71.92;   25.8;   11.5;    9.3;eor
       1357;20180921;   10;  13.9;   3.6;    3;   2.4;   4;-999;-999;  -999;  13.3;    -999;   17.0;   70.04;   24.9;    8.9;    7.2;eor
       1357;20180922;   10;  12.0;   3.6;    3;   1.1;   4;-999;-999;  -999;   8.3;    -999;   10.0;   67.83;   13.8;    7.3;    5.3;eor
       1357;20180923;   10;  16.3;   2.8;    3;  33.7;   4;-999;-999;  -999;  11.5;    -999;   10.3;   89.92;   17.5;    4.8;    3.4;eor
       1357;20180924;   10;  12.2;   3.2;    3;   2.3;   4;-999;-999;  -999;   7.5;    -999;    6.3;   79.63;   11.1;    3.2;    0.8;eor
       1357;20180925;   10;   7.8;   2.0;    3;   0.0;   0;-999;-999;  -999;   6.0;    -999;    4.5;   73.96;   10.8;   -0.6;   -2.9;eor
       1357;20180926;   10;   7.4;   1.6;    3;   0.0;   0;-999;-999;  -999;   6.0;    -999;    5.8;   67.71;   13.8;   -1.7;   -3.4;eor
       1357;20180927;   10;   5.4;   1.4;    3;   0.0;   0;-999;-999;  -999;   7.4;    -999;   11.1;   61.17;   20.4;    3.3;    0.9;eor
       1357;20180928;   10;   9.7;   2.4;    3;   0.0;   0;-999;-999;  -999;   8.5;    -999;   10.4;   69.25;   17.9;    2.1;   -1.2;eor
       1357;20180929;   10;   7.8;   1.6;    3;   0.0;   0;-999;-999;  -999;   6.3;    -999;    5.5;   72.67;   13.3;   -0.3;   -3.2;eor
       1357;20180930;   10;   5.4;   1.4;    3;   0.0;   0;-999;-999;  -999;   6.1;    -999;    7.0;   66.04;   17.2;   -0.5;   -2.8;eor
       1357;20181001;   10;   8.7;   1.8;    3;   1.9;   4;-999;   0;  -999;   7.5;    -999;    6.5;   78.63;   10.8;    3.3;    0.5;eor
       1357;20181002;   10;  13.9;   3.7;    3;   3.5;   4;-999;   0;  -999;   7.4;    -999;    4.3;   88.96;    6.7;    2.7;    2.1;eor
       1357;20181003;   10;  13.9;   3.5;    3;   0.0;   0;-999;   0;  -999;   8.4;    -999;    7.6;   81.38;   12.4;    1.6;   -0.9;eor
       1357;20181004;   10;   5.4;   1.4;    3;   0.0;   0;-999;   0;  -999;   7.9;    -999;    7.0;   80.92;   15.6;    0.6;   -1.7;eor
       1357;20181005;   10;   5.9;   1.4;    3;   0.0;   0;-999;   0;  -999;   8.8;    -999;    9.7;   77.08;   19.4;    3.1;    0.2;eor
       1357;20181006;   10;   5.9;   1.1;    3;   0.0;   0;-999;   0;  -999;  11.2;    -999;   11.7;   82.50;   20.0;    5.3;    2.8;eor
       1357;20181007;   10;   8.2;   2.3;    3;   0.0;   0;-999;   0;  -999;  11.7;    -999;   11.7;   86.08;   19.0;    8.3;    5.9;eor
       1357;20181008;   10;   4.9;   1.1;    3;   0.0;   0;-999;   0;  -999;  11.7;    -999;   11.3;   87.75;   18.8;    7.8;    5.1;eor
       1357;20181009;   10;   5.6;   1.2;    3;   0.0;   0;-999;   0;  -999;  11.2;    -999;   11.8;   82.71;   19.8;    6.1;    3.3;eor
       1357;20181010;   10;  10.1;   2.4;    3;   0.0;   0;-999;   0;  -999;  11.6;    -999;   12.1;   83.17;   18.5;    6.9;    3.9;eor
       1357;20181011;   10;   7.8;   1.8;    3;   0.2;   4;-999;   0;  -999;   9.4;    -999;   11.5;   73.33;   20.6;    5.2;    1.4;eor
       1357;20181012;   10;   6.3;   1.4;    3;   0.0;   0;-999;   0;  -999;  10.7;    -999;   13.7;   70.96;   22.2;    8.1;    5.8;eor
       1357;20181013;   10;   8.1;   1.8;    3;   0.0;   0;-999;   0;  -999;  10.2;    -999;   12.8;   71.83;   21.6;    6.6;    3.5;eor
       1357;20181014;   10;   7.7;   1.4;    3;   0.0;   0;-999;   0;  -999;   9.4;    -999;   11.2;   74.33;   20.8;    4.7;    2.0;eor
       1357;20181015;   10;   7.0;   1.5;    3;   0.0;   0;-999;   0;  -999;   8.7;    -999;   10.9;   70.88;   21.4;    4.3;    1.7;eor
       1357;20181016;   10;   4.7;   1.2;    3;   0.0;   0;-999;   0;  -999;   9.6;    -999;   11.0;   75.00;   19.7;    4.9;    1.5;eor
       1357;20181017;   10;   3.9;   1.4;    3;   0.0;   0;-999;   0;  -999;  10.1;    -999;   11.4;   76.46;   19.8;    6.0;    3.0;eor
       1357;20181018;   10;   8.1;   1.9;    3;   0.0;   0;-999;   0;  -999;  10.7;    -999;   11.3;   80.50;   17.2;    6.3;    3.5;eor
       1357;20181019;   10;   6.7;   1.8;    3;   0.0;   0;-999;   0;  -999;  10.6;    -999;   10.0;   87.17;   12.8;    5.9;    3.2;eor
       1357;20181020;   10;   6.5;   1.1;    3;   0.0;   0;-999;   0;  -999;   9.1;    -999;    8.5;   82.25;   14.0;    2.8;    0.3;eor
       1357;20181021;   10;   7.1;   1.6;    3;   0.0;   0;-999;   0;  -999;   7.2;    -999;    6.0;   78.33;   12.6;    0.9;   -2.1;eor
       1357;20181022;   10;   8.7;   1.8;    3;   0.1;   4;-999;   0;  -999;   7.4;    -999;    5.5;   82.38;   13.3;   -0.5;   -3.6;eor
       1357;20181023;   10;  16.4;   5.1;    3;  19.1;   4;-999;   0;  -999;   7.5;    -999;    5.2;   85.13;    7.6;    0.9;   -0.5;eor
       1357;20181024;   10;  16.9;   4.0;    3;  13.1;   4;-999;   0;  -999;  10.2;    -999;    8.4;   92.08;   10.0;    7.2;    6.7;eor
       1357;20181025;   10;  11.6;   3.6;    3;   0.0;   0;-999;   0;  -999;   9.8;    -999;    8.8;   86.04;   10.2;    7.2;    6.7;eor
       1357;20181026;   10;  11.1;   3.2;    3;   0.9;   4;-999;   0;  -999;   8.1;    -999;    7.2;   79.79;   10.5;    5.8;    4.5;eor
       1357;20181027;   10;  11.1;   2.6;    3;   3.1;   4;-999;   0;  -999;   6.8;    -999;    4.0;   83.88;    5.9;    1.6;    0.8;eor
       1357;20181028;   10;  14.2;   4.4;    3;   7.0;   4;-999;   0;  -999;   6.1;    -999;    1.2;   92.00;    3.0;    0.3;    0.1;eor
       1357;20181029;   10;  11.4;   3.6;    3;   0.1;   4;-999;   0;  -999;   7.7;    -999;    3.3;   97.58;   11.7;    0.4;    0.4;eor
       1357;20181030;   10;  15.7;   4.0;    3;   3.2;   4;-999;   0;  -999;   8.4;    -999;    6.5;   84.63;   11.7;    2.4;    0.3;eor
       1357;20181031;   10;   7.4;   1.6;    3;   0.0;   0;-999;   0;  -999;   6.5;    -999;    4.0;   81.83;   12.6;   -1.5;   -3.7;eor
       1357;20181101;   10;   3.7;   0.9;    3;   0.0;   0;-999;   0;  -999;   7.6;    -999;    4.5;   89.67;    9.3;    0.8;   -1.4;eor
       1357;20181102;   10;   9.5;   1.3;    3;   0.0;   0;-999;   0;  -999;   8.0;    -999;    6.4;   83.25;   11.6;    0.8;   -1.2;eor
       1357;20181103;   10;   5.9;   2.2;    3;   0.0;   0;-999;   0;  -999;   8.6;    -999;    7.4;   83.42;    9.4;    5.8;    4.5;eor
       1357;20181104;   10;   7.3;   3.1;    3;   0.0;   0;-999;   0;  -999;  10.2;    -999;    8.1;   94.21;    9.5;    7.1;    7.1;eor
       1357;20181105;   10;   6.8;   1.8;    3;   0.0;   0;-999;   0;  -999;  10.0;    -999;    8.2;   91.88;   12.5;    4.4;    1.6;eor
       1357;20181106;   10;   5.8;   1.4;    3;   0.0;   0;-999;   0;  -999;   9.9;    -999;    7.7;   93.67;   13.1;    4.2;    2.9;eor
       1357;20181107;   10;   4.4;   0.9;    3;   0.1;   4;-999;   0;  -999;   9.9;    -999;    7.4;   96.04;   11.6;    3.2;    0.9;eor
       1357;20181108;   10;   8.6;   1.7;    3;   0.1;   4;-999;   0;  -999;   9.5;    -999;    7.6;   90.21;   10.7;    3.0;    1.2;eor
       1357;20181109;   10;   5.2;   1.9;    3;   0.0;   0;-999;   0;  -999;   9.2;    -999;    7.0;   92.21;    8.5;    5.0;    5.1;eor
       1357;20181110;   10;   6.0;   2.1;    3;   0.2;   4;-999;   0;  -999;   8.7;    -999;    5.8;   94.17;    9.5;    4.5;    2.7;eor
       1357;20181111;   10;   7.9;   2.2;    3;   0.5;   4;-999;   0;  -999;   9.3;    -999;    6.5;   95.63;    8.5;    4.8;    3.5;eor
       1357;20181112;   10;   5.8;   1.1;    3;   0.0;   0;-999;   0;  -999;   8.8;    -999;    7.2;   87.79;   14.1;    3.3;    1.1;eor
       1357;20181113;   10;  12.0;   3.0;    3;   3.1;   4;-999;   0;  -999;   9.1;    -999;    6.5;   93.29;    8.7;    3.2;    1.6;eor
       1357;20181114;   10;   7.5;   1.2;    3;   0.0;   0;-999;   0;  -999;   7.5;    -999;    3.5;   95.21;    6.2;   -1.0;   -2.3;eor
       1357;20181115;   10;   6.7;   1.5;    3;   0.0;   0;-999;   0;  -999;   6.1;    -999;    2.2;   86.79;    9.1;   -1.7;   -3.9;eor
       1357;20181116;   10;  10.3;   3.1;    3;   0.0;   0;-999;   0;  -999;   5.8;    -999;    1.4;   86.08;    6.5;   -1.9;   -5.8;eor
       1357;20181117;   10;  11.8;   4.6;    3;   0.0;   0;-999;   0;  -999;   4.8;    -999;    0.8;   74.75;    4.1;   -2.2;   -4.9;eor
       1357;20181118;   10;   9.3;   2.7;    3;   0.4;   4;-999;   0;  -999;   3.4;    -999;   -0.9;   59.33;    4.4;   -4.4;   -7.8;eor
       1357;20181119;   10;  13.0;   4.6;    3;   0.1;   4;-999;   1;  -999;   4.7;    -999;   -1.4;   85.17;   -0.4;   -2.7;   -4.0;eor
       1357;20181120;   10;  16.6;   6.3;    3;   0.5;   4;-999;   0;  -999;   5.0;    -999;   -0.8;   86.08;   -0.2;   -2.4;   -2.3;eor
       1357;20181121;   10;   8.9;   3.8;    3;   0.4;   4;-999;   0;  -999;   5.6;    -999;    0.1;   91.17;    0.9;   -0.8;   -0.8;eor
       1357;20181122;   10;   5.6;   1.7;    3;   0.1;   4;-999;   0;  -999;   6.1;    -999;    0.7;   95.21;    1.5;   -0.1;   -0.8;eor
       1357;20181123;   10;   6.5;   2.0;    3;   0.7;   4;-999;   0;  -999;   5.9;    -999;    0.3;   93.54;    1.3;   -0.7;   -0.8;eor
       1357;20181124;   10;   8.7;   2.2;    3;   1.4;   4;-999;   0;  -999;   7.0;    -999;    2.7;   94.83;    4.5;    0.0;    0.1;eor
       1357;20181125;   10;   8.9;   2.2;    3;   0.0;   0;-999;   0;  -999;   6.8;    -999;    2.2;   95.17;    3.9;    0.7;    0.8;eor
       1357;20181126;   10;  10.3;   3.9;    3;   0.0;   4;-999;   0;  -999;   6.0;    -999;    1.5;   88.13;    2.7;   -0.4;   -0.5;eor
       1357;20181127;   10;   6.5;   1.8;    3;   0.0;   0;-999;   0;  -999;   4.7;    -999;   -1.7;   87.50;    0.7;   -4.7;   -7.4;eor
       1357;20181128;   10;   7.6;   2.1;    3;   0.0;   0;-999;   0;  -999;   4.2;    -999;   -3.2;   86.54;   -0.9;   -5.1;   -8.2;eor
       1357;20181129;   10;   6.9;   2.6;    3;   0.4;   4;-999;   0;  -999;   3.6;    -999;   -2.2;   70.00;    3.1;   -5.2;   -6.8;eor
       1357;20181130;   10;   4.0;   1.5;    3;   9.2;   4;-999;   0;  -999;   4.6;    -999;   -2.3;   88.79;   -0.4;   -4.2;   -4.2;eor
       1357;20181201;   10;   7.1;   1.1;    3;   0.5;   4;-999;   0;  -999;   6.3;    -999;    0.7;   97.63;    3.2;   -0.5;   -0.1;eor
       1357;20181202;   10;  10.3;   3.3;    3;  42.1;   4;-999;   0;  -999;   8.1;    -999;    4.3;   95.00;    9.2;    1.4;    1.2;eor
       1357;20181203;   10;  13.8;   4.0;    3;  32.9;   4;-999;   0;  -999;  10.4;    -999;    8.5;   93.33;    9.6;    7.0;    6.4;eor
       1357;20181204;   10;  13.9;   3.0;    3;   3.0;   4;-999;   0;  -999;   7.4;    -999;    3.3;   92.96;    7.5;   -2.6;   -5.0;eor
       1357;20181205;   10;   5.8;   1.4;    3;   0.1;   4;-999;   0;  -999;   5.1;    -999;   -0.9;   88.54;    3.0;   -3.8;   -6.7;eor
       1357;20181206;   10;  11.4;   2.4;    3;   2.8;   4;-999;   0;  -999;   6.9;    -999;    2.5;   91.04;    7.7;   -0.9;   -1.0;eor
       1357;20181207;   10;  16.7;   5.2;    3;   6.1;   4;-999;   0;  -999;   9.8;    -999;    7.7;   92.71;    8.5;    5.0;    4.4;eor
       1357;20181208;   10;  16.0;   5.8;    3;  19.6;   4;-999;   0;  -999;   6.9;    -999;    3.1;   89.79;    5.0;    1.7;    0.9;eor
       1357;20181209;   10;  17.0;   6.1;    3;   8.4;   4;-999;   0;  -999;   7.3;    -999;    3.9;   90.54;    5.3;    1.7;    1.3;eor
       1357;20181210;   10;  14.6;   4.7;    3;   3.3;   4;-999;   0;  -999;   5.6;    -999;    0.5;   87.42;    1.7;   -0.5;   -1.5;eor
       1357;20181211;   10;  12.6;   4.4;    3;   3.8;   4;-999;   2;  -999;   5.4;    -999;   -0.2;   89.88;    0.4;   -0.5;   -1.0;eor
       1357;20181212;   10;   6.8;   1.9;    3;   0.1;   4;-999;   3;  -999;   4.9;    -999;   -1.0;   87.04;    0.3;   -3.3;   -6.5;eor
       1357;20181213;   10;  10.8;   4.5;    3;   0.0;   0;-999;   3;  -999;   3.9;    -999;   -3.7;   83.46;   -3.1;   -4.4;   -6.7;eor
       1357;20181214;   10;  11.0;   4.7;    3;   0.0;   0;-999;   3;  -999;   3.5;    -999;   -4.4;   79.79;   -3.9;   -5.1;   -5.3;eor
       1357;20181215;   10;   6.0;   2.2;    3;   0.0;   0;-999;   3;  -999;   3.5;    -999;   -4.3;   79.54;   -3.4;   -5.3;   -7.1;eor
       1357;20181216;   10;   7.4;   2.1;    3;   1.3;   4;-999;   3;  -999;   3.8;    -999;   -4.9;   88.46;   -2.6;   -8.1;  -11.2;eor
       1357;20181217;   10;   8.7;   2.0;    3;   1.0;   4;-999;   4;  -999;   5.7;    -999;   -0.4;   95.13;    1.5;   -2.6;   -2.3;eor
       1357;20181218;   10;   7.2;   2.2;    3;   0.3;   4;-999;   3;  -999;   6.1;    -999;    0.7;   94.96;    1.8;   -2.5;   -4.4;eor
       1357;20181219;   10;   4.8;   1.6;    3;   8.4;   4;-999;   2;  -999;   5.1;    -999;   -1.3;   92.25;   -0.2;   -3.4;   -5.4;eor
       1357;20181220;   10;  10.9;   2.3;    3;   5.0;   4;-999;   1;  -999;   6.3;    -999;    1.1;   95.04;    2.8;   -0.6;   -0.4;eor
       1357;20181221;   10;  19.1;   5.2;    3;  19.5;   4;-999;   0;  -999;   7.8;    -999;    4.6;   91.46;    8.1;    2.0;    1.2;eor
       1357;20181222;   10;  17.3;   5.9;    3;  11.0;   4;-999;   0;  -999;   8.4;    -999;    6.3;   87.21;    7.8;    2.9;    2.0;eor
       1357;20181223;   10;-999;-999;    3;  22.0;   4;-999;   0;  -999;  -999;    -999;    4.0;-999;    5.5;    2.5;    2.0;eor
       1357;20181224;   10;   8.3;   1.6;    3;   3.0;   4;-999;   1;  -999;   5.8;    -999;    0.7;   90.04;    5.1;   -2.3;   -3.8;eor
       1357;20181225;   10;   8.6;   2.5;    3;   0.0;   0;-999;   2;  -999;   5.0;    -999;   -1.1;   88.96;   -0.4;   -1.8;   -2.7;eor
       1357;20181226;   10;  10.2;   2.3;    3;   0.5;   4;-999;   1;  -999;   5.2;    -999;   -0.9;   90.88;    0.7;   -2.2;   -3.5;eor
       1357;20181227;   10;   6.2;   0.9;    3;   0.0;   4;-999;   0;  -999;   6.1;    -999;    0.6;   96.21;    3.1;   -0.4;   -1.0;eor
       1357;20181228;   10;   5.0;   1.4;    3;   0.2;   4;-999;   0;  -999;   5.2;    -999;    0.2;   85.58;    5.0;   -3.2;   -5.2;eor
       1357;20181229;   10;  13.7;   3.0;    3;   8.1;   4;-999;   1;  -999;   5.3;    -999;   -1.2;   93.88;    0.2;   -2.1;   -2.1;eor
       1357;20181230;   10;  12.3;   3.9;    3;   1.0;   4;-999;   4;  -999;   6.4;    -999;    1.8;   92.67;    2.7;    0.0;   -0.1;eor
       1357;20181231;   10;   7.4;   2.0;    3;   1.9;   4;-999;   0;  -999;   7.4;    -999;    3.0;   97.17;    4.3;    1.6;    1.6;eor
       1357;20190101;   10;  14.8;   4.9;    3;  13.1;   4;-999;   0;  -999;   7.1;    -999;    3.0;   92.83;    4.4;   -0.7;   -2.3;eor
       1357;20190102;   10;  14.0;   2.9;    3;   1.8;   4;-999;   4;  -999;   4.4;    -999;   -2.1;   83.29;    0.1;   -4.9;   -8.3;eor
       1357;20190103;   10;   8.3;   2.5;    3;   0.8;   4;-999;  10;  -999;   3.8;    -999;   -3.8;   81.96;   -2.2;   -5.2;   -7.2;eor
       1357;20190104;   10;  10.3;   3.1;    3;   5.3;   4;-999;  11;  -999;   4.7;    -999;   -2.2;   89.75;   -0.5;   -3.2;   -4.2;eor
       1357;20190105;   10;  13.2;   4.4;    3;  10.4;   4;-999;  19;  -999;   6.1;    -999;    0.6;   95.08;    2.4;   -0.5;   -0.9;eor
       1357;20190106;   10;   6.4;   1.7;    3;   2.3;   4;-999;  10;  -999;   6.0;    -999;    1.2;   90.38;    2.5;    0.3;   -1.2;eor
       1357;20190107;   10;  12.5;   3.0;    3;  11.4;   4;-999;   9;  -999;   6.3;    -999;    1.3;   94.08;    2.0;   -0.1;   -0.3;eor
       1357;20190108;   10;  20.1;   6.0;    3;  20.7;   4;-999;  14;  -999;   5.9;    -999;    0.6;   93.33;    1.6;   -0.3;   -0.4;eor
       1357;20190109;   10;  14.3;   3.1;    3;   4.0;   4;-999;  25;  -999;   4.8;    -999;   -1.7;   89.25;   -0.3;   -2.3;   -3.2;eor
       1357;20190110;   10;  11.4;   2.6;    3;   0.2;   4;-999;  31;  -999;   4.2;    -999;   -3.1;   85.29;   -1.5;   -7.3;  -10.9;eor
       1357;20190111;   10;  11.3;   3.2;    3;   1.8;   4;-999;  31;  -999;   4.0;    -999;   -4.3;   89.38;   -1.5;   -7.1;   -9.5;eor
       1357;20190112;   10;  13.9;   5.1;    3;   8.5;   4;-999;  30;  -999;   5.8;    -999;   -0.1;   95.67;    0.2;   -1.5;   -1.5;eor
       1357;20190113;   10;  16.3;   5.2;    3;  25.9;   4;-999;  33;  -999;   6.7;    -999;    2.0;   94.04;    4.8;    0.1;    0.0;eor
       1357;20190114;   10;  12.6;   3.6;    3;   2.2;   4;-999;  24;  -999;   5.2;    -999;    0.0;   84.21;    2.5;   -2.4;   -2.7;eor
       1357;20190115;   10;  12.8;   4.9;    3;   2.4;   4;-999;  27;  -999;   5.2;    -999;   -0.6;   87.67;    1.1;   -2.4;   -2.5;eor
       1357;20190116;   10;  12.8;   4.3;    3;   0.0;   4;-999;  26;  -999;   5.7;    -999;    0.6;   88.71;    1.2;   -1.9;   -5.1;eor
       1357;20190117;   10;  15.7;   4.7;    3;  12.4;   4;-999;  23;  -999;   5.9;    -999;    1.3;   87.75;    2.4;   -1.5;   -3.0;eor
       1357;20190118;   10;  12.3;   2.8;    3;   0.2;   4;-999;  22;  -999;   3.9;    -999;   -3.9;   83.88;   -0.4;   -9.6;  -14.0;eor
       1357;20190119;   10;   5.7;   1.6;    3;   0.0;   4;-999;  22;  -999;   2.8;    -999;   -7.3;   80.08;   -0.4;  -11.6;  -16.0;eor
       1357;20190120;   10;   7.3;   2.3;    3;   0.0;   0;-999;  22;  -999;   3.1;    -999;   -7.2;   86.83;   -4.7;  -12.0;  -16.0;eor
       1357;20190121;   10;   7.3;   2.2;    3;   0.0;   0;-999;  21;  -999;   3.2;    -999;   -5.3;   78.42;   -3.1;  -10.7;  -15.3;eor
       1357;20190122;   10;   6.8;   1.9;    3;   0.0;   0;-999;  21;  -999;   2.8;    -999;   -8.3;   86.25;   -6.4;  -11.8;  -15.6;eor
       1357;20190123;   10;   7.9;   2.7;    3;   0.0;   4;-999;  21;  -999;   2.8;    -999;   -8.8;   88.50;   -7.6;  -11.6;  -15.0;eor
       1357;20190124;   10;   5.5;   1.2;    3;   0.3;   4;-999;  21;  -999;   3.4;    -999;   -6.1;   88.71;   -4.0;   -7.7;   -7.7;eor
       1357;20190125;   10;   9.7;   2.6;    3;   3.7;   4;-999;  24;  -999;   3.3;    -999;   -6.2;   85.42;   -4.2;   -6.9;   -7.5;eor
       1357;20190126;   10;  12.5;   4.9;    3;   6.1;   4;-999;  30;  -999;   5.3;    -999;   -1.0;   92.42;    1.2;   -4.3;   -4.4;eor
       1357;20190127;   10;  12.1;   3.6;    3;   4.8;   4;-999;  30;  -999;   6.2;    -999;    1.1;   93.38;    2.1;    0.1;    0.1;eor
       1357;20190128;   10;  12.9;   4.5;    3;   8.8;   4;-999;  27;  -999;   5.2;    -999;   -0.7;   89.79;    1.3;   -1.4;   -1.7;eor
       1357;20190129;   10;  12.1;   2.8;    3;   0.4;   4;-999;  38;  -999;   4.5;    -999;   -2.5;   88.00;   -0.9;   -7.3;  -12.1;eor
       1357;20190130;   10;   9.2;   1.7;    3;   0.0;   4;-999;  38;  -999;   3.7;    -999;   -4.7;   85.13;   -1.0;  -10.3;  -15.7;eor
       1357;20190131;   10;   5.8;   1.3;    3;   0.7;   4;-999;  37;  -999;   3.5;    -999;   -4.6;   82.25;    0.7;   -9.6;  -15.6;eor
       1357;20190201;   10;   6.1;   1.7;    3;   4.6;   4;-999;  39;  -999;   4.5;    -999;   -2.8;   88.88;    0.3;   -8.1;   -9.8;eor
       1357;20190202;   10;   7.7;   1.2;    3;   0.4;   4;-999;  36;  -999;   5.7;    -999;   -0.1;   94.25;    2.2;   -1.1;   -1.8;eor
       1357;20190203;   10;  12.1;   2.5;    3;   9.5;   4;-999;  35;  -999;   4.7;    -999;   -1.9;   88.38;    0.5;   -2.8;   -3.8;eor
       1357;20190204;   10;   5.4;   1.4;    3;   0.0;   0;-999;  43;  -999;   3.9;    -999;   -4.1;   87.04;    0.2;   -8.1;  -13.9;eor
       1357;20190205;   10;   3.4;   0.9;    3;   0.2;   4;-999;  42;  -999;   3.6;    -999;   -5.5;   87.50;   -1.2;  -10.1;  -13.3;eor
       1357;20190206;   10;   2.8;   0.9;    3;   0.0;   0;-999;  42;  -999;   3.8;    -999;   -4.6;   87.50;   -0.1;   -9.0;  -12.4;eor
       1357;20190207;   10;   7.7;   1.2;    3;   1.5;   4;-999;  41;  -999;   3.8;    -999;   -5.6;   91.21;    0.7;   -9.9;  -12.7;eor
       1357;20190208;   10;  10.9;   3.2;    3;   0.3;   4;-999;  39;  -999;   6.1;    -999;    1.2;   91.04;    2.6;    0.3;   -0.4;eor
       1357;20190209;   10;  14.8;   4.9;    3;   2.0;   4;-999;  40;  -999;   6.2;    -999;    2.6;   83.96;    5.3;   -0.4;   -2.0;eor
       1357;20190210;   10;  16.6;   3.8;    3;   9.4;   4;-999;  35;  -999;   6.4;    -999;    3.2;   83.71;    6.8;    0.2;   -0.7;eor
       1357;20190211;   10;  16.2;   4.6;    3;   2.0;   4;-999;  34;  -999;   5.6;    -999;    0.3;   90.42;    1.5;   -1.2;   -1.8;eor
       1357;20190212;   10;   9.7;   3.1;    3;   2.1;   4;-999;  35;  -999;   5.0;    -999;   -0.8;   86.08;    0.2;   -2.0;   -2.4;eor
       1357;20190213;   10;   8.9;   2.8;    3;   0.0;   0;-999;  37;  -999;   5.3;    -999;    0.3;   84.13;    3.3;   -1.8;   -4.0;eor
       1357;20190214;   10;   5.3;   1.3;    3;   0.0;   0;-999;  36;  -999;   5.0;    -999;    0.7;   79.46;    8.4;   -3.7;   -5.9;eor
       1357;20190215;   10;   3.2;   1.0;    3;   0.0;   0;-999;  33;  -999;   4.8;    -999;    3.0;   67.50;   15.1;   -2.8;   -5.7;eor
       1357;20190216;   10;   5.3;   1.3;    3;   0.0;   0;-999;  31;  -999;   4.7;    -999;    2.9;   66.67;   12.7;   -2.1;   -4.4;eor
       1357;20190217;   10;   3.8;   1.1;    3;   0.0;   0;-999;  29;  -999;   5.0;    -999;    2.3;   73.29;   11.5;   -2.9;   -5.6;eor
       1357;20190218;   10;   3.3;   1.0;    3;   0.0;   0;-999;  29;  -999;   4.7;    -999;    2.7;   66.83;   12.8;   -2.9;   -6.5;eor
       1357;20190219;   10;   9.0;   2.7;    3;   0.1;   4;-999;  28;  -999;   5.6;    -999;    2.5;   76.38;    6.1;   -2.6;   -5.8;eor
       1357;20190220;   10;   7.2;   1.5;    3;   0.0;   0;-999;  23;  -999;   5.8;    -999;    0.9;   88.83;    4.8;   -3.6;   -4.8;eor
       1357;20190221;   10;   9.1;   2.7;    3;   0.7;   4;-999;  21;  -999;   6.6;    -999;    3.7;   82.83;    6.7;   -0.8;   -2.8;eor
       1357;20190222;   10;   8.0;   2.6;    3;   0.6;   4;-999;  15;  -999;   6.9;    -999;    3.3;   88.38;    5.9;   -1.9;   -2.5;eor
       1357;20190223;   10;   7.0;   2.0;    3;   0.0;   0;-999;  14;  -999;   3.0;    -999;   -2.0;   59.75;    3.5;   -6.4;   -9.1;eor
       1357;20190224;   10;   3.8;   1.1;    3;   0.0;   0;-999;  13;  -999;   2.9;    -999;    0.3;   48.38;   10.7;   -6.0;   -8.5;eor
       1357;20190225;   10;   4.3;   1.4;    3;   0.0;   0;-999;  13;  -999;   4.8;    -999;    5.0;   56.13;   14.9;   -1.3;   -4.0;eor
       1357;20190226;   10;   6.1;   1.4;    3;   0.0;   0;-999;  11;  -999;   3.8;    -999;    6.8;   42.46;   14.4;    0.7;   -1.9;eor
       1357;20190227;   10;   7.6;   1.3;    3;   0.0;   0;-999;  10;  -999;   5.6;    -999;    5.9;   62.29;   14.2;    0.3;   -2.6;eor
       1357;20190228;   10;  13.6;   4.5;    3;   2.5;   4;-999;   7;  -999;   6.1;    -999;    8.4;   55.50;   11.5;    3.6;    0.1;eor
       1357;20190301;   10;  11.2;   3.0;    3;   7.4;   4;-999;   0;  -999;   8.0;    -999;    5.2;   89.83;    6.9;    3.7;    3.2;eor
       1357;20190302;   10;   9.6;   2.8;    3;   0.6;   4;-999;   0;  -999;   7.0;    -999;    2.9;   92.33;    4.7;    1.6;    1.4;eor
       1357;20190303;   10;  13.6;   4.5;    3;   0.1;   4;-999;   0;  -999;   7.7;    -999;    6.2;   81.29;    7.6;    4.6;    4.1;eor
       1357;20190304;   10;  20.2;   5.1;    3;   9.9;   4;-999;   0;  -999;   6.5;    -999;    6.0;   70.13;    8.9;    1.4;    0.3;eor
       1357;20190305;   10;  17.0;   5.2;    3;   6.3;   4;-999;   1;  -999;   6.2;    -999;    1.9;   88.00;    2.9;    0.7;    0.1;eor
       1357;20190306;   10;   9.1;   2.8;    3;   0.0;   0;-999;   0;  -999;   6.9;    -999;    4.6;   82.08;   10.0;    1.2;    0.5;eor
       1357;20190307;   10;  14.6;   3.5;    3;   1.9;   4;-999;   0;  -999;   6.9;    -999;    6.0;   74.71;    9.0;    2.8;    1.1;eor
       1357;20190308;   10;  14.5;   4.7;    3;   5.6;   4;-999;   0;  -999;   6.5;    -999;    3.8;   81.08;    5.1;    1.8;    0.7;eor
       1357;20190309;   10;  19.7;   5.1;    3;  10.9;   4;-999;   0;  -999;   7.1;    -999;    4.0;   86.96;    6.5;    1.4;   -0.9;eor
       1357;20190310;   10;  23.2;   5.8;    3;  19.7;   4;-999;   0;  -999;   7.4;    -999;    5.3;   83.08;    9.0;    1.8;    0.9;eor
       1357;20190311;   10;  15.7;   5.3;    3;   7.5;   4;-999;   3;  -999;   5.1;    -999;   -0.2;   85.29;    1.9;   -1.5;   -1.0;eor
       1357;20190312;   10;  10.7;   3.5;    3;   0.8;   4;-999;  12;  -999;   4.9;    -999;    1.7;   72.75;    4.4;   -0.5;   -0.3;eor
       1357;20190313;   10;  18.7;   5.3;    3;   4.2;   4;-999;   4;  -999;   5.3;    -999;    2.4;   73.88;    4.2;    0.7;   -0.2;eor
       1357;20190314;   10;  16.5;   5.6;    3;  15.2;   4;-999;   2;  -999;   6.3;    -999;    1.6;   91.29;    3.2;    0.6;    0.1;eor
       1357;20190315;   10;  18.4;   5.6;    3;  34.0;   4;-999;   0;  -999;   7.9;    -999;    4.6;   91.63;    8.1;    1.8;    0.7;eor
       1357;20190316;   10;  16.8;   4.5;    3;   6.7;   4;-999;   0;  -999;   7.8;    -999;    5.1;   88.79;    6.9;    2.5;    2.1;eor
       1357;20190317;   10;  16.9;   4.9;    3;   5.8;   4;-999;   0;  -999;   6.6;    -999;    5.9;   72.04;   12.3;    1.1;    0.2;eor
       1357;20190318;   10;  11.9;   3.6;    3;   2.3;   4;-999;   1;  -999;   5.6;    -999;    0.8;   86.96;    3.5;   -0.2;   -1.6;eor
       1357;20190319;   10;   6.7;   1.7;    3;   0.0;   0;-999;   0;  -999;   4.9;    -999;    1.2;   74.83;    4.9;   -1.5;   -3.7;eor
       1357;20190320;   10;   5.8;   1.7;    3;   0.0;   0;-999;   0;  -999;   4.5;    -999;    2.4;   63.71;    9.1;   -2.9;   -5.4;eor
       1357;20190321;   10;   5.5;   1.6;    3;   0.0;   0;-999;   0;  -999;   5.3;    -999;    5.6;   61.92;   13.7;   -1.4;   -3.4;eor
       1357;20190322;   10;   8.5;   2.0;    3;   0.0;   0;-999;   0;  -999;   7.3;    -999;    8.2;   69.17;   17.0;    1.1;   -1.0;eor
       1357;20190323;   10;   8.0;   1.8;    3;   0.0;   0;-999;   0;  -999;   7.5;    -999;    9.1;   69.46;   16.4;    2.6;   -0.3;eor
       1357;20190324;   10;   6.2;   1.6;    3;   0.0;   0;-999;   0;  -999;   7.8;    -999;    5.7;   85.46;    9.4;    1.6;   -1.0;eor
       1357;20190325;   10;  13.3;   2.8;    3;   4.9;   4;-999;   0;  -999;   5.7;    -999;    1.3;   85.33;    5.2;   -0.3;   -3.1;eor
       1357;20190326;   10;  10.8;   2.7;    3;   1.1;   4;-999;   0;  -999;   5.4;    -999;    1.7;   79.04;    4.8;   -0.3;   -1.5;eor
       1357;20190327;   10;   7.0;   1.3;    3;   0.0;   0;-999;   0;  -999;   6.1;    -999;    3.2;   79.58;    6.2;    1.5;   -0.8;eor
       1357;20190328;   10;   6.8;   1.6;    3;   0.4;   4;-999;   0;  -999;   7.8;    -999;    5.5;   85.75;    8.3;    1.7;    1.0;eor
       1357;20190329;   10;   7.6;   1.9;    3;   0.0;   0;-999;   0;  -999;   7.5;    -999;    7.4;   75.71;   13.7;    1.2;   -1.2;eor
       1357;20190330;   10;   6.9;   1.7;    3;   0.0;   0;-999;   0;  -999;   6.7;    -999;    6.8;   71.67;   15.6;    0.3;   -1.9;eor
       1357;20190331;   10;   8.4;   2.1;    3;   0.0;   0;-999;   0;  -999;   7.3;    -999;    7.4;   72.33;   15.9;    2.2;   -0.6;eor
       1357;20190401;   10;   9.9;   3.5;    3;   0.0;   0;-999;   0;  -999;   6.4;    -999;    5.8;   70.75;   12.8;    0.1;   -2.3;eor
       1357;20190402;   10;   8.2;   1.8;    3;   0.1;   4;-999;   0;  -999;   6.5;    -999;    7.2;   63.92;   15.7;   -2.3;   -4.7;eor
       1357;20190403;   10;   9.3;   1.8;    3;   0.0;   0;-999;   0;  -999;   7.8;    -999;    9.6;   68.38;   17.0;    2.9;    0.6;eor
       1357;20190404;   10;  11.8;   3.3;    3;   0.0;   0;-999;   0;  -999;   7.8;    -999;    9.1;   72.50;   18.7;    4.0;    2.4;eor
       1357;20190405;   10;   8.0;   1.7;    3;   0.0;   0;-999;   0;  -999;   8.1;    -999;    6.5;   85.29;   13.0;    3.5;    1.7;eor
       1357;20190406;   10;  11.8;   3.6;    3;   0.0;   0;-999;   0;  -999;   8.0;    -999;    9.4;   70.04;   16.6;    1.9;   -0.8;eor
       1357;20190407;   10;  11.1;   3.3;    3;   0.0;   0;-999;   0;  -999;   7.4;    -999;    8.3;   69.25;   16.0;    2.6;   -1.1;eor
       1357;20190408;   10;   7.2;   1.6;    3;   7.5;   4;-999;   0;  -999;   9.3;    -999;    8.6;   83.96;   15.9;    2.5;    0.3;eor
       1357;20190409;   10;   8.4;   2.2;    3;   0.0;   0;-999;   0;  -999;   8.8;    -999;    9.0;   77.54;   14.9;    5.2;    2.7;eor
       1357;20190410;   10;   8.6;   3.4;    3;   0.0;   0;-999;   0;  -999;   5.7;    -999;    5.1;   65.50;    9.6;    0.4;   -2.4;eor
       1357;20190411;   10;  10.5;   3.6;    3;   0.0;   0;-999;   0;  -999;   4.4;    -999;    2.1;   62.67;    8.1;   -3.0;   -6.4;eor
       1357;20190412;   10;   8.6;   2.3;    3;   0.0;   0;-999;   0;  -999;   3.8;    -999;   -0.5;   66.21;    4.9;   -4.5;   -8.1;eor
       1357;20190413;   10;   7.9;   2.2;    3;   0.0;   0;-999;   0;  -999;   4.2;    -999;    1.2;   64.04;    6.7;   -3.3;   -6.2;eor
       1357;20190414;   10;   9.0;   2.5;    3;   0.0;   0;-999;   0;  -999;   5.3;    -999;    0.5;   83.13;    2.7;   -3.3;   -6.5;eor
       1357;20190415;   10;  10.0;   2.4;    3;   0.0;   0;-999;   0;  -999;   5.3;    -999;    6.1;   60.25;   13.4;   -1.4;   -3.6;eor
       1357;20190416;   10;   9.1;   2.1;    3;   0.0;   0;-999;   0;  -999;   4.8;    -999;    6.4;   53.29;   15.1;   -2.4;   -4.9;eor
       1357;20190417;   10;   9.8;   2.4;    3;   0.0;   0;-999;   0;  -999;   5.2;    -999;    8.3;   51.46;   16.8;   -1.0;   -3.9;eor
       1357;20190418;   10;  13.8;   3.6;    3;   0.0;   0;-999;   0;  -999;   6.5;    -999;    9.8;   57.67;   17.6;    1.9;   -1.5;eor
       1357;20190419;   10;  13.1;   3.2;    3;   0.0;   0;-999;   0;  -999;   6.7;    -999;   11.6;   52.29;   19.6;    3.7;   -0.7;eor
       1357;20190420;   10;  10.2;   2.1;    3;   0.0;   0;-999;   0;  -999;   6.1;    -999;   12.6;   45.29;   20.5;    3.3;    0.1;eor
       1357;20190421;   10;   8.1;   2.0;    3;   0.0;   0;-999;   0;  -999;   6.2;    -999;   12.1;   46.79;   20.4;    3.8;    0.0;eor
       1357;20190422;   10;  12.4;   4.3;    3;   0.0;   0;-999;   0;  -999;   6.2;    -999;   11.9;   46.75;   19.9;    3.4;   -0.3;eor
       1357;20190423;   10;  14.3;   5.8;    3;   0.0;   0;-999;   0;  -999;   8.5;    -999;   10.7;   66.42;   16.2;    5.7;    4.5;eor
       1357;20190424;   10;  17.1;   3.6;    3;   0.0;   0;-999;   0;  -999;   9.8;    -999;   13.9;   64.42;   23.0;    5.3;    2.4;eor
       1357;20190425;   10;  12.3;   2.5;    3;   0.0;   0;-999;   0;  -999;   7.4;    -999;   13.6;   51.96;   22.8;    3.2;    0.1;eor
       1357;20190426;   10;  14.6;   3.2;    3;   9.2;   4;-999;   0;  -999;   8.5;    -999;    8.5;   77.21;   14.7;    5.2;    2.3;eor
       1357;20190427;   10;  11.1;   3.2;    3;  12.1;   4;-999;   0;  -999;   8.6;    -999;    7.1;   85.21;   13.3;    3.8;    3.5;eor
       1357;20190428;   10;   8.7;   2.6;    3;   0.3;   4;-999;   0;  -999;   7.0;    -999;    3.9;   87.29;    8.2;    2.0;   -0.3;eor
       1357;20190429;   10;   9.3;   2.1;    3;  20.5;   4;-999;   0;  -999;   8.0;    -999;    5.4;   89.46;    7.7;    2.4;    0.4;eor
       1357;20190430;   10;   9.4;   2.6;    3;   0.0;   0;-999;   0;  -999;   7.0;    -999;    7.8;   68.17;   13.3;    1.8;   -0.6;eor
       1357;20190501;   10;   7.1;   1.9;    3;   0.0;   0;-999;-999;  -999;   8.6;    -999;    9.8;   72.25;   16.0;    2.9;    0.1;eor
       1357;20190502;   10;  10.8;   3.0;    3;   0.2;   4;-999;-999;  -999;   8.4;    -999;   10.7;   66.83;   15.7;    5.6;    2.7;eor
       1357;20190503;   10;   8.5;   2.1;    3;   0.9;   4;-999;-999;  -999;   7.1;    -999;    6.1;   76.17;    9.2;    0.7;   -1.7;eor
       1357;20190504;   10;  10.2;   1.9;    3;   9.9;   4;-999;-999;  -999;   6.0;    -999;    1.8;   86.33;    5.0;   -1.1;   -3.5;eor
       1357;20190505;   10;   8.6;   2.0;    3;   0.0;   0;-999;-999;  -999;   5.2;    -999;    1.9;   75.21;    7.0;   -1.8;   -4.6;eor
       1357;20190506;   10;   8.7;   1.7;    3;   0.0;   0;-999;-999;  -999;   5.2;    -999;    2.9;   69.58;    7.7;   -2.2;   -4.8;eor
       1357;20190507;   10;   7.2;   2.0;    3;   0.0;   0;-999;-999;  -999;   5.6;    -999;    4.6;   68.25;    9.8;   -2.0;   -4.3;eor
       1357;20190508;   10;  10.6;   2.7;    3;   5.9;   4;-999;-999;  -999;   7.9;    -999;    7.2;   77.58;   14.4;    0.2;   -1.5;eor
       1357;20190509;   10;  12.6;   3.5;    3;  11.7;   4;-999;-999;  -999;   9.1;    -999;    8.5;   82.50;   12.9;    6.6;    6.1;eor
       1357;20190510;   10;  11.9;   3.6;    3;   1.3;   4;-999;-999;  -999;   8.2;    -999;    9.1;   72.67;   13.6;    4.6;    2.1;eor
       1357;20190511;   10;  12.8;   2.5;    3;   8.0;   4;-999;-999;  -999;   9.8;    -999;    8.3;   88.96;   13.4;    4.9;    3.3;eor
       1357;20190512;   10;  14.3;   3.6;    3;   0.0;   0;-999;-999;  -999;   6.4;    -999;    6.4;   67.63;   11.1;    3.6;    3.3;eor
       1357;20190513;   10;  11.8;   3.4;    3;   0.0;   4;-999;-999;  -999;   5.4;    -999;    6.4;   57.17;   11.3;    1.1;   -1.5;eor
       1357;20190514;   10;  14.2;   3.8;    3;   0.3;   4;-999;-999;  -999;   5.8;    -999;    4.8;   67.54;    9.1;    0.4;   -2.6;eor
       1357;20190515;   10;  12.0;   3.0;    3;   0.3;   4;-999;-999;  -999;   5.7;    -999;    3.5;   72.13;    5.5;   -0.5;   -3.2;eor
       1357;20190516;   10;   4.7;   1.5;    3;   2.6;   4;-999;-999;  -999;   7.5;    -999;    4.7;   87.46;    5.4;    3.5;    3.3;eor
       1357;20190517;   10;   8.5;   2.8;    3;   0.0;   0;-999;-999;  -999;   8.9;    -999;    8.9;   78.79;   15.4;    4.5;    1.9;eor
       1357;20190518;   10;   7.4;   2.2;    3;   0.0;   0;-999;-999;  -999;   9.7;    -999;   11.0;   76.17;   19.5;    3.6;    1.5;eor
       1357;20190519;   10;   9.6;   2.6;    3;   0.0;   0;-999;-999;  -999;  10.6;    -999;   14.5;   67.04;   21.4;    6.2;    4.0;eor
       1357;20190520;   10;   6.9;   1.7;    3;  11.3;   4;-999;-999;  -999;  12.5;    -999;   13.2;   82.00;   16.3;   10.6;    8.6;eor
       1357;20190521;   10;   7.1;   1.7;    3;  42.4;   4;-999;-999;  -999;  13.2;    -999;   12.1;   93.38;   14.5;   10.6;   10.4;eor
       1357;20190522;   10;   9.1;   2.5;    3;   0.2;   4;-999;-999;  -999;  11.2;    -999;   10.1;   90.00;   12.3;    6.1;    4.0;eor
       1357;20190523;   10;   7.1;   1.8;    3;   0.0;   0;-999;-999;  -999;   9.4;    -999;   10.8;   74.50;   16.6;    4.2;    1.2;eor
       1357;20190524;   10;   6.8;   1.7;    3;   0.0;   0;-999;-999;  -999;   9.5;    -999;   13.4;   65.08;   19.5;    6.0;    4.1;eor
       1357;20190525;   10;   9.1;   2.0;    3;   0.7;   4;-999;-999;  -999;  10.3;    -999;   13.6;   67.96;   19.2;    7.9;    5.1;eor
       1357;20190526;   10;  11.6;   2.4;    3;   0.0;   0;-999;-999;  -999;  10.2;    -999;   13.4;   69.04;   19.6;    6.6;    4.0;eor
       1357;20190527;   10;  11.1;   2.8;    3;   0.0;   0;-999;-999;  -999;  11.0;    -999;   14.2;   69.17;   19.6;    7.9;    5.6;eor
       1357;20190528;   10;   6.9;   1.8;    3;   1.2;   4;-999;-999;  -999;  11.1;    -999;   10.9;   85.21;   14.0;    7.1;    6.0;eor
       1357;20190529;   10;   9.8;   2.4;    3;   0.0;   0;-999;-999;  -999;   8.4;    -999;    8.2;   77.83;   12.4;    3.0;    0.5;eor
       1357;20190530;   10;   7.8;   2.2;    3;   0.0;   0;-999;-999;  -999;   7.7;    -999;   11.8;   58.75;   17.9;    1.9;   -0.8;eor
       1357;20190531;   10;   7.2;   1.9;    3;   0.0;   0;-999;-999;  -999;  12.2;    -999;   15.6;   69.58;   20.8;   10.5;    8.2;eor
       1357;20190601;   10;   6.4;   1.6;    3;   0.0;   0;-999;-999;  -999;  12.4;    -999;   17.0;   66.67;   24.2;    9.3;    6.8;eor
       1357;20190602;   10;   8.3;   2.0;    3;   0.0;   0;-999;-999;  -999;  12.6;    -999;   19.7;   58.46;   27.4;   10.8;    7.4;eor
       1357;20190603;   10;  15.0;   2.9;    3;   0.0;   0;-999;-999;  -999;  12.0;    -999;   20.8;   52.33;   28.3;   13.2;    9.9;eor
       1357;20190604;   10;   7.4;   1.5;    3;   0.0;   0;-999;-999;  -999;  12.8;    -999;   20.1;   58.33;   27.8;   11.4;    8.6;eor
       1357;20190605;   10;   8.8;   1.8;    3;   0.1;   4;-999;-999;  -999;  14.0;    -999;   20.7;   61.04;   29.1;   12.8;    9.6;eor
       1357;20190606;   10;  11.6;   3.2;    3;   0.8;   4;-999;-999;  -999;  12.9;    -999;   14.7;   77.42;   19.6;    9.2;    7.5;eor
       1357;20190607;   10;  14.9;   3.1;    3;   1.8;   4;-999;-999;  -999;  13.8;    -999;   16.4;   75.33;   24.1;    9.5;    8.9;eor
       1357;20190608;   10;  12.5;   3.5;    3;   0.0;   0;-999;-999;  -999;   9.0;    -999;   12.4;   64.33;   18.0;    6.2;    2.6;eor
       1357;20190609;   10;   9.5;   2.2;    3;   0.0;   0;-999;-999;  -999;  10.7;    -999;   16.1;   59.83;   24.5;    5.8;    2.4;eor
       1357;20190610;   10;   9.9;   1.6;    3;   0.0;   4;-999;-999;  -999;  14.2;    -999;   17.8;   70.79;   24.4;   12.5;   10.0;eor
       1357;20190611;   10;  11.3;   2.2;    3;   2.2;   4;-999;-999;  -999;  15.6;    -999;   17.6;   78.04;   24.4;   12.4;    9.9;eor
       1357;20190612;   10;  16.4;   2.7;    3;   1.9;   4;-999;-999;  -999;  15.3;    -999;   16.7;   82.08;   27.8;   10.8;    9.4;eor
       1357;20190613;   10;-999;-999;    3;   0.0;   0;-999;-999;  -999;  -999;    -999;   16.6;-999;   22.8;    8.8;    6.9;eor
       1357;20190614;   10;  11.4;   2.4;    3;   0.0;   0;-999;-999;  -999;  13.8;    -999;   20.2;   60.83;   28.3;    9.5;    6.1;eor
       1357;20190615;   10;  12.0;   2.8;    3;   7.7;   4;-999;-999;  -999;  15.2;    -999;   19.7;   67.50;   24.1;   14.6;   10.9;eor
       1357;20190616;   10;   5.7;   1.4;    3;   0.0;   4;-999;-999;  -999;  14.0;    -999;   14.9;   82.92;   18.1;   10.8;    8.8;eor
       1357;20190617;   10;   8.6;   2.2;    3;   0.0;   0;-999;-999;  -999;  13.5;    -999;   17.2;   70.96;   24.1;   10.1;    7.6;eor
       1357;20190618;   10;   8.0;   1.7;    3;   0.0;   0;-999;-999;  -999;  13.7;    -999;   18.7;   65.88;   26.1;   10.5;    7.7;eor
       1357;20190619;   10;   8.6;   1.9;    3;   7.0;   4;-999;-999;  -999;  13.8;    -999;   20.9;   59.42;   28.4;   13.7;   11.2;eor
       1357;20190620;   10;  12.9;   2.8;    3;   0.0;   4;-999;-999;  -999;  15.0;    -999;   17.8;   74.50;   23.5;   12.7;   10.1;eor
       1357;20190621;   10;   7.1;   1.8;    3;   0.0;   0;-999;-999;  -999;  13.5;    -999;   17.2;   71.13;   23.5;   12.0;    9.7;eor
       1357;20190622;   10;  11.6;   3.6;    3;   0.0;   0;-999;-999;  -999;  14.7;    -999;   17.1;   75.88;   22.2;   11.1;    8.6;eor
       1357;20190623;   10;  10.5;   3.6;    3;   0.0;   0;-999;-999;  -999;  14.6;    -999;   19.0;   66.75;   24.3;   13.9;   11.6;eor
       1357;20190624;   10;   8.0;   2.2;    3;   0.0;   0;-999;-999;  -999;  13.8;    -999;   20.3;   60.75;   27.8;   11.8;    9.2;eor
       1357;20190625;   10;   9.6;   2.1;    3;   0.0;   0;-999;-999;  -999;  15.0;    -999;   22.6;   57.71;   31.2;   12.7;   10.4;eor
       1357;20190626;   10;   9.4;   1.9;    3;   0.0;   0;-999;-999;  -999;  16.9;    -999;   25.9;   54.00;   33.6;   16.4;   13.6;eor
       1357;20190627;   10;   9.0;   2.0;    3;   0.0;   0;-999;-999;  -999;  12.7;    -999;   22.3;   49.25;   27.9;   13.0;    9.6;eor
       1357;20190628;   10;   7.8;   2.2;    3;   0.0;   0;-999;-999;  -999;  10.8;    -999;   17.4;   57.75;   25.3;   10.0;    7.2;eor
       1357;20190629;   10;   5.7;   1.5;    3;   0.0;   0;-999;-999;  -999;  10.6;    -999;   20.0;   50.21;   30.2;    8.7;    6.4;eor
       1357;20190630;   10;  10.3;   2.4;    3;   0.0;   0;-999;-999;  -999;  11.6;    -999;   23.9;   43.46;   32.7;   12.9;    9.4;eor
       1357;20190701;   10;  14.7;   3.2;    3;   0.0;   0;-999;-999;  -999;  15.4;    -999;   23.6;   53.13;   29.1;   14.9;   11.6;eor
       1357;20190702;   10;   9.3;   2.1;    3;   0.0;   0;-999;-999;  -999;   9.8;    -999;   17.7;   50.17;   23.7;   10.7;    6.4;eor
       1357;20190703;   10;   8.6;   2.1;    3;   0.0;   0;-999;-999;  -999;   8.2;    -999;   15.5;   48.33;   22.5;    6.7;    3.8;eor
       1357;20190704;   10;   7.7;   1.8;    3;   0.0;   0;-999;-999;  -999;   8.4;    -999;   16.1;   48.67;   23.8;    8.0;    4.6;eor
       1357;20190705;   10;  10.9;   2.3;    3;   0.0;   0;-999;-999;  -999;   9.1;    -999;   16.7;   49.58;   23.9;   10.1;    8.1;eor
       1357;20190706;   10;  13.9;   2.8;    3;   0.7;   4;-999;-999;  -999;   9.8;    -999;   19.6;   46.58;   27.2;   10.9;    8.0;eor
       1357;20190707;   10;   9.7;   1.8;    3;   0.4;   4;-999;-999;  -999;  11.2;    -999;   13.3;   72.96;   19.0;    7.3;    3.9;eor
       1357;20190708;   10;  11.2;   2.0;    3;   0.0;   0;-999;-999;  -999;   7.8;    -999;   12.3;   56.67;   18.6;    6.4;    3.3;eor
       1357;20190709;   10;   9.0;   1.7;    3;   0.0;   0;-999;-999;  -999;   8.0;    -999;   11.2;   62.21;   17.0;    5.1;    2.3;eor
       1357;20190710;   10;   7.9;   1.9;    3;   0.5;   4;-999;-999;  -999;   8.4;    -999;   13.5;   56.63;   20.3;    6.0;    3.1;eor
       1357;20190711;   10;   9.8;   2.6;    3;   3.2;   4;-999;-999;  -999;  11.1;    -999;   13.9;   71.29;   19.7;    8.7;    6.7;eor
       1357;20190712;   10;   8.8;   2.3;    3;  17.2;   4;-999;-999;  -999;  14.0;    -999;   14.2;   86.67;   20.6;   11.1;   10.6;eor
       1357;20190713;   10;   9.9;   2.2;    3;   6.7;   4;-999;-999;  -999;  13.9;    -999;   13.4;   89.83;   15.9;   11.6;   11.2;eor
       1357;20190714;   10;   7.9;   2.3;    3;   0.0;   0;-999;-999;  -999;  12.9;    -999;   13.7;   82.08;   18.0;   10.9;    9.1;eor
       1357;20190715;   10;   6.5;   1.4;    3;   0.0;   0;-999;-999;  -999;  12.3;    -999;   15.0;   74.17;   22.1;    8.5;    6.6;eor
       1357;20190716;   10;   9.0;   1.9;    3;   0.0;   0;-999;-999;  -999;  11.0;    -999;   14.1;   70.79;   21.0;    7.1;    5.1;eor
       1357;20190717;   10;   6.5;   1.4;    3;   0.0;   0;-999;-999;  -999;  11.8;    -999;   15.6;   70.17;   22.8;    9.0;    7.4;eor
       1357;20190718;   10;  10.6;   1.9;    3;   0.6;   4;-999;-999;  -999;  11.4;    -999;   17.4;   60.96;   23.9;    9.6;    7.8;eor
       1357;20190719;   10;   7.1;   1.7;    3;   2.0;   4;-999;-999;  -999;  15.0;    -999;   16.3;   81.00;   20.9;   12.8;   11.4;eor
       1357;20190720;   10;  10.0;   2.1;    3;   2.9;   4;-999;-999;  -999;  14.8;    -999;   20.9;   63.08;   28.6;   11.8;   10.3;eor
       1357;20190721;   10;   8.9;   2.2;    3;   0.0;   0;-999;-999;  -999;  14.9;    -999;   19.2;   68.08;   24.4;   13.3;   11.3;eor
       1357;20190722;   10;   9.2;   1.9;    3;   0.0;   0;-999;-999;  -999;  12.8;    -999;   19.4;   59.38;   25.9;   12.0;    9.9;eor
       1357;20190723;   10;   7.6;   1.8;    3;   0.0;   0;-999;-999;  -999;  13.6;    -999;   22.4;   52.79;   30.5;   13.8;   11.7;eor
       1357;20190724;   10;   5.2;   1.3;    3;   0.0;   0;-999;-999;  -999;  14.7;    -999;   24.4;   50.58;   32.6;   14.6;   12.4;eor
       1357;20190725;   10;   8.5;   1.8;    3;   0.0;   0;-999;-999;  -999;  12.9;    -999;   25.6;   42.63;   34.5;   16.7;   14.2;eor
       1357;20190726;   10;   8.4;   2.2;    3;   0.0;   0;-999;-999;  -999;  12.6;    -999;   24.9;   42.50;   33.1;   16.8;   13.9;eor
       1357;20190727;   10;   7.5;   1.6;    3;   0.6;   4;-999;-999;  -999;  13.9;    -999;   20.4;   57.96;   26.7;   15.5;   12.1;eor
       1357;20190728;   10;   8.1;   1.8;    3;   0.0;   0;-999;-999;  -999;  17.2;    -999;   20.2;   74.00;   26.1;   15.7;   15.1;eor
       1357;20190729;   10;   8.5;   2.1;    3;   0.0;   0;-999;-999;  -999;  18.2;    -999;   20.0;   78.33;   24.2;   17.1;   15.6;eor
       1357;20190730;   10;   7.3;   2.0;    3;   0.6;   4;-999;-999;  -999;  16.5;    -999;   19.9;   72.04;   24.0;   15.1;   12.5;eor
       1357;20190731;   10;  11.2;   2.1;    3;   4.2;   4;-999;-999;  -999;  15.3;    -999;   16.2;   83.58;   20.4;   11.9;    9.9;eor
       1357;20190801;    3;   8.3;   1.7;    3;   0.0;   0;-999;-999;  -999;  10.9;    -999;   16.1;   62.96;   23.0;    9.2;    6.8;eor
       1357;20190802;    3;   8.9;   1.6;    3;   0.0;   0;-999;-999;  -999;  11.8;    -999;   17.3;   61.58;   23.4;   11.2;    9.1;eor
       1357;20190803;    3;  11.5;   1.4;    3;   0.1;   4;-999;-999;  -999;  13.2;    -999;   15.3;   76.21;   21.9;   11.1;    8.4;eor
       1357;20190804;    3;   7.8;   1.7;    3;   0.0;   0;-999;-999;  -999;  11.9;    -999;   17.3;   63.29;   24.5;   10.4;    8.1;eor
       1357;20190805;    3;   8.4;   1.6;    3;   0.4;   4;-999;-999;  -999;  13.7;    -999;   17.3;   70.08;   22.5;   12.1;    9.5;eor
       1357;20190806;    3;   9.7;   1.8;    3;   6.2;   4;-999;-999;  -999;  15.3;    -999;   17.9;   76.08;   23.9;   13.5;   11.7;eor
       1357;20190807;    3;  12.0;   2.5;    3;  18.8;   4;-999;-999;  -999;  16.5;    -999;   15.9;   90.96;   20.5;   13.6;   12.4;eor
       1357;20190808;    3;   9.3;   2.6;    3;   0.0;   0;-999;-999;  -999;  14.2;    -999;   16.2;   78.71;   22.0;   11.5;    9.5;eor
       1357;20190809;    3;   9.6;   2.1;    3;   4.4;   4;-999;-999;  -999;  15.3;    -999;   19.6;   69.79;   27.5;   10.8;    8.6;eor
       1357;20190810;    3;  11.5;   3.0;    3;   0.4;   4;-999;-999;  -999;  17.0;    -999;   17.6;   84.13;   20.3;   11.4;    9.7;eor
       1357;20190811;    3;   7.9;   1.8;    3;   9.1;   4;-999;-999;  -999;  14.6;    -999;   18.3;   73.29;   25.4;   11.7;   10.8;eor
       1357;20190812;    3;   6.5;   1.9;    3;   0.0;   0;-999;-999;  -999;  13.6;    -999;   14.9;   80.58;   17.8;   12.8;   12.0;eor
       1357;20190813;    3;  11.5;   2.9;    3;   0.0;   0;-999;-999;  -999;  10.7;    -999;   13.8;   69.67;   18.4;    8.9;    6.6;eor
       1357;20190814;    3;  11.2;   2.0;    3;   0.1;   4;-999;-999;  -999;  10.0;    -999;   12.4;   71.42;   18.6;    7.2;    5.0;eor
       1357;20190815;    3;  10.8;   2.2;    3;   4.2;   4;-999;-999;  -999;  12.3;    -999;   12.6;   84.13;   17.5;    6.8;    4.6;eor
       1357;20190816;    3;   7.4;   2.3;    3;   0.0;   0;-999;-999;  -999;  12.6;    -999;   14.2;   79.46;   19.6;    9.1;    7.0;eor
       1357;20190817;    3;   9.1;   2.7;    3;   0.1;   4;-999;-999;  -999;  12.9;    -999;   16.0;   71.13;   20.4;    9.0;    6.9;eor
       1357;20190818;    3;  11.4;   3.1;    3;   0.2;   4;-999;-999;  -999;  16.2;    -999;   19.8;   71.63;   27.2;   14.9;   14.1;eor
       1357;20190819;    3;   8.5;   2.2;    3;   0.0;   0;-999;-999;  -999;  14.6;    -999;   17.2;   75.79;   21.5;   12.7;   10.2;eor
       1357;20190820;    3;   5.4;   1.4;    3;   8.9;   4;-999;-999;  -999;  13.0;    -999;   14.9;   77.42;   19.7;   11.5;   10.0;eor
       1357;20190821;    3;   5.9;   1.7;    3;   0.0;   0;-999;-999;  -999;  11.2;    -999;   13.6;   74.50;   20.5;    8.3;    6.2;eor
       1357;20190822;    3;   9.6;   2.4;    3;   0.0;   0;-999;-999;  -999;  10.9;    -999;   14.8;   67.71;   22.8;    7.4;    5.5;eor
       1357;20190823;    3;   7.3;   2.1;    3;   0.0;   0;-999;-999;  -999;  12.4;    -999;   16.5;   68.38;   24.4;    9.2;    6.8;eor
       1357;20190824;    3;   8.5;   2.4;    3;   0.0;   0;-999;-999;  -999;  15.6;    -999;   18.1;   75.50;   25.5;   10.6;    8.4;eor
       1357;20190825;    3;   7.7;   1.8;    3;   0.0;   0;-999;-999;  -999;  16.5;    -999;   20.9;   70.08;   29.0;   14.4;   12.8;eor
       1357;20190826;    3;   6.4;   1.6;    3;   0.0;   0;-999;-999;  -999;  17.2;    -999;   19.6;   76.54;   26.7;   14.2;   12.4;eor
       1357;20190827;    3;   6.9;   1.7;    3;   0.0;   0;-999;-999;  -999;  17.1;    -999;   20.4;   73.33;   27.9;   14.2;   12.2;eor
       1357;20190828;    3;   7.5;   1.5;    3;   0.0;   0;-999;-999;  -999;  16.9;    -999;   20.6;   71.79;   28.4;   15.0;   13.0;eor
       1357;20190829;    3;   8.7;   1.5;    3;   0.0;   0;-999;-999;  -999;  16.0;    -999;   19.6;   71.38;   26.3;   14.1;   11.7;eor
       1357;20190830;    3;   7.9;   1.6;    3;   0.0;   0;-999;-999;  -999;  16.3;    -999;   20.3;   71.67;   28.4;   14.2;   11.8;eor
       1357;20190831;    3;   8.4;   2.0;    3;   0.0;   0;-999;-999;  -999;  16.2;    -999;   21.2;   67.63;   29.4;   14.3;   11.9;eor
       1357;20190901;    3;  11.3;   2.3;    3;   0.0;   0;-999;-999;  -999;  14.8;    -999;   18.9;   69.13;   25.9;   13.8;   11.8;eor
       1357;20190902;    3;   8.3;   1.7;    3;   0.0;   0;-999;-999;  -999;   9.2;    -999;   13.5;   60.54;   19.9;    6.9;    4.0;eor
       1357;20190903;    3;   9.2;   2.0;    3;   0.0;   0;-999;-999;  -999;   7.9;    -999;   12.8;   56.08;   20.5;    5.2;    2.0;eor
       1357;20190904;    3;   9.6;   2.1;    3;   0.0;   0;-999;-999;  -999;   9.4;    -999;   14.9;   58.38;   23.4;    6.4;    3.5;eor
       1357;20190905;    3;  10.8;   2.1;    3;   0.0;   0;-999;-999;  -999;   9.7;    -999;   12.9;   66.17;   18.5;    8.4;    4.3;eor
       1357;20190906;    3;   4.7;   1.0;    3;   3.2;   4;-999;-999;  -999;   9.3;    -999;   11.7;   69.08;   17.3;    6.1;    3.7;eor
       1357;20190907;    3;   6.4;   1.1;    3;   4.0;   4;-999;-999;  -999;  11.1;    -999;   10.8;   86.67;   15.5;    7.8;    7.2;eor
       1357;20190908;    3;   5.7;   1.4;    3;  14.9;   4;-999;-999;  -999;  10.8;    -999;    9.8;   89.29;   14.1;    6.7;    5.3;eor
       1357;20190909;    3;   8.5;   2.1;    3;  21.8;   4;-999;-999;  -999;  11.0;    -999;    9.5;   92.79;   10.6;    7.7;    6.3;eor
       1357;20190910;    3;   5.5;   1.4;    3;   0.0;   0;-999;-999;  -999;  10.1;    -999;   10.2;   82.42;   15.7;    5.7;    3.6;eor
       1357;20190911;    3;   6.8;   1.9;    3;   0.0;   0;-999;-999;  -999;   9.3;    -999;   11.5;   71.46;   18.8;    4.8;    2.8;eor
       1357;20190912;    3;   8.7;   2.6;    3;   0.2;   4;-999;-999;  -999;  12.9;    -999;   13.8;   82.17;   19.2;   10.2;    8.0;eor
       1357;20190913;    3;   8.2;   1.5;    3;   0.0;   0;-999;-999;  -999;  13.7;    -999;   14.1;   85.63;   19.2;    9.1;    7.2;eor
       1357;20190914;    3;   6.3;   1.6;    3;   0.0;   0;-999;-999;  -999;  12.1;    -999;   13.6;   78.71;   21.0;    8.1;    6.1;eor
       1357;20190915;    3;   9.4;   2.3;    3;   0.0;   0;-999;-999;  -999;  12.6;    -999;   15.1;   75.42;   22.9;    8.1;    6.0;eor
       1357;20190916;    3;   8.1;   2.0;    3;   0.6;   4;-999;-999;  -999;  11.3;    -999;   14.3;   69.96;   18.7;    8.0;    5.3;eor
       1357;20190917;    3;  11.3;   2.3;    3;   0.0;   0;-999;-999;  -999;   9.6;    -999;   11.8;   70.08;   16.1;    6.4;    2.7;eor
       1357;20190918;    3;   7.9;   1.7;    3;   0.0;   0;-999;-999;  -999;   7.3;    -999;    7.6;   70.92;   13.5;    2.2;   -0.2;eor
       1357;20190919;    3;   8.5;   1.9;    3;   0.0;   0;-999;-999;  -999;   6.6;    -999;    6.0;   72.08;   12.8;    0.3;   -2.0;eor
       1357;20190920;    3;   5.1;   1.6;    3;   0.0;   0;-999;-999;  -999;   7.0;    -999;    7.7;   69.75;   16.0;    1.7;   -0.3;eor
       1357;20190921;    3;   6.8;   1.8;    3;   0.0;   0;-999;-999;  -999;   8.0;    -999;   10.4;   67.17;   20.1;    1.6;   -0.8;eor
       1357;20190922;    3;   5.9;   1.9;    3;   0.0;   0;-999;-999;  -999;   9.4;    -999;   12.2;   68.42;   21.5;    4.8;    1.4;eor
       1357;20190923;    3;   8.4;   2.1;    3;   4.4;   4;-999;-999;  -999;  12.0;    -999;   11.8;   86.38;   15.2;    7.5;    5.0;eor
       1357;20190924;    3;   7.0;   1.6;    3;   8.7;   4;-999;-999;  -999;  12.6;    -999;   12.9;   85.13;   16.5;   11.1;   10.1;eor
       1357;20190925;    3;  11.0;   3.1;    3;   7.3;   4;-999;-999;  -999;  12.3;    -999;   11.7;   89.29;   15.1;   10.1;    8.8;eor
       1357;20190926;    3;   9.1;   2.6;    3;   8.6;   4;-999;-999;  -999;  13.4;    -999;   12.7;   91.08;   15.8;   10.1;    9.9;eor
       1357;20190927;    3;  11.4;   3.2;    3;  23.2;   4;-999;-999;  -999;  13.6;    -999;   12.9;   91.04;   15.6;   10.4;    9.4;eor
       1357;20190928;    3;  11.2;   3.2;    3;   4.6;   4;-999;-999;  -999;  11.9;    -999;   11.5;   87.42;   14.8;   10.5;    8.9;eor
       1357;20190929;    3;  13.1;   3.9;    3;  12.5;   4;-999;-999;  -999;  10.8;    -999;   13.5;   71.17;   18.1;    9.5;    7.9;eor
       1357;20190930;    3;  20.2;   5.6;    3;   1.9;   4;-999;-999;  -999;  11.1;    -999;   11.0;   84.17;   13.5;    9.2;    7.0;eor
       1357;20191001;    3;  16.5;   3.2;    3;  20.6;   4;-999;   0;  -999;  12.1;    -999;   11.4;   88.96;   14.2;    7.7;    6.0;eor
       1357;20191002;    3;  12.2;   3.4;    3;   3.9;   4;-999;   0;  -999;  10.2;    -999;    8.4;   90.46;   12.8;    2.5;    0.6;eor
       1357;20191003;    3;  10.1;   3.5;    3;   3.0;   4;-999;   0;  -999;   8.4;    -999;    5.6;   91.83;    7.6;    3.7;    2.5;eor
       1357;20191004;    3;   9.4;   2.4;    3;  25.2;   4;-999;   0;  -999;   9.0;    -999;    7.1;   89.42;    9.2;    5.2;    4.2;eor
       1357;20191005;    3;  13.6;   2.8;    3;   0.3;   4;-999;   0;  -999;   8.6;    -999;    6.2;   89.83;    8.7;    3.5;    2.2;eor
       1357;20191006;    3;   7.8;   2.4;    3;   6.4;   4;-999;   0;  -999;   7.8;    -999;    4.9;   89.83;    7.9;    1.2;   -0.5;eor
       1357;20191007;    3;   8.2;   2.2;    3;   0.1;   4;-999;   0;  -999;   7.6;    -999;    5.0;   88.00;    9.8;    2.5;    1.6;eor
       1357;20191008;    3;  11.6;   3.6;    3;  20.0;   4;-999;   0;  -999;  10.8;    -999;    8.8;   94.13;   11.7;    5.8;    5.4;eor
       1357;20191009;    3;  15.2;   3.6;    3;   9.2;   4;-999;   0;  -999;  10.3;    -999;    9.0;   89.33;   11.2;    7.4;    6.5;eor
       1357;20191010;    3;  13.5;   4.4;    3;   4.7;   4;-999;   0;  -999;   9.3;    -999;    7.4;   89.92;    8.6;    6.3;    4.8;eor
       1357;20191011;    3;   9.8;   3.2;    3;   0.0;   0;-999;   0;  -999;  10.4;    -999;    9.7;   85.92;   12.3;    7.0;    5.2;eor
       1357;20191012;    3;  11.5;   3.6;    3;   0.0;   0;-999;   0;  -999;  11.3;    -999;   13.8;   71.58;   19.3;    7.7;    4.9;eor
       1357;20191013;    3;   7.6;   1.9;    3;   0.0;   0;-999;   0;  -999;  12.5;    -999;   14.9;   75.46;   21.6;    9.9;    7.5;eor
       1357;20191014;    3;   3.5;   1.0;    3;   0.0;   4;-999;   0;  -999;  12.6;    -999;   13.7;   82.54;   23.7;    8.2;    5.6;eor
       1357;20191015;    3;  12.8;   1.1;    3;   6.4;   4;-999;   0;  -999;  12.0;    -999;   10.5;   93.83;   16.1;    6.8;    5.0;eor
       1357;20191016;    3;  15.2;   3.9;    3;   0.0;   4;-999;   0;  -999;  10.1;    -999;    9.6;   84.04;   11.6;    6.2;    3.8;eor
       1357;20191017;    3;   8.5;   2.2;    3;   0.6;   4;-999;   0;  -999;   9.9;    -999;   10.7;   76.67;   16.2;    5.7;    3.3;eor
       1357;20191018;    3;   9.3;   2.7;    3;   6.1;   4;-999;   0;  -999;  11.9;    -999;   11.7;   86.46;   16.3;    8.6;    6.7;eor
       1357;20191019;    3;   8.9;   2.7;    3;   2.3;   4;-999;   0;  -999;  11.2;    -999;   10.2;   90.04;   11.7;    8.0;    6.2;eor
       1357;20191020;    3;   5.6;   1.2;    3;   0.0;   0;-999;   0;  -999;  11.1;    -999;   10.9;   86.29;   18.8;    6.8;    4.4;eor
       1357;20191021;    3;   5.5;   1.2;    3;   0.0;   0;-999;   0;  -999;  11.3;    -999;   10.8;   87.25;   18.4;    5.4;    3.4;eor
       1357;20191022;    3;   4.8;   1.2;    3;   0.0;   0;-999;   0;  -999;  12.0;    -999;   11.8;   87.38;   17.4;    7.5;    5.2;eor
       1357;20191023;    1;   7.2;   2.3;    1;   0.1;   4;-999;   0;  -999;  12.6;    -999;   11.6;   92.00;   15.4;    7.5;    4.6;eor
       1357;20191024;    1;   7.3;   1.2;    1;   0.0;   4;-999;   0;  -999;  11.3;    -999;   10.3;   90.88;   17.7;    6.1;    4.8;eor
       1357;20191025;    1;  11.7;   3.1;    1;   0.0;   0;-999;   0;  -999;  10.9;    -999;   11.2;   82.08;   14.9;    5.8;    3.6;eor
       1357;20191026;    1;   8.0;   1.6;    1;   0.0;   0;-999;   0;  -999;  10.8;    -999;    9.9;   89.21;   16.6;    4.5;    3.0;eor
       1357;20191027;    1;  11.9;   2.8;    1;   4.1;   4;-999;   0;  -999;  10.5;    -999;   10.2;   84.25;   15.4;    4.6;    3.8;eor
       1357;20191028;    1;   5.1;   1.4;    1;   0.0;   0;-999;   0;  -999;   6.7;    -999;    3.5;   85.29;    9.8;   -0.8;   -2.6;eor
       1357;20191029;    1;   7.7;   1.8;    1;   0.0;   0;-999;   0;  -999;   6.4;    -999;    2.4;   87.83;    6.1;   -1.8;   -3.9;eor
       1357;20191030;    1;   9.2;   1.9;    1;   0.0;   0;-999;   0;  -999;   5.2;    -999;    0.4;   83.08;    6.9;   -3.2;   -5.8;eor
       1357;20191031;    1;   8.1;   2.5;    1;   0.0;   0;-999;   0;  -999;   4.8;    -999;   -0.4;   81.96;    5.8;   -4.1;   -7.3;eor
       1357;20191101;    1;   7.9;   2.4;    1;  14.5;   4;-999;   0;  -999;   6.3;    -999;    1.1;   94.38;    5.4;   -3.1;   -5.3;eor
       1357;20191102;    1;   9.8;   2.2;    1;  11.5;   4;-999;   0;  -999;  10.9;    -999;    8.7;   96.13;   11.8;    5.3;    5.1;eor
       1357;20191103;    1;  11.0;   2.2;    1;  14.1;   4;-999;   0;  -999;  10.9;    -999;    9.1;   93.46;   10.7;    7.5;    7.1;eor
       1357;20191104;    1;  13.9;   3.8;    1;  10.2;   4;-999;   0;  -999;   9.5;    -999;    7.5;   91.63;    8.3;    6.7;    5.4;eor
       1357;20191105;    1;  12.0;   2.6;    1;   2.7;   4;-999;   0;  -999;   7.9;    -999;    4.9;   90.33;    7.8;   -0.1;   -1.9;eor
       1357;20191106;    1;   7.8;   2.0;    1;   3.2;   4;-999;   0;  -999;   7.6;    -999;    3.9;   93.71;    6.3;    0.3;   -0.3;eor
       1357;20191107;    1;   7.8;   1.9;    1;   0.0;   4;-999;   0;  -999;   8.0;    -999;    4.9;   92.67;    6.6;    3.0;    0.7;eor
       1357;20191108;    1;   8.9;   1.8;    1;   2.8;   4;-999;   0;  -999;   7.8;    -999;    3.9;   95.58;    4.6;    2.8;    1.8;eor
       1357;20191109;    1;   8.8;   2.4;    1;   0.8;   4;-999;   0;  -999;   6.8;    -999;    2.5;   93.38;    4.5;   -0.5;   -1.8;eor
       1357;20191110;    1;   3.8;   1.1;    1;   0.0;   0;-999;   0;  -999;   6.0;    -999;    0.8;   92.83;    6.2;   -2.7;   -5.2;eor
       1357;20191111;    1;   7.2;   2.0;    1;   0.6;   4;-999;   0;  -999;   5.4;    -999;   -1.0;   95.25;    0.1;   -3.1;   -5.2;eor
       1357;20191112;    1;   8.1;   2.8;    1;   0.5;   4;-999;   1;  -999;   6.3;    -999;    1.6;   92.04;    2.9;   -0.3;   -0.2;eor
       1357;20191113;    1;   6.2;   2.2;    1;   0.0;   0;-999;   0;  -999;   6.2;    -999;    1.5;   90.92;    3.4;   -0.3;   -1.5;eor
       1357;20191114;    1;   9.9;   3.6;    1;   0.0;   0;-999;   0;  -999;   6.0;    -999;    1.8;   85.88;    5.6;    0.6;   -0.4;eor
       1357;20191115;    1;   9.1;   2.8;    1;   3.4;   4;-999;   0;  -999;   7.3;    -999;    3.9;   90.13;    6.3;    1.3;    0.2;eor
       1357;20191116;    1;   7.6;   1.9;    1;   0.0;   0;-999;   0;  -999;   6.8;    -999;    2.2;   94.21;    6.2;   -1.0;   -2.6;eor
       1357;20191117;    1;   8.8;   2.4;    1;   0.2;   4;-999;   0;  -999;   8.3;    -999;    4.6;   95.71;    8.4;   -0.9;   -2.4;eor
       1357;20191118;    1;   9.1;   2.9;    1;   0.0;   4;-999;   0;  -999;   6.9;    -999;    3.4;   87.04;    7.5;    0.6;   -1.5;eor
       1357;20191119;    1;   9.1;   1.4;    1;   2.7;   4;-999;   0;  -999;   6.1;    -999;    1.7;   87.96;    3.3;    0.5;   -0.2;eor
       1357;20191120;    1;   4.4;   1.5;    1;   0.3;   4;-999;   0;  -999;   6.6;    -999;    1.7;   96.42;    3.2;    0.0;   -0.8;eor
       1357;20191121;    1;   4.7;   1.2;    1;   1.1;   4;-999;   0;  -999;   8.3;    -999;    4.6;   97.92;    6.4;    2.4;    2.6;eor
       1357;20191122;    1;   7.2;   2.3;    1;   0.0;   0;-999;   0;  -999;   7.1;    -999;    2.6;   96.46;    4.3;    0.7;    1.2;eor
       1357;20191123;    1;   8.1;   3.3;    1;   0.0;   0;-999;   0;  -999;   7.6;    -999;    4.4;   90.92;    8.4;    2.4;    0.2;eor
       1357;20191124;    1;   5.2;   2.0;    1;   0.0;   0;-999;   0;  -999;   7.6;    -999;    3.7;   94.88;    5.4;    1.7;    1.9;eor
       1357;20191125;    1;   5.3;   1.0;    1;   0.0;   0;-999;   0;  -999;   6.9;    -999;    1.9;   98.17;    3.8;    0.5;    0.9;eor
       1357;20191126;    1;   5.6;   1.6;    1;   0.0;   0;-999;   0;  -999;   7.3;    -999;    2.8;   97.33;    5.1;    1.1;    1.3;eor
       1357;20191127;    1;  11.1;   2.2;    1;   3.5;   4;-999;   0;  -999;   7.6;    -999;    3.6;   95.92;    5.7;    1.4;    0.0;eor
       1357;20191128;    1;  15.7;   4.3;    1;  26.4;   4;-999;   0;  -999;   8.3;    -999;    6.1;   87.83;    7.0;    5.1;    3.9;eor
       1357;20191129;    1;  15.9;   3.5;    1;   5.4;   4;-999;   0;  -999;   6.9;    -999;    3.0;   89.79;    5.9;   -0.3;   -2.1;eor
       1357;20191130;    1;   7.6;   1.7;    1;   0.4;   4;-999;   0;  -999;   5.4;    -999;    0.0;   89.04;    3.1;   -3.6;   -6.2;eor
       1357;20191201;    1;  10.0;   2.4;    1;   0.0;   0;-999;   0;  -999;   4.5;    -999;   -2.3;   87.58;   -0.1;   -4.5;   -6.8;eor
       1357;20191202;    1;   8.3;   2.2;    1;   0.1;   4;-999;   0;  -999;   5.0;    -999;   -0.6;   84.63;    0.9;   -2.3;   -5.0;eor
       1357;20191203;    1;   6.3;   1.6;    1;   0.0;   4;-999;   0;  -999;   5.6;    -999;   -0.3;   92.58;    1.4;   -2.8;   -5.1;eor
       1357;20191204;    1;   6.0;   1.1;    1;   0.0;   0;-999;   0;  -999;   4.7;    -999;   -1.7;   87.13;    3.2;   -4.7;   -6.7;eor
       1357;20191205;    1;   5.6;   1.3;    1;   0.0;   0;-999;   0;  -999;   4.3;    -999;   -3.6;   92.46;   -2.3;   -5.8;   -8.1;eor
       1357;20191206;    1;   9.9;   2.8;    1;   5.9;   4;-999;   0;  -999;   4.8;    -999;   -1.2;   86.13;    1.6;   -3.7;   -4.8;eor
       1357;20191207;    1;  17.3;   4.9;    1;   2.0;   4;-999;   0;  -999;   7.5;    -999;    4.1;   91.46;    5.1;    1.5;    0.6;eor
       1357;20191208;    1;  15.4;   5.0;    1;   7.9;   4;-999;   0;  -999;   7.8;    -999;    5.2;   87.75;    7.0;    3.8;    3.2;eor
       1357;20191209;    1;  17.7;   3.5;    1;   8.1;   4;-999;   0;  -999;   7.1;    -999;    3.7;   88.38;    5.1;    1.8;    1.2;eor
       1357;20191210;    1;   7.4;   2.3;    1;   0.1;   4;-999;   0;  -999;   5.4;    -999;    0.0;   88.33;    1.7;   -2.3;   -4.5;eor
       1357;20191211;    1;   6.9;   2.0;    1;   2.8;   4;-999;   0;  -999;   4.4;    -999;   -1.6;   81.58;   -0.7;   -3.0;   -4.9;eor
       1357;20191212;    1;   8.6;   2.4;    1;   0.8;   4;-999;   4;  -999;   5.7;    -999;   -0.2;   94.17;    0.6;   -1.1;   -1.2;eor
       1357;20191213;    1;  13.4;   4.1;    1;  14.5;   4;-999;   4;  -999;   5.5;    -999;   -0.3;   91.58;    1.4;   -1.5;   -1.9;eor
       1357;20191214;    1;  17.2;   5.1;    1;  16.9;   4;-999;  12;  -999;   6.2;    -999;    1.8;   88.42;    4.0;   -0.1;    0.1;eor
       1357;20191215;    1;  15.3;   3.2;    1;  13.1;   4;-999;   8;  -999;   7.7;    -999;    4.3;   92.33;    7.8;    2.0;    0.1;eor
       1357;20191216;    1;   9.7;   2.0;    1;   0.0;   0;-999;   3;  -999;   7.4;    -999;    4.0;   90.88;    8.3;    0.2;   -1.6;eor
       1357;20191217;    1;   4.1;   0.9;    1;   0.0;   0;-999;   0;  -999;   7.1;    -999;    3.4;   90.88;    8.9;    0.8;   -0.9;eor
       1357;20191218;    1;   9.2;   2.4;    1;   0.4;   4;-999;   0;  -999;   8.2;    -999;    6.5;   85.08;    9.3;    2.0;    0.1;eor
       1357;20191219;    1;   4.6;   1.2;    1;   0.0;   0;-999;   0;  -999;   7.1;    -999;    2.5;   96.46;    5.4;   -0.9;   -3.5;eor
       1357;20191220;    1;  12.5;   1.4;    1;   6.0;   4;-999;   0;  -999;   7.0;    -999;    2.9;   91.83;    9.1;   -1.6;   -3.7;eor
       1357;20191221;    1;  12.0;   2.3;    1;   0.0;   0;-999;   0;  -999;   7.5;    -999;    3.6;   94.67;    5.7;    1.9;    1.2;eor
       1357;20191222;    1;  15.3;   2.7;    1;   8.2;   4;-999;   0;  -999;   7.3;    -999;    3.1;   95.71;    4.8;    2.1;    2.1;eor
       1357;20191223;    1;  13.3;   4.7;    1;   4.8;   4;-999;   0;  -999;   7.1;    -999;    3.5;   90.71;    4.1;    2.7;    1.3;eor
       1357;20191224;    1;  13.9;   4.3;    1;   8.8;   4;-999;   0;  -999;   7.1;    -999;    3.3;   90.96;    4.7;    1.3;    0.6;eor
       1357;20191225;    1;  14.2;   3.8;    1;   5.1;   4;-999;   0;  -999;   7.2;    -999;    3.6;   91.67;    4.7;    1.8;    1.2;eor
       1357;20191226;    1;   5.9;   1.3;    1;   0.0;   0;-999;   0;  -999;   5.9;    -999;    1.0;   90.83;    2.3;   -1.0;   -2.4;eor
       1357;20191227;    1;   7.7;   1.8;    1;   0.0;   0;-999;   0;  -999;   5.3;    -999;    0.1;   86.04;    3.5;   -2.1;   -4.8;eor
       1357;20191228;    1;   8.0;   2.5;    1;   0.0;   0;-999;   0;  -999;   3.9;    -999;   -2.4;   76.88;   -0.8;   -6.5;   -8.7;eor
       1357;20191229;    1;   3.3;   0.8;    1;   0.0;   0;-999;   0;  -999;   3.5;    -999;   -4.5;   81.42;    1.2;   -7.8;  -10.2;eor
       1357;20191230;    1;   2.6;   0.6;    1;   0.0;   0;-999;   0;  -999;   4.0;    -999;   -2.1;   76.04;    4.4;   -5.9;   -7.9;eor
       1357;20191231;    1;   9.0;   2.4;    1;   0.0;   0;-999;   0;  -999;   4.2;    -999;    0.5;   67.71;    3.8;   -3.9;   -7.6;eor
       1357;20200101;    1;   3.3;   1.1;    1;   0.0;   0;-999;   0;  -999;   4.3;    -999;   -2.2;   82.67;    4.1;   -5.7;   -8.3;eor
       1357;20200102;    1;   6.3;   1.5;    1;   0.1;   4;-999;   0;  -999;   4.0;    -999;   -1.0;   69.42;    3.8;   -4.6;   -7.9;eor
       1357;20200103;    1;  13.7;   4.2;    1;   6.5;   4;-999;   0;  -999;   6.4;    -999;    1.4;   93.17;    5.0;   -1.7;   -1.5;eor
