STATIONS_ID;MESS_DATUM;QN_3;  FX;  FM;QN_4; RSK;RSKF; SDK;SHK_TAG;  NM; VPM;  PM; TMK; UPM; TXK; TNK; TGK;eor
       1358;20180703;   10;   9.2;   3.3;    3;   0.0;   0;   15.967;   0;   0.6;   7.0;  881.86;   13.9;   44.42;   18.5;    8.8;    2.2;eor
       1358;20180704;   10;   9.7;   3.6;    3;   0.0;   0;   14.483;   0;   3.6;   8.0;  881.19;   17.6;   39.75;   22.5;   12.5;    5.4;eor
       1358;20180705;   10;  16.4;   5.1;    3;   6.0;   6;    7.167;   0;   5.2;  12.0;  878.91;   16.6;   64.04;   22.3;   12.3;    9.4;eor
       1358;20180706;   10;  12.8;   7.7;    3;   0.3;   6;    1.267;   0;   6.7;  12.8;  881.12;   11.4;   94.58;   13.5;    8.7;    7.6;eor
       1358;20180707;   10;  13.2;   8.8;    3;   0.0;   0;   11.700;   0;   1.8;   7.5;  883.95;   10.8;   60.46;   16.6;    5.4;    3.9;eor
       1358;20180708;   10;  11.9;   7.0;    3;   0.0;   0;   10.150;   0;   4.6;  10.7;  884.42;   11.2;   79.92;   15.9;    6.4;    5.8;eor
       1358;20180709;   10;  13.0;   6.5;    3;   0.0;   0;   10.717;   0;   5.8;  11.6;  883.34;   13.3;   77.00;   17.4;    9.9;    8.6;eor
       1358;20180710;   10;   8.3;   3.5;    3;   5.1;   6;    0.767;   0;   7.2;  10.9;  878.95;    9.6;   91.42;   11.5;    6.6;    3.5;eor
       1358;20180711;   10;   8.3;   3.2;    3;   9.8;   6;    1.233;   0;   6.3;  10.0;  878.30;    8.3;   91.08;   10.9;    6.4;    4.7;eor
       1358;20180712;   10;  17.4;   8.4;    3;   1.5;   6;    0.217;   0;   7.1;  11.5;  879.39;    9.1;   98.54;   12.0;    6.5;    5.4;eor
       1358;20180713;   10;  12.0;   5.9;    3;   0.3;   6;    7.700;   0;   5.1;  12.2;  883.20;   13.4;   80.25;   18.3;    9.8;    7.8;eor
       1358;20180714;   10;  10.2;   4.6;    3;   0.0;   0;   15.217;   0;   1.1;  11.2;  883.63;   14.1;   70.88;   18.4;    9.5;    6.9;eor
       1358;20180715;   10;   7.0;   3.3;    3;   0.4;   6;    5.667;   0;   3.8;  11.8;  881.78;   15.1;   68.42;   19.3;   12.3;    7.2;eor
       1358;20180716;   10;   7.2;   3.7;    3;   0.0;   6;    3.400;   0;   5.5;  11.2;  879.62;   14.3;   68.63;   18.1;   11.4;    8.7;eor
       1358;20180717;   10;  15.6;   7.5;    3;   0.0;   0;   11.050;   0;   2.6;  10.7;  878.78;   15.9;   60.38;   21.7;   10.8;    8.4;eor
       1358;20180718;   10;  15.4;   9.3;    3;   0.0;   0;    9.017;   0;   4.5;  11.3;  880.70;   14.1;   71.00;   19.1;   10.7;    9.7;eor
       1358;20180719;   10;  13.8;   6.7;    3;   0.0;   0;   15.000;   0;   0.6;  11.1;  881.85;   13.7;   71.83;   18.7;    8.5;    7.5;eor
       1358;20180720;   10;  13.2;   3.2;    3;   0.0;   0;    9.567;   0;   2.9;  11.4;  880.50;   15.9;   64.13;   20.5;   11.3;    6.8;eor
       1358;20180721;   10;  11.6;   5.2;    3;   0.5;   6;    2.767;   0;   6.8;  12.3;  878.15;   15.4;   70.25;   20.1;   12.9;   11.4;eor
       1358;20180722;   10;  11.0;   5.3;    3;   0.0;   6;    4.100;   0;   7.5;  13.4;  879.32;   14.2;   83.63;   17.7;   11.5;   11.7;eor
       1358;20180723;   10;   9.4;   5.4;    3;   0.0;   0;    8.750;   0;   4.7;  13.0;  882.14;   15.7;   74.33;   20.6;   11.8;   10.7;eor
       1358;20180724;   10;   7.9;   3.9;    3;   0.0;   0;   15.050;   0;   0.4;  12.4;  882.15;   17.9;   61.04;   22.5;   13.1;    8.5;eor
       1358;20180725;   10;  10.2;   4.6;    3;   0.0;   0;   12.733;   0;   2.2;  13.3;  882.24;   18.7;   62.17;   22.9;   15.4;    9.9;eor
       1358;20180726;   10;  10.2;   4.6;    3;   0.0;   0;   11.733;   0;   2.7;  12.9;  882.91;   18.6;   61.08;   22.9;   14.2;   10.0;eor
       1358;20180727;   10;  11.3;   5.0;    3;   1.1;   6;    7.500;   0;   3.8;  15.0;  881.23;   17.6;   74.58;   22.4;   15.0;   11.6;eor
       1358;20180728;   10;  14.6;   5.5;    3;   0.5;   6;    9.983;   0;   3.9;  14.6;  878.02;   18.6;   69.00;   24.3;   13.8;   12.8;eor
       1358;20180729;   10;  10.3;   4.3;    3;   0.0;   6;    7.133;   0;   5.4;  13.9;  882.12;   17.7;   69.79;   22.6;   11.9;   11.3;eor
       1358;20180730;   10;   9.1;   3.6;    3;   0.0;   0;    6.917;   0;   4.8;  13.9;  884.03;   21.0;   56.46;   25.1;   16.8;   15.5;eor
       1358;20180731;   10;  13.5;   3.9;    3;  22.8;   6;   10.200;   0;   2.4;  14.8;  884.74;   21.9;   56.83;   26.6;   17.0;   15.0;eor
       1358;20180801;   10;   8.8;   4.3;    3;   0.0;   0;   12.733;   0;   2.9;  15.8;  886.18;   21.5;   61.58;   25.0;   17.0;   15.4;eor
       1358;20180802;   10;  10.3;   4.9;    3;   0.0;   0;   11.950;   0;   3.8;  16.8;  887.84;   19.9;   72.75;   24.0;   17.1;   13.4;eor
       1358;20180803;   10;   8.0;   3.9;    3;   5.2;   6;    8.633;   0;   3.0;  17.2;  887.60;   20.0;   73.75;   24.0;   16.8;   13.2;eor
       1358;20180804;   10;   9.6;   3.5;    3;   5.7;   6;    8.067;   0;   3.0;  15.6;  884.96;   20.6;   64.50;   25.3;   16.4;   13.9;eor
       1358;20180805;   10;  15.2;   6.5;    3;   0.0;   0;    7.317;   0;   4.0;  14.5;  884.82;   15.2;   83.38;   19.0;   11.3;    9.2;eor
       1358;20180806;   10;   8.1;   4.0;    3;   0.0;   0;   14.717;   0;   0.8;  10.3;  884.30;   16.8;   55.17;   22.5;   10.6;    5.6;eor
       1358;20180807;   10;  10.9;   5.6;    3;   0.0;   0;   12.450;   0;   2.2;  10.6;  881.76;   21.0;   42.67;   25.9;   16.5;   12.8;eor
       1358;20180808;   10;  18.8;   5.7;    3;   0.3;   6;    9.300;   0;   4.0;  14.3;  881.11;   21.2;   56.88;   26.6;   18.1;   13.6;eor
       1358;20180809;   10;  20.6;   6.2;    3;   0.1;   6;   11.300;   0;   2.0;  14.3;  881.50;   21.1;   57.83;   26.2;   14.2;   12.8;eor
       1358;20180810;   10;  20.5;   8.8;    3;   0.8;   6;    3.267;   0;   4.5;  11.2;  885.58;   12.5;   77.67;   16.5;    9.6;    8.4;eor
       1358;20180811;   10;  17.3;   8.7;    3;   0.0;   0;    7.950;   0;   3.1;   9.2;  885.50;   12.6;   63.83;   17.9;    8.9;    6.5;eor
       1358;20180812;   10;  10.6;   4.2;    3;   0.0;   0;   13.150;   0;   3.3;   8.1;  882.56;   14.8;   48.83;   20.6;    9.0;    3.0;eor
       1358;20180813;   10;  16.0;   7.9;    3;   0.5;   6;    8.667;   0;   4.4;  11.5;  876.81;   17.8;   58.33;   24.8;   12.2;   11.9;eor
       1358;20180814;   10;  14.9;   8.9;    3;   0.1;   6;    2.283;   0;   6.3;  12.4;  878.23;   12.8;   85.04;   16.2;   10.5;   10.0;eor
       1358;20180815;   10;  14.4;   6.0;    3;   0.0;   0;    5.283;   0;   4.8;  12.0;  883.70;   13.0;   80.50;   18.3;    9.5;    7.3;eor
       1358;20180816;   10;   8.4;   4.7;    3;   0.0;   0;   13.117;   0;   1.0;  11.4;  883.44;   16.7;   61.04;   22.2;   11.5;    9.5;eor
       1358;20180817;   10;  14.3;   4.3;    3;   7.3;   6;    7.233;   0;   4.2;  12.1;  882.32;   18.1;   59.58;   22.8;   12.3;   11.8;eor
       1358;20180818;   10;   8.7;   3.4;    3;   0.0;   0;   10.650;   0;   4.8;  14.2;  885.82;   16.0;   78.13;   19.5;   11.8;   10.5;eor
       1358;20180819;   10;   8.2;   3.0;    3;   0.0;   0;    7.433;   0;   3.1;  14.1;  886.12;   18.4;   66.71;   23.1;   14.6;   10.1;eor
       1358;20180820;   10;  10.6;   6.0;    3;   0.0;   0;   10.950;   0;   1.3;  12.5;  884.03;   16.5;   67.54;   22.1;   11.7;    9.7;eor
       1358;20180821;   10;   7.2;   3.4;    3;   0.0;   0;    2.950;   0;   4.6;  13.8;  885.50;   14.0;   86.67;   17.9;   11.2;    8.8;eor
       1358;20180822;   10;   8.9;   3.7;    3;   0.0;   0;    6.717;   0;   3.2;  12.4;  884.26;   17.4;   64.13;   23.7;   11.8;   10.5;eor
       1358;20180823;   10;  14.1;   5.2;    3;   0.5;   6;    6.667;   0;   4.0;  12.4;  880.47;   19.8;   55.25;   26.7;   15.6;   14.1;eor
       1358;20180824;   10;  15.1;   8.5;    3;   0.2;   6;    4.050;   0;   6.9;  12.4;  876.30;   13.9;   78.25;   19.1;    8.1;    7.7;eor
       1358;20180825;   10;  16.4;   8.0;    3;   0.9;   6;    1.250;   0;   7.3;   9.3;  875.42;    7.4;   90.46;   10.4;    4.4;    3.8;eor
       1358;20180826;   10;  12.2;   5.6;    3;   0.0;   0;    4.867;   0;   5.5;   7.3;  879.11;    6.7;   75.83;   11.7;    3.4;    2.6;eor
       1358;20180827;   10;  17.2;   9.3;    3;   0.0;   6;    7.033;   0;  -999;   8.2;  879.33;   10.8;   63.50;   16.7;    6.3;    4.1;eor
       1358;20180828;   10;  11.5;   5.0;    3;   0.0;   0;    5.450;   0;  -999;  11.0;  883.39;   11.6;   80.92;   15.8;    8.9;    8.1;eor
       1358;20180829;   10;  14.3;   6.4;    3;   1.5;   6;   12.633;   0;  -999;  10.4;  881.07;   15.1;   61.50;   19.8;    9.5;    8.1;eor
       1358;20180830;   10;  15.9;  10.0;    3;   2.2;   6;    0.000;   0;  -999;  12.3;  880.78;   11.0;   93.92;   16.8;    8.0;    7.4;eor
       1358;20180831;   10;  10.9;   4.3;    3;   0.5;   6;    1.183;   0;  -999;   9.9;  883.81;    8.2;   91.00;   11.1;    7.0;    6.8;eor
       1358;20180901;   10;  11.8;   6.9;    3;   5.4;   6;    0.000;   0;  -999;   9.4;  885.60;    7.0;   92.92;    8.6;    5.8;    5.7;eor
       1358;20180902;   10;  10.8;   5.4;    3;   3.1;   6;    0.017;   0;  -999;  12.5;  884.87;   10.3;   99.04;   12.4;    8.2;    8.3;eor
       1358;20180903;   10;  13.1;   7.0;    3;   1.0;   6;    0.383;   0;  -999;  13.8;  881.16;   12.0;   98.13;   12.7;   11.1;   10.2;eor
       1358;20180904;   10;  10.3;   5.0;    3;   0.0;   0;    8.983;   0;  -999;  13.1;  880.85;   13.6;   83.75;   17.6;   11.2;    7.9;eor
       1358;20180905;   10;   9.0;   3.1;    3;   0.0;   0;    4.783;   0;  -999;  11.9;  882.42;   14.0;   74.63;   17.9;   11.6;    6.3;eor
       1358;20180906;   10;   9.5;   4.5;    3;   1.5;   6;    3.300;   0;  -999;  11.3;  878.64;   14.2;   70.17;   18.5;   11.5;    9.0;eor
       1358;20180907;   10;  11.2;   6.1;    3;   1.3;   6;    1.783;   0;  -999;  12.4;  878.17;   11.7;   90.50;   15.0;    8.5;    7.9;eor
       1358;20180908;   10;  10.6;   5.5;    3;   0.0;   0;    8.600;   0;  -999;   9.5;  883.70;   10.5;   76.38;   15.4;    7.4;    4.9;eor
       1358;20180909;   10;  13.1;   5.9;    3;   0.0;   0;    7.167;   0;  -999;   9.3;  885.87;   12.6;   63.17;   17.4;    9.0;    7.0;eor
       1358;20180910;   10;  12.8;   6.2;    3;   0.0;   0;    9.367;   0;  -999;   9.5;  886.70;   14.9;   56.92;   20.5;   10.4;    6.3;eor
       1358;20180911;   10;  16.1;   9.2;    3;   0.0;   0;   11.117;   0;  -999;   9.6;  886.95;   14.6;   59.17;   19.4;   10.1;    8.7;eor
       1358;20180912;   10;  16.4;   9.1;    3;   0.0;   0;   12.433;   0;  -999;  10.1;  885.78;   16.8;   54.67;   23.4;   10.9;   10.0;eor
       1358;20180913;   10;  15.0;   4.4;    3;   5.1;   6;    1.117;   0;  -999;  13.0;  882.93;   12.4;   90.38;   18.2;    9.4;    9.4;eor
       1358;20180914;   10;   9.5;   3.5;    3;   0.9;   6;    0.450;   0;  -999;  11.6;  883.10;    9.4;   98.29;   10.4;    8.6;    7.8;eor
       1358;20180915;   10;  13.5;   6.4;    3;   0.0;   0;    8.167;   0;  -999;   9.1;  885.54;    9.2;   79.08;   13.1;    7.0;    4.4;eor
       1358;20180916;   10;  10.3;   4.6;    3;   0.0;   0;   11.633;   0;  -999;   8.5;  886.90;   11.3;   64.50;   16.2;    6.9;    2.7;eor
       1358;20180917;   10;  10.2;   4.8;    3;   0.0;   0;   11.567;   0;  -999;   9.9;  885.42;   14.6;   60.17;   19.4;   10.0;    6.8;eor
       1358;20180918;   10;  12.2;   5.7;    3;   0.0;   0;   11.550;   0;  -999;  11.9;  883.30;   16.8;   64.13;   21.9;   12.6;    9.2;eor
       1358;20180919;   10;  10.7;   5.7;    3;   0.9;   6;    7.300;   0;  -999;  12.3;  885.27;   16.7;   65.04;   23.2;   13.9;   11.7;eor
       1358;20180920;   10;  12.6;   7.8;    3;   0.0;   0;    9.383;   0;  -999;  12.8;  884.69;   17.2;   65.67;   21.4;   14.1;   11.9;eor
       1358;20180921;   10;  24.8;  11.0;    3;  14.0;   6;    7.200;   0;  -999;  11.5;  877.50;   13.5;   75.42;   21.2;    3.6;    3.2;eor
       1358;20180922;   10;  18.8;  11.1;    3;   0.5;   6;    3.833;   0;  -999;   7.3;  881.25;    5.2;   83.04;    9.9;    2.5;    2.1;eor
       1358;20180923;   10;  33.0;  12.9;    3;  35.9;   8;    0.000;   0;  -999;   9.1;  873.87;    5.6;   97.46;   12.9;    0.5;    0.1;eor
       1358;20180924;   10;  25.7;  15.1;    3;   4.0;   8;    0.817;   0;  -999;   6.4;  885.00;    0.9;   97.71;    3.3;   -0.4;   -0.3;eor
       1358;20180925;   10;  20.7;   7.2;    3;   0.0;   0;    5.500;   0;  -999;   5.5;  894.64;    0.5;   86.75;    4.2;   -1.1;   -4.3;eor
       1358;20180926;   10;  14.4;   8.4;    3;   0.0;   0;    8.983;   0;  -999;   4.4;  893.83;    5.4;   50.42;   11.6;    0.2;   -1.9;eor
       1358;20180927;   10;  14.1;   7.9;    3;   0.0;   0;    6.083;   0;  -999;   7.4;  890.11;   11.4;   52.63;   18.5;    6.6;    4.3;eor
       1358;20180928;   10;  15.5;   9.0;    3;   1.4;   6;    6.467;   0;  -999;   7.4;  883.98;    6.5;   77.29;   11.9;    0.6;   -0.9;eor
       1358;20180929;   10;  10.7;   5.2;    3;   0.0;   0;   10.233;   0;  -999;   5.6;  887.04;    3.0;   74.67;    7.6;   -0.2;   -1.8;eor
       1358;20180930;   10;  14.2;   6.6;    3;   0.0;   0;   11.583;   0;  -999;   4.7;  879.90;    6.9;   49.33;   13.4;    1.9;    0.3;eor
       1358;20181001;   10;  16.2;   7.7;    3;   2.5;   8;    1.600;   0;  -999;   6.6;  875.07;    3.3;   85.13;    6.2;   -0.2;   -0.1;eor
       1358;20181002;   10;  28.3;  13.2;    3;   1.8;   8;    0.550;   0;  -999;   6.1;  877.62;    0.3;   97.38;    3.0;   -1.1;   -1.0;eor
       1358;20181003;   10;  29.8;  15.2;    3;   0.0;   6;    4.000;   0;  -999;   6.6;  881.08;    3.4;   84.92;    6.2;    1.4;    0.3;eor
       1358;20181004;   10;  13.3;   6.6;    3;   0.0;   0;    6.300;   0;  -999;   7.4;  887.38;    5.2;   83.71;   10.7;    0.4;   -0.6;eor
       1358;20181005;   10;  11.4;   6.6;    3;   0.0;   0;   11.233;   0;  -999;   7.5;  884.67;    9.5;   63.88;   14.7;    5.5;    2.5;eor
       1358;20181006;   10;  12.2;   7.7;    3;   0.0;   0;    7.833;   0;  -999;   9.7;  877.98;   12.1;   68.96;   16.7;    9.0;    6.1;eor
       1358;20181007;   10;   9.5;   5.4;    3;   0.5;   6;    2.233;   0;  -999;  10.2;  879.23;    8.6;   91.21;   12.0;    4.5;    4.1;eor
       1358;20181008;   10;   7.6;   3.8;    3;   0.0;   0;    7.733;   0;  -999;  10.9;  884.32;    9.9;   89.04;   16.1;    6.0;    3.8;eor
       1358;20181009;   10;   9.9;   4.1;    3;   0.0;   0;    9.583;   0;  -999;  10.2;  886.41;   11.6;   74.96;   16.2;    8.5;    3.4;eor
       1358;20181010;   10;  21.0;  10.6;    3;   0.0;   0;    6.983;   0;  -999;  11.1;  884.62;   10.1;   90.46;   12.7;    7.7;    7.0;eor
       1358;20181011;   10;-999;-999;    3;   0.0;   0;    8.583;   0;  -999;  -999;    -999;    9.7;-999;   13.7;    5.5;    4.0;eor
       1358;20181012;   10;-999;   4.1;    3;   0.0;   0;    7.100;   0;  -999;  -999;    -999;   14.3;-999;   18.4;   11.5;    8.0;eor
       1358;20181013;   10;  15.5;   6.9;    3;   0.0;   0;   10.717;   0;  -999;   9.4;  887.24;   12.3;   66.04;   15.8;    7.7;    6.0;eor
       1358;20181014;   10;  15.2;   7.9;    3;   0.0;   0;   10.517;   0;  -999;   8.3;  880.83;   10.9;   63.50;   14.1;    7.6;    5.9;eor
       1358;20181015;   10;  10.3;   5.4;    3;   0.0;   0;    7.117;   0;  -999;   7.3;  880.66;   10.1;   59.46;   13.7;    6.3;    4.2;eor
       1358;20181016;   10;   5.5;   2.4;    3;   0.3;   6;    0.983;   0;  -999;   8.9;  882.21;   11.2;   67.33;   16.3;    8.4;    3.5;eor
       1358;20181017;   10;   6.5;   3.0;    3;   0.0;   0;    9.433;   0;  -999;   9.3;  882.82;   11.0;   70.71;   15.7;    8.2;    4.2;eor
       1358;20181018;   10;   8.8;   5.3;    3;   0.0;   0;    4.900;   0;  -999;   9.7;  883.30;    8.0;   90.46;   11.5;    6.0;    3.3;eor
       1358;20181019;   10;   5.7;   2.6;    3;   0.4;   6;    0.000;   0;  -999;   9.6;  885.41;    6.7;   98.04;    7.7;    5.4;    2.4;eor
       1358;20181020;   10;  10.9;   5.1;    3;   0.0;   0;    5.250;   0;  -999;   7.7;  887.67;    4.2;   93.63;    7.3;    1.6;    1.3;eor
       1358;20181021;   10;   9.9;   4.5;    3;   0.0;   0;    6.700;   0;  -999;   6.7;  888.07;    3.4;   86.21;    8.0;    1.8;   -1.1;eor
       1358;20181022;   10;  15.4;   8.1;    3;   3.5;   6;    3.617;   0;  -999;   6.7;  887.25;    2.7;   90.13;    7.5;   -0.1;   -2.7;eor
       1358;20181023;   10;  33.3;  18.1;    3;  20.7;   8;    0.000;   0;  -999;   6.6;  878.74;    1.4;   96.54;    4.2;   -0.7;   -1.0;eor
       1358;20181024;   10;  33.9;  18.3;    3;  21.6;   6;    0.000;   0;  -999;   7.6;  875.31;    3.2;   98.79;    5.4;    1.4;    1.6;eor
       1358;20181025;   10;  30.4;  17.1;    3;   0.8;   6;    0.000;   0;  -999;   8.1;  875.48;    4.1;   98.67;    4.9;    3.2;    3.1;eor
       1358;20181026;   10;  20.2;  10.5;    3;   0.0;   0;    1.983;   0;  -999;   7.2;  870.48;    2.7;   96.75;    4.2;    1.1;    1.0;eor
       1358;20181027;   10;  18.5;   7.6;    3;   3.2;   7;    0.050;   0;  -999;   5.9;  868.30;   -0.1;   96.63;    1.4;   -1.4;   -1.6;eor
       1358;20181028;   10;  14.9;   7.8;    3;  13.6;   7;    0.000;   2;  -999;   4.9;  869.41;   -2.4;   96.50;   -1.3;   -3.3;   -3.4;eor
       1358;20181029;   10;  28.8;  11.6;    3;   0.0;   0;    0.000;  10;  -999;   7.2;  863.97;    2.0;   98.63;    9.2;   -2.1;   -2.0;eor
       1358;20181030;   10;  27.2;  14.1;    3;   0.0;   7;    6.033;   0;  -999;   8.0;  861.84;    5.0;   89.25;   10.0;   -0.7;   -1.1;eor
       1358;20181031;   10;  22.5;  10.4;    3;   0.0;   0;    8.117;   0;  -999;   5.9;  878.29;    2.9;   78.88;    7.4;   -1.0;   -1.8;eor
       1358;20181101;   10;  18.1;   9.5;    3;   0.0;   0;    3.017;   0;  -999;   6.4;  876.30;    7.1;   63.75;    9.7;    3.5;    1.3;eor
       1358;20181102;   10;  17.8;   7.2;    3;   0.0;   0;    0.983;   0;  -999;   7.2;  883.20;    4.5;   85.75;    9.6;    2.5;    1.5;eor
       1358;20181103;   10;  11.4;   5.7;    3;   0.0;   0;    0.117;   0;  -999;   7.6;  886.75;    3.3;   97.33;    4.9;    2.1;    2.1;eor
       1358;20181104;   10;  12.9;   7.2;    3;   0.0;   0;    5.167;   0;  -999;   8.9;  880.37;    6.3;   93.63;   13.9;    3.7;    3.7;eor
       1358;20181105;   10;  18.1;   8.5;    3;   0.0;   0;    2.117;   0;  -999;   8.8;  875.68;    6.4;   91.88;    9.8;    4.8;    4.3;eor
       1358;20181106;   10;  12.4;   6.6;    3;   0.0;   0;    8.683;   0;  -999;   8.9;  875.17;    7.7;   85.21;   12.3;    4.6;    3.5;eor
       1358;20181107;   10;  12.3;   7.9;    3;   0.0;   0;    9.283;   0;   4.3;   8.3;  876.05;    9.9;   68.33;   13.5;    6.1;    4.2;eor
       1358;20181108;   10;  12.9;   6.5;    3;   0.0;   0;    1.617;   0;   7.0;   8.4;  882.08;    6.0;   89.92;    8.3;    4.6;    3.6;eor
       1358;20181109;   10;  12.4;   4.9;    3;   0.0;   0;    4.600;   0;   7.2;   7.9;  878.59;    5.7;   86.83;    9.8;    3.3;    0.6;eor
       1358;20181110;   10;  10.5;   5.7;    3;   0.0;   0;    8.633;   0;   3.0;   6.4;  874.63;    8.7;   56.96;   12.5;    6.6;    1.3;eor
       1358;20181111;   10;  21.4;  11.3;    3;   0.0;   0;    3.133;   0;   5.0;   7.7;  876.32;    6.2;   81.71;    8.5;    4.5;    3.9;eor
       1358;20181112;   10;  17.1;  10.1;    3;   0.0;   0;    6.267;   0;   4.8;   7.8;  882.15;    9.7;   65.71;   13.4;    6.7;    5.2;eor
       1358;20181113;   10;  20.2;  12.2;    3;   1.8;   6;    0.000;   0;   7.7;   8.2;  885.23;    5.7;   90.04;    9.5;    1.9;    1.9;eor
       1358;20181114;   10;  14.7;   6.0;    3;   0.0;   0;    8.083;   0;   6.9;   5.9;  889.13;    2.5;   81.38;    5.6;    1.0;   -3.0;eor
       1358;20181115;   10;  13.8;   6.6;    3;   0.0;   0;    7.783;   0;   4.7;   4.3;  888.09;    2.9;   60.08;    8.0;   -0.8;   -1.2;eor
       1358;20181116;   10;  18.4;  11.3;    3;   0.0;   0;    7.700;   0;   3.7;   5.1;  889.05;   -1.5;   92.88;    0.9;   -3.1;   -3.2;eor
       1358;20181117;   10;  18.8;  11.6;    3;   0.0;   0;    7.150;   0;   3.6;   3.8;  889.40;   -3.1;   77.92;    0.0;   -5.0;   -6.1;eor
       1358;20181118;   10;  14.6;   8.3;    3;   4.2;   7;    6.333;   0;   3.0;   2.8;  883.70;   -3.7;   59.13;    1.0;   -6.6;   -7.6;eor
       1358;20181119;   10;  23.3;  11.1;    3;   4.7;   7;    0.000;   4;   8.0;   3.9;  874.51;   -5.3;   93.46;   -4.0;   -7.1;   -7.2;eor
       1358;20181120;   10;  23.1;  14.9;    3;   6.9;   7;    0.000;   9;   8.0;   3.8;  869.97;   -5.5;   93.25;   -4.5;   -6.9;   -6.9;eor
       1358;20181121;   10;  15.9;  10.5;    3;   0.7;   7;    0.000;  13;   8.0;   4.5;  874.68;   -3.5;   95.71;   -2.4;   -4.7;   -4.9;eor
       1358;20181122;   10;  13.7;   7.7;    3;   0.0;   0;    0.000;  12;   8.0;   5.1;  878.72;   -2.1;   97.42;   -0.1;   -4.1;   -4.2;eor
       1358;20181123;   10;  10.9;   5.3;    3;   0.0;   0;    6.800;  11;   4.1;   4.9;  879.01;   -0.7;   85.54;    2.9;   -3.9;   -5.9;eor
       1358;20181124;   10;  16.4;   9.3;    3;   2.2;   8;    0.000;   9;   8.0;   5.7;  873.48;   -0.5;   97.17;    1.6;   -2.9;   -2.9;eor
       1358;20181125;   10;  15.2;   7.0;    3;   0.0;   0;    5.133;   8;   4.8;   5.4;  871.40;   -0.3;   91.08;    2.9;   -2.2;   -2.8;eor
       1358;20181126;   10;  14.2;   7.2;    3;   0.3;   6;    0.000;   7;   8.0;   4.8;  869.00;   -2.8;   96.54;   -1.1;   -4.7;   -4.5;eor
       1358;20181127;   10;   9.8;   4.1;    3;   0.0;   0;    4.100;   7;   8.0;   3.2;  876.02;   -6.2;   81.38;   -4.3;   -8.2;  -10.5;eor
       1358;20181128;   10;  15.2;   6.6;    3;   0.0;   0;    7.850;   7;   2.1;   2.5;  882.50;   -6.2;   65.92;   -3.5;   -8.7;  -11.4;eor
       1358;20181129;   10;  17.0;   9.5;    3;   0.0;   0;    7.000;   7;   6.2;   2.0;  880.70;   -3.1;   43.25;    0.3;   -9.4;   -9.0;eor
       1358;20181130;   10;  14.2;   7.3;    3;  10.0;   8;    0.000;   7;   7.8;   5.1;  875.25;   -0.4;   83.46;    2.8;   -9.5;   -9.1;eor
       1358;20181201;   10;  18.2;   9.6;    3;   0.4;   8;    0.867;   6;   8.0;   5.7;  875.38;   -0.6;   97.67;    0.2;   -1.6;   -1.7;eor
       1358;20181202;   10;  24.4;  15.8;    3;  14.4;   6;    0.000;   6;   8.0;   6.4;  867.70;    0.7;   98.33;    4.8;   -1.4;   -1.4;eor
       1358;20181203;   10;  22.3;  13.0;    3;   5.6;   6;    0.483;   4;   8.0;   8.2;  866.48;    4.3;   98.88;    5.3;    3.4;    3.0;eor
       1358;20181204;   10;  22.5;  11.7;    3;   7.2;   8;    0.000;   0;   8.0;   5.9;  875.13;   -0.4;   97.04;    3.6;   -3.9;   -4.4;eor
       1358;20181205;   10;  17.7;   5.5;    3;   0.3;   7;    7.567;   2;   5.3;   3.5;  884.03;   -4.4;   80.17;   -2.1;   -7.0;  -10.7;eor
       1358;20181206;   10;  22.1;  13.2;    3;   0.5;   6;    0.017;   2;   7.7;   5.8;  878.33;    0.4;   90.33;    3.1;   -3.9;   -4.7;eor
       1358;20181207;   10;  28.4;  15.6;    3;  14.0;   8;    0.000;   0;   7.9;   8.0;  871.06;    3.9;   98.92;    4.9;    2.2;    2.0;eor
       1358;20181208;   10;  30.3;  17.2;    3;   9.0;   8;    0.000;   1;   7.8;   5.5;  865.57;   -1.0;   97.33;    2.1;   -2.3;   -2.3;eor
       1358;20181209;   10;  29.2;  17.2;    3;  13.1;   7;    0.000;   8;   8.0;   5.8;  859.62;   -0.5;   97.83;    0.3;   -2.6;   -1.2;eor
       1358;20181210;   10;  31.0;  17.2;    3;  15.9;   7;    0.000;  20;   7.9;   4.4;  870.38;   -3.9;   94.88;   -2.2;   -4.8;   -4.9;eor
       1358;20181211;   10;  29.2;  15.4;    3;  30.1;   7;    0.000;  32;   8.0;   4.3;  872.77;   -3.9;   94.63;   -3.6;   -4.3;   -4.2;eor
       1358;20181212;   10;  15.4;   7.3;    3;   4.6;   7;    0.000;  58;   8.0;   3.9;  878.43;   -5.3;   93.46;   -4.3;   -7.1;   -7.4;eor
       1358;20181213;   10;  16.0;   9.1;    3;   2.1;   7;    0.000;  59;   8.0;   3.1;  876.95;   -7.9;   91.58;   -7.1;   -8.4;   -8.7;eor
       1358;20181214;   10;  18.4;  12.1;    3;   0.3;   7;    0.000;  58;   8.0;   3.0;  877.80;   -8.4;   92.08;   -8.1;   -9.1;   -9.3;eor
       1358;20181215;   10;  12.1;   4.0;    3;   0.1;   7;    0.017;  57;   7.8;   3.2;  880.22;   -7.8;   94.88;   -6.5;   -9.0;   -9.3;eor
       1358;20181216;   10;  18.7;  10.8;    3;   0.0;   7;    0.183;  57;   7.3;   3.1;  872.00;   -8.3;   93.00;   -5.2;   -9.5;  -10.1;eor
       1358;20181217;   10;  17.5;  10.3;    3;   1.2;   7;    2.433;  56;   7.4;   5.0;  878.42;   -2.7;   98.46;   -0.4;   -5.2;   -4.8;eor
       1358;20181218;   10;  15.5;   7.7;    3;   0.0;   7;    0.533;  54;   7.4;   5.0;  882.96;   -2.5;   97.83;   -0.8;   -4.2;   -5.6;eor
       1358;20181219;   10;  16.7;   9.4;    3;   7.7;   8;    0.000;  52;   7.2;   4.9;  876.91;   -2.3;   94.08;    0.3;   -5.4;   -6.3;eor
       1358;20181220;   10;  20.2;  11.7;    3;   4.0;   7;    0.000;  52;   7.9;   5.3;  874.98;   -1.5;   96.96;   -0.7;   -2.8;   -3.0;eor
       1358;20181221;   10;  30.9;  16.8;    3;  21.2;   8;    0.000;  55;   7.9;   5.9;  870.18;   -0.2;   97.96;    2.4;   -1.4;   -1.5;eor
       1358;20181222;   10;  29.8;  17.2;    3;  10.9;   8;    0.000;  50;   7.8;   6.6;  870.88;    1.2;   98.50;    2.4;   -0.2;   -0.2;eor
       1358;20181223;   10;  23.0;  12.1;    3;  22.4;   7;    0.000;  45;   8.0;   5.8;  876.34;   -0.5;   97.79;   -0.1;   -1.6;   -1.1;eor
       1358;20181224;   10;  20.4;  11.2;    3;  12.3;   7;    0.000;  65;   8.0;   4.2;  878.97;   -4.3;   94.13;   -1.6;   -6.8;   -6.9;eor
       1358;20181225;   10;  22.3;  13.4;    3;   5.8;   7;    0.000;  70;   8.0;   4.3;  886.33;   -4.1;   94.50;   -3.5;   -5.4;   -5.4;eor
       1358;20181226;   10;  23.2;  13.7;    3;   1.1;   6;    0.000;  71;   8.0;   5.0;  885.28;   -2.4;   96.38;    0.3;   -5.4;   -5.6;eor
       1358;20181227;   10;  17.5;  11.4;    3;   0.0;   0;    1.817;  62;   7.5;   5.4;  884.31;    0.2;   87.08;    1.6;   -1.3;   -2.0;eor
       1358;20181228;   10;  18.5;  10.4;    3;   0.5;   7;    2.333;  57;   6.5;   4.3;  883.58;   -2.0;   82.33;   -0.3;   -4.1;   -5.1;eor
       1358;20181229;   10;  26.7;  12.0;    3;  11.3;   8;    0.000;  56;   8.0;   5.0;  884.17;   -2.3;   96.71;   -1.3;   -3.0;   -3.1;eor
       1358;20181230;   10;  28.6;  17.3;    3;  14.4;   8;    0.000;  63;   8.0;   5.3;  881.50;   -1.7;   97.08;   -0.8;   -2.4;   -2.5;eor
       1358;20181231;   10;  20.2;   9.7;    3;   6.5;   8;    0.000;  69;   8.0;   5.6;  887.31;   -0.9;   97.63;    0.0;   -1.9;   -2.0;eor
       1358;20190101;   10;  34.1;  18.0;    3;  -999;   8;    0.000;  68;   7.8;   5.6;  879.11;   -1.0;   97.50;    0.0;   -5.2;   -5.3;eor
       1358;20190102;   10;  31.2;  16.5;    3;  -999;-999;    0.000;-999;   7.6;   3.4;  878.98;   -6.8;   91.63;   -4.8;   -9.8;  -10.1;eor
       1358;20190103;   10;  21.0;  13.0;    3;  -999;   7;    0.000;-999;   7.8;   3.0;  885.62;   -8.4;   91.00;   -7.7;   -9.6;   -9.8;eor
       1358;20190104;   10;  23.3;  13.6;    3;  -999;-999;    0.000;-999;   8.0;   3.7;  883.96;   -5.8;   92.75;   -2.6;   -8.4;   -8.6;eor
       1358;20190105;   10;  27.5;  15.7;    3;  -999;   8;    0.000;-999;   8.0;   5.4;  877.66;   -1.3;   96.92;   -0.2;   -2.6;   -2.6;eor
       1358;20190106;   10;  21.1;  11.3;    3;  -999;   8;    0.000;-999;   8.0;   4.4;  882.52;   -4.0;   95.38;   -1.7;   -5.5;   -5.1;eor
       1358;20190107;   10;  25.2;  12.2;    3;  -999;   8;    0.000;-999;   8.0;   5.1;  883.30;   -2.1;   96.88;   -1.4;   -3.2;   -2.7;eor
       1358;20190108;   10;  34.3;  20.1;    3;  -999;-999;    0.000;-999;   7.9;   4.7;  865.52;   -2.8;   95.58;   -2.2;   -4.8;   -2.9;eor
       1358;20190109;   10;  28.8;  16.2;    3;  -999;   7;    0.000;-999;   8.0;   3.7;  864.00;   -5.8;   92.83;   -4.8;   -6.1;   -5.6;eor
       1358;20190110;   10;  18.4;  10.7;    3;  -999;   7;    0.000;-999;   7.8;   3.6;  875.90;   -6.5;   94.08;   -5.2;   -9.4;   -8.3;eor
       1358;20190111;   10;  27.4;  12.6;    3;  -999;   7;    0.000;-999;   8.0;   3.5;  875.63;   -7.0;   95.13;   -2.9;  -10.1;   -9.8;eor
       1358;20190112;   10;  26.9;  18.9;    3;  -999;   7;    0.000;-999;   8.0;   4.9;  871.22;   -2.7;   97.83;   -2.0;   -3.0;   -4.2;eor
       1358;20190113;   10;  34.6;  18.7;    3;  -999;   8;    0.000;-999;   8.0;   5.5;  860.94;   -1.4;   99.33;   -0.1;   -2.5;   -3.2;eor
       1358;20190114;   10;  36.0;  19.7;    3;  -999;   7;    0.000;-999;   7.6;   3.9;  861.82;   -5.3;   93.83;   -1.5;   -7.7;   -3.8;eor
       1358;20190115;   10;  31.6;  19.3;    3;  -999;   7;    0.083;-999;   7.8;   4.2;  870.80;   -4.6;   95.75;   -2.2;   -7.0;   -4.1;eor
       1358;20190116;   10;  27.1;  15.8;    3;  -999;   7;    0.000;-999;   8.0;   4.9;  869.38;   -2.6;   97.33;   -1.8;   -3.7;   -3.2;eor
       1358;20190117;   10;  34.7;  17.4;    3;  -999;   7;    0.000;-999;   7.7;   5.1;  863.15;   -2.3;   97.54;   -0.9;   -4.6;   -3.1;eor
       1358;20190118;   10;  23.0;   9.3;    3;  -999;   7;    3.450;-999;   5.3;   3.0;  872.94;   -8.1;   87.25;   -4.6;  -10.8;   -5.5;eor
       1358;20190119;   10;  13.9;   6.7;    3;  -999;   0;    7.733;-999;   6.5;   2.3;  874.97;   -9.4;   75.33;   -6.8;  -10.9;   -7.6;eor
       1358;20190120;   10;  12.3;   6.9;    3;  -999;   7;    3.167;-999;   6.8;   2.6;  873.17;   -9.9;   89.88;   -8.2;  -11.9;   -8.5;eor
       1358;20190121;   10;  10.4;   5.2;    3;  -999;   0;    5.383;-999;   4.5;   2.8;  876.23;   -9.0;   89.92;   -6.1;  -10.3;   -8.2;eor
       1358;20190122;   10;  12.2;   4.3;    3;  -999;   0;    8.750;-999;   0.3;   2.3;  868.09;   -7.8;   67.88;   -3.1;  -11.6;  -10.0;eor
       1358;20190123;   10;  18.5;  10.2;    3;  -999;   7;    7.583;-999;   7.9;   2.1;  858.84;  -11.0;   79.75;   -8.8;  -12.7;   -9.6;eor
       1358;20190124;   10;  11.4;   3.9;    3;  -999;   7;    0.000;-999;   8.0;   2.7;  865.25;   -9.9;   91.50;   -7.3;  -12.1;   -9.3;eor
       1358;20190125;   10;  21.1;   7.9;    3;  -999;   7;    0.000;-999;   8.0;   2.5;  869.31;  -10.4;   89.50;   -8.3;  -12.0;   -8.0;eor
       1358;20190126;   10;  27.0;  16.9;    3;  -999;-999;    0.000;-999;   8.0;   4.4;  863.92;   -4.0;   94.50;   -1.4;   -8.4;   -7.7;eor
       1358;20190127;   10;  20.7;  13.2;    3;  -999;   7;    0.000;-999;   8.0;   5.0;  854.67;   -2.3;   96.08;   -1.7;   -2.9;   -5.6;eor
       1358;20190128;   10;  22.3;  13.3;    3;  -999;   7;    0.000;-999;   7.7;   4.2;  854.10;   -4.3;   94.13;   -2.0;   -5.3;   -4.0;eor
       1358;20190129;   10;  25.6;   9.9;    3;  -999;   7;    0.050;-999;   7.5;   3.5;  862.50;   -6.6;   93.25;   -4.9;   -8.2;   -3.9;eor
       1358;20190130;   10;  18.0;  10.4;    3;  -999;   7;    1.833;-999;   7.9;   3.2;  857.80;   -7.5;   91.79;   -5.5;   -9.6;   -3.9;eor
       1358;20190131;   10;  13.2;   8.5;    3;  -999;   7;    5.050;-999;   7.0;   3.5;  858.80;   -6.6;   93.04;   -4.9;   -8.0;   -3.9;eor
       1358;20190201;   10;  17.4;  10.1;    3;  -999;   8;    0.000;-999;   7.9;   3.9;  855.38;   -5.3;   93.33;   -0.3;   -8.4;   -3.8;eor
       1358;20190202;   10;  14.8;   7.6;    3;  -999;   8;    0.083;-999;   7.9;   5.4;  857.73;   -1.3;   96.88;    0.2;   -3.6;   -3.6;eor
       1358;20190203;   10;  22.8;  12.8;    3;  -999;-999;    0.000;-999;   8.0;   3.7;  869.03;   -5.9;   93.13;   -3.1;   -6.9;   -3.0;eor
       1358;20190204;   10;  19.9;   9.8;    3;  -999;-999;    5.783;-999;   7.0;   3.4;  883.50;   -6.5;   90.08;   -1.9;   -8.3;   -2.9;eor
       1358;20190205;   10;  15.5;   9.6;    3;  -999;   0;    4.100;-999;   6.6;   3.6;  883.88;   -5.2;   84.21;   -2.3;   -7.7;   -3.3;eor
       1358;20190206;   10;  12.8;   7.4;    3;  -999;-999;    9.283;-999;   5.4;   2.9;  883.79;   -1.0;   54.54;    2.6;   -5.8;   -3.2;eor
       1358;20190207;   10;  19.7;  13.4;    3;  -999;-999;    0.767;-999;   7.9;   3.6;  874.63;   -0.8;   63.79;    2.0;   -3.3;   -3.2;eor
       1358;20190208;   10;  22.1;  14.3;    3;  -999;-999;    0.417;-999;   8.0;   4.9;  875.25;   -2.5;   95.88;   -1.9;   -3.0;   -3.0;eor
       1358;20190209;   10;  28.1;  17.6;    3;  -999;-999;    0.250;-999;   7.8;   5.2;  869.87;   -1.4;   93.92;   -0.5;   -3.1;   -2.4;eor
       1358;20190210;   10;  27.9;  15.5;    3;  -999;-999;    0.200;-999;   7.8;   5.7;  863.74;   -0.5;   96.00;    2.1;   -1.8;   -2.0;eor
       1358;20190211;   10;  30.8;  18.5;    3;  -999;   0;    0.000;-999;   7.7;   4.5;  867.99;   -3.6;   95.21;   -1.8;   -5.9;   -1.5;eor
       1358;20190212;   10;  27.4;  15.4;    3;  -999;-999;    0.000;-999;   7.8;   3.9;  883.47;   -5.3;   93.29;   -3.6;   -6.3;   -2.1;eor
       1358;20190213;   10;  21.1;  12.9;    3;  -999;-999;    0.000;-999;   8.0;   5.3;  890.49;   -1.7;   96.92;   -0.2;   -3.8;   -2.2;eor
       1358;20190214;   10;  14.3;   7.7;    3;  -999;-999;    7.267;-999;   4.1;   4.9;  893.23;   -0.7;   84.63;    2.9;   -4.0;   -1.7;eor
       1358;20190215;   10;   6.8;   3.7;    3;  -999;-999;    9.867;-999;   1.2;   4.7;  893.24;    5.2;   53.21;    9.0;    2.5;   -1.5;eor
       1358;20190216;   10;  12.4;   8.0;    3;  -999;-999;    9.800;-999;   0.3;   3.5;  889.00;    6.2;   36.79;    8.3;    4.5;   -1.2;eor
       1358;20190217;   10;  10.6;   7.3;    3;  -999;-999;    9.583;-999;   7.1;   3.5;  886.04;    6.9;   35.50;   11.3;    3.6;   -1.0;eor
       1358;20190218;   10;  13.7;   7.8;    3;  -999;-999;    9.950;-999;   3.0;   3.6;  881.96;    5.8;   38.63;    9.4;    3.5;   -0.8;eor
       1358;20190219;   10;  18.3;  11.8;    3;  -999;-999;    4.433;-999;   6.6;   4.8;  877.95;    0.6;   77.08;    4.1;   -2.1;   -0.7;eor
       1358;20190220;   10;  15.7;   9.8;    3;  -999;-999;    2.117;-999;   7.4;   5.0;  881.46;   -1.4;   90.83;    1.2;   -3.1;   -0.6;eor
       1358;20190221;   10;  19.5;  11.6;    3;  -999;-999;    0.033;-999;   7.9;   5.8;  884.07;   -0.2;   96.50;    1.3;   -2.0;   -0.7;eor
       1358;20190222;   10;  21.0;   9.6;    3;  -999;-999;    0.017;-999;   7.1;   5.2;  889.94;   -2.1;   95.50;    1.6;   -8.9;   -0.3;eor
       1358;20190223;   10;  11.3;   5.8;    3;  -999;-999;    8.700;-999;   5.9;   1.3;  895.96;   -3.1;   27.88;    0.7;   -8.9;   -2.2;eor
       1358;20190224;   10;   6.1;   3.4;    3;  -999;-999;    6.517;-999;   3.4;   3.2;  895.95;    3.1;   40.13;    6.7;   -0.3;   -3.1;eor
       1358;20190225;   10;  14.1;   6.9;    3;  -999;-999;   10.450;-999;   5.5;   5.2;  895.74;    4.7;   60.58;    7.0;    2.7;   -1.1;eor
       1358;20190226;   10;  15.0;   9.8;    3;  -999;-999;    0.033;-999;   7.5;   3.6;  891.81;    2.6;   48.04;    3.8;    1.0;   -0.9;eor
       1358;20190227;   10;  16.8;   5.9;    3;  -999;-999;   10.567;-999;   1.5;   5.1;  886.99;    6.2;   54.42;    9.8;    3.4;   -1.4;eor
       1358;20190228;   10;  22.1;  14.0;    3;  -999;-999;    9.583;-999;   3.5;   5.2;  875.03;    4.0;   63.96;    6.6;    1.7;   -0.7;eor
       1358;20190301;   10;  17.8;  10.5;    3;  -999;-999;    0.000;-999;   7.9;   6.3;  872.39;    0.7;   97.71;    1.8;   -2.6;   -0.1;eor
       1358;20190302;   10;  22.3;   9.9;    3;  -999;-999;    0.000;-999;   8.0;   5.1;  874.30;   -2.1;   96.25;    0.3;   -3.6;   -0.5;eor
       1358;20190303;   10;  24.6;  15.5;    3;  -999;-999;    0.000;-999;   7.8;   6.5;  871.26;    1.1;   98.04;    1.8;    0.3;   -0.2;eor
       1358;20190304;   10;  30.6;  16.9;    3;  -999;-999;    3.600;-999;   7.3;   5.8;  861.45;    1.4;   85.92;    5.3;   -3.1;   -0.2;eor
       1358;20190305;   10;  26.4;  15.3;    3;  -999;-999;    0.017;-999;   7.7;   4.9;  866.34;   -2.4;   95.38;   -1.6;   -3.3;   -1.5;eor
       1358;20190306;   10;  16.5;   9.9;    3;  -999;-999;    8.250;-999;   7.6;   5.4;  870.38;    0.1;   88.29;    4.0;   -3.7;   -1.8;eor
       1358;20190307;   10;  22.9;  12.9;    3;  -999;   7;    3.783;-999;   7.4;   5.7;  864.35;    2.7;   78.33;    6.0;   -0.3;   -0.1;eor
       1358;20190308;   10;  28.8;  15.7;    3;  -999;-999;    0.683;-999;   7.3;   5.4;  870.89;   -0.8;   93.58;    0.3;   -2.1;   -1.5;eor
       1358;20190309;   10;  35.6;  18.4;    3;  -999;   7;    0.050;-999;   7.5;   5.7;  870.73;   -0.7;   97.50;    0.9;   -2.7;   -3.0;eor
       1358;20190310;   10;  39.6;  17.6;    3;  -999;   0;    0.117;-999;   7.2;   5.8;  866.31;   -0.4;   96.71;    3.0;   -3.9;   -3.6;eor
       1358;20190311;   10;  30.8;  15.5;    3;  -999;-999;    0.383;-999;   7.3;   4.1;  871.32;   -4.5;   93.96;   -3.8;   -5.4;   -6.5;eor
       1358;20190312;   10;  25.1;  13.0;    3;  -999;-999;    3.550;-999;   6.9;   4.2;  875.60;   -3.5;   89.83;   -1.7;   -4.9;   -3.9;eor
       1358;20190313;   10;  25.9;  15.7;    3;  -999;-999;    3.000;-999;   6.2;   4.5;  866.47;   -2.1;   85.67;   -0.2;   -4.2;   -3.4;eor
       1358;20190314;   10;  30.8;  17.0;    3;  -999;-999;    0.017;-999;   7.8;   5.0;  862.64;   -2.2;   96.54;   -1.0;   -2.9;   -1.8;eor
       1358;20190315;   10;  32.2;  17.6;    3;  -999;-999;    0.017;-999;   7.8;   5.9;  863.70;   -0.3;   98.38;    3.4;   -2.5;   -1.6;eor
       1358;20190316;   10;  30.2;  17.9;    3;  -999;-999;    0.000;-999;   7.8;   6.1;  868.02;    0.1;   98.63;    2.5;   -2.0;   -0.2;eor
       1358;20190317;   10;  29.1;  17.0;    3;  -999;-999;    8.583;-999;   5.8;   5.5;  865.96;    2.0;   78.96;    7.2;   -2.5;   -0.2;eor
       1358;20190318;   10;  23.4;  13.0;    3;  -999;-999;    1.967;-999;   6.9;   4.4;  873.86;   -3.3;   92.58;   -0.3;   -5.1;   -1.5;eor
       1358;20190319;   10;  15.5;   7.1;    3;  -999;   7;    1.100;-999;   7.5;   4.2;  883.52;   -3.9;   91.67;   -1.7;   -4.8;   -2.4;eor
       1358;20190320;   10;   8.2;   4.0;    3;  -999;   0;   11.633;-999;   2.6;   3.8;  890.84;   -0.5;   66.63;    4.6;   -5.4;   -4.7;eor
       1358;20190321;   10;   6.6;   2.9;    3;  -999;   0;   11.600;-999;   4.4;   5.9;  893.00;    4.5;   69.67;    9.1;    0.0;   -4.9;eor
       1358;20190322;   10;  11.5;   5.1;    3;  -999;   0;   11.067;-999;   4.5;   7.0;  891.49;    6.8;   71.42;    9.6;    3.8;   -2.3;eor
       1358;20190323;   10;  10.6;   5.7;    3;  -999;   0;   11.133;-999;   3.3;   7.4;  888.06;    7.8;   71.63;   13.1;    1.2;    0.8;eor
       1358;20190324;   10;  13.1;   4.1;    3;  -999;   8;    0.000;-999;   8.0;   6.6;  883.19;    1.2;   98.58;    2.8;   -0.6;   -0.7;eor
       1358;20190325;   10;  20.4;  11.6;    3;  -999;   8;    1.917;-999;   7.5;   4.7;  875.63;   -2.9;   94.46;   -0.2;   -3.9;   -4.2;eor
       1358;20190326;   10;  23.4;  12.8;    3;  -999;   8;    0.800;-999;   7.8;   4.7;  882.40;   -2.9;   95.25;   -1.8;   -4.0;   -1.7;eor
       1358;20190327;   10;  14.2;   8.5;    3;  -999;   8;    0.000;-999;   8.0;   5.4;  887.60;   -1.3;   97.08;   -0.4;   -2.5;   -1.3;eor
       1358;20190328;   10;  14.1;   7.7;    3;  -999;-999;    0.000;-999;   8.0;   6.5;  890.67;    0.9;   98.71;    2.3;   -0.7;   -0.1;eor
       1358;20190329;   10;   8.6;   3.3;    3;  -999;   0;    8.350;-999;   6.0;   5.7;  890.57;    3.3;   74.96;    7.7;   -0.4;   -1.1;eor
       1358;20190330;   10;  11.2;   3.9;    3;  -999;   0;   11.667;-999;   6.7;   5.1;  884.71;    6.4;   52.17;   11.4;    2.8;   -6.2;eor
       1358;20190331;   10;  11.1;   5.5;    3;  -999;   6;    5.050;-999;   5.4;   6.4;  882.40;    3.8;   80.67;    8.0;   -1.7;   -2.2;eor
       1358;20190401;   10;  17.7;   8.7;-999;-999;-999;-999;-999;   1.8;   4.4;  881.69;    0.0;   73.21;    4.0;   -3.3;   -4.4;eor
       1358;20190402;   10;  16.1;   8.1;-999;-999;-999;-999;-999;   4.7;   5.2;  874.23;    4.4;   61.29;    8.4;   -0.1;   -1.9;eor
       1358;20190403;   10;  16.9;   6.8;-999;-999;-999;-999;-999;   7.3;   6.7;  867.06;    6.3;   70.50;    9.7;    2.3;    0.7;eor
       1358;20190404;   10;  17.2;   8.3;-999;-999;-999;-999;-999;   3.6;   6.7;  862.30;    5.9;   72.71;   10.4;    0.9;   -0.5;eor
       1358;20190405;   10;  21.4;   6.6;-999;-999;-999;-999;-999;   5.6;   7.4;  867.24;    5.8;   80.54;    8.3;    2.8;    1.2;eor
       1358;20190406;   10;  20.7;   9.9;-999;-999;-999;-999;-999;   1.1;   7.1;  869.11;    6.1;   77.17;   10.8;    2.3;    1.2;eor
       1358;20190407;   10;  14.8;   9.0;-999;-999;-999;-999;-999;   4.6;   6.6;  869.25;    4.2;   80.54;    7.7;    1.0;    0.0;eor
       1358;20190408;   10;   8.9;   4.7;-999;-999;-999;-999;-999;   7.3;   7.0;  872.28;    6.7;   71.83;   10.1;    3.8;    1.9;eor
       1358;20190409;   10;   8.7;   4.2;-999;-999;-999;-999;-999;   6.9;   6.5;  873.19;    4.6;   77.92;    8.1;   -0.6;   -1.6;eor
       1358;20190410;   10;  10.7;   4.9;-999;-999;-999;-999;-999;   4.9;   4.1;  873.85;    0.5;   65.79;    4.2;   -5.2;   -5.9;eor
       1358;20190411;   10;  11.6;   5.9;-999;-999;-999;-999;-999;   6.0;   3.6;  878.15;   -3.8;   79.08;    0.5;   -7.0;   -7.8;eor
       1358;20190412;   10;   7.8;   4.1;-999;-999;-999;-999;-999;   7.9;   3.3;  879.54;   -5.6;   83.50;   -2.8;   -7.0;   -7.4;eor
       1358;20190413;   10;   6.9;   3.0;-999;-999;-999;-999;-999;   7.3;   3.9;  878.72;   -4.6;   89.17;   -1.8;   -6.5;   -6.6;eor
       1358;20190414;   10;  12.4;   6.1;-999;-999;-999;-999;-999;   7.6;   4.8;  879.82;   -2.9;   95.92;   -0.3;   -5.7;   -6.8;eor
       1358;20190415;   10;  12.2;   6.3;-999;-999;-999;-999;-999;   1.6;   4.3;  883.55;    2.4;   61.58;    8.0;   -1.5;   -2.8;eor
       1358;20190416;   10;  13.1;   7.4;-999;-999;-999;-999;-999;   0.0;   3.9;  881.34;    3.0;   52.88;    7.1;   -2.0;   -3.4;eor
       1358;20190417;   10;  13.4;   7.3;-999;-999;-999;-999;-999;   0.1;   5.0;  885.30;    4.8;   57.38;    9.1;   -0.3;   -2.0;eor
       1358;20190418;   10;  19.4;  10.9;-999;-999;-999;-999;-999;   0.0;   5.7;  888.51;    6.6;   59.92;   10.8;    2.3;    1.0;eor
       1358;20190419;   10;  14.6;   8.8;-999;-999;-999;-999;-999;   0.0;   5.7;  891.56;    8.6;   52.42;   13.2;    3.7;    2.2;eor
       1358;20190420;   10;  11.7;   5.1;-999;-999;-999;-999;-999;   2.2;   5.5;  890.48;   10.4;   44.00;   15.3;    6.8;    3.5;eor
       1358;20190421;   10;   8.9;   4.8;-999;-999;-999;-999;-999;   0.1;   4.9;  884.28;    9.5;   42.38;   14.4;    5.3;    2.7;eor
       1358;20190422;   10;  23.2;   9.9;-999;-999;-999;-999;-999;   0.0;   5.8;  876.29;    7.7;   56.79;   13.2;    2.4;    1.5;eor
       1358;20190423;   10;  23.3;  15.4;-999;-999;-999;-999;-999;   6.9;   7.5;  868.58;    4.2;   90.54;    9.2;    1.4;    0.9;eor
       1358;20190424;   10;  15.9;   8.8;-999;-999;-999;-999;-999;   5.9;   9.5;  870.97;    7.9;   89.08;   13.5;    3.8;    3.9;eor
       1358;20190425;   10;  14.6;   7.9;-999;-999;-999;-999;-999;   4.9;   7.1;  875.64;   11.5;   53.04;   16.7;    5.1;    3.3;eor
       1358;20190426;   10;  19.2;   6.8;-999;-999;-999;-999;-999;   7.4;   8.2;  874.20;   10.1;   69.63;   16.8;    1.3;    1.5;eor
       1358;20190427;   10;  18.2;   9.3;-999;-999;-999;-999;-999;   7.9;   7.3;  875.50;    3.5;   92.88;    8.1;   -0.5;   -0.4;eor
       1358;20190428;   10;  16.0;   6.8;-999;-999;-999;-999;-999;   7.6;   6.4;  878.20;    1.3;   94.71;    4.9;   -0.5;   -0.3;eor
       1358;20190429;   10;  20.8;  11.0;-999;-999;-999;-999;-999;   8.0;   6.9;  877.84;    1.6;   99.29;    4.1;   -0.1;   -0.1;eor
       1358;20190430;   10;  12.3;   7.6;-999;-999;-999;-999;-999;   2.9;   6.1;  878.05;    3.1;   80.13;    7.4;   -1.4;   -1.6;eor
       1358;20190501;   10;  15.2;   9.0;    3;  -999;   6;    6.450;-999;   5.8;   6.9;  876.15;    6.1;   74.13;   11.0;    2.4;    1.1;eor
       1358;20190502;   10;  19.1;   8.9;    3;  -999;   8;    7.217;-999;   6.1;   7.8;  870.85;    6.4;   82.17;   12.8;    3.4;    2.3;eor
       1358;20190503;   10;  14.2;   7.5;    3;  -999;   8;    0.083;-999;   7.9;   6.1;  870.06;    0.5;   96.71;    3.6;   -1.7;   -2.5;eor
       1358;20190504;   10;  15.3;   8.5;    3;  -999;   7;    0.000;-999;   7.8;   4.9;  867.29;   -2.4;   94.88;   -0.5;   -4.3;   -2.5;eor
       1358;20190505;   10;  11.6;   6.3;    3;  -999;   7;    2.400;-999;   7.3;   4.8;  874.80;   -2.4;   92.83;   -0.1;   -3.8;   -5.2;eor
       1358;20190506;   10;  11.3;   6.6;    3;  -999;   8;    2.133;-999;   6.5;   4.7;  877.46;   -1.9;   88.13;    0.6;   -3.7;   -4.9;eor
       1358;20190507;   10;  11.5;   5.6;    3;  -999;   8;    1.567;-999;   6.4;   5.2;  877.61;    0.2;   84.54;    3.7;   -3.3;   -4.8;eor
       1358;20190508;   10;  17.9;   8.9;    3;  -999;   6;    5.967;-999;   6.9;   6.2;  870.08;    4.1;   76.50;    9.1;   -0.5;   -1.9;eor
       1358;20190509;   10;  19.3;   8.8;    3;  -999;   0;    3.183;-999;   7.4;   7.6;  865.12;    5.1;   88.08;    9.9;    2.6;    2.6;eor
       1358;20190510;   10;  18.2;   8.6;    3;  -999;   6;    2.350;-999;   6.6;   7.5;  871.68;    4.9;   87.25;    9.4;    3.2;    0.0;eor
       1358;20190511;   10;  15.4;   6.7;    3;  -999;   8;    0.367;-999;   7.7;   8.3;  873.76;    4.7;   96.58;    8.2;    1.7;    1.1;eor
       1358;20190512;   10;  18.3;  11.0;    3;  -999;   8;    0.733;-999;   8.0;   5.9;  885.37;    1.0;   89.63;    3.4;   -1.2;   -1.3;eor
       1358;20190513;   10;  12.8;   7.3;    3;  -999;   8;    7.767;-999;   5.1;   4.9;  892.03;    1.6;   71.50;    5.6;   -2.0;   -2.7;eor
       1358;20190514;   10;  13.9;   7.3;    3;  -999;   8;    3.267;-999;   5.9;   5.1;  887.48;   -0.4;   86.79;    2.3;   -2.8;   -3.7;eor
       1358;20190515;   10;  13.9;   8.7;    3;  -999;   8;    0.000;-999;   7.2;   5.1;  881.73;   -1.9;   95.83;   -0.3;   -3.5;   -4.3;eor
       1358;20190516;   10;  11.0;   5.2;    3;  -999;   8;    0.000;-999;   8.0;   6.5;  875.47;    1.0;   99.46;    2.8;   -0.6;   -0.5;eor
       1358;20190517;   10;  16.1;   9.2;    3;  -999;-999;    4.633;-999;   6.4;   7.8;  872.29;    4.5;   92.67;    8.2;    1.9;    1.9;eor
       1358;20190518;   10;  12.2;   5.9;    3;  -999;-999;   11.583;-999;   4.7;   9.2;  871.10;    7.7;   87.88;   12.4;    3.3;    2.4;eor
       1358;20190519;   10;  12.0;   6.3;    3;  -999;-999;    9.633;-999;   6.9;   9.9;  869.75;   10.7;   78.29;   15.4;    6.5;    5.7;eor
       1358;20190520;   10;  12.0;   4.4;    3;  -999;-999;    0.000;-999;   7.8;  10.9;  867.07;    9.0;   94.96;   11.0;    6.8;    5.8;eor
       1358;20190521;   10;  15.1;   4.4;    3;  -999;-999;    2.950;-999;   7.8;  10.9;  869.81;    9.3;   93.46;   14.1;    6.6;    5.7;eor
       1358;20190522;   10;  19.9;  12.7;    3;  -999;-999;    0.000;-999;   8.0;   9.5;  876.18;    6.2;  100.00;    7.9;    3.7;    3.6;eor
       1358;20190523;   10;  16.8;   7.5;    3;  -999;-999;    8.317;-999;   6.8;   8.1;  880.27;    6.5;   84.71;   11.7;    2.2;    2.1;eor
       1358;20190524;   10;   8.5;   4.3;    3;  -999;-999;    6.817;-999;   7.2;   8.5;  878.75;   10.0;   70.08;   15.0;    5.6;    3.2;eor
       1358;20190525;   10;  10.4;   4.5;    3;  -999;-999;    5.200;-999;   5.8;   9.8;  878.51;    9.5;   82.54;   13.9;    6.2;    5.7;eor
       1358;20190526;   10;  14.8;   7.7;    3;  -999;-999;    9.933;-999;   6.3;   9.6;  878.03;   10.6;   76.71;   15.8;    5.8;    4.3;eor
       1358;20190527;   10;  14.8;   7.3;    3;  -999;-999;    7.133;-999;   7.4;  10.2;  873.86;   11.1;   77.71;   16.1;    7.7;    6.3;eor
       1358;20190528;   10;  10.3;   5.1;    3;  -999;-999;    0.000;-999;   7.8;   9.8;  870.83;    6.8;   98.63;    9.0;    4.7;    4.8;eor
       1358;20190529;   10;  12.6;   6.5;    3;  -999;-999;    2.350;-999;   7.2;   7.4;  880.85;    4.1;   90.63;    6.5;    1.3;    1.0;eor
       1358;20190530;   10;   9.8;   4.0;    3;  -999;-999;   13.250;-999;   2.8;   6.6;  886.62;    8.5;   60.38;   14.7;    2.5;   -2.0;eor
       1358;20190531;   10;   9.9;   5.5;    3;  -999;-999;    0.917;-999;   7.7;  11.3;  887.61;   11.1;   85.54;   16.0;    8.2;    7.7;eor
       1358;20190601;   10;   7.6;   2.3;    3;  -999;-999;    8.017;-999;   5.7;  12.1;  886.80;   14.4;   73.96;   19.1;   10.1;    6.3;eor
       1358;20190602;   10;   8.7;   3.3;    3;  -999;-999;   14.350;-999;   4.3;  12.2;  884.31;   17.6;   61.63;   22.6;   13.2;    7.4;eor
       1358;20190603;   10;  17.2;   6.3;    3;  -999;-999;   13.483;-999;   2.3;  12.3;  881.90;   17.8;   61.08;   22.9;   11.8;   10.3;eor
       1358;20190604;   10;  11.6;   4.0;    3;  -999;-999;   11.933;-999;   3.6;  12.2;  879.42;   17.7;   60.13;   22.0;   13.1;    9.3;eor
       1358;20190605;   10;  12.3;   6.4;    3;  -999;   0;   14.933;-999;   0.0;  12.7;  876.22;   18.8;   59.67;   22.6;   13.9;   12.6;eor
       1358;20190606;   10;  16.1;   7.3;    3;  -999;   6;    3.183;-999;   5.5;  13.3;  875.61;   12.6;   90.54;   18.5;    6.9;    7.1;eor
       1358;20190607;   10;  13.8;   6.7;    3;  -999;   0;    3.467;-999;   6.1;  12.6;  878.69;   11.5;   91.79;   15.0;    7.3;    6.8;eor
       1358;20190608;   10;  21.1;  10.5;    3;  -999;   0;   11.117;-999;   4.0;   7.8;  884.45;   10.0;   64.25;   14.2;    6.6;    3.2;eor
       1358;20190609;   10;  13.6;   6.7;    3;  -999;   0;   11.617;-999;   5.2;   8.4;  886.53;   12.9;   55.96;   16.8;    8.1;    3.1;eor
       1358;20190610;   10;  19.5;   5.6;    3;  -999;   8;    3.150;-999;   7.8;  13.5;  879.40;   15.5;   76.92;   19.6;   10.7;    7.8;eor
       1358;20190611;   10;  13.9;   6.2;    3;  -999;   6;    9.817;-999;   5.7;  16.1;  876.11;   17.2;   81.67;   21.0;   12.2;   10.7;eor
       1358;20190612;   10;  22.4;   9.3;    3;  -999;   8;    8.500;-999;   5.3;  14.6;  875.50;   16.0;   81.46;   23.6;   10.1;    9.2;eor
       1358;20190613;   10;-999;-999;    3;  -999;-999;    4.483;-999;   5.5;  11.6;  880.04;   12.6;   79.38;   17.3;    6.9;    6.4;eor
       1358;20190614;   10;-999;-999;    3;  -999;-999;   12.017;-999;   3.3;  12.0;  882.99;   17.1;   62.33;   21.6;   11.6;    5.1;eor
       1358;20190615;   10;-999;-999;    3;  -999;   6;    9.950;-999;   6.5;  14.4;  879.37;   18.1;   70.96;   23.9;   12.0;   12.1;eor
       1358;20190616;   10;-999;-999;    3;  -999;   6;    0.683;-999;   7.8;  11.4;  884.08;   11.0;   87.04;   13.7;    8.3;    8.0;eor
       1358;20190617;   10;-999;-999;    3;  -999;   0;   14.117;-999;   4.5;  10.2;  885.51;   14.1;   63.71;   18.3;    9.9;    6.7;eor
       1358;20190618;   10;-999;-999;    3;  -999;   0;   12.200;-999;   3.3;  12.1;  882.35;   15.4;   69.58;   19.3;   11.1;    9.6;eor
       1358;20190619;   10;-999;-999;    3;  -999;-999;    9.233;-999;   6.0;  12.7;  878.54;   17.8;   62.58;   21.3;   14.2;   12.3;eor
       1358;20190620;   10;-999;-999;    3;  -999;   6;    4.467;-999;   6.3;  12.4;  878.27;   16.2;   68.08;   20.6;   11.3;   10.2;eor
       1358;20190621;   10;-999;-999;    3;  -999;   6;    6.117;-999;   5.0;  12.4;  882.20;   13.0;   83.42;   16.9;   10.2;    9.1;eor
       1358;20190622;   10;-999;-999;    3;  -999;   6;    1.483;-999;   6.5;  12.5;  883.98;   12.6;   85.17;   15.0;   10.7;    9.0;eor
       1358;20190623;   10;-999;-999;    3;  -999;   0;    5.400;-999;   5.5;  12.3;  885.10;   14.4;   74.42;   18.1;   11.2;    9.9;eor
       1358;20190624;   10;-999;-999;    3;  -999;   0;   15.450;-999;   0.9;  10.8;  887.94;   16.1;   59.46;   20.5;   11.1;    9.4;eor
       1358;20190625;   10;-999;-999;    3;  -999;   0;   15.350;-999;   4.6;  14.4;  888.35;   19.4;   63.92;   23.5;   15.0;   13.6;eor
       1358;20190626;   10;-999;-999;    3;  -999;   0;   14.850;-999;   1.4;  15.8;  889.45;   23.5;   55.96;   29.3;   17.1;   16.3;eor
       1358;20190627;   10;  15.4;-999;    3;  -999;   0;   14.483;-999;   1.1;  10.7;  887.68;   15.4;   62.67;   19.6;    8.6;    8.2;eor
       1358;20190628;   10;  12.6;   5.1;    3;  -999;   0;   11.483;-999;   3.6;  10.0;  887.10;   11.7;   74.50;   17.8;    7.3;    6.1;eor
       1358;20190629;   10;   9.5;   4.1;    3;  -999;   0;   15.550;-999;   0.2;   9.5;  886.55;   17.0;   50.79;   23.2;    9.5;    4.8;eor
       1358;20190630;   10;  13.8;   7.7;    3;  -999;   0;   15.133;-999;   0.5;   9.6;  883.32;   22.7;   36.04;   29.5;   16.8;   14.9;eor
       1358;20190701;   10;  18.7;   9.2;    3;  -999;   6;    8.917;-999;   6.2;  14.2;  881.66;   20.2;   60.04;   26.0;   11.4;   10.4;eor
       1358;20190702;   10;  12.9;   6.9;    3;  -999;   0;   10.800;-999;   3.9;   9.1;  883.50;   11.5;   67.71;   16.5;    6.9;    6.0;eor
       1358;20190703;   10;  10.9;   5.6;    3;  -999;   0;   13.200;-999;   1.1;   7.4;  885.10;    9.7;   62.17;   14.5;    5.2;    4.2;eor
       1358;20190704;   10;   9.0;   4.0;    3;  -999;   0;   12.583;-999;   3.8;   7.5;  885.00;   11.0;   58.54;   17.4;    4.5;    3.3;eor
       1358;20190705;   10;  16.5;   7.9;    3;  -999;   0;    6.250;-999;   6.1;   8.5;  880.58;   13.1;   56.33;   19.8;    9.4;    8.3;eor
       1358;20190706;   10;  17.1;   8.2;    3;  -999;   6;   10.150;-999;   6.0;   9.4;  876.24;   16.2;   53.17;   22.5;   10.5;    8.0;eor
       1358;20190707;   10;  15.0;   7.8;    3;  -999;   6;    4.050;-999;   6.3;   9.2;  875.39;    8.1;   84.58;   12.5;    4.6;    3.9;eor
       1358;20190708;   10;  14.6;   7.2;    3;  -999;   6;    4.650;-999;   7.3;   7.3;  878.93;    6.9;   74.71;   11.8;    3.6;    2.4;eor
       1358;20190709;   10;  11.4;   6.0;    3;  -999;   6;    0.483;-999;   7.8;   8.2;  880.17;    5.8;   88.79;    8.2;    4.5;    4.8;eor
       1358;20190710;   10;  12.8;   6.4;    3;  -999;   6;    9.033;-999;   7.5;   8.2;  880.81;    8.8;   73.75;   14.2;    4.4;    4.5;eor
       1358;20190711;   10;   9.0;   4.5;    3;  -999;   6;    0.000;-999;   8.0;  10.3;  878.35;   10.5;   80.63;   13.1;    8.6;    6.9;eor
       1358;20190712;   10;  18.4;   7.4;    3;  -999;   6;    2.583;-999;   7.7;  11.4;  875.98;   10.4;   90.42;   15.8;    7.7;    7.5;eor
       1358;20190713;   10;  16.0;   7.2;    3;  -999;   6;    0.350;-999;   7.8;  11.4;  877.37;    9.4;   96.04;   11.6;    7.7;    7.2;eor
       1358;20190714;   10;   8.6;   5.4;    3;  -999;   6;    0.000;-999;   8.0;  11.3;  880.01;    9.1;   97.21;   10.3;    8.4;    8.5;eor
       1358;20190715;   10;  11.0;   5.2;    3;  -999;   0;    6.217;-999;   6.3;  11.2;  880.24;    9.8;   92.54;   13.9;    7.0;    7.3;eor
       1358;20190716;   10;  13.3;   8.4;    3;  -999;   0;    6.417;-999;   6.3;  10.1;  879.18;    8.6;   90.54;   14.8;    5.2;    5.8;eor
       1358;20190717;   10;   9.2;   4.4;    3;  -999;   0;    4.867;-999;   6.0;  11.1;  878.71;   10.3;   88.29;   15.1;    7.3;    6.6;eor
       1358;20190718;   10;   8.0;   4.0;    3;  -999;   6;    6.783;-999;   5.0;  10.1;  878.37;   14.0;   63.46;   18.9;    9.5;    7.4;eor
       1358;20190719;   10;  15.8;   7.7;    3;  -999;   6;    0.383;-999;   7.8;  12.1;  880.41;   13.4;   78.63;   15.4;   11.3;    9.8;eor
       1358;20190720;   10;  16.2;   6.0;    3;  -999;   6;   10.867;-999;   7.3;  13.1;  881.38;   17.3;   68.33;   22.5;   11.1;    9.1;eor
       1358;20190721;   10;  13.8;   6.2;    3;  -999;   8;    5.150;-999;   7.0;  13.3;  884.90;   14.8;   78.54;   17.7;   11.7;   10.0;eor
       1358;20190722;   10;  11.2;   5.6;    3;  -999;   0;   10.367;-999;   6.3;  11.7;  888.27;   16.2;   64.25;   21.2;   12.1;    8.8;eor
       1358;20190723;   10;   9.7;   5.0;    3;  -999;   0;   15.267;-999;   0.6;  12.3;  887.77;   18.6;   57.96;   23.9;   13.8;   11.4;eor
       1358;20190724;   10;   9.0;   3.3;    3;  -999;   0;   15.017;-999;   0.9;  11.2;  885.52;   21.5;   44.96;   26.0;   16.5;    9.8;eor
       1358;20190725;   10;   9.4;   3.7;    3;  -999;   0;   13.867;-999;   0.7;  11.0;  885.02;   23.0;   39.46;   27.2;   19.1;   13.8;eor
       1358;20190726;   10;  13.8;   4.7;    3;  -999;   0;   13.467;-999;   1.1;  11.0;  879.52;   20.7;   45.00;   25.2;   15.4;   11.8;eor
       1358;20190727;   10;  13.8;   7.0;    3;  -999;   0;    9.150;-999;   4.2;  11.9;  871.95;   17.2;   60.96;   22.4;   13.0;   11.6;eor
       1358;20190728;   10;  11.2;   5.9;    3;  -999;   0;    1.117;-999;   7.8;  14.9;  869.67;   14.8;   88.46;   17.4;   12.8;   13.0;eor
       1358;20190729;   10;   8.9;   4.3;    3;  -999;   8;    2.867;-999;   7.8;  16.7;  876.04;   16.9;   86.79;   20.4;   14.9;   13.2;eor
       1358;20190730;   10;   9.0;   5.2;    3;  -999;   6;    1.267;-999;   7.1;  16.1;  878.89;   16.2;   87.50;   20.1;   13.9;   12.9;eor
       1358;20190731;   10;  13.4;   6.2;    3;  -999;   6;    3.033;-999;   5.8;  13.4;  881.13;   13.8;   84.33;   16.9;   11.2;    9.6;eor
       1358;20190801;    3;   9.1;   4.9;    3;  -999;   0;    7.883;-999;   4.8;  10.4;  881.92;   13.4;   67.71;   17.5;    9.3;    7.0;eor
       1358;20190802;    3;  10.4;   2.6;    3;  -999;   6;    2.517;-999;   7.5;  10.3;  879.89;   13.8;   65.92;   17.8;   10.3;    7.0;eor
       1358;20190803;    3;  10.5;   5.0;    3;  -999;   6;    3.533;-999;   7.0;  11.3;  879.42;   11.2;   84.08;   15.0;    9.5;    8.3;eor
       1358;20190804;    3;   8.9;   3.9;    3;  -999;   0;    8.650;-999;   5.3;  11.8;  881.23;   13.7;   76.13;   18.8;    9.7;    7.9;eor
       1358;20190805;    3;  15.4;   7.7;    3;  -999;   6;    3.067;-999;   7.8;  12.1;  879.16;   15.2;   70.33;   18.9;   12.8;   10.7;eor
       1358;20190806;    3;  16.3;   7.8;    3;  -999;   6;    2.933;-999;   7.3;  13.3;  877.80;   15.3;   76.96;   20.1;   12.8;   11.3;eor
       1358;20190807;    3;  16.3;   8.6;    3;  -999;   6;    0.750;-999;   7.7;  13.9;  874.93;   12.8;   93.83;   16.5;    9.5;    9.3;eor
       1358;20190808;    3;  13.5;   8.1;    3;  -999;   0;    6.717;-999;   6.5;  11.9;  878.25;   12.6;   82.42;   17.5;    9.0;    8.4;eor
       1358;20190809;    3;  20.8;   6.7;    3;  -999;   6;    9.950;-999;   5.4;  12.6;  879.49;   17.0;   66.00;   22.3;   11.9;   10.1;eor
       1358;20190810;    3;  20.0;  12.3;    3;  -999;   6;    1.400;-999;   6.1;  14.8;  879.89;   14.0;   91.79;   15.7;   11.7;   10.4;eor
       1358;20190811;    3;  15.3;   6.8;    3;  -999;   6;   11.533;-999;   3.8;  12.0;  882.00;   15.4;   69.92;   20.7;   11.1;    9.6;eor
       1358;20190812;    3;  12.4;   5.0;    3;  -999;   6;    0.700;-999;   7.8;  12.0;  880.43;   10.7;   92.88;   13.1;    8.2;    8.4;eor
       1358;20190813;    3;  16.2;   8.5;    3;  -999;   6;    8.650;-999;   6.3;   9.5;  880.81;   10.5;   75.71;   15.6;    7.3;    6.5;eor
       1358;20190814;    3;  12.7;   5.3;    3;  -999;   6;    6.417;-999;   4.4;   8.5;  881.54;    9.4;   72.08;   13.4;    5.8;    3.8;eor
       1358;20190815;    3;  16.9;   8.9;    3;  -999;   6;    4.183;-999;   5.5;  10.4;  878.87;   10.2;   83.08;   13.0;    8.1;    6.4;eor
       1358;20190816;    3;  13.2;   7.1;    3;  -999;   6;    3.167;-999;   7.6;  10.7;  880.89;   10.7;   83.54;   14.8;    8.7;    8.5;eor
       1358;20190817;    3;  17.6;  10.2;    3;  -999;   6;    0.417;-999;   8.0;  11.1;  878.69;   12.1;   77.71;   15.4;   10.1;    8.7;eor
       1358;20190818;    3;  19.5;  10.6;    3;  -999;   6;    9.667;-999;   5.2;  14.2;  876.68;   16.2;   78.54;   22.4;   11.3;   11.3;eor
       1358;20190819;    3;  15.2;   6.3;    3;  -999;   6;    0.800;-999;   7.5;  13.8;  881.79;   13.2;   90.54;   15.9;   11.9;    7.4;eor
       1358;20190820;    3;  13.0;   5.4;    3;  -999;   6;    1.217;-999;   8.0;  11.6;  885.82;   12.3;   82.25;   16.2;    8.2;    8.4;eor
       1358;20190821;    3;  11.0;   4.9;    3;  -999;   0;   11.233;-999;   4.2;   9.8;  890.37;   10.5;   78.42;   15.2;    6.8;    6.4;eor
       1358;20190822;    3;  10.0;   5.5;    3;  -999;   0;   11.917;-999;   2.5;  10.1;  890.28;   12.4;   70.54;   16.8;    8.6;    7.0;eor
       1358;20190823;    3;   9.0;   4.1;    3;  -999;   0;   13.383;-999;   0.0;  11.0;  889.93;   14.5;   67.13;   19.6;   10.2;    5.0;eor
       1358;20190824;    3;  11.3;   7.2;    3;  -999;   0;    7.050;-999;   5.0;  14.6;  887.37;   15.4;   83.67;   20.1;   11.9;   10.3;eor
       1358;20190825;    3;  13.3;   7.5;    3;  -999;   0;   11.367;-999;   3.6;  15.4;  886.22;   17.5;   78.00;   22.1;   14.1;   13.3;eor
       1358;20190826;    3;  12.3;   5.7;    3;  -999;   0;   10.950;-999;   1.3;  15.4;  885.84;   18.2;   74.38;   22.2;   14.8;   13.0;eor
       1358;20190827;    3;  10.9;   5.8;    3;  -999;   0;    5.800;-999;   5.4;  15.4;  884.60;   17.4;   77.25;   21.8;   13.8;   12.2;eor
       1358;20190828;    3;   9.7;   5.9;    3;  -999;   0;    9.750;-999;   5.9;  14.9;  883.68;   19.1;   67.96;   23.3;   16.0;   13.8;eor
       1358;20190829;    3;  17.3;   4.6;    3;  -999;   6;    5.717;-999;   7.2;  14.5;  885.44;   18.1;   70.21;   23.8;   15.7;   12.8;eor
       1358;20190830;    3;   7.8;   3.4;    3;  -999;   0;    8.100;-999;   3.1;  15.0;  887.94;   18.8;   70.04;   23.7;   15.0;   12.0;eor
       1358;20190831;    3;  10.9;   6.7;    3;  -999;   0;   11.633;-999;   1.3;  14.5;  883.33;   19.2;   65.42;   22.7;   16.4;   14.2;eor
       1358;20190901;    3;  13.1;   7.4;    3;  -999;   6;    7.300;-999;   5.1;  14.7;  879.00;   16.9;   77.13;   22.4;    8.2;    8.4;eor
       1358;20190902;    3;  10.7;   6.5;    3;  -999;   0;    4.667;-999;   5.1;   8.6;  884.07;    8.5;   78.29;   12.3;    6.8;    1.5;eor
       1358;20190903;    3;  10.4;   4.8;    3;  -999;   0;   12.100;-999;   2.4;   7.3;  886.62;   10.9;   57.04;   16.9;    6.0;    0.4;eor
       1358;20190904;    3;  12.7;   6.5;    3;  -999;   6;   12.833;-999;   0.5;   8.4;  882.09;   13.7;   54.25;   18.9;    8.7;    4.9;eor
       1358;20190905;    3;  12.8;   6.7;    3;  -999;   6;    3.233;-999;   5.9;   9.3;  880.78;    9.9;   76.33;   14.9;    5.8;    5.8;eor
       1358;20190906;    3;  10.4;   3.9;    3;  -999;   6;    4.033;-999;   7.4;   8.3;  885.03;    7.5;   80.75;   11.5;    3.6;    2.9;eor
       1358;20190907;    3;   7.2;   3.0;    3;  -999;   6;    0.283;-999;   7.9;   8.9;  881.27;    7.1;   88.08;    9.2;    5.7;    4.9;eor
       1358;20190908;    3;  10.1;   4.0;    3;  -999;   6;    2.717;-999;   7.8;   8.6;  879.48;    7.9;   81.58;   11.3;    6.2;    5.3;eor
       1358;20190909;    3;  23.1;  10.4;    3;  -999;   8;    0.000;-999;   8.0;   8.9;  873.90;    5.7;   97.04;    6.5;    4.6;    4.7;eor
       1358;20190910;    3;  14.2;   5.6;    3;  -999;   0;    6.817;-999;   6.9;   8.5;  880.57;    7.5;   83.00;   12.0;    4.9;    1.6;eor
       1358;20190911;    3;  15.8;   4.8;    3;  -999;   6;   11.200;-999;   2.7;   7.9;  886.12;   10.0;   64.54;   14.9;    5.3;    0.6;eor
       1358;20190912;    3;  16.3;   9.5;    3;  -999;   6;    2.683;-999;   6.3;  11.2;  890.81;   10.2;   89.75;   14.4;    7.1;    6.2;eor
       1358;20190913;    3;  14.7;   7.6;    3;  -999;   6;    0.600;-999;   7.9;  12.6;  893.00;   11.2;   94.33;   13.7;    9.0;    8.9;eor
       1358;20190914;    3;   9.3;   3.2;    3;  -999;   0;    3.217;-999;   6.6;   9.7;  893.34;    9.2;   83.42;   12.5;    6.3;    4.4;eor
       1358;20190915;    3;  15.6;   9.5;    3;  -999;   0;    8.667;-999;   6.2;  10.9;  886.65;   12.9;   74.92;   19.0;    8.3;    6.9;eor
       1358;20190916;    3;  14.7;   8.6;    3;  -999;   6;    0.483;-999;   7.4;  10.1;  881.88;   10.1;   81.42;   14.1;    6.6;    6.5;eor
       1358;20190917;    3;  27.1;  11.5;    3;  -999;   8;    3.200;-999;   7.4;   8.1;  878.86;    5.3;   91.75;    8.3;    1.5;    1.7;eor
       1358;20190918;    3;  20.1;   9.7;    3;  -999;   6;    4.700;-999;   6.4;   6.9;  883.61;    3.3;   89.00;    8.3;    0.9;    1.1;eor
       1358;20190919;    3;  13.7;   7.6;    3;  -999;   6;    4.033;-999;   7.6;   6.4;  887.44;    2.7;   87.33;    6.6;    0.5;    0.0;eor
       1358;20190920;    3;   7.7;   3.7;    3;  -999;   0;   11.867;-999;   5.1;   6.4;  888.58;    5.2;   72.88;    9.9;    1.7;   -0.2;eor
       1358;20190921;    3;  12.9;   4.7;    3;  -999;   0;   12.017;-999;   0.0;   7.6;  885.11;   10.0;   61.96;   15.0;    4.8;    0.9;eor
       1358;20190922;    3;  13.6;   8.3;    3;  -999;   0;   11.183;-999;   2.6;   7.4;  878.40;   11.1;   56.21;   16.6;    8.8;    5.6;eor
       1358;20190923;    3;   8.9;   4.5;    3;  -999;   6;    5.167;-999;   7.8;   9.6;  877.67;   10.8;   74.17;   15.1;    8.9;    2.2;eor
       1358;20190924;    3;   9.9;   4.1;    3;  -999;   6;    1.833;-999;   7.9;  11.3;  877.13;    9.6;   94.54;   12.6;    8.5;    8.4;eor
       1358;20190925;    3;  20.7;   9.3;    3;  -999;   6;    1.250;-999;   7.8;  10.4;  872.25;    8.1;   96.46;    9.9;    6.3;    6.0;eor
       1358;20190926;    3;  14.6;   8.3;    3;  -999;   6;    1.967;-999;   7.9;  10.8;  876.45;    8.8;   94.88;   12.4;    6.1;    6.0;eor
       1358;20190927;    3;  18.4;  11.4;    3;  -999;   6;    0.000;-999;   7.7;  11.3;  876.17;    9.2;   96.96;   10.4;    6.0;    6.0;eor
       1358;20190928;    3;  20.8;  12.4;    3;  -999;   6;    1.283;-999;   7.5;   9.9;  877.30;    7.5;   95.13;   10.3;    5.7;    5.0;eor
       1358;20190929;    3;  24.8;  13.2;    3;  -999;   6;    3.100;-999;   7.4;   9.4;  871.76;    8.7;   84.21;   12.0;    5.9;    5.7;eor
       1358;20190930;    3;  33.2;  16.4;    3;  -999;   6;    0.050;-999;   7.6;   9.5;  869.78;    6.7;   96.75;    9.2;    5.0;    4.5;eor
       1358;20191001;    3;  24.5;  13.6;    3;  -999;   6;    1.017;-999;   7.8;  10.2;  870.17;    7.7;   96.50;   10.1;    4.9;    4.5;eor
       1358;20191002;    3;  19.0;  11.0;    3;  -999;   8;    0.000;-999;   7.8;   8.4;  868.83;    4.5;   97.33;    9.2;    0.5;    0.5;eor
       1358;20191003;    3;  22.7;  12.0;    3;  -999;   8;    0.000;-999;   8.0;   7.0;  875.16;    2.3;   97.13;    3.9;    0.2;    0.3;eor
       1358;20191004;    3;  14.1;   7.0;    3;  -999;   8;    0.000;-999;   7.8;   7.1;  871.78;    2.6;   96.38;    3.9;    1.5;    1.3;eor
       1358;20191005;    3;  21.6;  10.3;    3;  -999;   8;    0.000;-999;   7.9;   6.9;  871.79;    1.9;   97.17;    4.8;    0.1;    0.0;eor
       1358;20191006;    3;  12.2;   6.3;    3;  -999;   8;    0.800;-999;   7.9;   5.9;  877.92;    0.3;   94.58;    1.5;   -1.4;   -1.0;eor
       1358;20191007;    3;  14.7;   4.8;    3;  -999;   6;    6.383;-999;   5.9;   5.6;  878.63;    1.1;   85.54;    5.4;   -2.1;   -3.0;eor
       1358;20191008;    3;  22.5;  13.1;    3;  -999;   8;    0.000;   0;   8.0;   8.5;  873.13;    4.8;   98.00;    7.2;    1.1;    1.0;eor
       1358;20191009;    3;  22.6;  11.2;    3;  -999;   8;    1.433;   0;   7.5;   8.4;  872.50;    4.8;   96.88;    6.5;    3.4;    2.8;eor
       1358;20191010;    3;  22.8;  13.5;    3;  -999;   8;    0.067;   0;   7.4;   7.4;  874.92;    3.1;   97.00;    4.3;    2.0;    1.6;eor
       1358;20191011;    3;  22.6;  13.3;    3;  -999;   6;    0.000;   0;   7.6;   8.8;  879.24;    5.5;   97.21;    7.2;    3.4;    3.4;eor
       1358;20191012;    3;  22.9;  14.8;    3;  -999;   0;    9.600;   0;   3.9;  10.1;  878.58;   10.2;   81.67;   14.5;    6.6;    5.6;eor
       1358;20191013;    3;  18.5;  11.4;    3;  -999;   0;    9.000;   0;   2.7;  11.6;  880.87;   13.5;   74.96;   17.3;    9.9;    8.9;eor
       1358;20191014;    3;  14.8;   7.1;    3;  -999;   0;   10.317;   0;   2.0;  10.8;  880.57;   14.9;   64.67;   19.2;    9.8;    8.0;eor
       1358;20191015;    3;  14.5;   6.1;    3;  -999;   6;    9.483;   0;   4.6;   8.8;  873.69;   14.2;   56.04;   19.2;    8.5;    7.7;eor
       1358;20191016;    3;  22.0;  12.6;    3;  -999;   6;    1.550;   0;   7.1;   8.8;  875.12;    5.9;   94.00;    9.1;    4.5;    4.4;eor
       1358;20191017;    3;  18.1;  12.0;    3;  -999;   6;    1.017;   0;   7.3;   8.2;  878.03;    7.5;   78.46;    9.4;    5.1;    4.3;eor
       1358;20191018;    3;  19.8;  10.8;    3;  -999;   6;    1.617;   0;   7.7;   9.9;  876.23;    8.0;   92.25;   10.5;    4.9;    4.4;eor
       1358;20191019;    3;  17.3;  10.9;    3;  -999;   6;    0.167;   0;   7.9;   8.9;  875.06;    6.5;   91.75;    8.9;    5.3;    5.0;eor
       1358;20191020;    3;  16.0;   8.0;    3;  -999;   0;    8.833;   0;   7.3;   8.9;  876.11;   12.2;   63.08;   15.8;    8.4;    6.5;eor
       1358;20191021;    3;  14.3;   5.5;    3;  -999;   0;    4.867;   0;   7.5;   9.4;  882.37;   13.2;   61.88;   17.5;   10.8;    7.4;eor
       1358;20191022;    3;  10.3;   4.2;    3;  -999;   0;    5.400;   0;   7.2;  10.8;  886.13;   10.4;   85.46;   14.0;    7.9;    7.1;eor
       1358;20191023;    1;  12.5;   7.7;    1;  -999;   0;    1.383;   0;   6.8;  10.1;  881.45;   10.4;   83.21;   15.6;    8.1;    6.6;eor
       1358;20191024;    1;  12.7;   7.6;    1;  -999;   6;    7.733;   0;   6.9;   6.8;  876.74;   14.4;   44.04;   19.2;    9.7;    6.9;eor
       1358;20191025;    1;  17.8;  10.7;    1;  -999;   0;    5.583;   0;   6.9;   9.1;  883.22;    8.5;   81.71;   11.7;    6.5;    5.6;eor
       1358;20191026;    1;  21.7;  13.7;    1;  -999;   0;    9.450;   0;   5.6;   9.4;  882.53;    9.4;   79.96;   12.8;    7.1;    6.6;eor
       1358;20191027;    1;  26.0;  13.0;    1;  -999;   8;    4.083;   0;   6.7;   8.1;  879.98;    7.0;   80.96;   12.4;   -0.1;    0.3;eor
       1358;20191028;    1;  12.5;   5.5;    1;  -999;   0;    5.983;   0;   6.3;   5.7;  881.10;    0.3;   91.29;    3.6;   -1.5;   -3.7;eor
       1358;20191029;    1;   9.2;   4.5;    1;  -999;   0;    0.033;   0;   7.8;   5.5;  882.39;   -0.9;   95.58;    0.1;   -3.0;   -2.5;eor
       1358;20191030;    1;  13.7;   7.8;    1;  -999;   0;    4.017;   0;   5.5;   4.4;  885.35;   -2.4;   86.96;    0.6;   -4.1;   -4.9;eor
       1358;20191031;    1;  14.5;   9.1;    1;  -999;   8;    9.117;   0;   4.4;   4.0;  882.60;   -3.0;   83.08;    0.5;   -4.6;   -5.9;eor
       1358;20191101;    1;  16.6;  11.0;    1;  -999;   8;    6.667;   0;   5.3;   4.6;  873.64;    0.3;   73.54;    3.4;   -4.2;   -6.0;eor
       1358;20191102;    1;  20.2;  12.1;    1;  -999;   6;    0.000;   0;   8.0;   9.1;  862.25;    5.8;   97.83;    7.8;    1.5;    1.5;eor
       1358;20191103;    1;  15.1;   6.7;    1;  -999;   6;    2.683;   0;   7.8;   8.7;  856.83;    6.2;   91.88;    7.3;    5.4;    5.0;eor
       1358;20191104;    1;  21.1;  11.3;    1;  -999;   8;    0.017;   0;   7.6;   7.7;  856.82;    3.7;   96.92;    5.5;    2.7;    2.8;eor
       1358;20191105;    1;  18.7;  10.4;    1;  -999;   6;    0.067;   0;   7.2;   6.6;  860.86;    1.6;   96.38;    3.8;   -0.4;   -1.2;eor
       1358;20191106;    1;  15.5;  10.0;    1;  -999;   8;    0.050;   0;   7.7;   6.4;  864.23;    1.1;   96.75;    2.3;    0.4;   -0.4;eor
       1358;20191107;    1;  14.7;   9.3;    1;  -999;   6;    1.583;   0;   7.8;   6.5;  866.40;    1.3;   96.33;    2.1;    0.6;    0.3;eor
       1358;20191108;    1;  13.5;   5.9;    1;  -999;   8;    0.000;   0;   7.9;   6.4;  866.98;    1.1;   95.88;    1.9;    0.1;   -0.4;eor
       1358;20191109;    1;  14.8;   6.9;    1;  -999;   8;    0.000;   0;   7.8;   5.7;  868.62;   -0.4;   96.08;    1.1;   -2.4;   -2.9;eor
       1358;20191110;    1;   9.0;   2.8;    1;  -999;   0;    4.600;   0;   2.9;   4.8;  873.13;   -1.8;   89.42;    1.0;   -3.2;   -5.3;eor
       1358;20191111;    1;  18.2;   9.4;    1;  -999;   8;    8.717;   0;   2.6;   3.9;  871.06;   -1.5;   72.25;    0.5;   -3.3;   -5.4;eor
       1358;20191112;    1;  17.5;   9.8;    1;  -999;   8;    0.000;   0;   7.8;   5.0;  867.09;   -2.1;   95.25;   -0.8;   -2.8;   -2.6;eor
       1358;20191113;    1;  16.2;   7.1;    1;  -999;   8;    0.000;   1;   7.8;   4.9;  864.54;   -2.3;   94.54;   -1.7;   -3.4;   -4.1;eor
       1358;20191114;    1;  21.4;  10.0;    1;  -999;   8;    4.083;   3;   7.1;   4.7;  866.93;   -2.7;   93.96;   -1.6;   -3.7;   -6.8;eor
       1358;20191115;    1;  21.7;  10.6;    1;  -999;   8;    0.000;   2;   8.0;   6.4;  864.91;    0.9;   96.88;    3.2;   -1.6;   -1.5;eor
       1358;20191116;    1;  21.4;   8.1;    1;  -999;   6;    3.017;   0;   7.4;   6.0;  869.65;    1.1;   89.46;    3.8;   -1.2;   -2.6;eor
       1358;20191117;    1;  25.5;  12.8;    1;  -999;   8;    0.000;   0;   7.9;   7.8;  869.48;    3.6;   96.83;    5.5;    0.4;   -0.5;eor
       1358;20191118;    1;  21.9;  10.7;    1;  -999;   8;    0.033;   0;   7.7;   6.6;  868.84;    1.2;   96.67;    5.4;   -2.7;   -2.3;eor
       1358;20191119;    1;  22.6;   7.7;    1;  -999;   8;    0.883;   0;   8.0;   5.1;  875.85;   -1.4;   93.17;    0.0;   -2.9;   -2.6;eor
       1358;20191120;    1;  13.6;   5.4;    1;  -999;   6;    0.000;   0;   8.0;   5.9;  875.63;   -0.2;   96.79;    3.1;   -1.8;   -1.4;eor
       1358;20191121;    1;  11.5;   5.8;    1;  -999;   6;    0.000;   0;   8.0;   7.4;  871.36;    3.1;   97.29;    3.8;    1.9;    2.0;eor
       1358;20191122;    1;  15.2;   7.9;    1;  -999;   0;    4.433;   0;   7.6;   6.2;  871.17;    1.8;   89.25;    5.2;    0.5;   -0.8;eor
       1358;20191123;    1;  16.1;  10.5;    1;  -999;   0;    0.000;   0;   8.0;   6.3;  867.59;    0.7;   97.67;    1.6;   -0.2;    0.0;eor
       1358;20191124;    1;  10.0;   4.3;    1;  -999;   0;    5.083;   0;   7.5;   6.0;  870.90;    6.8;   63.13;   11.9;   -0.1;   -0.5;eor
       1358;20191125;    1;   7.6;   1.9;    1;  -999;   0;    5.217;   0;   8.0;   6.0;  872.24;    8.1;   55.13;   12.0;    4.8;    0.1;eor
       1358;20191126;    1;  15.2;   7.6;    1;  -999;   6;    1.967;   0;   8.0;   6.6;  869.75;    2.9;   88.50;    7.1;    0.9;   -0.6;eor
       1358;20191127;    1;  21.9;  11.7;    1;  -999;   6;    0.533;   0;   8.0;   6.6;  862.25;    1.9;   93.79;    4.9;    0.0;    0.2;eor
       1358;20191128;    1;  27.9;  15.4;    1;  -999;   8;    0.000;   0;   7.8;   6.9;  859.32;    2.0;   97.00;    2.5;    1.6;    1.5;eor
       1358;20191129;    1;  22.1;  13.6;    1;  -999;   8;    0.817;   0;   7.5;   5.3;  865.67;   -1.5;   94.92;    1.9;   -5.4;   -5.4;eor
       1358;20191130;    1;  18.4;   8.3;    1;  -999;   8;    0.000;   3;   7.4;   4.1;  878.82;   -4.3;   92.75;   -3.4;   -6.1;  -11.6;eor
       1358;20191201;    1;  16.2;   8.1;    1;  -999;   8;    0.867;   2;   6.8;   3.7;  877.69;   -5.5;   91.04;   -4.6;   -6.2;  -11.8;eor
       1358;20191202;    1;  20.2;   9.5;    1;  -999;   8;    0.200;   3;   7.9;   4.0;  878.35;   -4.6;   92.50;   -3.4;   -6.0;   -4.3;eor
       1358;20191203;    1;  20.8;   8.2;    1;  -999;   8;    0.000;   6;   7.8;   4.5;  883.53;   -3.4;   93.50;   -2.8;   -4.3;   -2.1;eor
       1358;20191204;    1;  14.0;   5.9;    1;  -999;   0;    8.200;   8;   3.1;   3.7;  882.28;   -1.5;   70.08;    2.7;   -3.7;   -3.5;eor
       1358;20191205;    1;  18.0;   7.3;    1;  -999;   0;    8.183;   8;   1.5;   2.3;  879.58;    3.7;   29.54;    7.2;    0.2;   -3.6;eor
       1358;20191206;    1;  32.5;  17.5;    1;  -999;   8;    7.400;   7;   4.5;   3.3;  873.89;   -0.2;   56.58;    2.7;   -2.7;   -2.9;eor
       1358;20191207;    1;  30.7;  15.4;    1;  -999;   8;    0.000;   8;   8.0;   5.9;  871.55;   -0.1;   96.67;    0.7;   -2.3;   -0.8;eor
       1358;20191208;    1;  27.2;  16.4;    1;  -999;   8;    0.000;   7;   7.9;   6.3;  868.28;    0.8;   96.83;    2.7;   -0.7;    0.0;eor
       1358;20191209;    1;  24.1;  13.8;    1;  -999;   8;    0.017;   3;   7.6;   5.6;  864.33;   -0.6;   96.00;    1.1;   -2.7;   -0.9;eor
       1358;20191210;    1;  23.5;  11.1;    1;  -999;   8;    0.000;   7;   7.0;   4.2;  879.05;   -4.0;   93.13;   -2.6;   -5.9;   -3.2;eor
       1358;20191211;    1;  19.3;  14.9;    1;  -999;   7;    4.300;   8;   7.0;   2.8;  871.92;   -3.2;   60.21;    0.0;   -5.9;   -3.4;eor
       1358;20191212;    1;  17.5;   8.8;    1;  -999;   8;    0.000;   9;   7.9;   4.3;  862.89;   -3.7;   93.58;   -2.8;   -4.8;   -2.1;eor
       1358;20191213;    1;  20.6;  11.8;    1;  -999;   8;    0.567;  10;   7.9;   4.1;  847.50;   -4.4;   92.46;   -2.4;   -6.3;   -1.4;eor
       1358;20191214;    1;  32.3;  16.7;    1;  -999;   8;    0.000;  20;   7.6;   4.9;  854.35;   -2.2;   94.79;   -1.1;   -3.2;   -0.5;eor
       1358;20191215;    1;  23.7;  13.6;    1;  -999;   8;    0.000;  26;   7.8;   5.9;  866.35;   -0.1;   96.46;    2.4;   -2.5;   -0.6;eor
       1358;20191216;    1;  17.1;  12.0;    1;  -999;   6;    4.383;  19;   7.8;   6.6;  872.50;    3.0;   87.21;    6.3;   -0.5;    0.0;eor
       1358;20191217;    1;  15.8;  11.2;    1;  -999;   0;    4.883;  14;   7.8;   5.5;  872.65;    8.1;   50.63;   11.0;    6.1;    0.1;eor
       1358;20191218;    1;  20.2;  11.8;    1;  -999;   6;    0.017;  11;   7.1;   7.1;  878.54;    4.2;   87.08;    7.5;    2.9;    2.2;eor
       1358;20191219;    1;  15.4;   9.6;    1;  -999;   0;    3.883;   8;   6.9;   6.7;  877.56;    5.0;   76.83;    7.1;    0.5;    0.8;eor
       1358;20191220;    1;  20.3;  10.9;    1;  -999;   8;    4.033;   7;   5.7;   6.5;  861.86;    5.3;   73.21;    8.0;    0.8;    0.3;eor
       1358;20191221;    1;  17.6;   8.7;    1;  -999;   0;    1.833;   4;   7.3;   5.8;  857.50;    0.1;   94.83;    2.6;   -1.4;   -2.3;eor
       1358;20191222;    1;  20.3;  10.4;    1;  -999;   8;    0.000;   4;   7.1;   5.7;  853.16;   -0.5;   95.96;    0.5;   -2.0;   -2.5;eor
       1358;20191223;    1;  23.5;  13.8;    1;  -999;   8;    0.000;   5;   8.0;   5.6;  864.48;   -0.6;   96.33;   -0.1;   -1.2;   -0.9;eor
       1358;20191224;    1;  23.1;  12.7;    1;  -999;   8;    0.117;   9;   7.8;   5.4;  871.43;   -1.1;   95.83;    0.0;   -2.1;   -1.1;eor
       1358;20191225;    1;  23.6;  12.0;    1;  -999;   4;    0.000;  14;   8.0;   5.5;  873.60;   -0.9;   96.08;    0.0;   -2.3;    0.0;eor
       1358;20191226;    1;  16.5;   7.7;    1;  -999;   8;    0.017;  21;   8.0;   4.5;  881.14;   -3.2;   93.96;   -2.2;   -4.5;   -0.5;eor
       1358;20191227;    1;  16.2;   5.9;    1;  -999;   8;    0.083;  22;   7.8;   4.1;  884.36;   -4.3;   92.96;   -3.2;   -5.4;   -0.7;eor
       1358;20191228;    1;  18.6;   6.6;    1;  -999;   7;    0.017;  22;   7.8;   3.2;  893.25;   -7.4;   90.54;   -5.0;   -9.6;   -1.2;eor
       1358;20191229;    1;   8.0;   4.3;    1;  -999;   0;    7.933;  22;   5.8;   2.2;  894.04;   -3.8;   52.21;    1.7;   -9.9;   -1.8;eor
       1358;20191230;    1;  22.2;  11.8;    1;  -999;   8;    4.367;  21;   7.1;   4.1;  890.62;    1.2;   60.83;    3.1;   -2.1;   -1.4;eor
       1358;20191231;    1;  22.0;  13.0;    1;  -999;   8;    0.000;  21;   5.8;   4.4;  887.21;   -1.3;   80.54;    3.2;   -3.8;   -0.7;eor
       1358;20200101;    1;  12.9;   5.4;    1;  -999;   0;    8.100;  21;   2.0;   2.5;  890.85;    1.1;   42.96;    6.3;   -5.5;   -1.5;eor
       1358;20200102;    1;  20.3;  11.4;    1;  -999;   8;    8.100;  20;   0.0;   3.1;  886.64;    3.8;   39.88;    5.7;   -0.3;   -1.5;eor
       1358;20200103;    1;  26.7;  15.9;    1;  -999;   8;    0.000;  20;   7.5;   5.4;  879.44;   -1.0;   95.29;    1.2;   -3.1;   -0.9;eor
