STATIONS_ID;MESS_DATUM;QN_3;  FX;  FM;QN_4; RSK;RSKF; SDK;SHK_TAG;  NM; VPM;  PM; TMK; UPM; TXK; TNK; TGK;eor
       1602;20180703;-999;-999;-999;    3;   0.0;   0;-999;-999;  -999;  15.1;    -999;   22.5;   56.75;   29.5;   16.2;   13.7;eor
       1602;20180704;-999;-999;-999;    3;   3.1;   4;-999;-999;  -999;  18.8;    -999;   23.0;   68.63;   30.3;   17.7;   15.7;eor
       1602;20180705;-999;-999;-999;    3;   3.3;   4;-999;-999;  -999;  19.1;    -999;   19.5;   84.21;   21.6;   17.3;   15.3;eor
       1602;20180706;-999;-999;-999;    3;   7.3;   4;-999;-999;  -999;  19.5;    -999;   19.6;   86.46;   25.1;   15.6;   13.9;eor
       1602;20180707;-999;-999;-999;    3;   0.0;   0;-999;-999;  -999;  16.6;    -999;   21.5;   67.88;   28.3;   14.6;   13.2;eor
       1602;20180708;-999;-999;-999;    3;   0.0;   0;-999;-999;  -999;  14.2;    -999;   21.4;   59.42;   28.1;   14.9;   12.5;eor
       1602;20180709;-999;-999;-999;    3;   0.0;   0;-999;-999;  -999;  12.4;    -999;   21.0;   52.29;   28.1;   12.0;    9.7;eor
       1602;20180710;-999;-999;-999;    3;   0.0;   0;-999;-999;  -999;  13.1;    -999;   18.5;   62.67;   23.3;   12.4;    9.2;eor
       1602;20180711;-999;-999;-999;    3;   0.0;   0;-999;-999;  -999;  12.1;    -999;   16.9;   64.92;   22.9;   12.0;   10.1;eor
       1602;20180712;-999;-999;-999;    3;   0.0;   0;-999;-999;  -999;  13.3;    -999;   18.9;   63.33;   25.8;   10.6;    8.8;eor
       1602;20180713;-999;-999;-999;    3;   0.0;   0;-999;-999;  -999;  14.1;    -999;   22.4;   56.08;   30.3;   13.1;   11.2;eor
       1602;20180714;-999;-999;-999;    3;   0.4;   4;-999;-999;  -999;  14.5;    -999;   23.3;   53.88;   31.0;   15.2;   12.7;eor
       1602;20180715;-999;-999;-999;    3;   0.3;   4;-999;-999;  -999;  16.5;    -999;   22.5;   62.63;   29.8;   17.2;   14.7;eor
       1602;20180716;-999;-999;-999;    3;   0.0;   0;-999;-999;  -999;  15.1;    -999;   23.1;   56.83;   29.7;   16.7;   14.7;eor
       1602;20180717;-999;-999;-999;    3;   2.7;   4;-999;-999;  -999;  15.9;    -999;   22.3;   63.42;   31.2;   15.4;   13.9;eor
       1602;20180718;-999;-999;-999;    3;   0.0;   0;-999;-999;  -999;  15.9;    -999;   22.7;   61.13;   30.0;   15.0;   13.8;eor
       1602;20180719;-999;-999;-999;    3;   0.0;   0;-999;-999;  -999;  13.1;    -999;   23.4;   49.21;   30.6;   15.8;   13.3;eor
       1602;20180720;-999;-999;-999;    3;   0.6;   4;-999;-999;  -999;  15.5;    -999;   22.8;   57.92;   31.7;   16.3;   14.0;eor
       1602;20180721;-999;-999;-999;    3;   3.6;   4;-999;-999;  -999;  19.7;    -999;   19.6;   86.96;   24.7;   17.5;   16.6;eor
       1602;20180722;-999;-999;-999;    3;   0.1;   4;-999;-999;  -999;  18.8;    -999;   20.8;   78.25;   26.4;   17.0;   15.4;eor
       1602;20180723;-999;-999;-999;    3;   0.0;   0;-999;-999;  -999;  18.1;    -999;   22.5;   69.13;   29.8;   16.1;   14.7;eor
       1602;20180724;-999;-999;-999;    3;   0.0;   0;-999;-999;  -999;  17.1;    -999;   25.1;   57.50;   33.8;   16.0;   13.5;eor
       1602;20180725;-999;-999;-999;    3;   1.1;   4;-999;-999;  -999;  16.9;    -999;   26.1;   52.75;   34.2;   18.5;   15.5;eor
       1602;20180726;-999;-999;-999;    3;   0.0;   0;-999;-999;  -999;  15.1;    -999;   26.5;   48.00;   35.7;   17.5;   15.1;eor
       1602;20180727;-999;-999;-999;    3;   0.1;   4;-999;-999;  -999;  15.1;    -999;   26.4;   47.25;   34.8;   17.2;   14.3;eor
       1602;20180728;-999;-999;-999;    3;   0.1;   4;-999;-999;  -999;  18.5;    -999;   24.1;   62.38;   29.5;   19.4;   17.4;eor
       1602;20180729;-999;-999;-999;    3;   0.0;   0;-999;-999;  -999;  16.6;    -999;   24.8;   56.75;   32.6;   18.0;   16.3;eor
       1602;20180730;-999;-999;-999;    3;   0.0;   0;-999;-999;  -999;  14.6;    -999;   26.6;   45.88;   36.1;   17.8;   15.2;eor
       1602;20180731;-999;-999;-999;    3;   0.6;   4;-999;-999;  -999;  16.4;    -999;   27.0;   48.38;   35.3;   18.3;   15.5;eor
       1602;20180801;-999;-999;-999;    3;   8.1;   4;-999;-999;  -999;  19.3;    -999;   24.7;   64.08;   30.0;   19.1;   18.5;eor
       1602;20180802;-999;-999;-999;    3;   0.0;   0;-999;-999;  -999;  20.7;    -999;   24.4;   70.50;   32.0;   17.7;   16.5;eor
       1602;20180803;-999;-999;-999;    3;   0.0;   0;-999;-999;  -999;  20.9;    -999;   27.6;   60.25;   36.2;   19.3;   17.7;eor
       1602;20180804;-999;-999;-999;    3;   0.0;   0;-999;-999;  -999;  18.3;    -999;   28.1;   51.63;   36.2;   20.8;   18.5;eor
       1602;20180805;-999;-999;-999;    3;   0.0;   0;-999;-999;  -999;  18.1;    -999;   26.0;   56.50;   33.1;   19.0;   17.3;eor
       1602;20180806;-999;-999;-999;    3;   0.0;   0;-999;-999;  -999;  17.2;    -999;   26.6;   52.13;   35.5;   18.2;   15.8;eor
       1602;20180807;-999;-999;-999;    3;   0.0;   0;-999;-999;  -999;  18.3;    -999;   27.1;   52.75;   36.0;   21.3;   18.9;eor
       1602;20180808;-999;-999;-999;    3;   0.1;   4;-999;-999;  -999;  19.0;    -999;   26.0;   57.71;   32.0;   19.9;   18.3;eor
       1602;20180809;-999;-999;-999;    3;   1.0;   4;-999;-999;  -999;  18.4;    -999;   23.8;   64.21;   34.3;   18.4;   16.2;eor
       1602;20180810;-999;-999;-999;    3;   0.0;   0;-999;-999;  -999;  12.3;    -999;   20.1;   54.58;   26.4;   13.9;   11.2;eor
       1602;20180811;-999;-999;-999;    3;   0.0;   0;-999;-999;  -999;  11.2;    -999;   19.5;   52.08;   26.7;   12.8;   10.4;eor
       1602;20180812;-999;-999;-999;    3;   0.0;   0;-999;-999;  -999;  11.4;    -999;   21.5;   48.63;   31.6;   11.4;    9.0;eor
       1602;20180813;-999;-999;-999;    3;   3.7;   4;-999;-999;  -999;  18.1;    -999;   20.1;   76.46;   24.3;   16.5;   14.6;eor
       1602;20180814;-999;-999;-999;    3;   0.0;   0;-999;-999;  -999;  16.2;    -999;   20.2;   70.79;   26.2;   15.2;   12.8;eor
       1602;20180815;-999;-999;-999;    3;   0.0;   0;-999;-999;  -999;  15.5;    -999;   20.6;   66.92;   27.9;   14.0;   12.5;eor
       1602;20180816;-999;-999;-999;    3;   0.0;   0;-999;-999;  -999;  15.4;    -999;   22.9;   59.54;   31.6;   14.3;   11.2;eor
       1602;20180817;-999;-999;-999;    3;   0.1;   4;-999;-999;  -999;  16.8;    -999;   23.9;   59.38;   32.0;   17.3;   15.4;eor
       1602;20180818;-999;-999;-999;    3;   0.0;   0;-999;-999;  -999;  17.9;    -999;   21.3;   72.33;   27.7;   16.9;   14.7;eor
       1602;20180819;-999;-999;-999;    3;   0.0;   0;-999;-999;  -999;  14.2;    -999;   22.7;   54.00;   30.6;   16.3;   13.7;eor
       1602;20180820;-999;-999;-999;    3;   0.0;   0;-999;-999;  -999;  16.0;    -999;   23.0;   59.33;   30.6;   15.1;   12.7;eor
       1602;20180821;-999;-999;-999;    3;   0.0;   0;-999;-999;  -999;  17.7;    -999;   24.1;   61.92;   31.9;   16.4;   14.3;eor
       1602;20180822;-999;-999;-999;    3;   0.0;   0;-999;-999;  -999;  16.6;    -999;   25.2;   55.38;   34.5;   16.8;   14.0;eor
       1602;20180823;-999;-999;-999;    3;   1.9;   4;-999;-999;  -999;  18.3;    -999;   23.8;   64.79;   31.8;   18.2;   15.8;eor
       1602;20180824;-999;-999;-999;    3;   0.3;   4;-999;-999;  -999;  17.4;    -999;   18.0;   83.92;   23.4;   12.4;   10.4;eor
       1602;20180825;-999;-999;-999;    3;   5.4;   4;-999;-999;  -999;  13.5;    -999;   13.2;   88.92;   15.9;   10.0;    7.7;eor
       1602;20180826;-999;-999;-999;    3;   0.0;   0;-999;-999;  -999;  10.2;    -999;   14.9;   65.25;   22.1;    8.1;    6.9;eor
       1602;20180827;-999;-999;-999;    3;   0.1;   4;-999;-999;  -999;  13.3;    -999;   18.9;   61.42;   25.6;   12.7;   11.5;eor
       1602;20180828;-999;-999;-999;    3;   0.0;   0;-999;-999;  -999;  16.1;    -999;   20.6;   69.88;   28.4;   13.4;   10.5;eor
       1602;20180829;-999;-999;-999;    3;   3.0;   4;-999;-999;  -999;  17.7;    -999;   20.9;   73.42;   29.0;   14.9;   11.8;eor
       1602;20180830;-999;-999;-999;    3;   0.4;   4;-999;-999;  -999;  16.3;    -999;   17.7;   81.00;   22.4;   14.4;   13.2;eor
       1602;20180831;-999;-999;-999;    3;  20.5;   4;-999;-999;  -999;  15.0;    -999;   14.1;   93.04;   15.6;   13.2;   12.3;eor
       1602;20180901;-999;-999;-999;    3;   0.0;   0;-999;-999;  -999;  13.4;    -999;   16.6;   73.92;   22.9;   12.2;    9.9;eor
       1602;20180902;-999;-999;-999;    3;   0.1;   4;-999;-999;  -999;  13.9;    -999;   15.4;   79.71;   19.3;   11.4;    9.8;eor
       1602;20180903;-999;-999;-999;    3;   0.0;   0;-999;-999;  -999;  15.3;    -999;   17.0;   80.67;   22.7;   12.8;   11.3;eor
       1602;20180904;-999;-999;-999;    3;   0.0;   0;-999;-999;  -999;  15.6;    -999;   18.9;   73.79;   26.9;   11.8;    9.8;eor
       1602;20180905;-999;-999;-999;    3;   0.0;   0;-999;-999;  -999;  16.9;    -999;   20.8;   71.29;   28.8;   13.9;   12.1;eor
       1602;20180906;-999;-999;-999;    3;   5.0;   4;-999;-999;  -999;  17.3;    -999;   19.9;   76.75;   27.3;   15.8;   14.1;eor
       1602;20180907;-999;-999;-999;    3;   0.0;   0;-999;-999;  -999;  16.0;    -999;   18.2;   78.38;   23.5;   12.3;   10.2;eor
       1602;20180908;-999;-999;-999;    3;   0.0;   0;-999;-999;  -999;  12.0;    -999;   16.4;   67.46;   24.3;    9.8;    7.6;eor
       1602;20180909;-999;-999;-999;    3;   0.0;   0;-999;-999;  -999;  12.3;    -999;   18.3;   63.46;   28.0;   11.0;    9.4;eor
       1602;20180910;-999;-999;-999;    3;   0.0;   0;-999;-999;  -999;  12.4;    -999;   20.1;   56.96;   30.5;   11.7;    9.0;eor
       1602;20180911;-999;-999;-999;    3;   0.0;   0;-999;-999;  -999;  14.3;    -999;   20.8;   62.67;   30.2;   12.7;   10.2;eor
       1602;20180912;-999;-999;-999;    3;   0.4;   4;-999;-999;  -999;  15.1;    -999;   22.7;   59.38;   32.1;   14.0;   12.1;eor
       1602;20180913;-999;-999;-999;    3;   2.9;   4;-999;-999;  -999;  18.2;    -999;   18.5;   86.04;   25.5;   14.1;   12.9;eor
       1602;20180914;-999;-999;-999;    3;   0.0;   0;-999;-999;  -999;  16.9;    -999;   17.4;   85.42;   22.0;   13.7;   12.3;eor
       1602;20180915;-999;-999;-999;    3;   0.0;   0;-999;-999;  -999;  12.4;    -999;   16.8;   67.46;   22.8;   10.8;    8.8;eor
       1602;20180916;-999;-999;-999;    3;   0.0;   0;-999;-999;  -999;  13.1;    -999;   16.7;   70.29;   26.1;    8.8;    5.9;eor
       1602;20180917;-999;-999;-999;    3;   0.0;   0;-999;-999;  -999;  13.5;    -999;   19.9;   63.08;   29.7;   12.1;    9.9;eor
       1602;20180918;-999;-999;-999;    3;   0.0;   0;-999;-999;  -999;  14.9;    -999;   21.3;   60.75;   30.8;   13.6;   11.3;eor
       1602;20180919;-999;-999;-999;    3;   0.0;   0;-999;-999;  -999;  15.4;    -999;   21.6;   63.67;   30.7;   13.9;   12.1;eor
       1602;20180920;-999;-999;-999;    3;   0.0;   0;-999;-999;  -999;  14.9;    -999;   21.8;   60.88;   30.3;   14.8;   12.5;eor
       1602;20180921;-999;-999;-999;    3;   7.9;   4;-999;-999;  -999;  14.4;    -999;   18.1;   72.25;   28.2;   10.8;    9.7;eor
       1602;20180922;-999;-999;-999;    3;   0.0;   0;-999;-999;  -999;  11.3;    -999;   14.2;   72.21;   19.8;    9.5;    7.4;eor
       1602;20180923;-999;-999;-999;    3;  16.9;   4;-999;-999;  -999;  15.6;    -999;   19.0;   70.54;   25.7;   12.0;   11.2;eor
       1602;20180924;-999;-999;-999;    3;   0.0;   0;-999;-999;  -999;   8.8;    -999;   11.3;   67.92;   16.9;    5.5;    3.3;eor
       1602;20180925;-999;-999;-999;    3;   0.0;   0;-999;-999;  -999;   7.2;    -999;   10.5;   61.79;   18.3;    3.2;    0.6;eor
       1602;20180926;-999;-999;-999;    3;   0.0;   0;-999;-999;  -999;   7.9;    -999;   11.3;   61.29;   20.6;    3.6;    0.1;eor
       1602;20180927;-999;-999;-999;    3;   0.0;   0;-999;-999;  -999;  10.3;    -999;   14.2;   66.63;   25.1;    5.8;    2.8;eor
       1602;20180928;-999;-999;-999;    3;   0.0;   0;-999;-999;  -999;  10.9;    -999;   15.3;   66.25;   23.4;    9.2;    7.0;eor
       1602;20180929;-999;-999;-999;    3;   0.0;   0;-999;-999;  -999;   8.9;    -999;   13.1;   62.46;   20.9;    6.7;    3.6;eor
       1602;20180930;-999;-999;-999;    3;   1.1;   4;-999;-999;  -999;  10.6;    -999;   13.8;   69.17;   23.5;    7.0;    4.4;eor
       1602;20181001;-999;-999;-999;    3;   3.3;   4;-999;-999;  -999;  10.1;    -999;   10.9;   77.33;   14.9;    7.8;    6.2;eor
       1602;20181002;-999;-999;-999;    3;   0.0;   0;-999;-999;  -999;   8.6;    -999;    9.5;   73.83;   12.7;    4.6;    2.2;eor
       1602;20181003;-999;-999;-999;    3;   0.0;   4;-999;-999;  -999;  12.0;    -999;   13.2;   78.92;   17.2;    9.9;    6.0;eor
       1602;20181004;-999;-999;-999;    3;   0.0;   0;-999;-999;  -999;  11.2;    -999;   12.5;   79.79;   20.9;    7.5;    4.1;eor
       1602;20181005;-999;-999;-999;    3;   0.0;   0;-999;-999;  -999;  11.8;    -999;   14.3;   74.50;   25.1;    6.4;    2.8;eor
       1602;20181006;-999;-999;-999;    3;   0.0;   0;-999;-999;  -999;  13.1;    -999;   16.6;   71.25;   24.7;   10.7;    8.9;eor
       1602;20181007;-999;-999;-999;    3;   0.0;   0;-999;-999;  -999;  13.5;    -999;   15.8;   76.75;   23.0;    9.4;    6.7;eor
       1602;20181008;-999;-999;-999;    3;   0.0;   0;-999;-999;  -999;  12.8;    -999;   12.5;   88.46;   20.6;    8.8;    6.4;eor
       1602;20181009;-999;-999;-999;    3;   0.0;   0;-999;-999;  -999;  13.2;    -999;   13.6;   86.04;   21.4;    7.6;    3.9;eor
       1602;20181010;-999;-999;-999;    3;   0.0;   0;-999;-999;  -999;  12.9;    -999;   11.5;   94.63;   16.5;    8.0;    4.4;eor
       1602;20181011;-999;-999;-999;    3;   0.0;   0;-999;-999;  -999;  13.8;    -999;   13.5;   89.13;   19.8;    8.3;    4.7;eor
       1602;20181012;-999;-999;-999;    3;   0.0;   0;-999;-999;  -999;  13.7;    -999;   17.5;   71.71;   27.4;   11.1;    8.3;eor
       1602;20181013;-999;-999;-999;    3;   0.0;   0;-999;-999;  -999;  13.9;    -999;   16.6;   75.71;   24.5;    9.9;    6.6;eor
       1602;20181014;-999;-999;-999;    3;   0.0;   0;-999;-999;  -999;  13.6;    -999;   16.5;   74.79;   25.5;    9.9;    6.1;eor
       1602;20181015;-999;-999;-999;    3;   0.0;   0;-999;-999;  -999;  11.2;    -999;   14.5;   69.88;   24.4;    8.0;    4.4;eor
       1602;20181016;-999;-999;-999;    3;   0.0;   0;-999;-999;  -999;  11.3;    -999;   13.0;   76.83;   21.5;    6.8;    3.2;eor
       1602;20181017;-999;-999;-999;    3;   0.0;   0;-999;-999;  -999;  11.7;    -999;   13.2;   78.71;   21.4;    7.0;    3.9;eor
       1602;20181018;-999;-999;-999;    3;   0.0;   0;-999;-999;  -999;  12.0;    -999;   13.6;   79.04;   22.8;    7.2;    3.9;eor
       1602;20181019;-999;-999;-999;    3;   0.0;   0;-999;-999;  -999;  12.0;    -999;   11.6;   88.58;   19.9;    6.7;    3.1;eor
       1602;20181020;-999;-999;-999;    3;   0.0;   0;-999;-999;  -999;  11.4;    -999;    9.9;   92.83;   16.0;    6.4;    3.1;eor
       1602;20181021;-999;-999;-999;    3;   0.0;   0;-999;-999;  -999;   9.4;    -999;    8.9;   83.96;   17.8;    4.4;    0.9;eor
       1602;20181022;-999;-999;-999;    3;   0.0;   0;-999;-999;  -999;   8.0;    -999;    9.8;   68.33;   17.2;    1.4;   -2.7;eor
       1602;20181023;-999;-999;-999;    3;   0.0;   0;-999;-999;  -999;   9.2;    -999;   10.7;   72.83;   15.1;    4.1;    0.9;eor
       1602;20181024;-999;-999;-999;    3;   0.6;   4;-999;-999;  -999;  11.0;    -999;   11.7;   79.92;   13.3;   10.1;    8.0;eor
       1602;20181025;-999;-999;-999;    3;   0.0;   0;-999;-999;  -999;  12.4;    -999;   12.6;   85.63;   16.8;   10.2;    7.3;eor
       1602;20181026;-999;-999;-999;    3;   7.1;   4;-999;-999;  -999;  10.0;    -999;   11.2;   76.08;   15.5;    8.6;    6.9;eor
       1602;20181027;-999;-999;-999;    3;   1.2;   4;-999;-999;  -999;   9.4;    -999;    7.5;   90.71;    9.1;    6.0;    5.7;eor
       1602;20181028;-999;-999;-999;    3;   5.3;   4;-999;-999;  -999;   7.9;    -999;    5.4;   87.71;    7.0;    4.4;    3.6;eor
       1602;20181029;-999;-999;-999;    3;   3.7;   4;-999;-999;  -999;   8.2;    -999;    5.6;   90.29;    7.6;    4.3;    4.0;eor
       1602;20181030;-999;-999;-999;    3;   0.7;   4;-999;-999;  -999;   7.5;    -999;    6.1;   79.79;    8.4;    1.6;   -1.3;eor
       1602;20181031;-999;-999;-999;    3;   0.0;   0;-999;-999;  -999;   7.9;    -999;    5.5;   87.79;    9.9;    1.5;   -1.3;eor
       1602;20181101;-999;-999;-999;    3;   0.9;   4;-999;-999;  -999;   9.2;    -999;    8.1;   86.29;   15.7;    3.8;    1.3;eor
       1602;20181102;-999;-999;-999;    3;   0.0;   0;-999;-999;  -999;   9.6;    -999;    8.3;   88.42;   14.6;    3.4;    0.6;eor
       1602;20181103;-999;-999;-999;    3;   0.0;   0;-999;-999;  -999;   9.7;    -999;    9.2;   83.71;   13.2;    5.7;    3.6;eor
       1602;20181104;-999;-999;-999;    3;   0.0;   0;-999;-999;  -999;  10.3;    -999;    9.5;   87.08;   14.3;    5.4;    3.1;eor
       1602;20181105;-999;-999;-999;    3;   0.0;   0;-999;-999;  -999;  10.1;    -999;    7.6;   96.08;   10.3;    5.4;    4.0;eor
       1602;20181106;-999;-999;-999;    3;   0.0;   0;-999;-999;  -999;   9.9;    -999;    7.1;   97.63;    9.0;    5.7;    3.3;eor
       1602;20181107;-999;-999;-999;    3;   0.8;   4;-999;-999;  -999;  10.4;    -999;   10.1;   84.92;   17.2;    5.2;    2.2;eor
       1602;20181108;-999;-999;-999;    3;   0.0;   0;-999;-999;  -999;  11.4;    -999;   11.7;   83.33;   14.4;    9.4;    6.9;eor
       1602;20181109;-999;-999;-999;    3;   0.0;   0;-999;-999;  -999;  10.8;    -999;   10.5;   85.67;   17.0;    7.2;    4.2;eor
       1602;20181110;-999;-999;-999;    3;   4.5;   4;-999;-999;  -999;  11.1;    -999;   11.1;   83.58;   13.9;    6.8;    4.6;eor
       1602;20181111;-999;-999;-999;    3;   0.5;   4;-999;-999;  -999;  12.8;    -999;   13.2;   84.92;   17.4;   10.8;    9.0;eor
       1602;20181112;-999;-999;-999;    3;   3.1;   4;-999;-999;  -999;  12.0;    -999;   12.8;   81.83;   19.3;    8.0;    5.0;eor
       1602;20181113;-999;-999;-999;    3;   3.6;   4;-999;-999;  -999;  12.1;    -999;   10.9;   92.25;   14.4;    6.2;    4.1;eor
       1602;20181114;-999;-999;-999;    3;   0.0;   0;-999;-999;  -999;   8.9;    -999;    5.5;   98.54;    7.0;    4.1;    2.3;eor
       1602;20181115;-999;-999;-999;    3;   0.0;   0;-999;-999;  -999;   8.6;    -999;    5.4;   96.00;    6.4;    4.8;    5.0;eor
       1602;20181116;-999;-999;-999;    3;   0.0;   0;-999;-999;  -999;   8.0;    -999;    5.4;   88.63;   10.2;    0.3;   -2.5;eor
       1602;20181117;-999;-999;-999;    3;   0.0;   0;-999;-999;  -999;   6.1;    -999;    2.9;   82.38;    9.3;   -1.7;   -4.1;eor
       1602;20181118;-999;-999;-999;    3;   0.0;   0;-999;-999;  -999;   5.4;    -999;    2.1;   76.92;    8.9;   -2.6;   -4.8;eor
       1602;20181119;-999;-999;-999;    3;   0.0;   0;-999;-999;  -999;   4.7;    -999;    1.6;   70.00;    5.7;   -2.8;   -5.6;eor
       1602;20181120;-999;-999;-999;    3;   0.0;   0;-999;-999;  -999;   5.2;    -999;    1.9;   75.83;    6.4;   -1.3;   -4.0;eor
       1602;20181121;-999;-999;-999;    3;   0.0;   0;-999;-999;  -999;   5.4;    -999;   -0.5;   91.17;    2.5;   -2.8;   -4.9;eor
       1602;20181122;-999;-999;-999;    3;   0.0;   0;-999;-999;  -999;   6.0;    -999;    1.4;   88.79;    7.0;   -1.6;   -4.3;eor
       1602;20181123;-999;-999;-999;    3;   3.1;   4;-999;-999;  -999;   5.9;    -999;   -0.2;   97.75;    1.6;   -2.1;   -4.6;eor
       1602;20181124;-999;-999;-999;    3;   0.0;   0;-999;-999;  -999;   8.2;    -999;    5.6;   89.75;   11.3;    1.6;    0.3;eor
       1602;20181125;-999;-999;-999;    3;   0.0;   0;-999;-999;  -999;   7.6;    -999;    4.9;   87.96;   12.2;    0.2;   -2.1;eor
       1602;20181126;-999;-999;-999;    3;   3.1;   4;-999;-999;  -999;   7.8;    -999;    4.7;   91.54;    6.6;    2.2;   -0.3;eor
       1602;20181127;-999;-999;-999;    3;   1.0;   4;-999;-999;  -999;   7.9;    -999;    4.3;   95.50;    5.1;    3.7;    2.6;eor
       1602;20181128;-999;-999;-999;    3;   0.1;   4;-999;-999;  -999;   7.6;    -999;    4.4;   91.08;    7.2;    1.1;   -1.1;eor
       1602;20181129;-999;-999;-999;    3;   0.0;   4;-999;-999;  -999;   8.2;    -999;    5.4;   91.21;    8.9;    2.6;    0.3;eor
       1602;20181130;-999;-999;-999;    3;   6.7;   4;-999;-999;  -999;   9.0;    -999;    6.0;   95.29;    8.6;    2.4;    0.5;eor
       1602;20181201;-999;-999;-999;    3;   4.4;   4;-999;-999;  -999;   9.1;    -999;    7.6;   87.92;   11.8;    3.9;    0.9;eor
       1602;20181202;-999;-999;-999;    3;   6.5;   4;-999;-999;  -999;  11.3;    -999;   11.5;   83.00;   13.4;    8.6;    6.8;eor
       1602;20181203;-999;-999;-999;    3;   7.8;   4;-999;-999;  -999;  12.8;    -999;   13.4;   83.08;   14.8;   10.6;    9.0;eor
       1602;20181204;-999;-999;-999;    3;  10.9;   4;-999;-999;  -999;  10.3;    -999;    9.1;   89.04;   11.9;    6.4;    5.0;eor
       1602;20181205;-999;-999;-999;    3;   4.7;   4;-999;-999;  -999;   9.2;    -999;    6.3;   95.79;    8.5;    4.6;    2.8;eor
       1602;20181206;-999;-999;-999;    3;   0.3;   4;-999;-999;  -999;  11.7;    -999;   10.2;   93.75;   12.9;    7.5;    6.1;eor
       1602;20181207;-999;-999;-999;    3;   2.5;   4;-999;-999;  -999;  10.9;    -999;   11.6;   79.42;   13.4;    7.5;    6.3;eor
       1602;20181208;-999;-999;-999;    3;   9.5;   4;-999;-999;  -999;   8.3;    -999;    8.1;   75.92;   10.7;    6.3;    4.8;eor
       1602;20181209;-999;-999;-999;    3;   0.6;   4;-999;-999;  -999;   8.8;    -999;    8.5;   78.92;   10.4;    6.7;    4.2;eor
       1602;20181210;-999;-999;-999;    3;   3.6;   4;-999;-999;  -999;   7.6;    -999;    5.4;   85.08;    7.5;    3.9;    1.2;eor
       1602;20181211;-999;-999;-999;    3;   0.0;   4;-999;-999;  -999;   6.4;    -999;    2.7;   86.71;    6.5;   -0.3;   -2.4;eor
       1602;20181212;-999;-999;-999;    3;   0.0;   0;-999;-999;  -999;   5.6;    -999;   -0.3;   93.46;    2.4;   -2.7;   -5.0;eor
       1602;20181213;-999;-999;-999;    3;   0.0;   0;-999;-999;  -999;   4.8;    -999;   -0.4;   82.25;    2.9;   -3.7;   -6.3;eor
       1602;20181214;-999;-999;-999;    3;   0.0;   0;-999;-999;  -999;   4.4;    -999;   -0.6;   75.25;    1.8;   -3.8;   -6.6;eor
       1602;20181215;-999;-999;-999;    3;   5.0;   4;-999;-999;  -999;   4.0;    -999;    0.1;   65.50;    2.6;   -2.5;   -5.5;eor
       1602;20181216;-999;-999;-999;    3;   0.3;   4;-999;-999;  -999;   6.1;    -999;    1.1;   91.50;    6.0;   -2.1;   -2.3;eor
       1602;20181217;-999;-999;-999;    3;   2.2;   4;-999;-999;  -999;   7.3;    -999;    3.1;   95.92;    5.4;    1.0;   -1.4;eor
       1602;20181218;-999;-999;-999;    3;   0.1;   4;-999;-999;  -999;   6.6;    -999;    2.1;   92.71;    7.3;    0.0;   -2.7;eor
       1602;20181219;-999;-999;-999;    3;   1.0;   4;-999;-999;  -999;   8.0;    -999;    5.1;   89.38;    9.7;    1.4;    0.1;eor
       1602;20181220;-999;-999;-999;    3;   0.4;   4;-999;-999;  -999;   8.1;    -999;    8.0;   75.00;    9.8;    7.0;    3.9;eor
       1602;20181221;-999;-999;-999;    3;  11.5;   4;-999;-999;  -999;  10.0;    -999;   10.5;   77.83;   12.9;    8.2;    6.0;eor
       1602;20181222;-999;-999;-999;    3;   6.0;   4;-999;-999;  -999;  10.6;    -999;   11.5;   78.33;   13.7;    9.1;    7.8;eor
       1602;20181223;-999;-999;-999;    3;  14.5;   4;-999;-999;  -999;  10.9;    -999;   10.4;   86.17;   14.1;    6.9;    5.3;eor
       1602;20181224;-999;-999;-999;    3;   0.2;   4;-999;-999;  -999;   8.8;    -999;    7.3;   84.38;   14.2;    0.8;   -0.9;eor
       1602;20181225;-999;-999;-999;    3;   0.0;   0;-999;-999;  -999;   5.8;    -999;   -0.5;   98.50;    1.0;   -2.2;   -4.2;eor
       1602;20181226;-999;-999;-999;    3;   0.0;   0;-999;-999;  -999;   5.3;    -999;   -1.2;   94.04;   -0.6;   -1.9;   -1.6;eor
       1602;20181227;-999;-999;-999;    3;   0.0;   0;-999;-999;  -999;   5.1;    -999;   -1.4;   92.92;    0.1;   -2.5;   -3.2;eor
       1602;20181228;-999;-999;-999;    3;   0.0;   0;-999;-999;  -999;   5.7;    -999;   -0.3;   95.13;    1.1;   -1.7;   -2.8;eor
       1602;20181229;-999;-999;-999;    3;   0.0;   4;-999;-999;  -999;   6.0;    -999;    1.8;   86.96;    3.6;    0.9;    0.5;eor
       1602;20181230;-999;-999;-999;    3;   2.0;   4;-999;-999;  -999;   7.2;    -999;    4.0;   88.88;    5.8;    2.0;    1.6;eor
       1602;20181231;-999;-999;-999;    3;   2.0;   4;-999;-999;  -999;   8.7;    -999;    5.3;   97.33;    6.9;    3.7;    3.4;eor
       1602;20190101;-999;-999;-999;    3;   1.4;   4;-999;-999;  -999;   8.7;    -999;    5.9;   93.71;    6.5;    4.9;    3.1;eor
       1602;20190102;-999;-999;-999;    3;   1.6;   4;-999;-999;  -999;   6.2;    -999;    2.6;   84.67;    5.9;   -2.2;   -5.3;eor
       1602;20190103;-999;-999;-999;    3;   0.5;   4;-999;-999;  -999;   5.2;    -999;   -1.0;   92.13;    0.5;   -3.7;   -5.4;eor
       1602;20190104;-999;-999;-999;    3;   0.8;   4;-999;-999;  -999;   5.9;    -999;    0.8;   90.54;    3.6;   -1.6;   -3.6;eor
       1602;20190105;-999;-999;-999;    3;  24.9;   4;-999;-999;  -999;   6.5;    -999;    1.2;   96.92;    2.5;    0.4;   -0.1;eor
       1602;20190106;-999;-999;-999;    3;  11.6;   4;-999;-999;  -999;   7.4;    -999;    3.1;   96.83;    3.8;    2.3;    2.1;eor
       1602;20190107;-999;-999;-999;    3;   2.8;   4;-999;-999;  -999;   7.3;    -999;    3.3;   93.75;    4.7;    2.5;    1.2;eor
       1602;20190108;-999;-999;-999;    3;   1.6;   4;-999;-999;  -999;   7.2;    -999;    4.7;   84.42;    7.9;    2.4;    1.5;eor
       1602;20190109;-999;-999;-999;    3;   1.5;   4;-999;-999;  -999;   6.3;    -999;    3.0;   82.96;    4.4;    0.7;   -0.1;eor
       1602;20190110;-999;-999;-999;    3;   0.0;   0;-999;-999;  -999;   5.6;    -999;    1.1;   85.21;    2.1;   -1.4;   -3.1;eor
       1602;20190111;-999;-999;-999;    3;   5.0;   4;-999;-999;  -999;   5.4;    -999;   -0.4;   90.71;    0.7;   -1.6;   -3.3;eor
       1602;20190112;-999;-999;-999;    3;  10.3;   4;-999;-999;  -999;   6.7;    -999;    2.1;   93.75;    5.2;    0.4;   -0.1;eor
       1602;20190113;-999;-999;-999;    3;  14.7;   4;-999;-999;  -999;   8.9;    -999;    6.6;   90.71;    9.2;    4.1;    3.7;eor
       1602;20190114;-999;-999;-999;    3;   0.1;   4;-999;-999;  -999;   7.8;    -999;    5.6;   86.21;    7.5;    1.5;   -1.0;eor
       1602;20190115;-999;-999;-999;    3;   0.0;   0;-999;-999;  -999;   6.5;    -999;    4.2;   79.58;    6.9;    1.9;   -0.5;eor
       1602;20190116;-999;-999;-999;    3;   0.0;   0;-999;-999;  -999;   6.2;    -999;    2.9;   83.04;    7.1;   -0.3;   -2.0;eor
       1602;20190117;-999;-999;-999;    3;   5.2;   4;-999;-999;  -999;   7.3;    -999;    6.2;   76.96;    8.7;    0.9;   -1.1;eor
       1602;20190118;-999;-999;-999;    3;   0.1;   4;-999;-999;  -999;   5.6;    -999;    0.8;   86.67;    4.1;   -2.4;   -5.1;eor
       1602;20190119;-999;-999;-999;    3;   0.3;   4;-999;-999;  -999;   4.5;    -999;   -1.7;   83.33;    2.4;   -4.6;   -7.3;eor
       1602;20190120;-999;-999;-999;    3;   0.9;   4;-999;-999;  -999;   4.8;    -999;   -1.8;   89.67;   -0.8;   -4.0;   -5.6;eor
       1602;20190121;-999;-999;-999;    3;   0.0;   0;-999;-999;  -999;   4.7;    -999;   -2.0;   89.00;   -0.8;   -3.1;   -3.3;eor
       1602;20190122;-999;-999;-999;    3;   0.0;   0;-999;-999;  -999;   4.7;    -999;   -1.4;   85.63;    1.2;   -4.0;   -6.1;eor
       1602;20190123;-999;-999;-999;    3;   0.4;   4;-999;-999;  -999;   4.5;    -999;   -1.6;   82.88;    0.5;   -4.4;   -5.6;eor
       1602;20190124;-999;-999;-999;    3;   0.1;   4;-999;-999;  -999;   4.4;    -999;   -2.2;   84.58;   -1.6;   -2.7;   -5.5;eor
       1602;20190125;-999;-999;-999;    3;   0.6;   4;-999;-999;  -999;   4.4;    -999;   -1.9;   83.00;    0.4;   -4.5;   -7.2;eor
       1602;20190126;-999;-999;-999;    3;   0.9;   4;-999;-999;  -999;   6.6;    -999;    3.5;   83.21;    6.5;    0.0;   -0.9;eor
       1602;20190127;-999;-999;-999;    3;   3.5;   4;-999;-999;  -999;   7.3;    -999;    6.9;   73.67;   10.4;    2.3;    1.5;eor
       1602;20190128;-999;-999;-999;    3;   4.1;   4;-999;-999;  -999;   6.2;    -999;    2.9;   82.29;    3.8;    1.6;    0.5;eor
       1602;20190129;-999;-999;-999;    3;   0.0;   0;-999;-999;  -999;   5.7;    -999;    1.9;   80.92;    5.1;   -1.1;   -3.4;eor
       1602;20190130;-999;-999;-999;    3;   0.7;   4;-999;-999;  -999;   5.1;    -999;    2.2;   70.96;    4.5;   -1.0;   -4.2;eor
       1602;20190131;-999;-999;-999;    3;   2.2;   4;-999;-999;  -999;   5.4;    -999;    1.5;   79.54;    5.2;   -0.8;   -2.7;eor
       1602;20190201;-999;-999;-999;    3;   7.9;   4;-999;-999;  -999;   7.5;    -999;    4.0;   91.75;    6.0;    1.9;    1.2;eor
       1602;20190202;-999;-999;-999;    3;   3.2;   4;-999;-999;  -999;   7.6;    -999;    5.2;   86.75;    9.1;    2.4;   -0.2;eor
       1602;20190203;-999;-999;-999;    3;   1.4;   4;-999;-999;  -999;   6.4;    -999;    2.8;   85.04;    4.5;    0.6;   -0.5;eor
       1602;20190204;-999;-999;-999;    3;   0.0;   0;-999;-999;  -999;   5.2;    -999;    1.6;   78.13;    7.0;   -2.3;   -4.9;eor
       1602;20190205;-999;-999;-999;    3;   0.0;   0;-999;-999;  -999;   5.1;    -999;    1.0;   79.29;    7.0;   -3.0;   -5.1;eor
       1602;20190206;-999;-999;-999;    3;   0.0;   0;-999;-999;  -999;   5.0;    -999;    0.3;   80.92;    6.7;   -3.8;   -6.3;eor
       1602;20190207;-999;-999;-999;    3;   2.6;   4;-999;-999;  -999;   6.6;    -999;    2.3;   90.17;    6.8;   -1.6;   -3.7;eor
       1602;20190208;-999;-999;-999;    3;   0.4;   4;-999;-999;  -999;   7.1;    -999;    6.6;   74.50;   11.1;    2.3;   -1.5;eor
       1602;20190209;-999;-999;-999;    3;   1.0;   4;-999;-999;  -999;   7.4;    -999;    9.0;   65.21;   11.4;    4.9;    1.4;eor
       1602;20190210;-999;-999;-999;    3;   2.8;   4;-999;-999;  -999;   7.6;    -999;   10.0;   63.00;   14.4;    5.2;    3.4;eor
       1602;20190211;-999;-999;-999;    3;   0.6;   4;-999;-999;  -999;   6.8;    -999;    4.2;   82.88;    7.2;    1.6;   -1.5;eor
       1602;20190212;-999;-999;-999;    3;   0.0;   0;-999;-999;  -999;   6.3;    -999;    2.7;   84.75;    6.1;   -1.0;   -2.9;eor
       1602;20190213;-999;-999;-999;    3;   0.0;   0;-999;-999;  -999;   5.6;    -999;    2.0;   80.88;    9.3;   -2.5;   -5.2;eor
       1602;20190214;-999;-999;-999;    3;   0.0;   0;-999;-999;  -999;   5.9;    -999;    3.5;   76.75;   11.3;   -1.8;   -4.6;eor
       1602;20190215;-999;-999;-999;    3;   0.0;   0;-999;-999;  -999;   6.2;    -999;    3.3;   80.92;   12.0;   -2.3;   -5.3;eor
       1602;20190216;-999;-999;-999;    3;   0.0;   0;-999;-999;  -999;   6.2;    -999;    6.4;   66.67;   16.2;   -0.5;   -4.3;eor
       1602;20190217;-999;-999;-999;    3;   0.0;   0;-999;-999;  -999;   6.1;    -999;    7.4;   61.71;   17.8;    0.3;   -2.7;eor
       1602;20190218;-999;-999;-999;    3;   0.0;   0;-999;-999;  -999;   6.1;    -999;    6.5;   64.75;   15.7;    0.6;   -2.7;eor
       1602;20190219;-999;-999;-999;    3;   0.0;   0;-999;-999;  -999;   7.4;    -999;    5.3;   82.58;   10.6;    0.3;   -3.2;eor
       1602;20190220;-999;-999;-999;    3;   0.0;   0;-999;-999;  -999;   8.0;    -999;    7.0;   80.67;   13.7;    2.1;   -1.3;eor
       1602;20190221;-999;-999;-999;    3;   0.0;   4;-999;-999;  -999;   8.1;    -999;    8.0;   77.46;   16.2;    1.7;   -0.7;eor
       1602;20190222;-999;-999;-999;    3;   0.0;   0;-999;-999;  -999;   8.9;    -999;    8.6;   79.88;   14.5;    2.7;   -0.7;eor
       1602;20190223;-999;-999;-999;    3;   0.0;   0;-999;-999;  -999;   6.0;    -999;    6.2;   64.54;   13.4;    1.4;   -2.0;eor
       1602;20190224;-999;-999;-999;    3;   0.0;   0;-999;-999;  -999;   4.0;    -999;    4.1;   51.79;   13.7;   -2.6;   -5.4;eor
       1602;20190225;-999;-999;-999;    3;   0.0;   0;-999;-999;  -999;   5.5;    -999;    6.4;   58.92;   17.7;   -0.8;   -4.1;eor
       1602;20190226;-999;-999;-999;    3;   0.0;   0;-999;-999;  -999;   7.6;    -999;    7.8;   73.67;   18.5;    0.7;   -2.7;eor
       1602;20190227;-999;-999;-999;    3;   0.0;   0;-999;-999;  -999;   7.7;    -999;    8.4;   72.33;   18.0;    1.0;   -2.9;eor
       1602;20190228;-999;-999;-999;    3;   4.6;   4;-999;-999;  -999;   7.9;    -999;   10.3;   66.54;   20.4;    1.6;   -2.1;eor
       1602;20190301;-999;-999;-999;    3;   8.1;   4;-999;-999;  -999;  10.0;    -999;    8.8;   87.83;   10.3;    7.2;    6.4;eor
       1602;20190302;-999;-999;-999;    3;   0.9;   4;-999;-999;  -999;   9.0;    -999;    8.9;   80.42;   13.0;    6.1;    5.6;eor
       1602;20190303;-999;-999;-999;    3;   0.0;   0;-999;-999;  -999;   8.9;    -999;   10.6;   69.92;   13.6;    7.3;    3.2;eor
       1602;20190304;-999;-999;-999;    3;   6.2;   4;-999;-999;  -999;   7.3;    -999;   10.6;   59.58;   16.7;    6.2;    2.5;eor
       1602;20190305;-999;-999;-999;    3;   4.0;   4;-999;-999;  -999;   8.0;    -999;    7.2;   79.29;   10.4;    5.8;    3.7;eor
       1602;20190306;-999;-999;-999;    3;   1.3;   4;-999;-999;  -999;   7.8;    -999;    9.9;   67.75;   17.9;    2.9;    1.5;eor
       1602;20190307;-999;-999;-999;    3;   3.6;   4;-999;-999;  -999;   8.1;    -999;   11.1;   61.54;   14.4;    8.9;    6.2;eor
       1602;20190308;-999;-999;-999;    3;   0.3;   4;-999;-999;  -999;   7.3;    -999;    9.6;   62.54;   13.2;    6.5;    5.7;eor
       1602;20190309;-999;-999;-999;    3;   3.9;   4;-999;-999;  -999;   9.0;    -999;   10.6;   70.42;   13.1;    9.1;    7.3;eor
       1602;20190310;-999;-999;-999;    3;   6.1;   4;-999;-999;  -999;   9.6;    -999;   11.8;   68.54;   15.7;    7.3;    4.9;eor
       1602;20190311;-999;-999;-999;    3;   0.7;   4;-999;-999;  -999;   5.9;    -999;    5.2;   68.21;    7.8;    1.8;    1.2;eor
       1602;20190312;-999;-999;-999;    3;   1.2;   4;-999;-999;  -999;   5.0;    -999;    7.8;   52.04;   14.2;    0.6;   -1.6;eor
       1602;20190313;-999;-999;-999;    3;   7.1;   4;-999;-999;  -999;   6.9;    -999;    7.1;   69.21;    9.3;    5.1;    3.7;eor
       1602;20190314;-999;-999;-999;    3;  10.6;   4;-999;-999;  -999;   7.9;    -999;    6.2;   83.17;    7.6;    4.7;    3.9;eor
       1602;20190315;-999;-999;-999;    3;   9.8;   4;-999;-999;  -999;  10.5;    -999;   10.1;   85.25;   12.8;    6.1;    5.0;eor
       1602;20190316;-999;-999;-999;    3;   0.0;   0;-999;-999;  -999;   9.6;    -999;   11.8;   69.83;   15.1;    8.0;    3.8;eor
       1602;20190317;-999;-999;-999;    3;   2.3;   4;-999;-999;  -999;   7.2;    -999;    9.3;   64.25;   17.2;    1.6;   -0.7;eor
       1602;20190318;-999;-999;-999;    3;   0.7;   4;-999;-999;  -999;   7.0;    -999;    4.7;   82.54;    9.4;    1.9;   -0.7;eor
       1602;20190319;-999;-999;-999;    3;   0.0;   0;-999;-999;  -999;   6.2;    -999;    5.1;   72.79;   11.6;    0.1;   -1.4;eor
       1602;20190320;-999;-999;-999;    3;   0.0;   0;-999;-999;  -999;   5.6;    -999;    5.4;   65.96;   13.7;   -1.4;   -3.7;eor
       1602;20190321;-999;-999;-999;    3;   0.0;   0;-999;-999;  -999;   5.6;    -999;    7.4;   60.08;   17.7;   -1.2;   -4.0;eor
       1602;20190322;-999;-999;-999;    3;   0.0;   0;-999;-999;  -999;   6.5;    -999;    8.8;   60.00;   18.0;    0.9;   -2.4;eor
       1602;20190323;-999;-999;-999;    3;   0.0;   0;-999;-999;  -999;   7.2;    -999;   10.3;   61.38;   19.1;    3.2;    0.6;eor
       1602;20190324;-999;-999;-999;    3;   0.0;   0;-999;-999;  -999;   8.3;    -999;    8.6;   75.46;   16.3;    1.7;   -1.4;eor
       1602;20190325;-999;-999;-999;    3;   3.7;   4;-999;-999;  -999;   6.9;    -999;    7.1;   69.67;   11.9;    2.9;   -0.1;eor
       1602;20190326;-999;-999;-999;    3;   0.0;   0;-999;-999;  -999;   6.8;    -999;    6.4;   72.96;   11.8;    1.8;   -0.7;eor
       1602;20190327;-999;-999;-999;    3;   0.0;   0;-999;-999;  -999;   6.7;    -999;    6.7;   70.21;   13.1;    1.1;   -0.8;eor
       1602;20190328;-999;-999;-999;    3;   0.0;   0;-999;-999;  -999;   6.9;    -999;    8.5;   66.21;   17.2;   -0.2;   -2.7;eor
       1602;20190329;-999;-999;-999;    3;   0.0;   0;-999;-999;  -999;   8.4;    -999;   11.2;   66.04;   19.6;    3.6;    0.6;eor
       1602;20190330;-999;-999;-999;    3;   0.0;   0;-999;-999;  -999;   7.4;    -999;   12.3;   56.25;   21.3;    4.8;    2.3;eor
       1602;20190331;-999;-999;-999;    3;   0.0;   0;-999;-999;  -999;   7.4;    -999;   12.1;   56.21;   21.7;    3.5;    0.2;eor
       1602;20190401;-999;-999;-999;    3;   0.0;   0;-999;-999;  -999;   8.7;    -999;   11.9;   65.38;   20.4;    3.6;    0.5;eor
       1602;20190402;-999;-999;-999;    3;   1.8;   4;-999;-999;  -999;   7.7;    -999;   15.3;   49.29;   22.7;    7.2;    5.8;eor
       1602;20190403;-999;-999;-999;    3;  14.2;   4;-999;-999;  -999;   9.1;    -999;    7.5;   87.17;   12.6;    4.0;    3.7;eor
       1602;20190404;-999;-999;-999;    3;   8.0;   4;-999;-999;  -999;   7.3;    -999;    3.6;   92.38;    4.3;    1.3;   -0.3;eor
       1602;20190405;-999;-999;-999;    3;   0.0;   0;-999;-999;  -999;   7.7;    -999;    5.1;   87.67;    9.9;    1.2;   -0.7;eor
       1602;20190406;-999;-999;-999;    3;   0.0;   0;-999;-999;  -999;   8.4;    -999;    7.4;   82.00;   15.4;    0.8;   -0.9;eor
       1602;20190407;-999;-999;-999;    3;  14.0;   4;-999;-999;  -999;   9.9;    -999;    9.7;   83.33;   14.0;    5.6;    3.8;eor
       1602;20190408;-999;-999;-999;    3;   0.4;   4;-999;-999;  -999;  10.7;    -999;   10.7;   84.00;   14.9;    8.3;    6.8;eor
       1602;20190409;-999;-999;-999;    3;   3.8;   4;-999;-999;  -999;  11.4;    -999;    9.6;   95.00;   10.8;    8.4;    6.2;eor
       1602;20190410;-999;-999;-999;    3;   7.9;   4;-999;-999;  -999;  11.1;    -999;    9.3;   94.63;   11.2;    6.6;    5.9;eor
       1602;20190411;-999;-999;-999;    3;   0.0;   0;-999;-999;  -999;   7.2;    -999;    7.8;   70.88;   14.0;    2.0;   -0.8;eor
       1602;20190412;-999;-999;-999;    3;   0.0;   0;-999;-999;  -999;   5.9;    -999;    5.9;   66.42;   13.2;    0.0;   -2.2;eor
       1602;20190413;-999;-999;-999;    3;   0.1;   4;-999;-999;  -999;   6.3;    -999;    4.7;   73.83;    7.2;    3.0;    1.8;eor
       1602;20190414;-999;-999;-999;    3;   0.3;   4;-999;-999;  -999;   7.0;    -999;    4.5;   83.13;    8.9;    1.4;   -1.3;eor
       1602;20190415;-999;-999;-999;    3;   0.0;   0;-999;-999;  -999;   7.4;    -999;    8.7;   68.63;   19.4;   -0.5;   -2.8;eor
       1602;20190416;-999;-999;-999;    3;   1.2;   4;-999;-999;  -999;   9.3;    -999;   11.6;   69.88;   18.0;    4.5;    2.2;eor
       1602;20190417;-999;-999;-999;    3;   0.0;   0;-999;-999;  -999;  12.0;    -999;   13.4;   79.17;   19.7;    8.8;    5.8;eor
       1602;20190418;-999;-999;-999;    3;   0.0;   0;-999;-999;  -999;   8.4;    -999;   15.5;   50.13;   24.3;    4.7;    1.2;eor
       1602;20190419;-999;-999;-999;    3;   0.0;   0;-999;-999;  -999;   9.6;    -999;   15.9;   55.96;   24.7;    7.2;    3.8;eor
       1602;20190420;-999;-999;-999;    3;   0.0;   0;-999;-999;  -999;   7.9;    -999;   16.5;   47.04;   26.1;    7.0;    3.7;eor
       1602;20190421;-999;-999;-999;    3;   0.0;   0;-999;-999;  -999;   7.8;    -999;   16.2;   46.25;   26.8;    7.4;    2.5;eor
       1602;20190422;-999;-999;-999;    3;   0.0;   0;-999;-999;  -999;   7.7;    -999;   17.3;   42.63;   26.7;    7.0;    3.0;eor
       1602;20190423;-999;-999;-999;    3;   0.0;   0;-999;-999;  -999;  10.2;    -999;   16.7;   55.00;   23.7;   10.5;    7.1;eor
       1602;20190424;-999;-999;-999;    3;   0.9;   4;-999;-999;  -999;  11.4;    -999;   14.7;   70.67;   26.7;    6.7;    5.5;eor
       1602;20190425;-999;-999;-999;    3;   6.7;   4;-999;-999;  -999;  10.6;    -999;   13.1;   70.46;   21.2;    5.9;    3.4;eor
       1602;20190426;-999;-999;-999;    3;   3.7;   4;-999;-999;  -999;  10.2;    -999;   10.0;   82.75;   12.9;    6.5;    5.2;eor
       1602;20190427;-999;-999;-999;    3;   4.2;   4;-999;-999;  -999;   9.7;    -999;    9.2;   82.79;   15.2;    5.9;    4.3;eor
       1602;20190428;-999;-999;-999;    3;   0.7;   4;-999;-999;  -999;   8.1;    -999;    7.6;   78.58;   12.2;    3.6;    1.3;eor
       1602;20190429;-999;-999;-999;    3;   1.2;   4;-999;-999;  -999;   8.6;    -999;    8.8;   76.88;   14.7;    2.1;    0.2;eor
       1602;20190430;-999;-999;-999;    3;   0.1;   4;-999;-999;  -999;  10.2;    -999;   10.6;   81.54;   16.5;    6.1;    4.2;eor
       1602;20190501;-999;-999;-999;    3;   0.0;   0;-999;-999;  -999;   9.5;    -999;   12.5;   68.38;   20.7;    4.1;    2.3;eor
       1602;20190502;-999;-999;-999;    3;  11.1;   4;-999;-999;  -999;  10.9;    -999;   11.8;   80.29;   20.1;    6.6;    4.2;eor
       1602;20190503;-999;-999;-999;    3;   1.7;   4;-999;-999;  -999;  10.6;    -999;   11.0;   81.88;   16.5;    6.5;    5.0;eor
       1602;20190504;-999;-999;-999;    3;   6.4;   4;-999;-999;  -999;   8.2;    -999;    5.4;   91.25;   10.0;    3.2;    2.7;eor
       1602;20190505;-999;-999;-999;    3;   0.0;   0;-999;-999;  -999;   6.5;    -999;    6.3;   70.00;   11.0;    2.0;    0.4;eor
       1602;20190506;-999;-999;-999;    3;   0.0;   0;-999;-999;  -999;   6.8;    -999;    7.5;   67.54;   13.8;    1.9;    0.3;eor
       1602;20190507;-999;-999;-999;    3;   0.5;   4;-999;-999;  -999;   7.3;    -999;   10.3;   60.75;   16.6;    2.3;    0.0;eor
       1602;20190508;-999;-999;-999;    3;  20.0;   4;-999;-999;  -999;  11.2;    -999;   10.9;   84.92;   13.5;    8.5;    7.8;eor
       1602;20190509;-999;-999;-999;    3;  11.3;   4;-999;-999;  -999;  11.0;    -999;   11.2;   82.63;   14.9;    6.6;    4.4;eor
       1602;20190510;-999;-999;-999;    3;   2.2;   4;-999;-999;  -999;  12.1;    -999;   12.9;   82.21;   18.0;    9.6;    8.8;eor
       1602;20190511;-999;-999;-999;    3;  15.6;   4;-999;-999;  -999;  11.5;    -999;   13.1;   78.46;   19.5;    7.9;    5.5;eor
       1602;20190512;-999;-999;-999;    3;   0.0;   0;-999;-999;  -999;   8.5;    -999;    9.6;   73.54;   14.4;    4.6;    1.7;eor
       1602;20190513;-999;-999;-999;    3;   0.0;   0;-999;-999;  -999;   6.5;    -999;   11.1;   54.04;   18.0;    2.3;    0.3;eor
       1602;20190514;-999;-999;-999;    3;   0.0;   0;-999;-999;  -999;   5.7;    -999;   11.8;   42.25;   17.0;    4.4;    1.0;eor
       1602;20190515;-999;-999;-999;    3;   0.0;   0;-999;-999;  -999;   6.3;    -999;   11.4;   48.71;   16.9;    4.4;    1.1;eor
       1602;20190516;-999;-999;-999;    3;   0.0;   0;-999;-999;  -999;   8.4;    -999;   11.3;   63.42;   16.5;    3.5;    0.9;eor
       1602;20190517;-999;-999;-999;    3;   0.0;   0;-999;-999;  -999;  10.8;    -999;   13.9;   69.17;   20.0;    6.4;    3.8;eor
       1602;20190518;-999;-999;-999;    3;   7.0;   4;-999;-999;  -999;  12.8;    -999;   14.3;   79.83;   21.4;   10.7;    9.7;eor
       1602;20190519;-999;-999;-999;    3;   9.2;   4;-999;-999;  -999;  14.3;    -999;   14.6;   86.75;   20.0;   11.8;   11.2;eor
       1602;20190520;-999;-999;-999;    3;  26.5;   4;-999;-999;  -999;  15.1;    -999;   14.5;   91.38;   17.7;   12.6;   11.9;eor
       1602;20190521;-999;-999;-999;    3;  34.5;   4;-999;-999;  -999;  13.6;    -999;   12.4;   94.38;   13.7;   11.5;   11.1;eor
       1602;20190522;-999;-999;-999;    3;   0.0;   0;-999;-999;  -999;  11.4;    -999;   14.2;   72.83;   19.7;    8.8;    7.5;eor
       1602;20190523;-999;-999;-999;    3;   0.0;   0;-999;-999;  -999;  11.0;    -999;   15.0;   67.54;   22.4;    6.9;    5.2;eor
       1602;20190524;-999;-999;-999;    3;   0.0;   0;-999;-999;  -999;  12.2;    -999;   16.9;   65.75;   24.0;    9.9;    7.9;eor
       1602;20190525;-999;-999;-999;    3;   0.6;   4;-999;-999;  -999;  12.9;    -999;   17.0;   68.38;   23.4;   11.5;    9.1;eor
       1602;20190526;-999;-999;-999;    3;   0.0;   0;-999;-999;  -999;  12.0;    -999;   16.7;   65.75;   23.7;    9.1;    7.3;eor
       1602;20190527;-999;-999;-999;    3;   1.9;   4;-999;-999;  -999;  13.3;    -999;   16.1;   73.92;   22.3;   11.1;    9.5;eor
       1602;20190528;-999;-999;-999;    3;   3.1;   4;-999;-999;  -999;  12.7;    -999;   13.5;   82.58;   18.2;   10.6;    9.7;eor
       1602;20190529;-999;-999;-999;    3;   0.0;   0;-999;-999;  -999;  11.7;    -999;   13.5;   77.13;   18.9;    9.5;    8.0;eor
       1602;20190530;-999;-999;-999;    3;   0.0;   0;-999;-999;  -999;  11.0;    -999;   16.2;   63.00;   23.2;    7.7;    6.4;eor
       1602;20190531;-999;-999;-999;    3;   0.0;   0;-999;-999;  -999;  13.9;    -999;   19.4;   64.21;   25.7;   14.5;   13.2;eor
       1602;20190601;-999;-999;-999;    3;   0.0;   0;-999;-999;  -999;  15.0;    -999;   21.0;   63.04;   28.5;   12.3;   10.4;eor
       1602;20190602;-999;-999;-999;    3;   0.0;   0;-999;-999;  -999;  13.9;    -999;   23.2;   53.17;   32.4;   14.2;   12.1;eor
       1602;20190603;-999;-999;-999;    3;   0.7;   4;-999;-999;  -999;  15.8;    -999;   21.3;   64.50;   31.9;   15.6;   13.7;eor
       1602;20190604;-999;-999;-999;    3;   0.0;   0;-999;-999;  -999;  16.9;    -999;   22.9;   62.71;   33.6;   14.2;   12.3;eor
       1602;20190605;-999;-999;-999;    3;   0.2;   4;-999;-999;  -999;  14.1;    -999;   24.3;   49.25;   31.2;   16.1;   13.7;eor
       1602;20190606;-999;-999;-999;    3;   2.0;   4;-999;-999;  -999;  12.2;    -999;   13.7;   78.00;   20.4;    9.2;    8.2;eor
       1602;20190607;-999;-999;-999;    3;   1.4;   4;-999;-999;  -999;  13.4;    -999;   16.4;   73.08;   26.1;    9.0;    7.4;eor
       1602;20190608;-999;-999;-999;    3;   0.0;   0;-999;-999;  -999;   9.1;    -999;   17.8;   46.88;   23.6;   10.8;    8.2;eor
       1602;20190609;-999;-999;-999;    3;   4.1;   4;-999;-999;  -999;  13.1;    -999;   16.5;   70.04;   21.9;    9.0;    6.9;eor
       1602;20190610;-999;-999;-999;    3;  17.9;   4;-999;-999;  -999;  17.1;    -999;   16.6;   90.42;   20.8;   14.5;   13.3;eor
       1602;20190611;-999;-999;-999;    3;   0.7;   4;-999;-999;  -999;  14.9;    -999;   15.6;   84.54;   18.2;   12.6;   12.2;eor
       1602;20190612;-999;-999;-999;    3;   5.9;   4;-999;-999;  -999;  13.8;    -999;   16.5;   75.21;   22.7;   13.2;   13.1;eor
       1602;20190613;-999;-999;-999;    3;   0.0;   0;-999;-999;  -999;  12.1;    -999;   18.5;   61.54;   26.0;   12.5;   11.3;eor
       1602;20190614;-999;-999;-999;    3;   0.2;   4;-999;-999;  -999;  15.9;    -999;   18.7;   72.79;   24.3;   12.2;   10.4;eor
       1602;20190615;-999;-999;-999;    3;  10.8;   4;-999;-999;  -999;  16.7;    -999;   19.9;   73.46;   24.7;   15.4;   14.0;eor
       1602;20190616;-999;-999;-999;    3;   0.0;   0;-999;-999;  -999;  15.4;    -999;   18.4;   74.54;   24.1;   13.9;   12.5;eor
       1602;20190617;-999;-999;-999;    3;   0.0;   0;-999;-999;  -999;  15.9;    -999;   20.4;   68.50;   27.6;   12.0;   10.4;eor
       1602;20190618;-999;-999;-999;    3;   0.0;   0;-999;-999;  -999;  17.2;    -999;   23.0;   64.00;   30.5;   15.1;   13.4;eor
       1602;20190619;-999;-999;-999;    3;   3.3;   4;-999;-999;  -999;  15.7;    -999;   24.2;   55.92;   31.5;   16.3;   14.7;eor
       1602;20190620;-999;-999;-999;    3;   5.0;   4;-999;-999;  -999;  18.1;    -999;   19.1;   82.92;   24.6;   16.4;   16.0;eor
       1602;20190621;-999;-999;-999;    3;   1.1;   4;-999;-999;  -999;  16.2;    -999;   20.5;   70.08;   26.0;   15.2;   14.4;eor
       1602;20190622;-999;-999;-999;    3;   6.2;   4;-999;-999;  -999;  17.9;    -999;   17.2;   90.75;   20.6;   14.9;   14.7;eor
       1602;20190623;-999;-999;-999;    3;   0.0;   0;-999;-999;  -999;  18.8;    -999;   21.0;   78.21;   28.3;   15.7;   14.7;eor
       1602;20190624;-999;-999;-999;    3;   0.0;   0;-999;-999;  -999;  21.4;    -999;   24.8;   69.38;   31.6;   17.3;   15.3;eor
       1602;20190625;-999;-999;-999;    3;   0.0;   0;-999;-999;  -999;  21.0;    -999;   26.8;   62.08;   35.9;   19.2;   17.4;eor
       1602;20190626;-999;-999;-999;    3;   0.0;   0;-999;-999;  -999;  22.9;    -999;   28.0;   63.58;   36.5;   20.2;   19.0;eor
       1602;20190627;-999;-999;-999;    3;   0.0;   0;-999;-999;  -999;  22.8;    -999;   26.7;   66.42;   33.1;   19.0;   17.0;eor
       1602;20190628;-999;-999;-999;    3;   0.0;   0;-999;-999;  -999;  14.6;    -999;   23.2;   53.71;   31.0;   14.9;   12.8;eor
       1602;20190629;-999;-999;-999;    3;   0.0;   0;-999;-999;  -999;  16.9;    -999;   25.1;   54.88;   34.6;   15.8;   13.4;eor
       1602;20190630;-999;-999;-999;    3;   0.0;   0;-999;-999;  -999;  19.3;    -999;   28.6;   51.29;   37.5;   18.8;   17.3;eor
       1602;20190701;-999;-999;-999;    3;   0.1;   4;-999;-999;  -999;  18.6;    -999;   25.9;   56.29;   29.2;   19.0;   17.1;eor
       1602;20190702;-999;-999;-999;    3;   0.0;   0;-999;-999;  -999;  14.3;    -999;   22.0;   55.58;   27.3;   15.9;   14.0;eor
       1602;20190703;-999;-999;-999;    3;   0.0;   0;-999;-999;  -999;  13.1;    -999;   20.8;   55.83;   28.1;   13.4;   11.8;eor
       1602;20190704;-999;-999;-999;    3;   0.0;   0;-999;-999;  -999;  12.8;    -999;   21.1;   54.13;   29.0;   12.7;   11.2;eor
       1602;20190705;-999;-999;-999;    3;   0.0;   0;-999;-999;  -999;  13.0;    -999;   22.7;   50.63;   31.1;   13.7;   11.1;eor
       1602;20190706;-999;-999;-999;    3;   0.6;   4;-999;-999;  -999;  15.6;    -999;   23.4;   55.33;   30.5;   14.6;   12.6;eor
       1602;20190707;-999;-999;-999;    3;   0.0;   4;-999;-999;  -999;  16.9;    -999;   21.0;   68.88;   26.1;   17.4;   16.4;eor
       1602;20190708;-999;-999;-999;    3;   0.0;   0;-999;-999;  -999;  13.7;    -999;   17.9;   67.88;   23.5;   11.3;    9.7;eor
       1602;20190709;-999;-999;-999;    3;   0.0;   0;-999;-999;  -999;  10.6;    -999;   16.5;   59.04;   22.9;    9.4;    7.2;eor
       1602;20190710;-999;-999;-999;    3;   0.0;   0;-999;-999;  -999;   9.8;    -999;   17.7;   51.33;   25.4;    8.8;    6.6;eor
       1602;20190711;-999;-999;-999;    3;   7.7;   4;-999;-999;  -999;  13.7;    -999;   18.4;   64.38;   23.9;   14.5;   13.4;eor
       1602;20190712;-999;-999;-999;    3;   3.5;   4;-999;-999;  -999;  16.7;    -999;   18.8;   78.83;   26.7;   14.8;   14.0;eor
       1602;20190713;-999;-999;-999;    3;   0.0;   0;-999;-999;  -999;  14.7;    -999;   18.3;   71.88;   23.7;   13.5;   11.8;eor
       1602;20190714;-999;-999;-999;    3;   2.7;   4;-999;-999;  -999;  15.8;    -999;   16.6;   83.42;   22.4;   13.9;   13.2;eor
       1602;20190715;-999;-999;-999;    3;   0.0;   0;-999;-999;  -999;  14.6;    -999;   17.8;   73.75;   24.0;   11.4;   10.3;eor
       1602;20190716;-999;-999;-999;    3;   0.0;   0;-999;-999;  -999;  13.7;    -999;   18.6;   67.54;   26.8;   10.5;    8.7;eor
       1602;20190717;-999;-999;-999;    3;   0.0;   0;-999;-999;  -999;  13.4;    -999;   20.5;   59.17;   28.6;   12.9;   11.0;eor
       1602;20190718;-999;-999;-999;    3;   0.5;   4;-999;-999;  -999;  13.9;    -999;   21.2;   58.42;   29.3;   13.4;   11.1;eor
       1602;20190719;-999;-999;-999;    3;   0.0;   0;-999;-999;  -999;  16.2;    -999;   22.2;   62.67;   28.2;   17.1;   15.3;eor
       1602;20190720;-999;-999;-999;    3;   9.7;   4;-999;-999;  -999;  16.0;    -999;   25.2;   54.63;   33.6;   16.4;   14.4;eor
       1602;20190721;-999;-999;-999;    3;   0.0;   0;-999;-999;  -999;  19.8;    -999;   23.1;   72.08;   29.4;   18.4;   16.2;eor
       1602;20190722;-999;-999;-999;    3;   0.0;   0;-999;-999;  -999;  16.6;    -999;   23.6;   60.54;   31.2;   16.1;   14.0;eor
       1602;20190723;-999;-999;-999;    3;   0.0;   0;-999;-999;  -999;  17.5;    -999;   26.0;   55.38;   35.4;   17.1;   14.6;eor
       1602;20190724;-999;-999;-999;    3;   0.0;   0;-999;-999;  -999;  16.1;    -999;   28.2;   45.50;   37.2;   19.5;   16.4;eor
       1602;20190725;-999;-999;-999;    3;   0.0;   0;-999;-999;  -999;  17.6;    -999;   29.2;   46.50;   39.0;   19.1;   16.6;eor
       1602;20190726;-999;-999;-999;    3;  15.4;   4;-999;-999;  -999;  18.6;    -999;   28.2;   53.00;   36.4;   19.9;   18.9;eor
       1602;20190727;-999;-999;-999;    3;  15.3;   4;-999;-999;  -999;  21.3;    -999;   22.0;   82.08;   28.5;   18.6;   18.1;eor
       1602;20190728;-999;-999;-999;    3;   3.0;   4;-999;-999;  -999;  19.9;    -999;   18.7;   92.33;   20.4;   15.7;   14.2;eor
       1602;20190729;-999;-999;-999;    3;   0.0;   0;-999;-999;  -999;  16.4;    -999;   20.5;   71.46;   27.2;   14.3;   12.8;eor
       1602;20190730;-999;-999;-999;    3;   0.5;   4;-999;-999;  -999;  18.0;    -999;   22.8;   66.96;   31.0;   17.5;   16.4;eor
       1602;20190731;-999;-999;-999;    3;   0.0;   0;-999;-999;  -999;  15.1;    -999;   20.3;   65.58;   25.7;   13.8;   11.1;eor
       1602;20190801;-999;-999;-999;    3;   0.0;   0;-999;-999;  -999;  12.4;    -999;   19.5;   58.29;   26.9;   11.3;    9.5;eor
       1602;20190802;-999;-999;-999;    3;   0.0;   0;-999;-999;  -999;  14.2;    -999;   21.5;   57.42;   28.5;   15.9;   14.0;eor
       1602;20190803;-999;-999;-999;    3;   0.0;   0;-999;-999;  -999;  15.1;    -999;   19.9;   66.96;   26.4;   13.6;   11.2;eor
       1602;20190804;-999;-999;-999;    3;   0.1;   4;-999;-999;  -999;  14.6;    -999;   21.8;   59.58;   30.3;   14.0;   11.7;eor
       1602;20190805;-999;-999;-999;    3;   0.0;   0;-999;-999;  -999;  16.8;    -999;   24.0;   58.21;   31.6;   17.5;   16.1;eor
       1602;20190806;-999;-999;-999;    3;  15.9;   4;-999;-999;  -999;  18.7;    -999;   23.9;   64.71;   30.9;   17.3;   15.1;eor
       1602;20190807;-999;-999;-999;    3;  39.1;   4;-999;-999;  -999;  20.2;    -999;   18.8;   93.17;   21.1;   15.9;   15.0;eor
       1602;20190808;-999;-999;-999;    3;   0.0;   0;-999;-999;  -999;  17.4;    -999;   21.4;   71.79;   28.3;   15.7;   14.1;eor
       1602;20190809;-999;-999;-999;    3;  16.8;   4;-999;-999;  -999;  20.1;    -999;   24.3;   68.54;   34.7;   15.9;   14.8;eor
       1602;20190810;-999;-999;-999;    3;   0.0;   0;-999;-999;  -999;  18.8;    -999;   22.0;   73.25;   27.9;   16.8;   15.0;eor
       1602;20190811;-999;-999;-999;    3;  13.5;   4;-999;-999;  -999;  16.5;    -999;   18.9;   77.46;   27.2;   14.4;   12.9;eor
       1602;20190812;-999;-999;-999;    3;   9.7;   4;-999;-999;  -999;  16.0;    -999;   17.1;   83.29;   22.8;   12.8;   11.5;eor
       1602;20190813;-999;-999;-999;    3;   0.0;   0;-999;-999;  -999;  13.2;    -999;   15.8;   75.83;   22.0;   11.2;   10.0;eor
       1602;20190814;-999;-999;-999;    3;   0.1;   4;-999;-999;  -999;  12.4;    -999;   16.9;   67.46;   24.1;    9.6;    8.5;eor
       1602;20190815;-999;-999;-999;    3;   1.9;   4;-999;-999;  -999;  15.7;    -999;   17.1;   80.38;   23.1;   12.5;   11.5;eor
       1602;20190816;-999;-999;-999;    3;   0.0;   0;-999;-999;  -999;  15.4;    -999;   19.0;   72.92;   26.2;   12.5;   11.6;eor
       1602;20190817;-999;-999;-999;    3;   1.5;   4;-999;-999;  -999;  17.2;    -999;   18.8;   79.79;   24.0;   14.5;   13.5;eor
       1602;20190818;-999;-999;-999;    3;   4.2;   4;-999;-999;  -999;  19.2;    -999;   22.9;   72.08;   31.8;   15.6;   14.1;eor
       1602;20190819;-999;-999;-999;    3;   0.0;   0;-999;-999;  -999;  19.3;    -999;   20.4;   81.67;   24.4;   17.0;   15.7;eor
       1602;20190820;-999;-999;-999;    3;   3.9;   4;-999;-999;  -999;  16.6;    -999;   16.0;   90.54;   18.5;   12.4;   11.4;eor
       1602;20190821;-999;-999;-999;    3;   0.0;   0;-999;-999;  -999;  14.3;    -999;   17.1;   75.92;   24.6;   11.0;    9.6;eor
       1602;20190822;-999;-999;-999;    3;   0.0;   0;-999;-999;  -999;  15.0;    -999;   18.3;   73.67;   26.5;   10.6;    8.2;eor
       1602;20190823;-999;-999;-999;    3;   0.0;   0;-999;-999;  -999;  15.9;    -999;   20.1;   71.33;   28.6;   12.5;   10.3;eor
       1602;20190824;-999;-999;-999;    3;   0.0;   0;-999;-999;  -999;  18.4;    -999;   20.8;   76.38;   28.5;   13.9;   11.7;eor
       1602;20190825;-999;-999;-999;    3;   0.0;   0;-999;-999;  -999;  18.2;    -999;   22.5;   70.79;   31.4;   16.0;   14.2;eor
       1602;20190826;-999;-999;-999;    3;   0.0;   0;-999;-999;  -999;  19.8;    -999;   23.2;   71.88;   31.3;   15.7;   13.6;eor
       1602;20190827;-999;-999;-999;    3;   0.0;   0;-999;-999;  -999;  18.9;    -999;   24.4;   65.58;   32.5;   17.7;   16.1;eor
       1602;20190828;-999;-999;-999;    3;   0.0;   0;-999;-999;  -999;  19.4;    -999;   23.9;   67.42;   31.8;   18.7;   17.8;eor
       1602;20190829;-999;-999;-999;    3;   0.0;   0;-999;-999;  -999;  20.1;    -999;   23.3;   72.33;   31.7;   18.3;   17.1;eor
       1602;20190830;-999;-999;-999;    3;   0.0;   0;-999;-999;  -999;  19.8;    -999;   22.8;   73.58;   30.6;   16.6;   15.6;eor
       1602;20190831;-999;-999;-999;    3;   0.2;   4;-999;-999;  -999;  19.6;    -999;   24.3;   67.71;   33.1;   17.4;   15.4;eor
       1602;20190901;-999;-999;-999;    3;   0.0;   0;-999;-999;  -999;  16.4;    -999;   21.3;   65.42;   25.2;   16.6;   15.0;eor
       1602;20190902;-999;-999;-999;    3;   0.0;   0;-999;-999;  -999;  12.1;    -999;   17.5;   62.71;   23.5;   11.7;    9.7;eor
       1602;20190903;-999;-999;-999;    3;   0.0;   0;-999;-999;  -999;  10.5;    -999;   16.8;   58.54;   25.3;    9.3;    7.3;eor
       1602;20190904;-999;-999;-999;    3;   0.1;   4;-999;-999;  -999;  11.5;    -999;   18.2;   58.46;   27.7;    9.2;    6.9;eor
       1602;20190905;-999;-999;-999;    3;   0.0;   0;-999;-999;  -999;  12.3;    -999;   16.5;   65.63;   20.2;   13.7;   11.6;eor
       1602;20190906;-999;-999;-999;    3;   0.0;   0;-999;-999;  -999;  11.9;    -999;   15.1;   70.50;   21.1;   10.6;    7.6;eor
       1602;20190907;-999;-999;-999;    3;   2.9;   4;-999;-999;  -999;  11.6;    -999;   13.7;   76.29;   21.1;    8.9;    6.4;eor
       1602;20190908;-999;-999;-999;    3;   6.0;   4;-999;-999;  -999;  13.4;    -999;   12.4;   92.71;   14.6;   11.0;   10.6;eor
       1602;20190909;-999;-999;-999;    3;   0.0;   0;-999;-999;  -999;  12.1;    -999;   13.3;   80.25;   18.5;    9.0;    7.6;eor
       1602;20190910;-999;-999;-999;    3;   0.0;   0;-999;-999;  -999;  11.8;    -999;   14.2;   75.00;   21.6;    7.7;    5.7;eor
       1602;20190911;-999;-999;-999;    3;   0.0;   0;-999;-999;  -999;  12.2;    -999;   14.9;   73.92;   22.2;    8.8;    6.5;eor
       1602;20190912;-999;-999;-999;    3;   0.0;   0;-999;-999;  -999;  13.4;    -999;   18.4;   66.96;   26.5;   11.4;   10.1;eor
       1602;20190913;-999;-999;-999;    3;   0.0;   0;-999;-999;  -999;  16.3;    -999;   18.9;   76.13;   25.6;   12.6;   10.9;eor
       1602;20190914;-999;-999;-999;    3;   0.0;   0;-999;-999;  -999;  17.4;    -999;   19.0;   80.46;   26.3;   13.4;   11.4;eor
       1602;20190915;-999;-999;-999;    3;   0.0;   0;-999;-999;  -999;  17.4;    -999;   20.4;   74.75;   28.7;   14.1;   11.5;eor
       1602;20190916;-999;-999;-999;    3;   0.0;   0;-999;-999;  -999;  16.1;    -999;   20.3;   69.83;   28.0;   14.2;   11.3;eor
       1602;20190917;-999;-999;-999;    3;   0.0;   0;-999;-999;  -999;  13.4;    -999;   15.6;   76.46;   20.9;    9.8;    7.3;eor
       1602;20190918;-999;-999;-999;    3;   0.0;   0;-999;-999;  -999;   9.5;    -999;   13.1;   66.67;   20.9;    6.9;    5.1;eor
       1602;20190919;-999;-999;-999;    3;   0.0;   0;-999;-999;  -999;   8.0;    -999;   12.0;   60.96;   20.4;    4.6;    2.6;eor
       1602;20190920;-999;-999;-999;    3;   0.0;   0;-999;-999;  -999;   7.5;    -999;   13.5;   52.75;   23.2;    4.5;    1.6;eor
       1602;20190921;-999;-999;-999;    3;   0.0;   0;-999;-999;  -999;   9.9;    -999;   14.8;   60.42;   25.1;    6.4;    3.4;eor
       1602;20190922;-999;-999;-999;    3;  14.9;   4;-999;-999;  -999;  14.3;    -999;   17.8;   70.88;   25.8;   11.6;    8.9;eor
       1602;20190923;-999;-999;-999;    3;   0.0;   0;-999;-999;  -999;  15.0;    -999;   16.0;   83.29;   21.2;   11.7;   10.2;eor
       1602;20190924;-999;-999;-999;    3;   2.6;   4;-999;-999;  -999;  14.1;    -999;   14.2;   87.42;   17.6;    9.8;    8.0;eor
       1602;20190925;-999;-999;-999;    3;   3.3;   4;-999;-999;  -999;  15.3;    -999;   15.3;   87.88;   17.2;   13.7;   12.5;eor
       1602;20190926;-999;-999;-999;    3;   1.1;   4;-999;-999;  -999;  16.7;    -999;   16.4;   89.79;   19.4;   13.7;   13.1;eor
       1602;20190927;-999;-999;-999;    3;   9.5;   4;-999;-999;  -999;  16.2;    -999;   16.4;   87.33;   18.8;   13.7;   12.6;eor
       1602;20190928;-999;-999;-999;    3;   0.5;   4;-999;-999;  -999;  13.8;    -999;   15.9;   77.17;   19.9;   11.8;   10.0;eor
       1602;20190929;-999;-999;-999;    3;   1.0;   4;-999;-999;  -999;  12.9;    -999;   16.6;   70.63;   23.5;    9.2;    6.8;eor
       1602;20190930;-999;-999;-999;    3;   0.0;   0;-999;-999;  -999;  12.2;    -999;   15.8;   68.71;   19.8;   10.3;    8.6;eor
       1602;20191001;-999;-999;-999;    3;   3.3;   4;-999;-999;  -999;  14.4;    -999;   15.6;   81.33;   22.4;    9.0;    7.7;eor
       1602;20191002;-999;-999;-999;    3;   7.8;   4;-999;-999;  -999;  13.3;    -999;   13.0;   88.13;   16.8;    8.3;    7.4;eor
       1602;20191003;-999;-999;-999;    3;   0.0;   0;-999;-999;  -999;   9.3;    -999;    9.5;   80.17;   15.3;    5.2;    3.5;eor
       1602;20191004;-999;-999;-999;    3;   3.1;   4;-999;-999;  -999;  11.1;    -999;   11.5;   81.46;   15.4;    7.5;    6.9;eor
       1602;20191005;-999;-999;-999;    3;   6.2;   4;-999;-999;  -999;  12.9;    -999;   12.2;   90.08;   15.3;    9.6;    8.5;eor
       1602;20191006;-999;-999;-999;    3;  18.2;   4;-999;-999;  -999;  13.3;    -999;   12.1;   93.92;   14.3;    9.8;    9.7;eor
       1602;20191007;-999;-999;-999;    3;   0.0;   0;-999;-999;  -999;  12.5;    -999;   12.2;   88.46;   15.3;    9.6;    8.6;eor
       1602;20191008;-999;-999;-999;    3;   6.4;   4;-999;-999;  -999;  13.3;    -999;   14.7;   78.83;   19.7;   11.1;   10.3;eor
       1602;20191009;-999;-999;-999;    3;  10.6;   4;-999;-999;  -999;  12.7;    -999;   11.9;   90.88;   15.4;    9.1;    8.8;eor
       1602;20191010;-999;-999;-999;    3;   0.8;   4;-999;-999;  -999;  11.8;    -999;   12.5;   81.50;   16.6;    8.7;    6.4;eor
       1602;20191011;-999;-999;-999;    3;   0.0;   0;-999;-999;  -999;  12.0;    -999;   12.9;   82.21;   21.1;    6.7;    4.4;eor
       1602;20191012;-999;-999;-999;    3;   0.0;   4;-999;-999;  -999;  14.1;    -999;   15.7;   80.29;   25.5;    7.6;    5.3;eor
       1602;20191013;-999;-999;-999;    3;   0.0;   0;-999;-999;  -999;  15.5;    -999;   19.0;   73.42;   27.7;   13.6;   11.0;eor
       1602;20191014;-999;-999;-999;    3;   0.0;   0;-999;-999;  -999;  15.5;    -999;   17.5;   78.67;   26.6;   11.8;    8.9;eor
       1602;20191015;-999;-999;-999;    3;   7.7;   4;-999;-999;  -999;  14.0;    -999;   14.1;   87.04;   18.2;   10.8;    9.1;eor
       1602;20191016;-999;-999;-999;    3;   0.9;   4;-999;-999;  -999;  11.4;    -999;   13.4;   75.79;   19.7;   10.1;    8.6;eor
       1602;20191017;-999;-999;-999;    3;   5.9;   4;-999;-999;  -999;  13.7;    -999;   14.7;   82.75;   21.5;   10.5;    9.7;eor
       1602;20191018;-999;-999;-999;    3;   7.0;   4;-999;-999;  -999;  14.9;    -999;   14.6;   89.50;   18.8;   12.1;   10.1;eor
       1602;20191019;-999;-999;-999;    3;  17.3;   4;-999;-999;  -999;  14.2;    -999;   13.2;   93.21;   14.8;   11.8;   11.5;eor
       1602;20191020;-999;-999;-999;    3;   0.1;   4;-999;-999;  -999;  15.4;    -999;   14.8;   91.75;   19.8;   11.2;    9.3;eor
       1602;20191021;-999;-999;-999;    3;   2.2;   4;-999;-999;  -999;  15.2;    -999;   14.5;   91.96;   16.7;   12.9;   12.1;eor
       1602;20191022;-999;-999;-999;    3;   0.0;   4;-999;-999;  -999;  14.3;    -999;   13.1;   94.54;   15.1;   10.2;    8.2;eor
       1602;20191023;-999;-999;-999;    1;   0.0;   0;-999;-999;  -999;  13.4;    -999;   11.5;   98.50;   12.6;   10.2;    9.4;eor
       1602;20191024;-999;-999;-999;    1;   0.0;   0;-999;-999;  -999;  14.2;    -999;   14.9;   84.21;   20.4;   11.4;   10.1;eor
       1602;20191025;-999;-999;-999;    1;   0.0;   0;-999;-999;  -999;  12.6;    -999;   13.5;   82.75;   19.4;    9.1;    7.3;eor
       1602;20191026;-999;-999;-999;    1;   0.0;   0;-999;-999;  -999;  12.1;    -999;   13.0;   82.17;   22.6;    7.6;    5.6;eor
       1602;20191027;-999;-999;-999;    1;   6.0;   4;-999;-999;  -999;  13.4;    -999;   13.8;   85.58;   21.3;    8.7;    6.6;eor
       1602;20191028;-999;-999;-999;    1;   1.8;   4;-999;-999;  -999;  10.9;    -999;    8.9;   95.75;    9.9;    7.7;    7.8;eor
       1602;20191029;-999;-999;-999;    1;   3.0;   4;-999;-999;  -999;  10.1;    -999;    7.8;   95.25;    8.7;    7.1;    7.0;eor
       1602;20191030;-999;-999;-999;    1;   1.3;   4;-999;-999;  -999;   9.6;    -999;    8.4;   87.79;   11.1;    5.9;    4.2;eor
       1602;20191031;-999;-999;-999;    1;   0.2;   4;-999;-999;  -999;   9.8;    -999;    7.9;   91.17;   10.7;    4.6;    4.8;eor
       1602;20191101;-999;-999;-999;    1;   4.7;   4;-999;-999;  -999;  11.9;    -999;   11.0;   90.25;   14.7;    6.3;    4.2;eor
       1602;20191102;-999;-999;-999;    1;   6.0;   4;-999;-999;  -999;  14.2;    -999;   15.9;   78.83;   20.1;   12.6;   11.3;eor
       1602;20191103;-999;-999;-999;    1;   2.1;   4;-999;-999;  -999;  12.2;    -999;   12.2;   86.29;   15.5;   10.3;    9.3;eor
       1602;20191104;-999;-999;-999;    1;   3.1;   4;-999;-999;  -999;  10.9;    -999;   12.0;   77.83;   15.9;    8.1;    6.6;eor
       1602;20191105;-999;-999;-999;    1;   1.3;   4;-999;-999;  -999;   9.8;    -999;    9.3;   84.79;   14.3;    5.7;    3.9;eor
       1602;20191106;-999;-999;-999;    1;   1.6;   4;-999;-999;  -999;  10.3;    -999;    9.0;   89.79;   12.1;    5.9;    5.1;eor
       1602;20191107;-999;-999;-999;    1;   3.8;   4;-999;-999;  -999;   9.3;    -999;    7.6;   88.96;   13.0;    5.0;    3.2;eor
       1602;20191108;-999;-999;-999;    1;   9.2;   4;-999;-999;  -999;   8.5;    -999;    5.8;   92.54;    7.3;    4.1;    3.5;eor
       1602;20191109;-999;-999;-999;    1;   1.2;   4;-999;-999;  -999;   8.0;    -999;    5.3;   90.63;   10.0;    1.5;    0.2;eor
       1602;20191110;-999;-999;-999;    1;   0.0;   0;-999;-999;  -999;   6.6;    -999;    1.5;   96.67;    3.0;   -0.2;   -2.1;eor
       1602;20191111;-999;-999;-999;    1;   0.9;   4;-999;-999;  -999;   7.1;    -999;    3.5;   90.75;    6.6;    0.9;    1.2;eor
       1602;20191112;-999;-999;-999;    1;   0.0;   0;-999;-999;  -999;   7.6;    -999;    6.6;   78.63;   10.0;    4.5;    1.8;eor
       1602;20191113;-999;-999;-999;    1;   0.0;   0;-999;-999;  -999;   7.3;    -999;    5.3;   82.42;    7.4;    2.2;   -0.4;eor
       1602;20191114;-999;-999;-999;    1;   0.0;   0;-999;-999;  -999;   7.0;    -999;    4.2;   85.25;    9.5;    0.5;   -1.2;eor
       1602;20191115;-999;-999;-999;    1;   0.0;   0;-999;-999;  -999;   7.0;    -999;    4.2;   85.92;    9.4;    1.4;    0.0;eor
       1602;20191116;-999;-999;-999;    1;   0.0;   0;-999;-999;  -999;   7.0;    -999;    3.5;   89.25;    9.8;   -0.4;   -2.5;eor
       1602;20191117;-999;-999;-999;    1;   2.4;   4;-999;-999;  -999;   7.1;    -999;    2.6;   96.75;    4.3;    0.0;   -0.9;eor
       1602;20191118;-999;-999;-999;    1;   1.3;   4;-999;-999;  -999;   7.3;    -999;    4.6;   85.58;    6.1;    2.5;    1.8;eor
       1602;20191119;-999;-999;-999;    1;   0.4;   4;-999;-999;  -999;   7.5;    -999;    4.2;   90.92;    7.1;   -0.3;   -2.5;eor
       1602;20191120;-999;-999;-999;    1;   0.0;   0;-999;-999;  -999;   6.1;    -999;    0.2;   97.29;    2.3;   -2.7;   -3.1;eor
       1602;20191121;-999;-999;-999;    1;   0.0;   0;-999;-999;  -999;   7.1;    -999;    3.2;   92.46;    7.7;    1.1;   -0.5;eor
       1602;20191122;-999;-999;-999;    1;   0.0;   0;-999;-999;  -999;   7.8;    -999;    4.5;   92.67;   10.1;    1.8;    0.4;eor
       1602;20191123;-999;-999;-999;    1;   0.0;   0;-999;-999;  -999;   7.2;    -999;    3.0;   95.17;    5.3;    1.4;    0.2;eor
       1602;20191124;-999;-999;-999;    1;   0.0;   0;-999;-999;  -999;   7.6;    -999;    3.8;   94.58;    7.6;    1.0;   -0.7;eor
       1602;20191125;-999;-999;-999;    1;   0.3;   4;-999;-999;  -999;   8.9;    -999;    6.4;   91.96;   10.2;    3.6;    1.4;eor
       1602;20191126;-999;-999;-999;    1;   0.1;   4;-999;-999;  -999;   9.8;    -999;    8.3;   89.79;   14.6;    4.5;    3.7;eor
       1602;20191127;-999;-999;-999;    1;   3.5;   4;-999;-999;  -999;   9.7;    -999;   11.4;   72.29;   14.8;    6.6;    5.4;eor
       1602;20191128;-999;-999;-999;    1;   6.6;   4;-999;-999;  -999;  10.2;    -999;   10.5;   80.71;   12.4;    8.7;    7.8;eor
       1602;20191129;-999;-999;-999;    1;   4.5;   4;-999;-999;  -999;   9.1;    -999;    7.6;   86.92;   10.0;    1.9;    0.3;eor
       1602;20191130;-999;-999;-999;    1;   0.0;   0;-999;-999;  -999;   6.4;    -999;    3.6;   81.96;    8.6;    0.7;   -2.1;eor
       1602;20191201;-999;-999;-999;    1;   2.6;   4;-999;-999;  -999;   6.4;    -999;    2.4;   88.29;    4.9;    1.1;   -0.3;eor
       1602;20191202;-999;-999;-999;    1;   0.0;   0;-999;-999;  -999;   5.9;    -999;    1.6;   86.46;    5.5;   -1.2;   -3.1;eor
       1602;20191203;-999;-999;-999;    1;   0.0;   0;-999;-999;  -999;   5.4;    -999;    0.2;   88.17;    7.7;   -3.3;   -5.5;eor
       1602;20191204;-999;-999;-999;    1;   0.0;   0;-999;-999;  -999;   4.8;    -999;   -2.2;   92.25;    0.9;   -4.5;   -7.0;eor
       1602;20191205;-999;-999;-999;    1;   0.0;   0;-999;-999;  -999;   4.9;    -999;   -2.0;   92.17;    3.2;   -5.2;   -7.9;eor
       1602;20191206;-999;-999;-999;    1;   1.0;   4;-999;-999;  -999;   6.3;    -999;    2.2;   85.96;   11.0;   -4.5;   -7.2;eor
       1602;20191207;-999;-999;-999;    1;   1.6;   4;-999;-999;  -999;   9.5;    -999;    8.8;   83.63;   11.5;    7.1;    4.9;eor
       1602;20191208;-999;-999;-999;    1;   3.3;   4;-999;-999;  -999;   9.7;    -999;   10.4;   76.88;   13.1;    7.4;    5.6;eor
       1602;20191209;-999;-999;-999;    1;   7.0;   4;-999;-999;  -999;   8.4;    -999;    7.7;   80.54;    9.9;    5.9;    4.7;eor
       1602;20191210;-999;-999;-999;    1;   0.0;   0;-999;-999;  -999;   6.6;    -999;    3.3;   85.13;    7.3;   -0.3;   -1.6;eor
       1602;20191211;-999;-999;-999;    1;   8.7;   4;-999;-999;  -999;   6.3;    -999;    2.0;   88.58;    4.4;   -1.0;   -2.4;eor
       1602;20191212;-999;-999;-999;    1;   1.5;   4;-999;-999;  -999;   6.8;    -999;    3.4;   86.29;    6.4;    0.3;   -2.4;eor
       1602;20191213;-999;-999;-999;    1;   5.3;   4;-999;-999;  -999;   7.5;    -999;    5.9;   80.42;    7.5;    1.6;    0.7;eor
       1602;20191214;-999;-999;-999;    1;   4.0;   4;-999;-999;  -999;   7.8;    -999;    9.1;   68.50;   11.7;    4.7;    3.8;eor
       1602;20191215;-999;-999;-999;    1;   5.0;   4;-999;-999;  -999;  10.8;    -999;   11.2;   81.79;   14.2;    8.1;    6.9;eor
       1602;20191216;-999;-999;-999;    1;   0.0;   0;-999;-999;  -999;  10.2;    -999;    9.3;   86.83;   13.4;    6.6;    3.7;eor
       1602;20191217;-999;-999;-999;    1;   1.1;   4;-999;-999;  -999;   9.5;    -999;    8.8;   83.63;   13.5;    5.3;    2.9;eor
       1602;20191218;-999;-999;-999;    1;   1.3;   4;-999;-999;  -999;  10.8;    -999;    9.2;   92.21;   14.0;    5.3;    2.5;eor
       1602;20191219;-999;-999;-999;    1;   0.0;   0;-999;-999;  -999;   8.7;    -999;    5.6;   95.08;   10.9;    2.2;    0.0;eor
       1602;20191220;-999;-999;-999;    1;  12.7;   4;-999;-999;  -999;   8.8;    -999;    5.9;   94.42;   11.2;    1.9;    0.3;eor
       1602;20191221;-999;-999;-999;    1;   1.7;   4;-999;-999;  -999;   7.9;    -999;    5.8;   86.63;   11.0;    2.7;    0.8;eor
       1602;20191222;-999;-999;-999;    1;   3.0;   4;-999;-999;  -999;   8.8;    -999;    8.5;   79.54;   10.4;    5.9;    2.8;eor
       1602;20191223;-999;-999;-999;    1;   2.7;   4;-999;-999;  -999;   8.5;    -999;    7.9;   79.42;    8.9;    6.1;    5.0;eor
       1602;20191224;-999;-999;-999;    1;   5.3;   4;-999;-999;  -999;   8.8;    -999;    7.9;   82.67;   10.8;    6.1;    3.6;eor
       1602;20191225;-999;-999;-999;    1;   3.3;   4;-999;-999;  -999;   8.7;    -999;    7.7;   82.75;   10.1;    3.3;    1.1;eor
       1602;20191226;-999;-999;-999;    1;   5.4;   4;-999;-999;  -999;   7.1;    -999;    3.3;   91.25;    6.0;   -0.3;   -2.6;eor
       1602;20191227;-999;-999;-999;    1;   1.5;   4;-999;-999;  -999;   9.6;    -999;    7.4;   92.92;    9.4;    5.7;    5.3;eor
       1602;20191228;-999;-999;-999;    1;   0.0;   0;-999;-999;  -999;   6.8;    -999;    2.8;   90.46;    5.9;   -1.5;   -4.1;eor
       1602;20191229;-999;-999;-999;    1;   0.0;   0;-999;-999;  -999;   5.0;    -999;   -2.2;   96.54;   -1.1;   -3.9;   -5.4;eor
       1602;20191230;-999;-999;-999;    1;   0.0;   0;-999;-999;  -999;   5.1;    -999;   -1.8;   94.29;    1.0;   -3.2;   -3.2;eor
       1602;20191231;-999;-999;-999;    1;   0.0;   0;-999;-999;  -999;   5.3;    -999;   -0.4;   89.42;    5.3;   -2.6;   -5.5;eor
       1602;20200101;-999;-999;-999;    1;   0.0;   0;-999;-999;  -999;   5.0;    -999;   -2.5;   97.54;   -1.0;   -4.7;   -6.3;eor
       1602;20200102;-999;-999;-999;    1;   0.0;   0;-999;-999;  -999;   5.3;    -999;   -1.1;   93.92;    2.3;   -3.9;   -4.5;eor
       1602;20200103;-999;-999;-999;    1;   1.5;   4;-999;-999;  -999;   7.9;    -999;    6.1;   83.63;   10.2;    0.8;   -0.9;eor
