STATIONS_ID;MESS_DATUM;QN_3;  FX;  FM;QN_4; RSK;RSKF; SDK;SHK_TAG;  NM; VPM;  PM; TMK; UPM; TXK; TNK; TGK;eor
       2044;20180627;   10;   9.5;   3.4;    3;   0.0;   0;   10.200;-999;   2.6;  11.6;  976.93;   16.5;   64.63;   23.1;    9.8;    7.3;eor
       2044;20180628;   10;  11.6;   3.6;    3;   0.0;   0;    9.533;-999;   4.9;  12.2;  974.31;   19.0;   58.38;   26.8;    9.7;    6.9;eor
       2044;20180629;   10;  10.9;   4.2;    3;   0.0;   0;   15.117;-999;   4.3;  11.7;  970.21;   21.0;   48.88;   27.2;   14.3;   12.8;eor
       2044;20180630;   10;  11.7;   3.5;    3;   0.0;   0;   15.317;-999;   0.2;   8.1;  971.58;   16.0;   47.58;   21.3;    8.4;    5.5;eor
       2044;20180701;   10;  11.6;   3.1;    3;   0.0;   0;   15.300;-999;   0.0;   7.2;  972.77;   14.9;   45.46;   20.9;    6.9;    2.4;eor
       2044;20180702;   10;   8.3;   2.3;    3;   0.0;   0;   15.283;-999;   0.0;   7.2;  971.04;   14.4;   48.29;   22.2;    4.0;    1.7;eor
       2044;20180703;   10;   7.6;   2.4;    3;   0.0;   0;   14.833;-999;   0.9;   7.5;  970.01;   17.4;   43.17;   26.9;    5.4;    4.3;eor
       2044;20180704;   10;  14.3;   2.3;    3;   0.0;   0;   11.883;-999;   3.1;   9.7;  967.45;   20.8;   44.17;   29.8;    8.2;    7.0;eor
       2044;20180705;   10;  10.3;   3.5;    3;   0.4;   6;    9.550;-999;   5.5;  12.7;  965.45;   21.4;   52.17;   28.0;   13.6;   12.5;eor
       2044;20180706;   10;  10.5;   4.3;    3;   0.0;   0;    6.633;-999;   5.0;  11.6;  970.47;   16.8;   61.54;   21.8;   12.1;    9.3;eor
       2044;20180707;   10;  11.6;   4.6;    3;   0.0;   0;   14.233;-999;   2.9;   9.6;  973.75;   16.8;   52.46;   23.9;    8.6;    5.6;eor
       2044;20180708;   10;  10.4;   4.3;    3;   0.0;   0;   10.917;-999;   3.7;  11.8;  974.22;   17.7;   59.54;   24.9;   10.9;   10.2;eor
       2044;20180709;   10;  12.3;   4.4;    3;   0.0;   6;    9.250;-999;   5.1;  11.6;  972.60;   16.6;   62.29;   22.7;   11.0;    9.3;eor
       2044;20180710;   10;   6.2;   1.9;    3;   0.5;   6;    1.700;-999;   7.4;  10.6;  968.23;   13.6;   69.08;   17.1;   10.3;    9.2;eor
       2044;20180711;   10;   8.0;   2.4;    3;  13.9;   6;    1.617;-999;   6.2;  12.0;  967.56;   13.2;   80.50;   18.7;    8.4;    5.1;eor
       2044;20180712;   10;  11.8;   3.7;    3;   1.7;   6;    4.533;-999;   6.5;  13.1;  968.70;   16.1;   75.04;   24.6;    9.0;    8.2;eor
       2044;20180713;   10;   9.2;   3.0;    3;   0.0;   0;   10.367;-999;   1.8;  13.6;  971.62;   18.2;   67.71;   25.0;   11.1;    9.0;eor
       2044;20180714;   10;   7.9;   3.0;    3;   0.0;   0;   10.650;-999;   1.6;  13.3;  972.20;   17.6;   68.63;   24.4;   10.5;    8.3;eor
       2044;20180715;   10;   8.1;   2.3;    3;   0.0;   0;   12.350;-999;   2.2;  11.3;  970.22;   17.9;   58.29;   24.9;   10.6;    8.7;eor
       2044;20180716;   10;   8.6;   2.1;    3;   0.0;   0;   12.383;-999;   3.5;  11.0;  967.37;   18.5;   55.29;   26.3;    9.2;    8.1;eor
       2044;20180717;   10;  12.0;   3.7;    3;   0.0;   0;   13.683;-999;   0.5;  10.7;  966.43;   21.8;   45.08;   29.3;   11.1;    9.9;eor
       2044;20180718;   10;  13.2;   4.9;    3;   0.0;   0;   11.650;-999;   0.8;  12.2;  969.64;   19.6;   54.79;   24.2;   14.1;   10.3;eor
       2044;20180719;   10;   9.6;   3.4;    3;   0.0;   0;   14.650;-999;   1.4;  10.5;  970.79;   18.8;   51.21;   25.5;   10.6;    9.7;eor
       2044;20180720;   10;   7.0;   2.1;    3;   0.0;   0;    8.767;-999;   3.5;  10.8;  967.77;   19.6;   50.71;   26.9;    9.1;    8.0;eor
       2044;20180721;   10;  15.6;   2.6;    3;   4.1;   6;    4.800;-999;   7.5;  12.9;  965.43;   19.5;   57.54;   25.9;   12.3;    9.7;eor
       2044;20180722;   10;   6.2;   2.6;    3;   4.4;   6;    0.483;-999;   7.2;  17.2;  967.23;   17.5;   86.42;   23.2;   15.0;   14.0;eor
       2044;20180723;   10;   8.1;   2.4;    3;   0.0;   0;    9.917;-999;   2.3;  14.9;  969.82;   20.2;   65.88;   26.7;   13.5;   11.9;eor
       2044;20180724;   10;   7.0;   2.2;    3;   0.0;   0;   14.500;-999;   0.3;  13.6;  969.14;   22.6;   54.33;   30.5;   11.8;   11.0;eor
       2044;20180725;   10;   9.2;   2.6;    3;   0.0;   0;   13.017;-999;   1.3;  14.7;  969.13;   24.1;   52.79;   31.6;   14.5;   13.6;eor
       2044;20180726;   10;  12.2;   3.1;    3;   0.0;   0;   14.367;-999;   2.8;  13.1;  970.29;   24.1;   48.04;   31.3;   14.4;   13.7;eor
       2044;20180727;   10;  14.0;   2.2;    3;   0.8;   6;   11.217;-999;   4.1;  14.9;  968.15;   22.7;   56.83;   30.6;   14.0;   12.2;eor
       2044;20180728;   10;  13.7;   2.8;    3;   8.8;   8;    9.033;-999;   4.4;  16.5;  963.46;   22.0;   68.08;   31.8;   14.3;   13.4;eor
       2044;20180729;   10;   8.4;   2.3;    3;   0.0;   0;    7.167;-999;   6.8;  15.3;  968.82;   21.3;   63.63;   27.8;   14.6;   14.0;eor
       2044;20180730;   10;   6.6;   2.2;    3;   0.0;   0;    9.883;-999;   3.7;  13.6;  969.48;   24.8;   47.50;   32.8;   15.2;   14.3;eor
       2044;20180731;   10;  10.7;   3.0;    3;   1.5;   6;    9.983;-999;   2.8;  14.1;  969.57;   26.9;   44.21;   36.0;   15.3;   14.7;eor
       2044;20180801;   10;  15.2;   4.3;    3;  11.1;   6;   10.267;-999;   5.0;  15.1;  973.50;   23.8;   52.04;   29.7;   17.1;   14.9;eor
       2044;20180802;   10;   7.5;   2.1;    3;   1.6;   6;    9.083;-999;   3.5;  19.5;  975.84;   21.2;   78.83;   27.4;   16.9;   15.9;eor
       2044;20180803;   10;   7.4;   1.9;    3;   0.0;   0;   12.533;-999;   1.3;  17.5;  974.82;   23.5;   63.58;   31.2;   14.8;   14.3;eor
       2044;20180804;   10;   9.2;   3.3;    3;   0.0;   6;    9.717;-999;   2.5;  16.4;  971.37;   24.0;   57.63;   30.5;   16.0;   15.4;eor
       2044;20180805;   10;  10.7;   4.7;    3;   0.0;   0;    9.550;-999;   2.9;  14.0;  973.64;   19.2;   64.13;   23.5;   11.2;   10.3;eor
       2044;20180806;   10;   7.1;   2.2;    3;   0.0;   0;   13.900;-999;   1.6;  10.8;  971.42;   19.6;   52.63;   28.2;    9.0;    8.4;eor
       2044;20180807;   10;  11.2;   3.1;    3;   0.0;   0;   11.217;-999;   3.2;  12.1;  965.55;   25.4;   40.71;   34.6;   12.2;   11.4;eor
       2044;20180808;   10;  14.8;   4.0;    3;   0.0;   0;    9.850;-999;   4.5;  14.9;  965.31;   26.1;   45.50;   32.2;   19.4;   18.3;eor
       2044;20180809;   10;  30.5;   3.7;    3;   3.8;   6;    9.950;-999;   4.3;  17.2;  966.77;   22.5;   64.88;   33.1;   17.5;   16.1;eor
       2044;20180810;   10;  14.3;   5.0;    3;   0.0;   0;    8.367;-999;   4.5;  10.4;  972.98;   17.6;   52.96;   22.6;    9.9;    8.4;eor
       2044;20180811;   10;  13.4;   4.6;    3;   0.0;   6;    8.000;-999;   4.3;   8.5;  973.44;   15.5;   50.58;   21.9;    7.2;    6.1;eor
       2044;20180812;   10;   9.8;   2.8;    3;   0.0;   0;   13.183;-999;   7.1;   7.5;  969.47;   17.0;   45.13;   26.1;    5.7;    5.0;eor
       2044;20180813;   10;  13.9;   3.9;    3;   0.2;   6;    6.033;-999;   5.5;  12.0;  962.15;   17.5;   60.54;   27.3;    8.9;    7.7;eor
       2044;20180814;   10;  13.8;   4.7;    3;   0.4;   6;    3.400;-999;   5.9;  14.4;  965.36;   16.6;   76.79;   22.0;   12.5;   10.4;eor
       2044;20180815;   10;   9.1;   2.5;    3;   0.0;   0;    2.933;-999;   6.8;  12.4;  971.86;   16.5;   68.92;   23.2;   10.2;    8.5;eor
       2044;20180816;   10;   8.5;   2.3;    3;   0.0;   0;   13.217;-999;   2.5;  12.5;  970.01;   19.4;   59.83;   28.5;    9.0;    7.9;eor
       2044;20180817;   10;  13.7;   4.1;    3;   0.0;   6;   12.183;-999;   5.5;  14.5;  969.20;   19.8;   64.04;   26.9;   12.5;   10.8;eor
       2044;20180818;   10;  10.4;   2.6;    3;   0.0;   0;    6.250;-999;   6.8;  13.5;  974.09;   19.0;   63.33;   26.2;   12.9;   11.4;eor
       2044;20180819;   10;  12.0;   2.5;    3;   0.0;   0;   13.117;-999;   2.3;  10.2;  972.86;   20.2;   47.38;   28.9;    9.9;    8.4;eor
       2044;20180820;   10;   9.1;   2.9;    3;   0.0;   6;    0.367;-999;   7.0;  14.3;  971.48;   18.3;   67.79;   21.9;   11.8;   10.1;eor
       2044;20180821;   10;   6.8;   1.9;    3;   0.0;   0;    5.367;-999;   5.0;  13.7;  974.02;   18.1;   67.33;   24.1;   10.5;    9.3;eor
       2044;20180822;   10;  12.1;   2.1;    3;   0.0;   0;   12.367;-999;   1.9;  11.2;  971.24;   19.2;   55.79;   28.9;    7.7;    6.9;eor
       2044;20180823;   10;  12.2;   3.0;    3;   0.1;   6;    9.733;-999;   2.1;  13.4;  965.24;   21.8;   55.13;   31.7;   12.7;   11.6;eor
       2044;20180824;   10;  13.3;   3.4;    3;   0.0;   6;    2.183;-999;   7.8;  12.5;  963.23;   16.6;   65.79;   21.0;   10.0;    9.0;eor
       2044;20180825;   10;  15.7;   4.1;    3;   0.2;   6;    4.950;-999;   4.7;   9.0;  963.38;   12.0;   64.63;   16.3;    6.6;    4.4;eor
       2044;20180826;   10;  10.4;   3.1;    3;   0.0;   6;    8.933;-999;   3.6;   7.5;  968.17;   12.0;   57.38;   19.1;    4.8;    3.7;eor
       2044;20180827;   10;  16.4;   5.2;    3;   0.0;   6;    4.467;-999;   6.6;  10.7;  965.82;   15.2;   61.04;   19.7;    9.4;    8.1;eor
       2044;20180828;   10;   7.4;   2.1;    3;   0.0;   0;    7.933;-999;   6.0;  10.3;  972.05;   15.7;   60.21;   22.6;    7.9;    6.0;eor
       2044;20180829;   10;  10.4;   2.4;    3;   0.0;   6;   11.850;-999;   3.7;  10.0;  967.52;   17.9;   53.79;   27.4;    5.5;    4.8;eor
       2044;20180830;   10;  11.7;   3.5;    3;   1.2;   6;    0.083;-999;   7.8;  13.8;  968.98;   15.4;   78.83;   18.4;   12.3;   11.9;eor
       2044;20180831;   10;   9.4;   3.0;    3;   0.0;   0;    3.233;-999;   6.7;   9.5;  974.08;   12.6;   67.46;   17.5;    7.3;    4.9;eor
       2044;20180901;   10;   9.3;   2.8;    3;   0.0;   0;    7.817;-999;   2.6;   9.9;  977.32;   13.0;   68.25;   19.8;    5.4;    2.7;eor
       2044;20180902;   10;  10.2;   3.1;    3;   3.8;   6;    0.067;-999;   7.0;  13.3;  976.76;   13.4;   86.50;   15.7;   11.2;    9.4;eor
       2044;20180903;   10;   8.5;   2.3;    3;   0.1;   6;    0.817;-999;   7.6;  15.9;  970.58;   17.3;   81.33;   22.0;   14.3;   13.5;eor
       2044;20180904;   10;   7.5;   2.0;    3;   0.0;   0;    8.533;-999;   5.6;  14.0;  969.64;   18.2;   69.46;   24.7;   10.4;    8.7;eor
       2044;20180905;   10;   6.8;   1.9;    3;   0.0;   0;   10.717;-999;   0.9;  12.4;  970.79;   15.6;   72.75;   23.1;    8.3;    6.1;eor
       2044;20180906;   10;  11.2;   2.5;    3;   7.3;   6;    7.133;-999;   4.2;  12.6;  965.58;   16.8;   69.58;   25.3;    7.0;    6.1;eor
       2044;20180907;   10;  12.5;   3.3;    3;   0.0;   6;    6.783;-999;   5.3;  13.6;  965.79;   15.3;   80.00;   21.3;    8.1;    6.1;eor
       2044;20180908;   10;  11.0;   2.9;    3;   0.0;   0;   10.683;-999;   4.4;   9.1;  972.47;   12.6;   66.50;   19.0;    5.0;    2.7;eor
       2044;20180909;   10;   9.0;   2.8;    3;   0.0;   0;    4.167;-999;   6.4;  10.1;  973.91;   15.1;   61.92;   23.0;    8.3;    7.4;eor
       2044;20180910;   10;  10.8;   3.5;    3;   0.0;   6;    3.583;-999;   7.3;  10.9;  974.01;   16.9;   59.54;   25.2;    8.8;    7.6;eor
       2044;20180911;   10;  13.1;   4.8;    3;   0.0;   0;   11.250;-999;   6.7;  11.7;  973.89;   18.9;   55.42;   25.0;   14.2;   13.3;eor
       2044;20180912;   10;  13.5;   4.6;    3;   1.1;   6;   10.750;-999;   2.5;  12.6;  972.75;   18.0;   64.00;   26.7;   12.4;    8.9;eor
       2044;20180913;   10;   5.2;   2.1;    3;   0.4;   6;    0.000;-999;   7.9;  13.1;  973.05;   11.3;   97.92;   12.5;   10.7;   11.2;eor
       2044;20180914;   10;   7.0;   2.1;    3;   0.1;   6;    2.650;-999;   7.2;  12.2;  972.68;   12.8;   83.83;   18.6;    7.9;    6.9;eor
       2044;20180915;   10;  10.7;   3.0;    3;   0.0;   0;    5.600;-999;   6.0;   9.8;  974.96;   12.7;   68.92;   19.1;    6.5;    3.7;eor
       2044;20180916;   10;   8.7;   2.6;    3;   0.0;   0;   10.533;-999;   7.3;   9.6;  975.70;   13.4;   66.21;   21.5;    5.3;    3.8;eor
       2044;20180917;   10;   8.4;   2.9;    3;   0.0;   0;   11.150;-999;   5.8;   9.1;  972.47;   15.9;   54.92;   24.8;    6.5;    5.3;eor
       2044;20180918;   10;  12.1;   3.8;    3;   0.0;   0;   11.283;-999;   3.2;  10.3;  968.62;   19.4;   49.42;   29.0;    9.6;    8.1;eor
       2044;20180919;   10;  12.8;   3.5;    3;   0.0;   0;   10.583;-999;   4.0;  12.9;  971.04;   21.3;   52.25;   27.9;   11.7;   10.7;eor
       2044;20180920;   10;  13.1;   3.6;    3;   0.0;   0;    8.400;-999;   6.9;  12.1;  969.88;   19.7;   56.17;   27.0;   10.7;    9.6;eor
       2044;20180921;   10;  24.1;   5.3;    3;   2.2;   6;    3.367;-999;   5.9;  11.8;  962.52;   16.7;   64.08;   25.7;    8.4;    7.0;eor
       2044;20180922;   10;  15.2;   5.7;    3;   0.0;   6;    2.617;-999;   6.2;   8.8;  970.02;   10.8;   68.33;   14.0;    7.8;    6.5;eor
       2044;20180923;   10;  16.0;   3.8;    3;  26.8;   6;    0.000;-999;   7.5;  10.0;  964.57;    8.3;   90.75;   10.2;    6.0;    5.1;eor
       2044;20180924;   10;-999;   4.7;    3;   4.4;   6;    5.000;-999;   4.5;   7.9;  978.84;    6.8;   80.00;   10.3;    3.2;    1.7;eor
       2044;20180925;   10;-999;-999;    3;   0.0;   0;    8.867;-999;   3.2;   6.9;  988.43;    6.1;   75.13;   11.7;    1.3;    0.3;eor
       2044;20180926;   10;-999;-999;    3;   0.0;   0;   10.000;-999;   5.3;   6.2;  984.56;    9.0;   58.33;   15.3;    0.0;   -0.9;eor
       2044;20180927;   10;-999;-999;    3;   0.0;   0;    8.817;-999;   2.3;   9.8;  978.51;   15.1;   56.54;   21.9;    8.1;    4.9;eor
       2044;20180928;   10;-999;-999;    3;   0.4;   6;    2.183;-999;   4.8;   8.1;  975.60;    9.3;   69.17;   13.3;    4.1;    1.9;eor
       2044;20180929;   10;-999;-999;    3;   0.0;   0;   10.733;-999;   0.0;   6.6;  979.35;    6.9;   69.25;   13.4;    0.3;   -0.7;eor
       2044;20180930;   10;-999;-999;    3;   0.0;   0;   10.650;-999;   1.2;   6.0;  969.43;    8.4;   59.25;   16.9;    1.4;   -0.4;eor
       2044;20181001;   10;-999;-999;    3;   0.6;   6;    1.050;-999;   6.2;   7.4;  966.52;    5.7;   80.04;   11.3;    1.2;    0.2;eor
       2044;20181002;   10;  15.6;-999;    3;   0.4;   6;    0.067;-999;   6.8;   8.2;  968.00;    5.6;   89.38;    9.3;    2.2;    0.2;eor
       2044;20181003;   10;  14.1;   5.0;    3;   0.0;   6;    3.050;   0;   6.1;   7.8;  972.71;    8.7;   70.38;   12.6;    2.9;    1.1;eor
       2044;20181004;   10;   8.6;   3.3;    3;   0.0;   6;    0.067;   0;   6.0;   9.1;  978.03;    7.9;   85.13;   13.2;    1.0;    0.0;eor
       2044;20181005;   10;   7.8;   3.2;    3;   0.0;   0;   10.317;   0;   2.1;   9.2;  972.83;   10.9;   73.46;   18.8;    3.8;    2.9;eor
       2044;20181006;   10;   8.8;   3.3;    3;   0.0;   0;    6.733;   0;   5.6;  10.9;  963.99;   15.0;   64.58;   20.5;    7.5;    3.4;eor
       2044;20181007;   10;  11.4;   3.4;    3;   0.0;   6;    1.567;   0;   6.5;   9.7;  969.45;    8.4;   87.08;   13.8;    0.0;   -0.8;eor
       2044;20181008;   10;   5.6;   2.2;    3;   0.0;   0;    9.600;   0;   6.0;   8.0;  974.10;    6.8;   81.58;   16.1;   -1.1;   -1.9;eor
       2044;20181009;   10;   7.2;   2.6;    3;   0.0;   0;    7.150;   0;   6.8;  10.8;  974.93;   10.7;   84.46;   19.9;    2.8;    1.3;eor
       2044;20181010;   10;   8.8;   2.7;    3;   0.0;   0;    9.933;   0;   2.1;  11.6;  973.42;   13.1;   78.17;   20.2;    4.6;    3.8;eor
       2044;20181011;   10;   8.3;   2.6;    3;   0.0;   0;    9.933;   0;   0.0;   9.6;  969.21;   14.0;   64.08;   21.9;    5.3;    2.4;eor
       2044;20181012;   10;   8.0;   3.3;    3;   0.0;   0;    8.883;   0;   2.5;  11.1;  974.41;   16.1;   61.58;   24.0;    8.4;    7.4;eor
       2044;20181013;   10;   8.0;   2.7;    3;   0.0;   0;    9.817;   0;   0.2;  11.2;  974.83;   16.2;   64.50;   24.5;    7.8;    3.9;eor
       2044;20181014;   10;   7.6;   2.6;    3;   0.0;   0;    9.767;   0;   0.0;   9.9;  967.41;   13.5;   66.79;   22.0;    4.5;    2.2;eor
       2044;20181015;   10;   5.5;   2.7;    3;   0.0;   0;    9.683;   0;   1.4;   9.5;  967.46;   13.4;   65.71;   24.4;    4.8;    3.6;eor
       2044;20181016;   10;   7.6;   2.6;    3;   0.0;   0;    2.433;   0;   7.3;  10.9;  970.96;   14.4;   67.21;   20.2;    7.2;    5.9;eor
       2044;20181017;   10;   4.9;   1.7;    3;   0.0;   0;    6.500;   0;  -999;  12.0;  971.87;   12.9;   82.67;   20.6;    7.6;    5.9;eor
       2044;20181018;   10;   8.6;   3.4;    3;   0.0;   6;    3.250;   0;   5.8;  11.1;  974.18;   10.9;   85.88;   14.0;    6.9;    3.9;eor
       2044;20181019;   10;   6.4;   1.7;    3;   0.0;   0;    3.717;   0;   7.3;   9.0;  977.01;    8.9;   80.00;   12.8;    4.1;    2.7;eor
       2044;20181020;   10;   7.7;   2.2;    3;   0.0;   0;    4.483;   0;   5.7;   7.6;  980.24;    7.0;   77.46;   12.7;    2.0;   -0.5;eor
       2044;20181021;   10;   4.2;   1.6;    3;   0.0;   0;    2.717;   0;   5.5;   8.8;  980.05;    8.0;   82.58;   13.6;    2.6;    1.6;eor
       2044;20181022;   10;  12.5;   3.1;    3;   2.2;   4;    0.833;   0;   4.8;   8.5;  979.91;    6.0;   90.46;   10.8;    0.8;   -0.5;eor
       2044;20181023;   10;  17.8;   6.9;    3;   1.5;   4;    0.000;   0;   7.0;   8.5;  970.15;    7.1;   83.17;   11.0;    0.4;   -1.4;eor
       2044;20181024;   10;  19.1;   6.6;    3;   4.5;   4;    0.283;   0;   7.5;  10.2;  968.80;    8.9;   88.75;   11.6;    6.9;    6.9;eor
       2044;20181025;   10;  13.4;   4.8;    3;   0.0;   4;    0.400;   0;   7.8;   9.9;  966.89;    9.9;   80.88;   11.7;    8.2;    7.7;eor
       2044;20181026;   10;  11.5;   4.6;    3;   0.0;   4;    0.017;   0;   7.9;   8.9;  959.44;    7.7;   84.46;    9.3;    6.4;    5.8;eor
       2044;20181027;   10;  12.8;   4.1;    3;   0.0;   4;    1.217;   0;   7.8;   6.8;  959.04;    4.9;   78.38;    7.2;    1.5;    0.8;eor
       2044;20181028;   10;  10.8;   4.0;    3;   3.1;   4;    0.000;   0;   7.8;   6.7;  964.98;    1.9;   94.92;    3.2;    0.5;    0.5;eor
       2044;20181029;   10;  12.4;   4.7;    3;   0.5;   4;    0.000;   0;   7.9;   6.8;  956.58;    1.9;   97.21;    2.9;    1.4;    1.6;eor
       2044;20181030;   10;  18.0;   5.9;    3;   0.5;   4;    3.433;   0;   7.1;   7.9;  947.05;    5.5;   86.71;    9.7;    2.4;    2.6;eor
       2044;20181031;   10;  15.7;   4.8;    3;   0.0;   0;    7.667;   0;   5.8;   7.1;  967.42;    6.1;   76.04;   10.4;    1.4;    0.3;eor
       2044;20181101;   10;  14.6;   2.8;    3;   0.0;   4;    1.450;   0;   4.3;   7.5;  964.89;    5.4;   83.42;   11.6;   -1.2;   -1.7;eor
       2044;20181102;   10;  12.9;   3.8;    3;   0.0;   0;    4.100;   0;   5.5;   8.1;  973.24;    7.2;   79.75;   11.6;    1.0;   -0.5;eor
       2044;20181103;   10;   4.3;   1.5;    3;   0.0;   0;    1.167;   0;   6.8;   7.5;  979.66;    5.0;   85.88;    8.1;    2.0;   -1.3;eor
       2044;20181104;   10;   6.0;   1.9;    3;   0.0;   0;    0.000;   0;   7.9;   9.9;  970.83;    7.5;   95.04;    8.8;    5.6;    5.6;eor
       2044;20181105;   10;   5.9;   2.4;    3;   0.0;   0;    2.017;   0;   7.0;  10.6;  963.46;    9.1;   91.54;   13.3;    6.0;    4.6;eor
       2044;20181106;   10;   5.8;   2.5;    3;   0.0;   0;    7.483;   0;   4.5;  10.1;  962.10;   10.0;   83.13;   18.3;    4.5;    3.4;eor
       2044;20181107;   10;   7.8;   3.4;    3;   0.0;   4;    8.167;   0;   3.1;   9.3;  963.98;    9.8;   78.38;   17.8;    4.9;    2.0;eor
       2044;20181108;   10;   9.3;   2.0;    3;   0.0;   4;    0.400;   0;   7.5;   9.7;  972.27;    9.3;   82.96;   13.1;    3.8;    1.9;eor
       2044;20181109;   10;   7.0;   2.3;    3;   0.0;   0;    2.417;   0;   7.6;  10.0;  968.41;    8.0;   92.92;   10.9;    3.3;    2.4;eor
       2044;20181110;   10;   9.9;   3.9;    3;   1.6;   4;    3.900;   0;   7.9;   9.1;  961.73;    9.4;   77.38;   12.9;    4.9;    4.1;eor
       2044;20181111;   10;  10.8;   3.8;    3;   2.1;   4;    2.867;   0;   6.8;  10.1;  963.52;    9.4;   85.79;   10.9;    7.3;    5.5;eor
       2044;20181112;   10;   9.3;   3.7;    3;   1.9;   4;    1.617;   0;   7.3;  10.7;  968.70;   12.4;   74.96;   16.4;    8.7;    7.8;eor
       2044;20181113;   10;  12.4;   4.3;    3;   1.3;   4;    2.517;   0;   4.3;  10.3;  974.68;    9.3;   87.46;   12.3;    5.3;    3.9;eor
       2044;20181114;   10;   6.9;   2.8;    3;   0.0;   0;    7.183;   0;   4.8;   8.1;  980.68;    6.1;   87.13;   10.9;    1.9;   -0.6;eor
       2044;20181115;   10;   6.6;   2.5;    3;   0.0;   0;    7.750;   0;   3.0;   6.6;  979.47;    3.0;   88.42;    9.4;   -1.4;   -2.3;eor
       2044;20181116;   10;   6.6;   2.6;    3;   0.0;   0;    7.800;   0;   2.3;   6.4;  982.93;    3.4;   82.29;    7.2;   -0.5;   -3.4;eor
       2044;20181117;   10;   6.9;   2.6;    3;   0.0;   0;    2.633;   0;   4.3;   5.4;  985.40;   -0.7;   92.63;    0.7;   -3.2;   -5.9;eor
       2044;20181118;   10;   7.5;   2.5;    3;   2.2;   8;    4.283;   0;   4.9;   4.4;  980.40;   -1.4;   79.00;    1.9;   -6.1;   -8.1;eor
       2044;20181119;   10;  13.9;   5.5;    3;   1.4;   8;    0.200;   0;   7.5;   6.0;  971.38;    0.8;   91.88;    2.1;   -0.7;   -1.1;eor
       2044;20181120;   10;  13.3;   5.8;    3;   1.4;   7;    0.000;   0;   7.8;   5.2;  966.05;   -0.9;   90.17;   -0.3;   -1.5;   -1.4;eor
       2044;20181121;   10;   8.2;   3.4;    3;   1.3;   8;    0.000;   1;   8.0;   5.2;  970.05;   -1.5;   95.88;   -1.2;   -1.9;   -1.8;eor
       2044;20181122;   10;   6.5;   2.5;    3;   0.0;   4;    0.000;   1;   8.0;   5.6;  972.87;   -0.9;   98.17;   -0.2;   -1.8;   -1.6;eor
       2044;20181123;   10;   6.3;   1.9;    3;   0.0;   0;    0.000;   0;   7.8;   6.0;  970.95;    0.1;   98.08;    2.0;   -2.3;   -3.4;eor
       2044;20181124;   10;   4.8;   1.9;    3;   0.1;   6;    0.000;   0;   7.8;   6.1;  964.39;    0.4;   96.21;    3.4;   -2.8;   -3.4;eor
       2044;20181125;   10;   7.7;   2.3;    3;   1.5;   6;    1.750;   0;   7.2;   7.4;  962.96;    3.4;   95.33;    6.3;    1.8;   -0.3;eor
       2044;20181126;   10;   7.5;   3.2;    3;   0.0;   0;    0.000;   0;   7.9;   6.4;  964.13;    0.7;   99.00;    2.8;   -0.8;   -0.6;eor
       2044;20181127;   10;   6.4;   2.5;    3;   0.0;   0;    1.417;   0;   7.5;   4.6;  971.75;   -2.3;   89.17;   -0.8;   -4.7;   -7.0;eor
       2044;20181128;   10;   8.3;   3.4;    3;   0.0;   6;    4.050;   0;   6.1;   4.2;  975.62;   -2.6;   83.58;    0.8;   -5.6;   -7.0;eor
       2044;20181129;   10;   9.9;   4.0;    3;   0.0;   6;    1.100;   0;   7.9;   4.7;  969.99;    1.9;   68.17;    4.9;   -2.1;   -2.7;eor
       2044;20181130;   10;   9.4;   4.3;    3;   0.1;   6;    0.000;   0;   7.9;   5.9;  965.19;    3.2;   76.21;    4.2;    1.8;    1.0;eor
       2044;20181201;   10;  11.9;   4.0;    3;   0.0;   0;    0.533;   0;   7.4;   7.6;  965.42;    4.5;   90.00;    6.1;    2.6;    1.3;eor
       2044;20181202;   10;  12.7;   5.9;    3;   3.8;   6;    0.000;   0;   7.6;   9.4;  954.74;    7.1;   91.79;   10.5;    4.4;    3.9;eor
       2044;20181203;   10;  12.0;   4.6;    3;   6.1;   6;    0.717;   0;   7.1;  10.9;  953.39;    9.5;   91.33;   10.8;    7.8;    6.4;eor
       2044;20181204;   10;  13.1;   4.0;    3;   0.0;   6;    4.500;   0;   4.4;   6.8;  967.65;    3.9;   82.21;    8.8;   -2.2;   -2.9;eor
       2044;20181205;   10;   9.3;   3.4;    3;   1.6;   8;    6.167;   0;   6.6;   5.2;  976.15;    0.3;   83.13;    4.5;   -3.5;   -4.7;eor
       2044;20181206;   10;  12.7;   5.4;    3;   0.0;   6;    0.083;   0;   7.9;   7.9;  967.69;    4.8;   89.75;    8.9;    1.1;    0.4;eor
       2044;20181207;   10;  17.8;   7.6;    3;   3.0;   6;    0.000;   0;   7.5;  10.3;  958.08;    8.8;   90.88;    9.7;    4.7;    3.4;eor
       2044;20181208;   10;  19.1;   8.7;    3;  16.5;   6;    0.417;   0;   6.0;   7.2;  953.13;    4.4;   85.92;    5.7;    2.9;    1.8;eor
       2044;20181209;   10;  14.4;   6.6;    3;   1.4;   8;    0.383;   0;   7.0;   7.4;  948.56;    5.0;   84.04;    6.3;    3.6;    2.6;eor
       2044;20181210;   10;  13.9;   5.6;    3;   0.9;   8;    1.517;   0;   6.3;   5.5;  964.29;    2.5;   75.13;    3.8;    0.9;    0.2;eor
       2044;20181211;   10;  14.5;   5.9;    3;   1.3;   8;    0.267;   0;   7.4;   5.8;  968.58;    2.3;   80.04;    3.6;    1.0;    0.5;eor
       2044;20181212;   10;   9.1;   3.7;    3;   4.8;   8;    0.000;   0;   7.6;   6.0;  974.51;    0.3;   96.42;    1.1;   -1.3;   -1.9;eor
       2044;20181213;   10;   8.4;   2.9;    3;   0.4;   8;    0.000;   0;   7.7;   5.3;  973.39;   -1.3;   95.67;   -0.9;   -2.0;   -2.2;eor
       2044;20181214;   10;   7.8;   2.8;    3;   0.0;   0;    0.000;   1;   7.5;   4.8;  974.64;   -2.0;   91.58;   -1.4;   -2.5;   -2.5;eor
       2044;20181215;   10;   8.9;   2.8;    3;   0.0;   7;    0.000;   0;   7.7;   4.4;  976.40;   -2.9;   88.04;   -2.2;   -3.8;   -4.8;eor
       2044;20181216;   10;   8.6;   3.8;    3;   0.0;   8;    0.067;   2;   7.9;   4.2;  965.32;   -3.0;   85.71;   -1.4;   -3.9;   -5.0;eor
       2044;20181217;   10;  10.1;   4.1;    3;   0.0;   6;    0.000;   3;   8.0;   6.0;  970.60;    0.5;   94.46;    2.5;   -1.6;   -1.8;eor
       2044;20181218;   10;   9.5;   3.5;    3;   0.0;   0;    2.317;   0;   6.3;   6.3;  974.79;    1.9;   90.50;    3.3;   -0.2;   -1.2;eor
       2044;20181219;   10;   7.8;   3.2;    3;   0.1;   8;    0.000;   0;   7.9;   5.7;  966.90;    1.2;   86.00;    2.2;   -0.5;   -1.5;eor
       2044;20181220;   10;  10.3;   4.0;    3;   0.7;   6;    0.067;   0;   8.0;   7.2;  965.38;    3.2;   92.88;    4.5;    0.8;    0.3;eor
       2044;20181221;   10;  18.6;   7.2;    3;  10.4;   6;    0.000;   0;   7.5;   8.5;  957.44;    5.9;   90.54;    9.3;    4.0;    3.5;eor
       2044;20181222;   10;  17.8;   4.9;    3;   4.9;   6;    0.133;   0;   7.6;   7.9;  961.34;    5.7;   85.63;    8.0;    4.0;    3.6;eor
       2044;20181223;   10;   9.9;   3.0;    3;  12.4;   8;    0.000;   0;   7.6;   7.6;  968.08;    4.3;   91.00;    5.8;    1.9;    1.8;eor
       2044;20181224;   10;  12.6;   4.5;    3;   0.3;   8;    0.083;   0;   7.6;   5.9;  975.42;    0.6;   92.46;    2.8;   -1.1;   -2.0;eor
       2044;20181225;   10;  11.3;   3.3;    3;   0.1;   8;    1.200;   0;   7.5;   5.9;  981.77;    1.8;   84.17;    3.5;    0.4;    0.0;eor
       2044;20181226;   10;   8.6;   3.4;    3;   0.1;   6;    0.000;   0;   7.8;   6.9;  979.83;    3.0;   90.42;    6.3;    0.2;   -1.1;eor
       2044;20181227;   10;   7.8;   2.6;    3;   0.0;   0;    5.133;   0;   6.4;   5.6;  976.66;    2.9;   74.79;    6.6;   -0.8;   -2.2;eor
       2044;20181228;   10;   9.2;   2.5;    3;   0.0;   6;    0.000;   0;   7.2;   6.7;  977.46;    2.5;   90.33;    5.5;   -2.4;   -3.2;eor
       2044;20181229;   10;  13.6;   5.1;    3;   3.5;   8;    0.383;   0;   7.7;   7.0;  977.19;    2.7;   94.42;    4.2;    1.9;    1.6;eor
       2044;20181230;   10;  22.3;   6.5;    3;   0.0;   0;    0.050;   0;   7.5;   7.0;  977.14;    5.0;   80.04;    6.2;    4.1;    2.7;eor
       2044;20181231;   10;   6.9;   2.1;    3;   0.1;   6;    0.000;   0;   7.8;   8.3;  981.38;    5.3;   92.58;    6.7;    3.8;    3.0;eor
       2044;20190101;   10;  19.4;   6.7;    3;   2.4;   8;    0.083;   0;   6.5;   6.9;  972.83;    4.4;   81.46;    6.5;   -0.5;   -1.1;eor
       2044;20190102;   10;  19.3;   8.4;    3;   0.0;   7;    2.633;   0;   4.6;   4.4;  977.94;    0.4;   70.25;    1.8;   -2.1;   -3.5;eor
       2044;20190103;   10;  12.0;   4.1;    3;   0.0;   0;    5.767;   0;   3.7;   4.2;  984.63;   -1.6;   77.08;    1.1;   -5.1;   -6.5;eor
       2044;20190104;   10;  14.7;   3.8;    3;   2.8;   8;    0.000;   0;   7.7;   5.7;  980.66;    1.2;   83.58;    4.4;   -2.3;   -3.1;eor
       2044;20190105;   10;  19.0;   6.7;    3;   4.9;   8;    0.000;   0;   7.5;   8.2;  973.48;    5.2;   93.04;    5.9;    4.4;    3.6;eor
       2044;20190106;   10;  12.1;   3.0;    3;   3.9;   8;    0.017;   0;   7.8;   7.3;  978.71;    3.0;   95.50;    4.4;    1.4;    1.0;eor
       2044;20190107;   10;  13.4;   5.1;    3;   2.0;   8;    0.450;   0;   7.5;   7.1;  977.22;    3.3;   91.04;    4.3;    2.7;    2.5;eor
       2044;20190108;   10;  19.2;   7.1;    3;   7.7;   8;    0.733;   0;   6.8;   6.6;  957.51;    2.9;   88.29;    4.6;   -0.1;   -0.2;eor
       2044;20190109;   10;  17.8;   8.8;    3;  13.2;   8;    0.000;   0;   7.6;   5.3;  961.58;   -0.9;   91.71;    0.0;   -1.3;   -1.4;eor
       2044;20190110;   10;  10.6;   4.2;    3;   0.1;   7;    0.000;-999;   7.9;   4.5;  973.50;   -2.6;   89.00;   -1.3;   -4.2;   -0.4;eor
       2044;20190111;   10;  13.0;   4.2;    3;   0.2;   8;    0.000;-999;   7.4;   5.6;  969.83;    0.1;   91.04;    3.9;   -3.9;   -0.4;eor
       2044;20190112;   10;  13.5;   4.8;    3;   1.6;   6;    0.233;  18;   7.5;   6.4;  964.34;    2.5;   88.00;    3.7;    1.5;    0.0;eor
       2044;20190113;   10;  17.6;   5.8;    3;   5.3;   8;    0.000;  12;   7.2;   7.2;  951.57;    3.9;   88.71;    6.1;    2.1;    0.0;eor
       2044;20190114;   10;  18.3;   7.6;    3;   0.6;   8;    1.317;   3;   5.3;   4.8;  957.20;    0.8;   73.75;    4.3;   -1.6;   -3.6;eor
       2044;20190115;   10;  14.8;   7.3;    3;   0.0;   8;    0.000;   3;   7.3;   5.8;  964.35;    1.8;   81.79;    4.2;    0.2;   -2.9;eor
       2044;20190116;   10;  15.0;   6.4;    3;   0.0;   6;    0.000;   0;   7.8;   6.5;  959.56;    3.0;   85.46;    4.3;    1.3;    0.6;eor
       2044;20190117;   10;  14.2;   6.3;    3;   3.5;   8;    0.850;   0;   6.7;   6.0;  952.95;    1.9;   85.38;    4.3;   -0.6;   -1.3;eor
       2044;20190118;   10;  13.0;   3.7;    3;   0.0;   0;    7.267;   1;   4.0;   4.0;  967.54;   -2.5;   78.29;    0.6;   -5.4;  -10.6;eor
       2044;20190119;   10;   5.1;   1.9;    3;   0.0;   0;    6.550;   0;   6.9;   3.6;  969.50;   -4.8;   83.92;    0.8;  -10.1;  -14.3;eor
       2044;20190120;   10;   3.9;   1.8;    3;   0.0;   0;    7.450;   0;   0.0;   2.8;  968.90;   -8.0;   83.29;   -1.3;  -12.5;  -14.9;eor
       2044;20190121;   10;   8.8;   3.5;    3;   0.0;   0;    7.500;   0;   1.4;   2.9;  971.36;   -7.5;   82.83;   -2.0;  -11.5;  -13.9;eor
       2044;20190122;   10;   7.1;   3.4;    3;   0.0;   0;    7.533;   0;   3.1;   2.9;  960.87;   -6.8;   77.75;   -1.4;  -11.2;  -12.6;eor
       2044;20190123;   10;   6.7;   2.9;    3;   0.0;   0;    2.267;   0;   6.6;   2.9;  953.45;   -7.8;   86.83;   -4.6;   -9.8;  -12.4;eor
       2044;20190124;   10;   7.1;   1.8;    3;   0.1;   7;    0.000;   0;   7.6;   3.3;  961.10;   -6.6;   89.29;   -5.2;   -9.2;   -8.7;eor
       2044;20190125;   10;  12.4;   3.4;    3;   3.9;   8;    0.000;   3;   7.9;   3.4;  963.82;   -5.9;   85.29;   -2.6;   -7.6;   -9.2;eor
       2044;20190126;   10;  13.9;   6.0;    3;   7.3;   8;    0.000;   6;   7.0;   6.3;  954.59;    1.2;   94.17;    3.6;   -2.6;   -2.6;eor
       2044;20190127;   10;  11.2;   5.2;    3;   3.6;   8;    0.000;   2;   7.6;   6.8;  941.64;    2.5;   92.63;    3.8;    0.6;    0.1;eor
       2044;20190128;   10;  14.3;   4.6;    3;   0.2;   8;    0.700;   0;   7.5;   5.7;  943.50;    0.4;   89.96;    1.2;   -1.4;   -1.6;eor
       2044;20190129;   10;  13.8;   3.7;    3;   0.0;   7;    1.717;   1;   6.8;   4.7;  954.87;   -1.0;   83.04;    1.3;   -4.0;   -5.7;eor
       2044;20190130;   10;  10.7;   3.3;    3;   0.0;   0;    0.917;   1;   7.9;   4.3;  948.57;   -2.3;   83.38;    0.1;   -4.9;   -7.1;eor
       2044;20190131;   10;   9.5;   3.2;    3;   0.0;   7;    7.867;   1;   2.9;   4.2;  949.92;   -1.1;   74.63;    1.5;   -4.7;   -8.5;eor
       2044;20190201;   10;   6.9;   2.1;    3;   1.4;   8;    0.000;   1;   7.3;   4.8;  945.52;   -1.6;   87.79;    1.3;   -5.7;   -8.8;eor
       2044;20190202;   10;   8.0;   2.2;    3;   0.0;   8;    0.000;   1;   7.5;   5.6;  949.30;   -0.9;   97.42;   -0.1;   -1.7;   -2.1;eor
       2044;20190203;   10;  13.3;   5.5;    3;   0.0;   7;    0.000;   1;   7.0;   5.1;  965.95;   -1.2;   90.42;    0.0;   -2.0;   -4.3;eor
       2044;20190204;   10;  13.1;   4.9;    3;   0.0;   0;    6.450;   1;   5.0;   4.6;  977.06;   -0.4;   77.92;    2.1;   -3.7;   -5.0;eor
       2044;20190205;   10;  11.5;   4.4;    3;   0.0;   0;    1.800;   1;   7.0;   5.1;  976.96;    0.6;   78.88;    2.5;   -0.8;   -1.7;eor
       2044;20190206;   10;  11.1;   5.5;    3;   0.0;   0;    3.933;   1;   7.5;   5.1;  974.54;    1.4;   76.38;    4.0;   -1.3;   -2.3;eor
       2044;20190207;   10;  14.1;   6.0;    3;   0.0;   6;    0.317;   0;   7.7;   5.1;  964.04;    2.3;   71.08;    4.0;    1.0;    0.0;eor
       2044;20190208;   10;  15.7;   7.1;    3;   1.8;   6;    1.000;   0;   6.3;   6.4;  963.97;    3.6;   81.71;    5.1;    1.7;    0.7;eor
       2044;20190209;   10;  19.5;   7.8;    3;   2.2;   6;    2.067;   0;   7.1;   6.5;  957.21;    5.0;   74.83;    7.9;    2.8;    1.5;eor
       2044;20190210;   10;  17.7;   7.3;    3;  26.6;   8;    0.000;   0;   6.6;   7.6;  949.45;    4.4;   90.13;    6.4;    1.5;    1.0;eor
       2044;20190211;   10;  18.6;   6.5;    3;   0.5;   8;    2.517;   0;   5.6;   5.5;  962.32;    2.1;   77.21;    4.5;    0.1;   -0.1;eor
       2044;20190212;   10;  13.3;-999;    3;   0.2;   7;    0.933;   0;   7.4;   5.1;  980.07;    1.8;   72.92;    3.8;    0.6;   -0.1;eor
       2044;20190213;   10;   9.8;-999;    3;   0.0;   0;    0.083;   0;   7.6;   6.7;  984.50;    3.1;   87.63;    5.5;   -0.4;   -2.5;eor
       2044;20190214;   10;   6.6;   2.5;    3;   0.0;   0;    7.550;   0;   3.6;   6.0;  986.35;    3.3;   79.00;   13.3;   -1.7;   -2.7;eor
       2044;20190215;   10;   6.4;   3.0;    3;   0.0;   0;    8.950;   0;   0.0;   5.2;  984.32;    5.3;   60.92;   14.9;   -2.0;   -3.1;eor
       2044;20190216;   10;  12.2;   4.9;    3;   0.0;   0;    9.033;   0;   1.6;   4.8;  977.90;    8.1;   47.38;   15.8;    1.2;   -1.2;eor
       2044;20190217;   10;   9.3;   3.8;    3;   0.0;   0;    8.750;   0;   7.2;   5.8;  975.17;    6.7;   61.50;   14.2;   -0.9;   -2.6;eor
       2044;20190218;   10;   7.5;   3.5;    3;   0.0;   0;    9.150;   0;   2.0;   5.6;  970.80;    7.4;   56.63;   14.8;   -0.1;   -1.8;eor
       2044;20190219;   10;  13.5;   5.6;    3;   0.0;   0;    3.250;   0;   6.1;   6.2;  968.35;    5.8;   67.00;    8.5;    3.1;    1.4;eor
       2044;20190220;   10;   8.8;   3.4;    3;   0.0;   0;    1.367;   0;   7.4;   6.3;  973.60;    4.8;   73.33;    8.3;    1.4;   -2.8;eor
       2044;20190221;   10;  13.0;   4.1;    3;   1.2;   6;    0.900;   0;   7.7;   7.6;  976.42;    6.3;   79.29;    9.2;    1.4;    0.0;eor
       2044;20190222;   10;  12.3;   3.8;    3;   1.6;   6;    0.000;   0;   6.8;   7.4;  986.34;    2.8;   96.13;    7.6;   -3.2;   -4.2;eor
       2044;20190223;   10;   6.0;   2.4;    3;   0.0;   0;    7.183;   0;   6.2;   4.2;  991.42;   -0.1;   71.33;    6.3;   -4.8;   -5.5;eor
       2044;20190224;   10;   5.0;   2.5;    3;   0.0;   0;    9.550;   0;   1.7;   3.5;  989.30;    3.5;   50.92;   12.5;   -3.5;   -4.1;eor
       2044;20190225;   10;   6.5;   2.6;    3;   0.0;   0;    9.483;   0;   3.3;   4.7;  988.57;    6.4;   52.67;   16.5;   -1.4;   -2.4;eor
       2044;20190226;   10;   8.8;   2.7;    3;   0.0;   0;    9.617;   0;   3.1;   3.4;  984.98;    8.1;   33.67;   15.0;    0.5;   -2.7;eor
       2044;20190227;   10;   7.1;   2.9;    3;   0.0;   0;    9.733;   0;   0.0;   4.6;  977.54;    7.6;   48.00;   17.8;   -1.2;   -2.5;eor
       2044;20190228;   10;  11.5;   3.6;    3;   0.3;   6;    5.733;   0;   4.4;   7.0;  965.47;    8.9;   61.83;   13.1;    4.9;   -1.5;eor
       2044;20190301;   10;  10.1;   3.7;    3;   2.0;   6;    0.117;   0;   8.0;   8.0;  964.25;    5.1;   90.17;    8.0;    1.3;    1.1;eor
       2044;20190302;   10;  10.0;   3.2;    3;   0.0;   6;    0.000;   0;   7.9;   6.3;  966.24;    3.0;   83.08;    5.8;    1.3;    1.1;eor
       2044;20190303;   10;  18.8;   7.8;    3;   0.5;   6;    0.000;   0;   7.8;   8.9;  958.86;    7.6;   84.71;    8.9;    5.7;    5.3;eor
       2044;20190304;   10;  25.9;   8.6;    3;   2.3;   6;    1.017;   0;   7.3;   7.4;  947.17;    7.4;   71.25;   11.3;    3.2;    2.2;eor
       2044;20190305;   10;  16.1;   6.3;    3;   0.1;   8;    3.883;-999;   4.8;   5.9;  956.18;    3.4;   76.17;    6.1;   -0.5;   -2.1;eor
       2044;20190306;   10;  13.5;   4.9;    3;   0.9;   6;    0.467;-999;   7.7;   7.0;  958.24;    5.3;   79.50;   10.1;   -0.6;   -3.6;eor
       2044;20190307;   10;  26.3;   7.0;    3;   0.5;   6;    6.300;-999;   5.9;   7.4;  949.42;    8.8;   65.54;   12.4;    5.7;    4.3;eor
       2044;20190308;   10;  20.5;   7.3;    3;   4.3;   8;    2.117;-999;   6.2;   6.6;  959.61;    4.9;   76.83;    7.1;    0.9;   -2.7;eor
       2044;20190309;   10;  23.5;   8.4;    3;   4.7;   6;    3.750;-999;   6.4;   7.1;  959.45;    5.6;   78.33;   10.4;    2.3;    0.9;eor
       2044;20190310;   10;  25.7;   5.7;    3;   9.1;   8;    0.017;-999;   7.4;   6.9;  956.13;    3.6;   87.25;    7.5;   -0.5;   -1.1;eor
       2044;20190311;   10;  14.2;   6.2;    3;   2.2;   8;    2.517;-999;   6.9;   5.7;  963.84;    0.9;   87.96;    2.6;   -0.5;   -1.6;eor
       2044;20190312;   10;  16.1;   6.0;    3;   0.1;   8;    4.433;-999;   7.3;   5.5;  966.10;    3.5;   71.63;    6.0;   -0.1;   -1.4;eor
       2044;20190313;   10;  20.0;   8.5;    3;   1.3;   6;    2.900;-999;   6.6;   6.0;  954.38;    4.1;   74.08;    6.7;    1.7;    0.5;eor
       2044;20190314;   10;  16.1;   7.5;    3;  12.0;   8;    0.000;-999;   7.1;   6.9;  951.50;    3.4;   88.92;    5.2;    2.0;    1.1;eor
       2044;20190315;   10;  18.4;   6.5;    3;   3.9;   6;    0.117;-999;   6.6;   7.3;  953.55;    5.5;   80.21;    8.5;    3.5;    2.1;eor
       2044;20190316;   10;  16.9;   6.6;    3;   0.9;   6;    0.033;-999;   7.1;   7.6;  957.74;    5.7;   81.46;    9.0;    3.3;    2.8;eor
       2044;20190317;   10;  15.1;   6.1;    3;   0.9;   8;    0.883;-999;   6.3;   7.1;  954.30;    5.6;   78.17;    9.7;    1.2;   -1.2;eor
       2044;20190318;   10;  15.2;   6.2;    3;   0.1;   8;    5.050;-999;   4.9;   5.6;  965.27;    2.8;   75.75;    7.0;    0.0;   -1.5;eor
       2044;20190319;   10;  13.6;   2.7;    3;   0.5;   7;    1.717;   1;   4.8;   5.2;  977.40;    1.9;   74.96;    5.8;   -1.6;   -3.4;eor
       2044;20190320;   10;   8.7;   3.0;    3;   0.0;   0;    9.917;   0;   3.8;   6.0;  983.94;    5.1;   69.83;   11.3;   -3.2;   -4.4;eor
       2044;20190321;   10;   7.2;   2.0;    3;   0.0;   0;   10.950;   0;   2.3;   8.5;  985.07;    8.7;   76.54;   15.4;    1.4;    0.0;eor
       2044;20190322;   10;   7.5;   2.3;    3;   0.0;   0;    9.033;   0;   3.2;   8.7;  982.49;    8.4;   80.92;   16.4;    0.9;    0.2;eor
       2044;20190323;   10;  12.3;   3.8;    3;   0.0;   0;    9.450;   0;   4.0;   8.8;  979.18;    8.1;   83.04;   15.5;    4.7;    2.8;eor
       2044;20190324;   10;   7.4;   2.3;    3;   0.1;   8;    1.417;   0;   5.8;   6.8;  976.39;    4.6;   79.96;   10.0;   -1.8;   -4.0;eor
       2044;20190325;   10;  16.7;   5.1;    3;   2.0;   8;    3.367;   0;   5.1;   6.0;  969.03;    2.4;   83.17;    5.6;   -1.9;   -4.5;eor
       2044;20190326;   10;  13.2;   4.9;    3;   0.0;   6;    0.867;   0;   6.5;   6.3;  977.47;    3.6;   79.25;    6.6;    0.3;   -1.6;eor
       2044;20190327;   10;  10.4;   3.4;    3;   1.4;   6;    1.400;   0;   7.5;   7.0;  981.81;    5.9;   76.13;    9.7;    2.2;    0.5;eor
       2044;20190328;   10;   9.8;   3.2;    3;   0.1;   6;    1.600;   0;   7.6;   8.5;  984.67;    7.8;   81.29;   11.1;    5.6;    5.0;eor
       2044;20190329;   10;   7.3;   2.3;    3;   0.0;   0;    4.700;   0;   4.5;   8.5;  982.75;    7.6;   81.88;   12.9;   -0.2;   -1.3;eor
       2044;20190330;   10;  11.5;   3.3;    3;   0.0;   0;   11.150;   0;   5.3;   7.2;  974.55;    8.7;   68.08;   16.8;   -0.9;   -2.0;eor
       2044;20190331;   10;   9.2;   2.9;    3;   0.0;   0;    0.367;   0;   5.0;   6.8;  974.89;    4.7;   79.08;    8.0;   -0.5;   -5.1;eor
       2044;20190401;   10;   9.5;   3.1;    3;   0.0;   0;   11.867;   0;   0.7;   4.2;  975.22;    3.6;   55.50;    9.3;   -2.4;   -7.0;eor
       2044;20190402;   10;   9.5;   3.3;    3;   0.0;   6;    9.083;   0;   4.5;   6.5;  962.83;    8.2;   59.50;   14.9;   -3.1;   -5.0;eor
       2044;20190403;   10;   9.8;   2.8;    3;   0.0;   6;    2.633;   0;   7.2;   9.1;  955.42;   10.4;   72.42;   14.3;    5.2;    2.7;eor
       2044;20190404;   10;   9.6;   3.6;    3;   0.0;   0;    6.750;   0;   5.8;   8.5;  951.78;    6.3;   88.42;   10.2;    3.0;    1.4;eor
       2044;20190405;   10;   8.9;   2.2;    3;   0.0;   0;    0.400;   0;   7.0;   9.0;  957.46;    6.7;   91.79;    9.3;    3.7;    0.2;eor
       2044;20190406;   10;   8.7;   2.7;    3;   0.0;   0;    9.933;   0;   2.8;   8.8;  959.23;   11.3;   69.58;   17.4;    4.8;    2.2;eor
       2044;20190407;   10;   9.3;   2.5;    3;   0.0;   0;   10.933;   0;   0.7;   8.1;  960.01;    9.6;   69.96;   16.3;    1.0;   -0.3;eor
       2044;20190408;   10;   8.5;   2.5;    3;   0.0;   0;   12.083;   0;   1.6;   7.1;  962.60;   10.1;   61.96;   16.6;    1.2;   -0.2;eor
       2044;20190409;   10;   8.7;   3.4;    3;   0.0;   0;    4.083;   0;   5.6;   6.5;  965.56;    4.8;   76.96;    9.9;    0.9;   -2.2;eor
       2044;20190410;   10;   8.6;   2.8;    3;   0.0;   0;    6.633;   0;   3.3;   5.0;  968.24;    2.9;   67.13;    7.5;   -3.5;   -6.7;eor
       2044;20190411;   10;   8.8;   3.1;    3;   0.0;   7;    0.617;   0;   7.1;   4.1;  974.15;    1.9;   59.13;    4.4;   -1.7;   -5.7;eor
       2044;20190412;   10;   6.6;   2.5;    3;   4.0;   7;    0.000;   0;   7.8;   5.0;  975.63;   -0.2;   84.13;    1.4;   -1.2;   -1.2;eor
       2044;20190413;   10;   5.3;   2.1;    3;   2.3;   7;    0.083;   2;   6.9;   5.5;  974.12;   -0.2;   92.17;    1.9;   -2.3;   -3.7;eor
       2044;20190414;   10;   7.9;   3.2;    3;   3.3;   8;    0.000;   0;   7.1;   6.1;  975.56;    0.3;   96.71;    3.1;   -2.5;   -4.0;eor
       2044;20190415;   10;   9.4;   3.0;    3;   0.0;   0;   12.717;   0;   1.5;   5.8;  977.29;    6.0;   64.75;   11.2;    0.0;   -1.8;eor
       2044;20190416;   10;   8.6;   3.0;    3;   0.0;   0;   12.767;   0;   0.0;   5.3;  973.20;    7.0;   54.63;   13.8;   -2.7;   -4.7;eor
       2044;20190417;   10;   9.2;   3.1;    3;   0.0;   0;   12.833;   0;   0.0;   5.7;  977.10;    9.0;   51.79;   15.7;   -2.1;   -3.9;eor
       2044;20190418;   10;  13.3;   3.3;    3;   0.0;   0;   12.817;   0;   0.0;   6.3;  980.56;   10.8;   53.17;   17.7;    0.2;   -1.2;eor
       2044;20190419;   10;  10.9;   2.5;    3;   0.0;   0;   12.933;   0;   0.0;   6.8;  983.03;   11.9;   51.92;   19.5;    1.0;   -0.6;eor
       2044;20190420;   10;   7.4;   2.3;    3;   0.0;   0;   12.983;   0;   1.6;   6.7;  981.67;   12.0;   50.13;   19.0;    1.5;   -0.7;eor
       2044;20190421;   10;   7.2;   2.4;    3;   0.0;   0;   13.067;   0;   0.2;   6.1;  974.56;   11.1;   51.04;   19.3;    0.1;   -1.2;eor
       2044;20190422;   10;  15.2;   4.5;    3;   0.0;   0;   13.150;   0;   0.0;   6.3;  967.05;   10.6;   52.83;   17.2;    0.3;   -1.2;eor
       2044;20190423;   10;  15.7;   6.2;    3;   0.0;   6;   10.683;   0;   2.5;   8.6;  958.37;   11.7;   63.13;   17.6;    6.7;    5.0;eor
       2044;20190424;   10;  18.2;   4.2;    3;   0.0;   6;   10.717;   0;   6.0;  10.8;  957.25;   15.4;   63.46;   22.5;    8.9;    7.5;eor
       2044;20190425;   10;   9.6;   3.6;    3;   0.0;   0;   10.283;   0;   4.5;   8.3;  962.72;   15.2;   51.71;   21.3;    4.5;    1.1;eor
       2044;20190426;   10;  11.7;   3.5;    3;   7.2;   6;    5.617;   0;   7.8;   9.7;  963.25;   11.5;   72.25;   16.4;    6.6;    4.0;eor
       2044;20190427;   10;  14.9;   3.8;    3;   6.0;   6;    6.717;   0;   6.6;   9.5;  965.14;    9.3;   83.00;   15.5;    4.9;    4.5;eor
       2044;20190428;   10;   6.3;   1.9;    3;   1.7;   6;    2.167;   0;   7.2;   8.3;  970.00;    7.1;   83.38;   10.4;    3.7;    2.8;eor
       2044;20190429;   10;  15.6;   5.3;    3;   1.7;   6;    0.000;   0;   7.2;   9.1;  971.79;    6.9;   91.33;    8.7;    3.2;    2.1;eor
       2044;20190430;   10;  12.0;   5.0;    3;   0.0;   0;   12.967;   0;   1.3;   8.3;  970.94;    9.2;   70.33;   14.5;    2.0;   -0.3;eor
       2044;20190501;   10;  12.3;   3.5;    3;   0.0;   0;    9.350;-999;   5.7;   8.9;  966.48;   12.2;   63.50;   16.8;    5.3;    1.1;eor
       2044;20190502;   10;  10.4;   2.9;    3;   0.0;   6;    8.500;-999;   5.0;   8.9;  960.22;    9.6;   75.33;   14.8;    3.7;    0.1;eor
       2044;20190503;   10;  11.8;   3.8;    3;   2.3;   8;    2.433;-999;   7.5;   6.0;  961.20;    5.9;   64.88;    8.6;    3.5;    2.2;eor
       2044;20190504;   10;   9.4;   3.2;    3;   0.0;   8;    2.650;-999;   6.1;   5.9;  959.78;    3.4;   76.42;    7.5;    0.5;   -0.3;eor
       2044;20190505;   10;   9.7;   3.4;    3;   0.0;   0;    7.167;-999;   4.3;   5.2;  968.27;    4.4;   63.63;    8.6;   -0.7;   -3.9;eor
       2044;20190506;   10;   9.2;   3.1;    3;   0.1;   6;    3.367;-999;   5.4;   5.7;  970.01;    4.3;   69.71;    9.2;   -1.6;   -4.3;eor
       2044;20190507;   10;   6.3;   1.8;    3;   0.2;   6;    3.517;-999;   7.2;   6.6;  969.03;    5.2;   74.83;    9.5;    0.3;   -2.6;eor
       2044;20190508;   10;  13.6;   3.7;    3;   4.5;   6;    3.683;-999;   6.7;   8.7;  957.92;    7.3;   83.92;   13.7;   -2.0;   -3.3;eor
       2044;20190509;   10;  11.0;   4.2;    3;   0.0;   6;    4.967;-999;   7.0;   9.6;  952.76;   10.5;   77.04;   15.6;    7.3;    5.3;eor
       2044;20190510;   10;  11.9;   3.5;    3;   0.7;   6;    2.300;-999;   6.6;   9.4;  960.81;    9.6;   79.42;   14.6;    2.9;    1.3;eor
       2044;20190511;   10;  11.8;   3.5;    3;  23.0;   6;    0.000;-999;   7.5;   9.0;  965.81;    5.9;   96.29;    8.1;    2.2;    1.8;eor
       2044;20190512;   10;  13.4;   5.5;    3;   0.0;   0;    9.383;-999;   3.7;   6.8;  980.73;    7.2;   68.88;   12.1;    3.2;    2.3;eor
       2044;20190513;   10;  13.1;   4.6;    3;   0.0;   0;   12.767;-999;   2.6;   5.9;  986.86;    7.6;   59.42;   12.8;    1.5;   -0.2;eor
       2044;20190514;   10;  10.4;   3.4;    3;   0.0;   6;    5.950;-999;   5.0;   6.3;  983.05;    6.7;   65.25;   11.2;    2.4;   -0.6;eor
       2044;20190515;   10;  11.1;   3.4;    3;   0.0;   6;    4.433;-999;   5.3;   5.3;  977.08;    6.4;   56.83;   10.5;   -0.2;   -3.4;eor
       2044;20190516;   10;  10.1;   3.5;    3;   7.9;   8;    0.000;-999;   7.8;   8.5;  968.16;    5.7;   92.54;    6.8;    3.8;    4.2;eor
       2044;20190517;   10;   7.6;   2.4;    3;   0.0;   0;    1.533;-999;   5.8;   9.8;  962.65;    8.9;   86.63;   14.4;    4.3;    3.1;eor
       2044;20190518;   10;   7.8;   2.2;    3;   0.0;   0;   14.367;-999;   1.8;  10.0;  959.88;   11.6;   75.50;   18.6;    1.7;    0.6;eor
       2044;20190519;   10;  10.1;   2.3;    3;   0.0;   0;   11.433;-999;   5.2;  11.3;  958.10;   14.4;   71.00;   21.5;    5.0;    4.0;eor
       2044;20190520;   10;  10.8;   3.4;    3;  22.4;   6;    5.400;-999;   7.5;  14.6;  955.96;   14.3;   88.75;   19.8;    7.9;    6.2;eor
       2044;20190521;   10;  10.6;   3.9;    3;   0.0;   0;    2.033;-999;   7.5;  14.4;  959.40;   13.9;   90.83;   18.8;   11.6;   11.9;eor
       2044;20190522;   10;  13.3;   4.2;    3;   0.0;   0;    3.050;-999;   5.5;  10.6;  968.07;   10.7;   82.04;   13.4;    4.5;    3.4;eor
       2044;20190523;   10;   6.4;   2.2;    3;   0.0;   0;   13.617;-999;   6.8;   8.9;  970.80;   11.2;   70.08;   17.8;    3.0;    2.1;eor
       2044;20190524;   10;   8.0;   2.3;    3;   0.0;   0;    7.717;-999;   7.2;  10.5;  967.13;   14.1;   66.83;   19.5;    4.5;    3.8;eor
       2044;20190525;   10;   8.6;   3.5;    3;   0.0;   0;    9.233;-999;   3.6;  10.3;  968.13;   10.5;   81.21;   14.9;    4.1;    3.4;eor
       2044;20190526;   10;  13.4;   4.3;    3;   0.0;   0;   11.317;-999;   7.3;  10.3;  965.82;   13.7;   67.96;   20.1;    3.7;    2.4;eor
       2044;20190527;   10;  10.3;   3.2;    3;   0.9;   6;    0.367;-999;   7.6;  13.2;  961.07;   14.4;   80.50;   16.8;   11.0;   10.5;eor
       2044;20190528;   10;   9.3;   2.2;    3;   7.4;   6;    2.350;-999;   7.8;  11.0;  960.90;   11.1;   84.25;   15.0;    8.1;    7.7;eor
       2044;20190529;   10;   8.9;   3.4;    3;   0.0;   0;    7.200;-999;   4.6;   8.4;  973.05;    8.9;   74.96;   14.1;    3.2;    2.2;eor
       2044;20190530;   10;  11.8;   4.2;    3;   0.0;   6;    8.283;-999;   5.1;  10.2;  975.96;   12.2;   72.29;   19.0;    2.5;    1.2;eor
       2044;20190531;   10;   7.5;   2.4;    3;   0.0;   0;    3.583;-999;   6.8;  14.7;  976.27;   15.9;   81.67;   21.3;   10.7;    9.6;eor
       2044;20190601;   10;   7.9;   2.7;    3;   0.0;   0;   12.567;-999;   5.8;  14.0;  974.46;   17.6;   72.63;   24.5;    9.4;    8.2;eor
       2044;20190602;   10;   8.5;   3.0;    3;   0.0;   0;   14.967;-999;   4.2;  14.6;  970.22;   20.4;   64.42;   27.5;   10.1;    9.0;eor
       2044;20190603;   10;  17.4;   3.4;    3;   0.4;   6;   11.317;-999;   3.6;  14.8;  967.05;   20.6;   63.67;   29.1;   12.6;   11.2;eor
       2044;20190604;   10;   7.3;   2.5;    3;   0.0;   0;   13.983;-999;   2.6;  14.9;  965.28;   20.0;   66.67;   26.8;   10.7;    9.9;eor
       2044;20190605;   10;   9.1;   2.8;    3;   0.0;   0;   14.100;-999;   2.9;  15.1;  961.39;   23.5;   54.71;   30.1;   14.2;   12.9;eor
       2044;20190606;   10;  11.9;   2.8;    3;   0.6;   6;    2.617;-999;   5.5;  14.3;  963.27;   15.9;   78.75;   21.1;   10.0;    8.6;eor
       2044;20190607;   10;  14.0;   2.9;    3;   3.7;   6;    7.633;-999;   4.3;  13.9;  966.44;   15.2;   80.46;   21.4;    7.0;    4.9;eor
       2044;20190608;   10;  18.0;   6.3;    3;   0.0;   0;    9.617;-999;   4.4;   9.9;  972.10;   13.5;   65.29;   17.0;   10.1;    8.4;eor
       2044;20190609;   10;   8.0;   2.4;    3;   0.3;   6;   10.383;-999;   6.9;  10.1;  975.17;   16.2;   56.08;   22.1;    7.4;    6.1;eor
       2044;20190610;   10;   8.2;   2.3;    3;   0.1;   6;    4.233;-999;   7.4;  14.9;  966.21;   17.9;   73.88;   25.0;   11.9;   10.4;eor
       2044;20190611;   10;  21.8;   3.3;    3;  35.8;   8;    3.583;-999;   6.7;  15.9;  963.69;   16.9;   83.54;   21.1;   12.8;    6.2;eor
       2044;20190612;   10;  13.1;   2.8;    3;   0.5;   6;    2.300;-999;   6.7;  15.6;  962.81;   15.2;   90.13;   20.2;   10.0;    7.7;eor
       2044;20190613;   10;  15.0;   2.9;    3;   0.4;   6;    8.350;-999;   4.6;  12.5;  967.55;   15.7;   73.21;   22.3;    8.5;    7.4;eor
       2044;20190614;   10;  10.2;   2.7;    3;   0.0;   6;    7.800;-999;   4.3;  13.7;  969.60;   18.6;   66.46;   26.4;    6.5;    5.8;eor
       2044;20190615;   10;  12.3;   3.8;    3;   0.0;   0;   11.100;-999;   4.5;  16.1;  965.10;   20.2;   67.83;   24.7;   10.7;    9.4;eor
       2044;20190616;   10;   9.3;   1.9;    3;   0.1;   6;    0.200;-999;   7.5;  13.9;  972.99;   14.8;   82.83;   19.4;    9.0;    8.0;eor
       2044;20190617;   10;   6.7;   2.0;    3;   0.0;   0;   11.850;-999;   2.3;  13.7;  973.94;   17.7;   70.33;   24.2;   10.5;    9.7;eor
       2044;20190618;   10;   8.8;   2.2;    3;   0.0;   0;   12.217;-999;   4.3;  14.2;  969.13;   19.6;   65.63;   27.2;    9.8;    9.0;eor
       2044;20190619;   10;  11.1;   3.0;    3;   1.8;   6;   12.750;-999;   5.5;  15.0;  963.30;   21.0;   64.33;   28.7;   12.0;   11.2;eor
       2044;20190620;   10;  10.0;   2.7;    3;   0.5;   6;    3.800;-999;   6.4;  16.7;  964.67;   17.8;   82.42;   23.2;   12.5;   10.8;eor
       2044;20190621;   10;   8.1;   2.1;    3;   0.0;   6;    6.550;-999;   4.4;  13.8;  970.78;   16.2;   75.79;   21.1;   10.6;    7.9;eor
       2044;20190622;   10;   8.6;   3.2;    3;   0.0;   0;    9.267;-999;   3.3;  13.5;  973.94;   17.2;   69.63;   22.8;   10.8;    9.3;eor
       2044;20190623;   10;  10.9;   2.8;    3;   0.0;   0;   15.267;-999;   1.1;  12.3;  974.41;   19.1;   58.92;   25.0;   12.1;   10.1;eor
       2044;20190624;   10;   9.6;   2.7;    3;   0.0;   0;   15.283;-999;   5.1;  11.9;  975.87;   20.3;   53.08;   26.6;    9.9;    8.7;eor
       2044;20190625;   10;   8.4;   2.6;    3;   0.0;   0;   15.000;-999;   4.0;  15.9;  974.37;   22.9;   59.50;   31.1;   11.7;   10.7;eor
       2044;20190626;   10;  10.8;   3.9;    3;   0.0;   0;   13.267;-999;   1.1;  19.9;  975.05;   25.0;   63.96;   31.6;   16.0;   15.2;eor
       2044;20190627;   10;  10.7;   5.0;    3;   0.0;   0;   14.583;-999;   0.5;  12.4;  977.63;   16.5;   67.92;   22.0;   11.6;   11.3;eor
       2044;20190628;   10;   8.2;   3.0;    3;   0.0;   0;   10.467;-999;   3.9;  11.3;  977.27;   15.0;   68.38;   21.3;    9.0;    8.0;eor
       2044;20190629;   10;   6.2;   2.0;    3;   0.0;   0;   15.283;-999;   0.3;  10.8;  973.77;   19.6;   54.38;   29.9;    6.9;    6.0;eor
       2044;20190630;   10;  12.0;   4.2;    3;   0.0;   0;   14.767;-999;   1.6;  14.2;  967.70;   24.6;   49.21;   34.1;   10.9;    9.9;eor
       2044;20190701;   10;  11.5;   3.4;    3;   0.0;   6;    9.750;-999;   3.5;  13.5;  968.76;   20.2;   58.29;   25.5;   13.1;   11.7;eor
       2044;20190702;   10;  12.4;   3.8;    3;   0.0;   0;    8.867;-999;   2.6;  10.0;  973.18;   14.7;   60.54;   20.2;    8.9;    5.8;eor
       2044;20190703;   10;  10.0;   3.0;    3;   0.0;   0;    9.700;-999;   2.5;   9.0;  975.56;   13.4;   60.75;   19.4;    7.1;    3.5;eor
       2044;20190704;   10;   8.0;   2.1;    3;   0.0;   0;   12.233;-999;   5.2;   9.4;  974.80;   14.2;   60.04;   21.6;    5.7;    2.2;eor
       2044;20190705;   10;  11.3;   3.4;    3;   0.0;   0;    4.617;-999;   7.4;  11.2;  968.44;   17.1;   59.42;   24.0;   10.9;    9.0;eor
       2044;20190706;   10;  11.8;   3.9;    3;   2.2;   6;    7.683;-999;   6.4;  12.5;  963.14;   16.8;   68.83;   24.7;    8.6;    7.6;eor
       2044;20190707;   10;  11.7;   3.5;    3;   0.0;   0;    5.067;-999;   6.3;   9.4;  965.19;   12.6;   65.29;   17.3;    8.4;    7.0;eor
       2044;20190708;   10;   9.5;   3.3;    3;   0.0;   6;    2.817;-999;   6.5;   9.3;  969.07;   11.5;   69.42;   17.3;    4.8;    2.7;eor
       2044;20190709;   10;   8.9;   2.6;    3;   0.0;   6;    0.250;-999;   7.5;   9.9;  970.83;   11.6;   73.00;   14.9;    9.0;    6.3;eor
       2044;20190710;   10;   7.3;   2.6;    3;   0.2;   6;    6.117;-999;   7.3;  10.2;  970.89;   14.2;   64.04;   20.5;    9.0;    6.4;eor
       2044;20190711;   10;   7.6;   2.5;    3;   1.9;   6;    0.367;-999;   7.9;  13.6;  966.61;   14.9;   80.58;   19.0;   11.7;   11.3;eor
       2044;20190712;   10;   5.8;   2.0;    3;  11.8;   8;    3.117;-999;   7.1;  15.2;  963.80;   15.4;   87.25;   21.2;   11.5;   10.2;eor
       2044;20190713;   10;  10.3;   3.7;    3;   0.0;   6;    3.433;-999;   6.5;  14.3;  966.92;   15.7;   81.04;   20.9;   12.9;   12.7;eor
       2044;20190714;   10;   9.1;   3.3;    3;   0.0;   0;    0.000;-999;   7.7;  12.3;  970.18;   13.2;   81.04;   15.8;   11.4;   11.3;eor
       2044;20190715;   10;   6.9;   2.3;    3;   0.0;   0;    0.217;-999;   7.8;  11.9;  970.05;   13.0;   79.92;   16.9;   10.3;    9.5;eor
       2044;20190716;   10;   9.0;   3.0;    3;   0.0;   0;    2.300;-999;   7.5;  12.0;  969.06;   13.6;   77.50;   19.3;    9.4;    7.7;eor
       2044;20190717;   10;   4.6;   1.6;    3;   0.0;   0;    4.400;-999;   5.9;  11.7;  967.60;   14.8;   72.83;   22.3;    8.5;    7.2;eor
       2044;20190718;   10;   9.7;   2.4;    3;   0.1;   6;    9.150;-999;   4.8;  11.5;  965.38;   17.3;   62.21;   24.9;    7.9;    6.4;eor
       2044;20190719;   10;   7.6;   2.5;    3;   0.8;   6;    2.533;-999;   7.6;  14.1;  967.15;   17.2;   72.92;   23.3;   11.6;   10.0;eor
       2044;20190720;   10;  16.5;   3.2;    3;   2.1;   6;    9.317;-999;   7.8;  14.9;  967.00;   19.6;   69.46;   29.1;    9.6;    8.3;eor
       2044;20190721;   10;  10.2;   3.3;    3;   0.0;   0;   10.383;-999;   5.3;  14.1;  972.13;   19.1;   67.08;   25.2;   12.4;   10.9;eor
       2044;20190722;   10;   9.6;   3.0;    3;   0.0;   6;    7.100;-999;   7.0;  13.4;  975.91;   18.9;   64.63;   26.6;    9.7;    8.5;eor
       2044;20190723;   10;   7.2;   2.0;    3;   0.0;   0;   14.500;-999;   0.0;  14.9;  974.73;   22.5;   58.38;   31.1;   12.4;   11.6;eor
       2044;20190724;   10;   7.8;   2.2;    3;   0.0;   0;   14.450;-999;   0.8;  14.3;  971.27;   24.5;   51.79;   33.6;   12.8;   11.8;eor
       2044;20190725;   10;   8.8;   2.6;    3;   0.0;   0;   13.583;-999;   2.7;  13.4;  970.82;   26.3;   44.54;   34.7;   14.0;   13.0;eor
       2044;20190726;   10;   9.6;   3.1;    3;   0.0;   0;   14.133;-999;   2.6;  14.7;  966.44;   23.7;   51.92;   30.0;   15.6;   13.0;eor
       2044;20190727;   10;  11.7;   3.6;    3;   0.0;   0;   12.350;-999;   2.0;  13.5;  959.15;   21.5;   55.17;   27.6;   13.7;   10.7;eor
       2044;20190728;   10;   8.4;   2.8;    3;   0.6;   6;    8.500;-999;   5.1;  15.4;  956.11;   21.6;   60.54;   28.7;   14.5;   11.7;eor
       2044;20190729;   10;   9.3;   3.2;    3;   0.0;   0;    7.050;-999;   4.9;  18.5;  962.89;   20.6;   76.92;   24.3;   16.1;   15.0;eor
       2044;20190730;   10;   7.4;   1.8;    3;  11.6;   8;    2.267;-999;   4.8;  16.5;  965.41;   20.8;   69.04;   26.9;   13.7;   12.6;eor
       2044;20190731;   10;  10.7;   2.0;    3;   4.8;   6;    2.667;-999;   6.5;  16.4;  968.42;   17.1;   84.54;   21.2;   14.0;   12.5;eor
       2044;20190801;    3;   9.4;   2.1;    3;   0.0;   0;    7.183;-999;   5.0;  12.8;  969.94;   17.1;   68.75;   23.6;   10.7;   10.2;eor
       2044;20190802;    3;  11.2;   2.0;    3;   4.0;   8;    2.167;-999;   7.5;  14.5;  967.79;   16.4;   78.63;   22.9;   12.7;   12.3;eor
       2044;20190803;    3;   8.9;   2.2;    3;   0.4;   6;    5.950;-999;   5.3;  14.8;  968.17;   16.9;   77.71;   21.8;   11.4;   10.0;eor
       2044;20190804;    3;   6.2;   2.1;    3;   0.0;   6;    6.300;-999;   5.1;  13.9;  969.30;   16.8;   74.71;   23.2;   10.9;   10.1;eor
       2044;20190805;    3;   7.7;   2.4;    3;   0.2;   6;    2.150;-999;   7.8;  14.6;  965.19;   17.8;   73.42;   24.7;   10.2;    9.4;eor
       2044;20190806;    3;  11.3;   3.2;    3;   0.0;   6;    4.283;-999;   7.6;  15.5;  963.54;   19.3;   71.50;   25.3;   12.6;   11.5;eor
       2044;20190807;    3;   8.1;   3.2;    3;   0.0;   6;    1.667;-999;   7.3;  15.0;  961.05;   18.1;   73.21;   23.2;   13.2;   11.3;eor
       2044;20190808;    3;  12.9;   3.8;    3;   0.0;   0;   10.517;-999;   2.1;  12.5;  964.56;   18.0;   64.21;   24.5;   11.9;    8.8;eor
       2044;20190809;    3;   8.0;   2.6;    3;   1.2;   6;    6.267;-999;   6.6;  14.9;  964.84;   19.7;   67.96;   27.7;   10.0;    8.9;eor
       2044;20190810;    3;  15.2;   5.2;    3;   0.0;   0;    4.733;-999;   5.7;  15.8;  965.10;   20.0;   68.46;   24.2;   13.9;    9.4;eor
       2044;20190811;    3;  12.8;   3.2;    3;   4.5;   6;   10.117;-999;   4.1;  11.7;  968.22;   18.6;   58.63;   26.8;    8.6;    7.5;eor
       2044;20190812;    3;  10.4;   3.1;    3;   0.0;   0;    8.867;-999;   6.3;  12.2;  968.00;   16.7;   66.83;   22.4;   11.9;   11.3;eor
       2044;20190813;    3;  13.9;   4.1;    3;   0.0;   6;    9.350;-999;   4.7;  10.7;  968.98;   14.4;   67.13;   19.6;    9.8;    7.5;eor
       2044;20190814;    3;  11.0;   2.7;    3;   0.0;   6;    8.783;-999;   3.0;   9.3;  970.16;   13.8;   61.25;   19.6;    7.7;    5.6;eor
       2044;20190815;    3;  12.7;   4.1;    3;   4.0;   6;    1.683;-999;   7.8;  12.7;  965.38;   15.1;   73.75;   19.6;    9.6;    9.6;eor
       2044;20190816;    3;  11.3;   3.2;    3;   0.0;   6;    9.967;-999;   5.8;  12.2;  968.72;   15.4;   72.71;   21.3;    9.4;    8.8;eor
       2044;20190817;    3;  13.9;   4.6;    3;   1.0;   6;    3.067;-999;   7.7;  13.5;  963.95;   17.8;   66.88;   23.4;    9.6;    9.1;eor
       2044;20190818;    3;  20.5;   4.4;    3;   2.6;   6;    3.283;-999;   7.4;  17.5;  961.32;   18.8;   82.42;   26.9;   14.4;   13.5;eor
       2044;20190819;    3;  12.5;   3.4;    3;   0.0;   0;    9.733;-999;   4.8;  11.9;  969.13;   16.1;   68.38;   22.4;    9.6;    8.7;eor
       2044;20190820;    3;   7.3;   2.4;    3;   0.0;   0;    4.383;-999;   7.2;  10.3;  974.84;   15.4;   61.13;   21.5;    8.5;    7.7;eor
       2044;20190821;    3;   6.5;   2.3;    3;   0.0;   0;    8.383;-999;   4.8;  10.1;  980.12;   14.6;   63.42;   21.6;    7.0;    6.0;eor
       2044;20190822;    3;   8.3;   2.5;    3;   0.0;   0;   12.967;-999;   1.4;   9.3;  979.39;   15.9;   57.29;   25.1;    5.2;    4.4;eor
       2044;20190823;    3;   8.4;   2.6;    3;   0.0;   0;   13.000;-999;   0.0;   9.9;  978.47;   17.9;   53.25;   27.1;    7.5;    6.3;eor
       2044;20190824;    3;   9.3;   3.5;    3;   0.0;   0;   12.850;-999;   0.1;  12.6;  975.74;   19.4;   58.46;   27.7;    8.7;    7.5;eor
       2044;20190825;    3;   9.0;   2.3;    3;   0.0;   0;   10.533;-999;   1.8;  15.9;  973.31;   22.2;   61.92;   30.7;   12.8;   11.6;eor
       2044;20190826;    3;   8.2;   2.9;    3;   0.0;   0;   10.917;-999;   0.5;  15.8;  972.67;   22.4;   62.92;   30.5;   13.5;   12.6;eor
       2044;20190827;    3;  13.1;   2.4;    3;   4.7;   6;    6.783;-999;   5.1;  18.0;  970.70;   20.7;   76.38;   30.8;   13.9;   12.6;eor
       2044;20190828;    3;   9.1;   3.6;    3;   0.0;   6;    7.367;-999;   6.5;  17.4;  968.64;   21.9;   69.92;   31.2;   14.8;   14.2;eor
       2044;20190829;    3;  10.3;   3.1;    3;   0.0;   6;    7.217;-999;   4.8;  16.6;  971.61;   20.8;   69.38;   28.1;   14.8;   13.8;eor
       2044;20190830;    3;   7.0;   2.5;    3;   0.0;   0;    5.600;-999;   5.4;  17.7;  974.92;   21.6;   69.67;   26.7;   16.1;   14.4;eor
       2044;20190831;    3;   9.4;   3.1;    3;   0.0;   0;   12.333;-999;   0.3;  15.7;  968.69;   22.9;   61.38;   31.2;   13.9;   13.1;eor
       2044;20190901;    3;  12.2;   3.4;    3;   0.0;   0;    3.983;-999;   6.5;  14.3;  965.71;   17.6;   70.13;   23.4;   10.1;    6.6;eor
       2044;20190902;    3;   8.8;   2.5;    3;   0.0;   0;    5.550;-999;   2.4;   9.2;  974.03;   12.6;   66.21;   18.3;    5.3;    4.3;eor
       2044;20190903;    3;  12.4;   3.6;    3;   0.0;   0;    1.767;-999;   5.9;   9.7;  975.25;   13.5;   65.13;   20.3;    5.4;    4.1;eor
       2044;20190904;    3;  12.0;   3.8;    3;   0.1;   6;   12.283;-999;   5.6;  11.5;  968.92;   16.8;   63.42;   23.9;    7.4;    5.7;eor
       2044;20190905;    3;  14.3;   4.3;    3;   0.1;   6;    7.367;-999;   4.9;  10.8;  969.81;   13.9;   69.42;   18.8;    7.2;    5.2;eor
       2044;20190906;    3;   7.8;   2.6;    3;   0.0;   0;   12.183;-999;   3.3;   7.6;  974.99;   10.7;   63.71;   18.9;    2.7;    1.6;eor
       2044;20190907;    3;   6.2;   2.2;    3;   0.0;   6;    1.783;-999;   7.8;   8.8;  970.74;   11.2;   66.63;   18.1;    4.6;    4.0;eor
       2044;20190908;    3;   9.3;   2.1;    3;   6.7;   6;    2.350;-999;   7.4;  10.1;  969.87;   12.1;   73.13;   16.8;    5.7;    2.5;eor
       2044;20190909;    3;   7.5;   2.9;    3;  10.3;   6;    0.000;-999;   7.7;  12.2;  965.95;   10.7;   94.88;   11.8;    8.7;    7.9;eor
       2044;20190910;    3;  10.0;   3.4;    3;   0.0;   0;    9.500;-999;   2.0;   9.4;  969.63;   11.1;   74.38;   17.5;    4.5;    3.5;eor
       2044;20190911;    3;  12.1;   3.9;    3;   0.0;   6;   10.450;-999;   3.4;   9.1;  974.50;   13.1;   63.79;   20.6;    3.2;    2.2;eor
       2044;20190912;    3;   9.6;   3.9;    3;   0.0;   0;    5.333;-999;   5.7;  13.4;  979.35;   15.9;   75.67;   22.0;   11.0;    8.9;eor
       2044;20190913;    3;  11.4;   3.7;    3;   0.2;   6;    2.733;-999;   5.8;  13.3;  982.53;   15.0;   77.67;   20.9;    7.2;    4.4;eor
       2044;20190914;    3;   6.6;   1.7;    3;   0.0;   0;   10.133;-999;   2.6;   8.5;  984.37;   10.4;   70.38;   18.0;    3.4;    1.8;eor
       2044;20190915;    3;  10.7;   3.6;    3;   0.0;   6;    9.933;-999;   5.8;   8.5;  974.52;   14.9;   55.96;   23.2;    3.5;    2.7;eor
       2044;20190916;    3;  10.2;   2.0;    3;   4.4;   6;    0.000;-999;   7.5;  12.1;  971.70;   10.7;   93.79;   13.5;    6.2;    4.2;eor
       2044;20190917;    3;  17.3;   4.3;    3;   1.6;   6;    5.600;-999;   4.7;   9.4;  969.95;    9.0;   82.71;   14.8;    3.0;    2.5;eor
       2044;20190918;    3;  12.6;   4.0;    3;   0.2;   6;    5.733;-999;   4.5;   8.4;  975.63;    9.3;   72.46;   14.5;    4.8;    2.7;eor
       2044;20190919;    3;  11.5;   3.2;    3;   0.0;   0;    4.333;-999;   6.0;   7.5;  980.05;    7.5;   73.96;   13.3;    2.1;    0.7;eor
       2044;20190920;    3;   7.9;   2.2;    3;   0.0;   0;   10.500;-999;   3.7;   7.9;  980.15;    8.1;   75.13;   15.6;    1.4;    0.2;eor
       2044;20190921;    3;   5.4;   2.3;    3;   0.0;   0;   11.250;-999;   0.4;   8.4;  974.19;   11.4;   67.04;   21.4;    1.5;    0.4;eor
       2044;20190922;    3;   9.1;   2.9;    3;   0.0;   0;   11.167;-999;   1.7;   9.0;  965.77;   13.9;   62.63;   24.8;    3.5;    2.2;eor
       2044;20190923;    3;  10.1;   3.2;    3;   0.3;   6;    1.933;-999;   7.6;  12.4;  966.00;   12.8;   82.92;   18.1;    5.6;    4.6;eor
       2044;20190924;    3;   9.7;   2.3;    3;   0.1;   6;    3.950;-999;   7.3;  12.6;  965.00;   14.6;   77.67;   20.0;    9.8;    8.0;eor
       2044;20190925;    3;  10.3;   3.2;    3;   1.0;   6;    1.133;-999;   7.4;  13.0;  959.58;   13.2;   85.96;   17.1;   10.6;    8.3;eor
       2044;20190926;    3;  11.0;   4.3;    3;   5.6;   6;    3.267;-999;   7.2;  14.0;  963.50;   14.1;   87.75;   18.5;   10.2;    9.1;eor
       2044;20190927;    3;   9.2;   4.3;    3;   2.3;   6;    3.033;-999;   5.6;  14.3;  962.69;   13.6;   91.96;   15.6;   10.8;    9.5;eor
       2044;20190928;    3;  15.8;   5.9;    3;   1.4;   6;    5.900;-999;   4.8;  12.6;  964.09;   13.0;   84.71;   16.5;   10.8;    9.5;eor
       2044;20190929;    3;  15.5;   6.4;    3;  10.7;   6;    1.367;-999;   7.8;  12.8;  956.51;   13.5;   82.88;   16.7;   10.8;   10.1;eor
       2044;20190930;    3;  21.1;   7.6;    3;   0.2;   6;    5.533;-999;   4.6;  11.8;  956.84;   12.5;   81.21;   15.3;    9.5;    8.6;eor
       2044;20191001;    3;  11.9;   5.2;    3;   5.0;   6;    1.000;-999;   7.8;  13.3;  955.31;   12.8;   89.33;   16.4;    9.7;    9.0;eor
       2044;20191002;    3;  10.8;   4.3;    3;   1.8;   6;    3.683;   0;   5.3;   9.4;  958.60;    8.2;   85.67;   13.4;    4.4;    3.1;eor
       2044;20191003;    3;   9.9;   3.2;    3;   2.0;   6;    2.033;   0;   6.9;   9.7;  966.03;    8.5;   87.92;   12.2;    6.3;    4.8;eor
       2044;20191004;    3;   8.6;   3.3;    3;  18.0;   6;    0.000;   0;   7.7;   9.7;  960.35;    7.4;   94.33;    9.2;    6.4;    5.8;eor
       2044;20191005;    3;  13.2;   4.1;    3;   1.9;   6;    1.383;   0;   6.5;   8.7;  965.36;    5.7;   94.75;    9.1;    0.7;   -0.3;eor
       2044;20191006;    3;  10.7;   3.4;    3;   0.0;   0;    2.917;   0;   7.7;   7.2;  970.09;    4.1;   88.42;    8.7;   -0.8;   -1.4;eor
       2044;20191007;    3;   7.5;   2.4;    3;   1.8;   6;    9.550;   0;   3.8;   6.6;  970.31;    4.8;   78.75;   10.9;   -2.7;   -4.0;eor
       2044;20191008;    3;  11.1;   4.7;    3;   1.4;   6;    0.000;   0;   7.1;  11.6;  960.57;    9.6;   96.04;   11.4;    6.7;    6.3;eor
       2044;20191009;    3;  13.1;   5.4;    3;   2.3;   6;    2.600;   0;   6.8;  10.7;  959.78;    9.8;   88.25;   12.7;    8.3;    7.5;eor
       2044;20191010;    3;  12.2;   5.4;    3;   1.2;   6;    3.517;   0;   5.7;   9.8;  963.75;    8.7;   86.75;   11.3;    7.0;    5.2;eor
       2044;20191011;    3;  14.9;   7.0;    3;   0.0;   6;    0.433;   0;   7.8;  11.0;  965.98;   11.0;   83.71;   13.9;    6.9;    5.5;eor
       2044;20191012;    3;  15.5;   7.4;    3;   0.0;   6;    9.067;   0;   4.6;  12.5;  963.80;   15.2;   72.92;   19.1;   11.4;   10.3;eor
       2044;20191013;    3;  12.3;   5.8;    3;   0.0;   0;    8.233;   0;   3.3;  15.2;  965.26;   18.3;   72.83;   22.6;   14.3;   12.9;eor
       2044;20191014;    3;  11.0;   3.4;    3;   0.0;   0;    8.150;   0;   4.7;  14.5;  966.34;   17.0;   76.00;   22.3;    9.9;    8.1;eor
       2044;20191015;    3;   6.7;   2.8;    3;   1.3;   6;    6.583;   0;   6.4;  13.5;  960.05;   15.1;   81.17;   23.8;    9.4;    8.2;eor
       2044;20191016;    3;  13.1;   5.5;    3;   4.7;   6;    0.900;   0;   7.1;  12.0;  962.50;   11.4;   89.04;   14.3;    9.4;    8.9;eor
       2044;20191017;    1;  14.1;   5.2;    1;   4.1;   6;    3.317;   0;   7.0;  11.9;  964.68;   12.9;   80.13;   15.4;   11.6;   10.8;eor
       2044;20191018;    1;  13.4;   5.9;    1;   5.9;   6;    3.683;   0;   6.5;  12.2;  962.59;   11.9;   86.92;   16.2;    8.4;    6.7;eor
       2044;20191019;    1;   9.6;   5.0;    1;   0.0;   6;    0.117;   0;   7.9;  10.9;  961.66;   11.0;   82.96;   13.5;    8.2;    7.5;eor
       2044;20191020;    1;   6.8;   2.9;    1;   0.1;   6;    1.483;   0;   7.8;  13.2;  962.70;   13.0;   88.13;   16.5;   10.5;    8.8;eor
       2044;20191021;    1;   9.5;   3.7;    1;   0.0;   6;    1.517;   0;   6.9;  13.0;  969.95;   13.6;   84.25;   18.4;    7.9;    6.7;eor
       2044;20191022;    1;   9.8;   2.9;    1;   0.0;   0;    7.167;   0;   6.4;  11.0;  975.63;   11.7;   80.75;   16.1;    4.9;    4.3;eor
       2044;20191023;    1;   6.5;   2.5;    1;   0.0;   0;    7.083;   0;   6.1;  12.1;  970.42;   11.0;   91.88;   16.6;    4.9;    4.5;eor
       2044;20191024;    1;  11.9;   4.7;    1;   0.0;   0;    5.767;   0;   7.3;  12.5;  963.17;   12.0;   89.46;   17.2;    7.8;    7.4;eor
       2044;20191025;    1;  11.7;   5.3;    1;   0.0;   0;    4.400;   0;   6.8;  11.5;  971.04;   12.6;   79.33;   15.1;   10.3;    8.8;eor
       2044;20191026;    1;  14.7;   6.8;    1;   0.0;   0;    7.300;   0;   6.5;  11.5;  968.46;   13.1;   76.17;   17.0;   10.1;    9.1;eor
       2044;20191027;    1;  15.6;   4.9;    1;   1.4;   6;    0.000;   0;   7.0;   9.1;  969.24;    8.8;   79.54;   14.4;    1.7;    0.3;eor
       2044;20191028;    1;   8.5;   3.5;    1;   0.0;   0;    4.467;   0;   3.5;   7.5;  973.02;    4.4;   89.54;    9.6;    1.0;   -0.7;eor
       2044;20191029;    1;   7.9;   2.6;    1;   0.0;   0;    4.383;   0;   6.0;   7.4;  976.03;    4.7;   87.00;    7.5;    2.4;    0.4;eor
       2044;20191030;    1;   7.1;   2.0;    1;   0.0;   0;    6.167;   0;   1.5;   5.9;  980.01;    0.9;   90.17;    6.1;   -4.3;   -5.7;eor
       2044;20191031;    1;   6.1;   2.4;    1;   0.0;   0;    8.650;   0;   2.5;   4.9;  976.41;   -0.6;   84.33;    6.6;   -5.8;   -7.0;eor
       2044;20191101;    1;   9.7;   4.2;    1;   0.1;   6;    3.483;   0;   5.7;   6.2;  962.63;    1.1;   91.96;    6.0;   -5.0;   -7.7;eor
       2044;20191102;    1;  12.5;   5.1;    1;   2.5;   6;    0.400;   0;   7.7;  11.5;  946.67;   10.8;   88.75;   14.3;    6.1;    5.8;eor
       2044;20191103;    1;  10.0;   3.3;    1;   2.3;   6;    0.533;   0;   7.5;  10.8;  942.42;    9.7;   90.08;   12.9;    7.4;    4.7;eor
       2044;20191104;    1;  10.9;   4.5;    1;   0.4;   6;    1.000;   0;   7.5;  10.6;  943.47;    8.9;   92.29;   10.6;    6.6;    5.2;eor
       2044;20191105;    1;   9.4;   4.3;    1;   0.1;   6;    1.583;   0;   6.1;   9.1;  948.80;    6.9;   91.08;    9.2;    3.9;    2.7;eor
       2044;20191106;    1;   9.5;   3.5;    1;   1.3;   6;    0.000;   0;   7.2;   8.7;  953.10;    5.8;   94.13;    7.8;    3.7;    2.8;eor
       2044;20191107;    1;  10.1;   3.4;    1;   0.0;   6;    1.283;   0;   7.5;   8.9;  954.52;    7.1;   88.67;   10.3;    4.8;    2.6;eor
       2044;20191108;    1;   9.2;   2.5;    1;   4.7;   6;    0.000;   0;   7.8;   8.0;  958.54;    4.5;   95.08;    6.8;    1.4;   -0.2;eor
       2044;20191109;    1;   7.6;   3.1;    1;   0.0;   6;    0.267;   0;   6.1;   7.2;  959.67;    3.7;   90.79;    5.8;   -0.7;   -3.1;eor
       2044;20191110;    1;   6.1;   2.1;    1;   0.0;   0;    6.117;   0;   2.1;   5.9;  964.55;    1.1;   90.25;    8.0;   -3.4;   -4.2;eor
       2044;20191111;    1;   9.7;   4.6;    1;   0.0;   0;    3.783;   0;   7.0;   6.0;  961.32;    1.1;   90.04;    3.7;    0.0;   -0.9;eor
       2044;20191112;    1;  12.7;   5.4;    1;   0.0;   6;    1.517;   0;   7.0;   6.3;  956.12;    3.4;   80.67;    6.0;    1.4;    1.0;eor
       2044;20191113;    1;  10.8;   4.6;    1;   0.0;   0;    1.267;   0;   7.0;   6.3;  954.28;    2.7;   85.04;    4.5;    1.4;    0.1;eor
       2044;20191114;    1;   8.6;   3.8;    1;   0.0;   0;    6.267;   0;   4.7;   6.4;  957.99;    2.7;   86.25;    6.8;   -0.4;   -1.8;eor
       2044;20191115;    1;   9.2;   3.2;    1;   7.0;   6;    0.000;   0;   7.9;   7.5;  955.51;    3.1;   98.17;    6.0;    1.0;    0.8;eor
       2044;20191116;    1;  10.8;   3.9;    1;   0.1;   6;    1.333;   0;   5.7;   7.1;  959.51;    2.9;   94.38;    4.6;    0.1;   -0.9;eor
       2044;20191117;    1;   8.7;   3.1;    1;   1.0;   6;    0.000;   0;   7.9;   6.7;  961.91;    1.5;   98.04;    3.5;   -1.5;   -2.4;eor
       2044;20191118;    1;  11.3;   3.9;    1;   4.1;   8;    0.000;   0;   7.6;   7.8;  957.72;    4.1;   95.25;    5.7;    1.8;    1.1;eor
       2044;20191119;    1;  16.2;   4.6;    1;   0.1;   8;    5.133;   0;   5.0;   6.7;  966.54;    2.7;   90.25;    5.6;    1.1;    0.5;eor
       2044;20191120;    1;   5.2;   1.7;    1;   0.2;   6;    2.500;   0;   6.4;   6.4;  968.91;    1.5;   93.79;    4.3;   -1.4;   -2.7;eor
       2044;20191121;    1;   6.3;   2.0;    1;   0.0;   6;    0.000;   0;   7.9;   7.8;  962.47;    3.4;   99.92;    4.5;    1.8;    1.9;eor
       2044;20191122;    1;   6.0;   3.0;    1;   0.0;   0;    4.633;   0;   7.2;   7.3;  960.67;    3.1;   95.67;    7.7;   -1.0;   -2.4;eor
       2044;20191123;    1;   9.7;   3.1;    1;   0.0;   0;    0.000;   0;   6.8;   7.7;  957.39;    3.3;   98.79;    6.5;   -1.7;   -3.0;eor
       2044;20191124;    1;   5.7;   1.6;    1;   0.0;   0;    0.000;   0;   8.0;   7.4;  960.38;    2.6;   99.96;    3.8;    1.4;    1.7;eor
       2044;20191125;    1;   8.1;   2.2;    1;   0.0;   6;    0.000;   0;   7.7;   6.9;  962.02;    1.7;  100.00;    3.3;   -0.5;   -1.1;eor
       2044;20191126;    1;  12.4;   4.8;    1;   0.0;   6;    0.000;   0;   7.9;   8.7;  958.35;    5.5;   96.25;    7.4;    2.4;    2.4;eor
       2044;20191127;    1;  13.6;   4.3;    1;   0.9;   6;    0.000;   0;   7.1;   8.8;  948.35;    6.2;   92.50;    8.7;    4.3;    3.3;eor
       2044;20191128;    1;  16.0;   7.8;    1;   1.6;   6;    0.083;   0;   7.7;   8.9;  944.65;    8.0;   83.08;    9.4;    6.6;    5.9;eor
       2044;20191129;    1;  14.1;   4.6;    1;   1.5;   8;    4.433;   0;   4.8;   6.4;  957.62;    3.0;   83.42;    7.0;   -1.0;   -2.5;eor
       2044;20191130;    1;   8.8;   2.8;    1;   0.0;   0;    6.083;   0;   2.3;   5.6;  972.48;    0.2;   90.63;    4.8;   -3.3;   -4.6;eor
       2044;20191201;    1;   4.0;   1.7;    1;   0.0;   0;    1.783;   0;   7.2;   5.1;  972.32;   -1.4;   92.63;    2.7;   -4.7;   -5.1;eor
       2044;20191202;    1;   9.0;   2.8;    1;   0.1;   8;    2.983;   0;   6.8;   5.8;  972.90;    1.4;   86.04;    5.3;   -1.1;   -2.4;eor
       2044;20191203;    1;   8.3;   3.2;    1;   0.0;   6;    0.383;   0;   7.0;   6.8;  977.43;    2.2;   94.00;    4.3;   -0.1;   -1.5;eor
       2044;20191204;    1;   6.9;   3.4;    1;   0.0;   0;    6.967;   0;   1.1;   6.0;  974.20;    1.4;   89.29;    5.8;   -2.6;   -3.4;eor
       2044;20191205;    1;  11.1;   4.6;    1;   0.0;   0;    6.917;   0;   0.3;   5.0;  970.15;    0.6;   79.25;    4.5;   -3.2;   -3.9;eor
       2044;20191206;    1;  15.7;   8.1;    1;   0.4;   6;    0.550;   0;   6.2;   5.5;  962.09;    0.7;   83.92;    3.8;   -1.6;   -2.5;eor
       2044;20191207;    1;  17.0;   6.6;    1;   0.5;   6;    0.267;   0;   7.6;   8.2;  961.06;    5.6;   90.17;    7.9;    3.7;    3.0;eor
       2044;20191208;    1;  18.5;   7.9;    1;   0.7;   6;    0.000;   0;   7.3;   8.0;  955.23;    6.6;   81.38;    8.6;    4.7;    1.4;eor
       2044;20191209;    1;  15.3;   6.7;    1;   0.7;   8;    0.100;   0;   4.8;   7.1;  953.11;    4.4;   84.71;    6.3;    2.4;    0.7;eor
       2044;20191210;    1;  12.5;   4.5;    1;   0.0;   6;    4.717;   0;   3.6;   5.8;  972.06;    1.7;   83.42;    3.2;    0.2;   -0.8;eor
       2044;20191211;    1;  12.9;   5.3;    1;   2.4;   8;    0.000;   0;   7.0;   5.1;  961.35;    0.8;   79.79;    2.2;   -0.8;   -0.9;eor
       2044;20191212;    1;   9.5;   4.0;    1;   0.0;   8;    0.067;   5;   6.6;   6.2;  952.77;    0.6;   96.50;    1.6;   -0.7;   -2.0;eor
       2044;20191213;    1;  10.5;   3.8;    1;   0.3;   8;    1.417;   2;   5.3;   5.5;  935.50;   -0.2;   91.38;    1.1;   -1.9;   -3.7;eor
       2044;20191214;    1;  17.2;   6.7;    1;   2.0;   8;    0.100;   0;   7.3;   6.4;  942.21;    2.2;   90.04;    3.6;    0.5;    0.0;eor
       2044;20191215;    1;  18.1;   6.2;    1;   0.3;   6;    3.383;   0;   6.5;   6.7;  953.56;    4.4;   80.46;    7.0;    1.9;    0.6;eor
       2044;20191216;    1;   8.2;   3.3;    1;   0.4;   6;    0.000;   0;   7.5;   8.2;  960.32;    5.0;   93.42;    7.3;    2.7;    1.3;eor
       2044;20191217;    1;  15.0;   3.8;    1;   0.1;   6;    2.133;   0;   6.7;   8.1;  958.06;    9.3;   69.75;   12.7;    3.5;    2.5;eor
       2044;20191218;    1;  11.4;   3.6;    1;   0.0;   6;    1.767;   0;   4.8;   8.3;  967.57;    6.5;   85.79;   11.9;   -0.2;   -1.9;eor
       2044;20191219;    1;   6.1;   2.6;    1;   0.0;   0;    2.817;   0;   4.3;   7.8;  965.73;    4.2;   94.04;    8.6;    0.9;   -1.3;eor
       2044;20191220;    1;   9.3;   3.4;    1;   0.1;   6;    4.333;   0;   4.5;   7.5;  947.89;    5.8;   81.96;   10.9;   -0.2;   -2.4;eor
       2044;20191221;    1;  11.1;   4.1;    1;   0.0;   0;    4.667;   0;   2.9;   7.5;  945.44;    4.8;   87.08;    7.7;    0.4;   -1.7;eor
       2044;20191222;    1;  13.0;   3.7;    1;   0.0;   6;    0.000;   0;   7.5;   7.6;  940.60;    4.2;   92.17;    6.3;    0.4;   -1.9;eor
       2044;20191223;    1;  13.9;   4.2;    1;   0.6;   6;    1.700;   0;   5.8;   7.5;  955.36;    4.7;   87.79;    6.2;    3.0;    0.6;eor
       2044;20191224;    1;  12.8;   5.0;    1;   1.3;   6;    0.083;   0;   6.1;   7.5;  961.40;    4.0;   92.79;    5.6;    2.1;    0.1;eor
       2044;20191225;    1;   9.7;   3.2;    1;   0.7;   8;    0.000;   0;   7.5;   7.6;  966.80;    4.0;   93.75;    5.4;    2.1;    0.6;eor
       2044;20191226;    1;   7.2;   2.1;    1;   0.0;   6;    0.183;   0;   7.4;   6.5;  974.89;    1.8;   93.08;    4.2;    0.5;   -0.5;eor
       2044;20191227;    1;   5.9;   1.8;    1;   0.1;   8;    0.183;   0;   7.3;   5.8;  979.88;   -0.2;   95.75;    1.4;   -2.5;   -4.2;eor
       2044;20191228;    1;   5.3;   1.7;    1;   0.0;   0;    0.000;   0;   7.9;   4.7;  990.71;   -1.6;   85.92;   -0.6;   -4.1;   -5.1;eor
