STATIONS_ID;MESS_DATUM;QN_3;  FX;  FM;QN_4; RSK;RSKF; SDK;SHK_TAG;  NM; VPM;  PM; TMK; UPM; TXK; TNK; TGK;eor
       2100;20181201;   10;  16.4;   8.5;-999;-999;-999;-999;-999;-999;-999;-999;-999;-999;-999;-999;-999;eor
       2100;20181202;   10;  14.8;   8.0;-999;-999;-999;-999;-999;-999;-999;-999;-999;-999;-999;-999;-999;eor
       2100;20181203;   10;  16.0;   8.6;-999;-999;-999;-999;-999;-999;-999;-999;-999;-999;-999;-999;-999;eor
       2100;20181204;   10;  20.4;  10.5;-999;-999;-999;-999;-999;-999;-999;-999;-999;-999;-999;-999;-999;eor
       2100;20181205;   10;  14.2;   7.1;-999;-999;-999;-999;-999;-999;-999;-999;-999;-999;-999;-999;-999;eor
       2100;20181206;   10;  15.8;   8.1;-999;-999;-999;-999;-999;-999;-999;-999;-999;-999;-999;-999;-999;eor
       2100;20181207;   10;  19.0;   8.9;-999;-999;-999;-999;-999;-999;-999;-999;-999;-999;-999;-999;-999;eor
       2100;20181208;   10;  22.7;  12.1;-999;-999;-999;-999;-999;-999;-999;-999;-999;-999;-999;-999;-999;eor
       2100;20181209;   10;  22.5;  11.7;-999;-999;-999;-999;-999;-999;-999;-999;-999;-999;-999;-999;-999;eor
       2100;20181210;   10;  27.6;  14.4;-999;-999;-999;-999;-999;-999;-999;-999;-999;-999;-999;-999;-999;eor
       2100;20181211;   10;  20.3;   8.2;-999;-999;-999;-999;-999;-999;-999;-999;-999;-999;-999;-999;-999;eor
       2100;20181212;   10;  11.4;   6.3;-999;-999;-999;-999;-999;-999;-999;-999;-999;-999;-999;-999;-999;eor
       2100;20181213;   10;  13.4;   8.2;-999;-999;-999;-999;-999;-999;-999;-999;-999;-999;-999;-999;-999;eor
       2100;20181214;   10;  12.3;   7.3;-999;-999;-999;-999;-999;-999;-999;-999;-999;-999;-999;-999;-999;eor
       2100;20181215;   10;  19.0;   8.8;-999;-999;-999;-999;-999;-999;-999;-999;-999;-999;-999;-999;-999;eor
       2100;20181216;   10;  20.5;   8.9;-999;-999;-999;-999;-999;-999;-999;-999;-999;-999;-999;-999;-999;eor
       2100;20181217;   10;  11.1;   5.7;-999;-999;-999;-999;-999;-999;-999;-999;-999;-999;-999;-999;-999;eor
       2100;20181218;   10;  15.4;   7.8;-999;-999;-999;-999;-999;-999;-999;-999;-999;-999;-999;-999;-999;eor
       2100;20181219;   10;  16.1;   8.4;-999;-999;-999;-999;-999;-999;-999;-999;-999;-999;-999;-999;-999;eor
       2100;20181220;   10;  12.3;   7.0;-999;-999;-999;-999;-999;-999;-999;-999;-999;-999;-999;-999;-999;eor
       2100;20181221;   10;  15.0;   8.2;-999;-999;-999;-999;-999;-999;-999;-999;-999;-999;-999;-999;-999;eor
       2100;20181222;   10;  14.8;   5.0;-999;-999;-999;-999;-999;-999;-999;-999;-999;-999;-999;-999;-999;eor
       2100;20181223;   10;  16.4;   6.4;-999;-999;-999;-999;-999;-999;-999;-999;-999;-999;-999;-999;-999;eor
       2100;20181224;   10;  13.8;   7.2;-999;-999;-999;-999;-999;-999;-999;-999;-999;-999;-999;-999;-999;eor
       2100;20181225;   10;  15.2;   9.5;-999;-999;-999;-999;-999;-999;-999;-999;-999;-999;-999;-999;-999;eor
       2100;20181226;   10;  14.5;   7.5;-999;-999;-999;-999;-999;-999;-999;-999;-999;-999;-999;-999;-999;eor
       2100;20181227;   10;  13.0;   6.6;-999;-999;-999;-999;-999;-999;-999;-999;-999;-999;-999;-999;-999;eor
       2100;20181228;   10;  11.0;   5.6;-999;-999;-999;-999;-999;-999;-999;-999;-999;-999;-999;-999;-999;eor
       2100;20181229;   10;  20.7;   8.9;-999;-999;-999;-999;-999;-999;-999;-999;-999;-999;-999;-999;-999;eor
       2100;20181230;   10;  19.9;   7.5;-999;-999;-999;-999;-999;-999;-999;-999;-999;-999;-999;-999;-999;eor
       2100;20181231;   10;  15.9;   6.0;-999;-999;-999;-999;-999;-999;-999;-999;-999;-999;-999;-999;-999;eor
       2100;20190101;   10;  30.4;  14.1;-999;-999;-999;-999;-999;-999;-999;-999;-999;-999;-999;-999;-999;eor
       2100;20190102;   10;  22.1;   9.5;-999;-999;-999;-999;-999;-999;-999;-999;-999;-999;-999;-999;-999;eor
       2100;20190103;   10;  13.5;   5.8;-999;-999;-999;-999;-999;-999;-999;-999;-999;-999;-999;-999;-999;eor
       2100;20190104;   10;  16.7;   9.6;-999;-999;-999;-999;-999;-999;-999;-999;-999;-999;-999;-999;-999;eor
       2100;20190105;   10;  18.7;   9.2;-999;-999;-999;-999;-999;-999;-999;-999;-999;-999;-999;-999;-999;eor
       2100;20190106;   10;  12.6;   6.0;-999;-999;-999;-999;-999;-999;-999;-999;-999;-999;-999;-999;-999;eor
       2100;20190107;   10;  20.6;   8.0;-999;-999;-999;-999;-999;-999;-999;-999;-999;-999;-999;-999;-999;eor
       2100;20190108;   10;  25.7;  14.3;-999;-999;-999;-999;-999;-999;-999;-999;-999;-999;-999;-999;-999;eor
       2100;20190109;   10;  22.0;  12.8;-999;-999;-999;-999;-999;-999;-999;-999;-999;-999;-999;-999;-999;eor
       2100;20190110;   10;   9.6;   4.5;-999;-999;-999;-999;-999;-999;-999;-999;-999;-999;-999;-999;-999;eor
       2100;20190111;   10;  16.9;   8.0;-999;-999;-999;-999;-999;-999;-999;-999;-999;-999;-999;-999;-999;eor
       2100;20190112;   10;  16.5;   9.2;-999;-999;-999;-999;-999;-999;-999;-999;-999;-999;-999;-999;-999;eor
       2100;20190113;   10;  22.6;  11.1;-999;-999;-999;-999;-999;-999;-999;-999;-999;-999;-999;-999;-999;eor
       2100;20190114;   10;  24.4;  13.3;-999;-999;-999;-999;-999;-999;-999;-999;-999;-999;-999;-999;-999;eor
       2100;20190115;   10;  19.1;  10.3;-999;-999;-999;-999;-999;-999;-999;-999;-999;-999;-999;-999;-999;eor
       2100;20190116;   10;  18.2;   9.9;-999;-999;-999;-999;-999;-999;-999;-999;-999;-999;-999;-999;-999;eor
       2100;20190117;   10;  19.7;   9.4;-999;-999;-999;-999;-999;-999;-999;-999;-999;-999;-999;-999;-999;eor
       2100;20190118;   10;  14.7;   4.4;-999;-999;-999;-999;-999;-999;-999;-999;-999;-999;-999;-999;-999;eor
       2100;20190119;   10;   8.8;   4.7;-999;-999;-999;-999;-999;-999;-999;-999;-999;-999;-999;-999;-999;eor
       2100;20190120;   10;   7.9;   3.2;-999;-999;-999;-999;-999;-999;-999;-999;-999;-999;-999;-999;-999;eor
       2100;20190121;   10;  11.8;   5.2;-999;-999;-999;-999;-999;-999;-999;-999;-999;-999;-999;-999;-999;eor
       2100;20190122;   10;  14.3;   8.0;-999;-999;-999;-999;-999;-999;-999;-999;-999;-999;-999;-999;-999;eor
       2100;20190123;   10;  11.9;   5.1;-999;-999;-999;-999;-999;-999;-999;-999;-999;-999;-999;-999;-999;eor
       2100;20190124;   10;   8.5;   4.0;-999;-999;-999;-999;-999;-999;-999;-999;-999;-999;-999;-999;-999;eor
       2100;20190125;   10;  14.8;   5.8;-999;-999;-999;-999;-999;-999;-999;-999;-999;-999;-999;-999;-999;eor
       2100;20190126;   10;  12.5;   5.6;-999;-999;-999;-999;-999;-999;-999;-999;-999;-999;-999;-999;-999;eor
       2100;20190127;   10;  14.2;   6.8;-999;-999;-999;-999;-999;-999;-999;-999;-999;-999;-999;-999;-999;eor
       2100;20190128;   10;  16.8;   7.2;-999;-999;-999;-999;-999;-999;-999;-999;-999;-999;-999;-999;-999;eor
       2100;20190129;   10;  14.6;   7.5;-999;-999;-999;-999;-999;-999;-999;-999;-999;-999;-999;-999;-999;eor
       2100;20190130;   10;  15.2;   9.4;-999;-999;-999;-999;-999;-999;-999;-999;-999;-999;-999;-999;-999;eor
       2100;20190131;   10;  12.7;   7.1;-999;-999;-999;-999;-999;-999;-999;-999;-999;-999;-999;-999;-999;eor
       2100;20190201;   10;  15.1;  10.0;-999;-999;-999;-999;-999;-999;-999;-999;-999;-999;-999;-999;-999;eor
       2100;20190202;   10;  11.8;   5.7;-999;-999;-999;-999;-999;-999;-999;-999;-999;-999;-999;-999;-999;eor
       2100;20190203;   10;  12.7;   6.1;-999;-999;-999;-999;-999;-999;-999;-999;-999;-999;-999;-999;-999;eor
       2100;20190204;   10;  20.7;  10.8;-999;-999;-999;-999;-999;-999;-999;-999;-999;-999;-999;-999;-999;eor
       2100;20190205;   10;  13.7;   7.1;-999;-999;-999;-999;-999;-999;-999;-999;-999;-999;-999;-999;-999;eor
       2100;20190206;   10;  13.0;   7.3;-999;-999;-999;-999;-999;-999;-999;-999;-999;-999;-999;-999;-999;eor
       2100;20190207;   10;  25.3;   9.1;-999;-999;-999;-999;-999;-999;-999;-999;-999;-999;-999;-999;-999;eor
       2100;20190208;   10;  16.5;   9.4;-999;-999;-999;-999;-999;-999;-999;-999;-999;-999;-999;-999;-999;eor
       2100;20190209;   10;  25.0;  11.8;-999;-999;-999;-999;-999;-999;-999;-999;-999;-999;-999;-999;-999;eor
       2100;20190210;   10;  14.8;   7.6;-999;-999;-999;-999;-999;-999;-999;-999;-999;-999;-999;-999;-999;eor
       2100;20190211;   10;  19.9;  10.8;-999;-999;-999;-999;-999;-999;-999;-999;-999;-999;-999;-999;-999;eor
       2100;20190212;   10;  14.1;   6.9;-999;-999;-999;-999;-999;-999;-999;-999;-999;-999;-999;-999;-999;eor
       2100;20190213;   10;  12.6;   7.3;-999;-999;-999;-999;-999;-999;-999;-999;-999;-999;-999;-999;-999;eor
       2100;20190214;   10;  10.4;   5.2;-999;-999;-999;-999;-999;-999;-999;-999;-999;-999;-999;-999;-999;eor
       2100;20190215;   10;   6.8;   3.7;-999;-999;-999;-999;-999;-999;-999;-999;-999;-999;-999;-999;-999;eor
       2100;20190216;   10;  11.8;   6.1;-999;-999;-999;-999;-999;-999;-999;-999;-999;-999;-999;-999;-999;eor
       2100;20190217;   10;   9.3;   4.5;-999;-999;-999;-999;-999;-999;-999;-999;-999;-999;-999;-999;-999;eor
       2100;20190218;   10;   9.1;   4.1;-999;-999;-999;-999;-999;-999;-999;-999;-999;-999;-999;-999;-999;eor
       2100;20190219;   10;  13.4;   7.5;-999;-999;-999;-999;-999;-999;-999;-999;-999;-999;-999;-999;-999;eor
       2100;20190220;   10;  11.7;   6.4;-999;-999;-999;-999;-999;-999;-999;-999;-999;-999;-999;-999;-999;eor
       2100;20190221;   10;-999;-999;-999;-999;-999;-999;-999;-999;-999;-999;-999;-999;-999;-999;-999;eor
       2100;20190222;   10;-999;-999;-999;-999;-999;-999;-999;-999;-999;-999;-999;-999;-999;-999;-999;eor
       2100;20190223;   10;-999;-999;-999;-999;-999;-999;-999;-999;-999;-999;-999;-999;-999;-999;-999;eor
       2100;20190224;   10;-999;-999;-999;-999;-999;-999;-999;-999;-999;-999;-999;-999;-999;-999;-999;eor
       2100;20190225;   10;-999;-999;-999;-999;-999;-999;-999;-999;-999;-999;-999;-999;-999;-999;-999;eor
       2100;20190226;   10;-999;-999;-999;-999;-999;-999;-999;-999;-999;-999;-999;-999;-999;-999;-999;eor
       2100;20190227;   10;-999;-999;-999;-999;-999;-999;-999;-999;-999;-999;-999;-999;-999;-999;-999;eor
       2100;20190228;   10;-999;-999;-999;-999;-999;-999;-999;-999;-999;-999;-999;-999;-999;-999;-999;eor
       2100;20190301;   10;-999;-999;-999;-999;-999;-999;-999;-999;-999;-999;-999;-999;-999;-999;-999;eor
       2100;20190302;   10;-999;-999;-999;-999;-999;-999;-999;-999;-999;-999;-999;-999;-999;-999;-999;eor
       2100;20190303;   10;-999;-999;-999;-999;-999;-999;-999;-999;-999;-999;-999;-999;-999;-999;-999;eor
       2100;20190304;   10;-999;-999;-999;-999;-999;-999;-999;-999;-999;-999;-999;-999;-999;-999;-999;eor
       2100;20190305;   10;-999;-999;-999;-999;-999;-999;-999;-999;-999;-999;-999;-999;-999;-999;-999;eor
       2100;20190306;   10;-999;-999;-999;-999;-999;-999;-999;-999;-999;-999;-999;-999;-999;-999;-999;eor
       2100;20190307;   10;-999;-999;-999;-999;-999;-999;-999;-999;-999;-999;-999;-999;-999;-999;-999;eor
       2100;20190308;   10;-999;-999;-999;-999;-999;-999;-999;-999;-999;-999;-999;-999;-999;-999;-999;eor
       2100;20190309;   10;-999;-999;-999;-999;-999;-999;-999;-999;-999;-999;-999;-999;-999;-999;-999;eor
       2100;20190310;   10;-999;-999;-999;-999;-999;-999;-999;-999;-999;-999;-999;-999;-999;-999;-999;eor
       2100;20190311;   10;-999;-999;-999;-999;-999;-999;-999;-999;-999;-999;-999;-999;-999;-999;-999;eor
       2100;20190312;   10;-999;-999;-999;-999;-999;-999;-999;-999;-999;-999;-999;-999;-999;-999;-999;eor
       2100;20190313;   10;-999;-999;-999;-999;-999;-999;-999;-999;-999;-999;-999;-999;-999;-999;-999;eor
       2100;20190314;   10;  21.1;-999;-999;-999;-999;-999;-999;-999;-999;-999;-999;-999;-999;-999;-999;eor
       2100;20190315;   10;  22.3;  10.7;-999;-999;-999;-999;-999;-999;-999;-999;-999;-999;-999;-999;-999;eor
       2100;20190316;   10;-999;-999;-999;-999;-999;-999;-999;-999;-999;-999;-999;-999;-999;-999;-999;eor
       2100;20190317;   10;-999;-999;-999;-999;-999;-999;-999;-999;-999;-999;-999;-999;-999;-999;-999;eor
       2100;20190318;   10;-999;-999;-999;-999;-999;-999;-999;-999;-999;-999;-999;-999;-999;-999;-999;eor
       2100;20190319;   10;-999;-999;-999;-999;-999;-999;-999;-999;-999;-999;-999;-999;-999;-999;-999;eor
       2100;20190320;   10;-999;-999;-999;-999;-999;-999;-999;-999;-999;-999;-999;-999;-999;-999;-999;eor
       2100;20190321;   10;-999;-999;-999;-999;-999;-999;-999;-999;-999;-999;-999;-999;-999;-999;-999;eor
       2100;20190322;   10;  10.6;   3.4;-999;-999;-999;-999;-999;-999;-999;-999;-999;-999;-999;-999;-999;eor
       2100;20190323;   10;   8.5;   4.3;-999;-999;-999;-999;-999;-999;-999;-999;-999;-999;-999;-999;-999;eor
       2100;20190324;   10;  18.1;   4.4;-999;-999;-999;-999;-999;-999;-999;-999;-999;-999;-999;-999;-999;eor
       2100;20190325;   10;  19.6;   9.2;-999;-999;-999;-999;-999;-999;-999;-999;-999;-999;-999;-999;-999;eor
       2100;20190326;   10;  13.7;   7.2;-999;-999;-999;-999;-999;-999;-999;-999;-999;-999;-999;-999;-999;eor
       2100;20190327;   10;  12.7;   6.6;-999;-999;-999;-999;-999;-999;-999;-999;-999;-999;-999;-999;-999;eor
       2100;20190328;   10;   8.4;   4.3;-999;-999;-999;-999;-999;-999;-999;-999;-999;-999;-999;-999;-999;eor
       2100;20190329;   10;   7.8;   3.9;-999;-999;-999;-999;-999;-999;-999;-999;-999;-999;-999;-999;-999;eor
       2100;20190330;   10;   9.4;   4.0;-999;-999;-999;-999;-999;-999;-999;-999;-999;-999;-999;-999;-999;eor
       2100;20190331;   10;  12.5;   6.7;-999;-999;-999;-999;-999;-999;-999;-999;-999;-999;-999;-999;-999;eor
       2100;20190401;   10;  11.7;   6.2;-999;-999;-999;-999;-999;-999;-999;-999;-999;-999;-999;-999;-999;eor
       2100;20190402;   10;  11.9;   7.5;-999;-999;-999;-999;-999;-999;-999;-999;-999;-999;-999;-999;-999;eor
       2100;20190403;   10;   8.6;   3.0;-999;-999;-999;-999;-999;-999;-999;-999;-999;-999;-999;-999;-999;eor
       2100;20190404;   10;   7.8;   3.2;-999;-999;-999;-999;-999;-999;-999;-999;-999;-999;-999;-999;-999;eor
       2100;20190405;   10;  12.4;   5.4;-999;-999;-999;-999;-999;-999;-999;-999;-999;-999;-999;-999;-999;eor
       2100;20190406;   10;   8.7;   4.3;-999;-999;-999;-999;-999;-999;-999;-999;-999;-999;-999;-999;-999;eor
       2100;20190407;   10;   7.1;   3.7;-999;-999;-999;-999;-999;-999;-999;-999;-999;-999;-999;-999;-999;eor
       2100;20190408;   10;  11.9;   6.3;-999;-999;-999;-999;-999;-999;-999;-999;-999;-999;-999;-999;-999;eor
       2100;20190409;   10;  11.2;   7.2;-999;-999;-999;-999;-999;-999;-999;-999;-999;-999;-999;-999;-999;eor
       2100;20190410;   10;  12.1;   7.7;-999;-999;-999;-999;-999;-999;-999;-999;-999;-999;-999;-999;-999;eor
       2100;20190411;   10;   9.5;   5.4;-999;-999;-999;-999;-999;-999;-999;-999;-999;-999;-999;-999;-999;eor
       2100;20190412;   10;  13.2;   5.9;-999;-999;-999;-999;-999;-999;-999;-999;-999;-999;-999;-999;-999;eor
       2100;20190413;   10;  15.8;   9.0;-999;-999;-999;-999;-999;-999;-999;-999;-999;-999;-999;-999;-999;eor
       2100;20190414;   10;  14.9;   8.8;-999;-999;-999;-999;-999;-999;-999;-999;-999;-999;-999;-999;-999;eor
       2100;20190415;   10;  15.9;   9.2;-999;-999;-999;-999;-999;-999;-999;-999;-999;-999;-999;-999;-999;eor
       2100;20190416;   10;  14.8;   9.9;-999;-999;-999;-999;-999;-999;-999;-999;-999;-999;-999;-999;-999;eor
       2100;20190417;   10;  13.3;   8.3;-999;-999;-999;-999;-999;-999;-999;-999;-999;-999;-999;-999;-999;eor
       2100;20190418;   10;  11.7;   7.2;-999;-999;-999;-999;-999;-999;-999;-999;-999;-999;-999;-999;-999;eor
       2100;20190419;   10;  10.2;   6.2;-999;-999;-999;-999;-999;-999;-999;-999;-999;-999;-999;-999;-999;eor
       2100;20190420;   10;   7.4;   4.0;-999;-999;-999;-999;-999;-999;-999;-999;-999;-999;-999;-999;-999;eor
       2100;20190421;   10;   8.4;   4.2;-999;-999;-999;-999;-999;-999;-999;-999;-999;-999;-999;-999;-999;eor
       2100;20190422;   10;  14.1;   7.6;-999;-999;-999;-999;-999;-999;-999;-999;-999;-999;-999;-999;-999;eor
       2100;20190423;   10;  16.7;  10.1;-999;-999;-999;-999;-999;-999;-999;-999;-999;-999;-999;-999;-999;eor
       2100;20190424;   10;  13.1;   8.0;-999;-999;-999;-999;-999;-999;-999;-999;-999;-999;-999;-999;-999;eor
       2100;20190425;   10;  11.3;   4.7;-999;-999;-999;-999;-999;-999;-999;-999;-999;-999;-999;-999;-999;eor
       2100;20190426;   10;   9.3;   4.0;-999;-999;-999;-999;-999;-999;-999;-999;-999;-999;-999;-999;-999;eor
       2100;20190427;   10;   8.1;   3.6;-999;-999;-999;-999;-999;-999;-999;-999;-999;-999;-999;-999;-999;eor
       2100;20190428;   10;   6.0;   3.2;-999;-999;-999;-999;-999;-999;-999;-999;-999;-999;-999;-999;-999;eor
       2100;20190429;   10;  10.3;   5.6;-999;-999;-999;-999;-999;-999;-999;-999;-999;-999;-999;-999;-999;eor
       2100;20190430;   10;  10.8;   5.3;-999;-999;-999;-999;-999;-999;-999;-999;-999;-999;-999;-999;-999;eor
       2100;20190501;   10;  12.5;   7.4;-999;-999;-999;-999;-999;-999;-999;-999;-999;-999;-999;-999;-999;eor
       2100;20190502;   10;  16.5;   8.9;-999;-999;-999;-999;-999;-999;-999;-999;-999;-999;-999;-999;-999;eor
       2100;20190503;   10;  18.8;   9.3;-999;-999;-999;-999;-999;-999;-999;-999;-999;-999;-999;-999;-999;eor
       2100;20190504;   10;  16.1;   8.4;-999;-999;-999;-999;-999;-999;-999;-999;-999;-999;-999;-999;-999;eor
       2100;20190505;   10;  13.8;   7.2;-999;-999;-999;-999;-999;-999;-999;-999;-999;-999;-999;-999;-999;eor
       2100;20190506;   10;  16.1;   8.3;-999;-999;-999;-999;-999;-999;-999;-999;-999;-999;-999;-999;-999;eor
       2100;20190507;   10;  10.8;   4.8;-999;-999;-999;-999;-999;-999;-999;-999;-999;-999;-999;-999;-999;eor
       2100;20190508;   10;  11.3;   5.6;-999;-999;-999;-999;-999;-999;-999;-999;-999;-999;-999;-999;-999;eor
       2100;20190509;   10;   9.4;   3.9;-999;-999;-999;-999;-999;-999;-999;-999;-999;-999;-999;-999;-999;eor
       2100;20190510;   10;  11.6;   5.3;-999;-999;-999;-999;-999;-999;-999;-999;-999;-999;-999;-999;-999;eor
       2100;20190511;   10;  11.6;   5.5;-999;-999;-999;-999;-999;-999;-999;-999;-999;-999;-999;-999;-999;eor
       2100;20190512;   10;  11.8;   7.8;-999;-999;-999;-999;-999;-999;-999;-999;-999;-999;-999;-999;-999;eor
       2100;20190513;   10;  10.4;   6.5;-999;-999;-999;-999;-999;-999;-999;-999;-999;-999;-999;-999;-999;eor
       2100;20190514;   10;   9.9;   5.2;-999;-999;-999;-999;-999;-999;-999;-999;-999;-999;-999;-999;-999;eor
       2100;20190515;   10;   9.7;   3.8;-999;-999;-999;-999;-999;-999;-999;-999;-999;-999;-999;-999;-999;eor
       2100;20190516;   10;  14.0;   5.9;-999;-999;-999;-999;-999;-999;-999;-999;-999;-999;-999;-999;-999;eor
       2100;20190517;   10;  16.0;   7.1;-999;-999;-999;-999;-999;-999;-999;-999;-999;-999;-999;-999;-999;eor
       2100;20190518;   10;   9.6;   5.8;-999;-999;-999;-999;-999;-999;-999;-999;-999;-999;-999;-999;-999;eor
       2100;20190519;   10;  10.9;   4.7;-999;-999;-999;-999;-999;-999;-999;-999;-999;-999;-999;-999;-999;eor
       2100;20190520;   10;   8.7;   4.1;-999;-999;-999;-999;-999;-999;-999;-999;-999;-999;-999;-999;-999;eor
       2100;20190521;   10;  13.1;   7.3;-999;-999;-999;-999;-999;-999;-999;-999;-999;-999;-999;-999;-999;eor
       2100;20190522;   10;  13.7;   6.7;-999;-999;-999;-999;-999;-999;-999;-999;-999;-999;-999;-999;-999;eor
       2100;20190523;   10;   9.8;   4.3;-999;-999;-999;-999;-999;-999;-999;-999;-999;-999;-999;-999;-999;eor
       2100;20190524;   10;  10.9;   5.8;-999;-999;-999;-999;-999;-999;-999;-999;-999;-999;-999;-999;-999;eor
       2100;20190525;   10;   8.8;   5.1;-999;-999;-999;-999;-999;-999;-999;-999;-999;-999;-999;-999;-999;eor
       2100;20190526;   10;  14.8;   7.5;-999;-999;-999;-999;-999;-999;-999;-999;-999;-999;-999;-999;-999;eor
       2100;20190527;   10;  13.9;   7.8;-999;-999;-999;-999;-999;-999;-999;-999;-999;-999;-999;-999;-999;eor
       2100;20190528;   10;   9.7;   5.1;-999;-999;-999;-999;-999;-999;-999;-999;-999;-999;-999;-999;-999;eor
       2100;20190529;   10;  10.6;   4.6;-999;-999;-999;-999;-999;-999;-999;-999;-999;-999;-999;-999;-999;eor
       2100;20190530;   10;  14.1;   7.4;-999;-999;-999;-999;-999;-999;-999;-999;-999;-999;-999;-999;-999;eor
       2100;20190531;   10;  11.5;   5.9;-999;-999;-999;-999;-999;-999;-999;-999;-999;-999;-999;-999;-999;eor
       2100;20190601;   10;  10.9;   4.5;-999;-999;-999;-999;-999;-999;-999;-999;-999;-999;-999;-999;-999;eor
       2100;20190602;   10;  12.3;   4.2;-999;-999;-999;-999;-999;-999;-999;-999;-999;-999;-999;-999;-999;eor
       2100;20190603;   10;   9.7;   3.6;-999;-999;-999;-999;-999;-999;-999;-999;-999;-999;-999;-999;-999;eor
       2100;20190604;   10;  20.3;   5.3;-999;-999;-999;-999;-999;-999;-999;-999;-999;-999;-999;-999;-999;eor
       2100;20190605;   10;  10.7;   5.1;-999;-999;-999;-999;-999;-999;-999;-999;-999;-999;-999;-999;-999;eor
       2100;20190606;   10;  16.0;   5.6;-999;-999;-999;-999;-999;-999;-999;-999;-999;-999;-999;-999;-999;eor
       2100;20190607;   10;  13.7;   4.2;-999;-999;-999;-999;-999;-999;-999;-999;-999;-999;-999;-999;-999;eor
       2100;20190608;   10;  21.5;   9.5;-999;-999;-999;-999;-999;-999;-999;-999;-999;-999;-999;-999;-999;eor
       2100;20190609;   10;  15.1;   4.8;-999;-999;-999;-999;-999;-999;-999;-999;-999;-999;-999;-999;-999;eor
       2100;20190610;   10;  13.7;   7.1;-999;-999;-999;-999;-999;-999;-999;-999;-999;-999;-999;-999;-999;eor
       2100;20190611;   10;  13.6;   4.8;-999;-999;-999;-999;-999;-999;-999;-999;-999;-999;-999;-999;-999;eor
       2100;20190612;   10;  10.7;   3.5;-999;-999;-999;-999;-999;-999;-999;-999;-999;-999;-999;-999;-999;eor
       2100;20190613;   10;  14.1;   4.0;-999;-999;-999;-999;-999;-999;-999;-999;-999;-999;-999;-999;-999;eor
       2100;20190614;   10;   7.8;   3.6;-999;-999;-999;-999;-999;-999;-999;-999;-999;-999;-999;-999;-999;eor
       2100;20190615;   10;  12.2;   4.9;-999;-999;-999;-999;-999;-999;-999;-999;-999;-999;-999;-999;-999;eor
       2100;20190616;   10;   6.9;   2.8;-999;-999;-999;-999;-999;-999;-999;-999;-999;-999;-999;-999;-999;eor
       2100;20190617;   10;   7.7;   3.7;-999;-999;-999;-999;-999;-999;-999;-999;-999;-999;-999;-999;-999;eor
       2100;20190618;   10;   5.3;   2.5;-999;-999;-999;-999;-999;-999;-999;-999;-999;-999;-999;-999;-999;eor
       2100;20190619;   10;   9.8;   3.0;-999;-999;-999;-999;-999;-999;-999;-999;-999;-999;-999;-999;-999;eor
       2100;20190620;   10;   9.2;   3.8;-999;-999;-999;-999;-999;-999;-999;-999;-999;-999;-999;-999;-999;eor
       2100;20190621;   10;   8.6;   3.6;-999;-999;-999;-999;-999;-999;-999;-999;-999;-999;-999;-999;-999;eor
       2100;20190622;   10;   9.0;   3.4;-999;-999;-999;-999;-999;-999;-999;-999;-999;-999;-999;-999;-999;eor
       2100;20190623;   10;  11.6;   6.5;-999;-999;-999;-999;-999;-999;-999;-999;-999;-999;-999;-999;-999;eor
       2100;20190624;   10;  11.7;   7.6;-999;-999;-999;-999;-999;-999;-999;-999;-999;-999;-999;-999;-999;eor
       2100;20190625;   10;   8.8;   5.3;-999;-999;-999;-999;-999;-999;-999;-999;-999;-999;-999;-999;-999;eor
       2100;20190626;   10;  12.1;   6.5;-999;-999;-999;-999;-999;-999;-999;-999;-999;-999;-999;-999;-999;eor
       2100;20190627;   10;  13.8;   7.8;-999;-999;-999;-999;-999;-999;-999;-999;-999;-999;-999;-999;-999;eor
       2100;20190628;   10;   8.4;   3.9;-999;-999;-999;-999;-999;-999;-999;-999;-999;-999;-999;-999;-999;eor
       2100;20190629;   10;   6.5;   2.5;-999;-999;-999;-999;-999;-999;-999;-999;-999;-999;-999;-999;-999;eor
       2100;20190630;   10;  14.3;   6.1;-999;-999;-999;-999;-999;-999;-999;-999;-999;-999;-999;-999;-999;eor
       2100;20190701;   10;  14.7;   7.6;-999;-999;-999;-999;-999;-999;-999;-999;-999;-999;-999;-999;-999;eor
       2100;20190702;   10;  16.7;   8.9;-999;-999;-999;-999;-999;-999;-999;-999;-999;-999;-999;-999;-999;eor
       2100;20190703;   10;  12.7;   7.4;-999;-999;-999;-999;-999;-999;-999;-999;-999;-999;-999;-999;-999;eor
       2100;20190704;   10;  15.4;   8.1;-999;-999;-999;-999;-999;-999;-999;-999;-999;-999;-999;-999;-999;eor
       2100;20190705;   10;  13.7;   7.3;-999;-999;-999;-999;-999;-999;-999;-999;-999;-999;-999;-999;-999;eor
       2100;20190706;   10;  14.6;   7.9;-999;-999;-999;-999;-999;-999;-999;-999;-999;-999;-999;-999;-999;eor
       2100;20190707;   10;  15.1;   8.7;-999;-999;-999;-999;-999;-999;-999;-999;-999;-999;-999;-999;-999;eor
       2100;20190708;   10;  11.6;   7.2;-999;-999;-999;-999;-999;-999;-999;-999;-999;-999;-999;-999;-999;eor
       2100;20190709;   10;  14.0;   7.6;-999;-999;-999;-999;-999;-999;-999;-999;-999;-999;-999;-999;-999;eor
       2100;20190710;   10;   9.0;   4.3;-999;-999;-999;-999;-999;-999;-999;-999;-999;-999;-999;-999;-999;eor
       2100;20190711;   10;   7.5;   3.7;-999;-999;-999;-999;-999;-999;-999;-999;-999;-999;-999;-999;-999;eor
       2100;20190712;   10;   8.8;   5.1;-999;-999;-999;-999;-999;-999;-999;-999;-999;-999;-999;-999;-999;eor
       2100;20190713;   10;  10.7;   6.8;-999;-999;-999;-999;-999;-999;-999;-999;-999;-999;-999;-999;-999;eor
       2100;20190714;   10;  10.8;   6.4;-999;-999;-999;-999;-999;-999;-999;-999;-999;-999;-999;-999;-999;eor
       2100;20190715;   10;  13.0;   7.7;-999;-999;-999;-999;-999;-999;-999;-999;-999;-999;-999;-999;-999;eor
       2100;20190716;   10;  12.5;   7.3;-999;-999;-999;-999;-999;-999;-999;-999;-999;-999;-999;-999;-999;eor
       2100;20190717;   10;   6.9;   2.4;-999;-999;-999;-999;-999;-999;-999;-999;-999;-999;-999;-999;-999;eor
       2100;20190718;   10;   7.5;   3.6;-999;-999;-999;-999;-999;-999;-999;-999;-999;-999;-999;-999;-999;eor
       2100;20190719;   10;   7.7;   3.3;-999;-999;-999;-999;-999;-999;-999;-999;-999;-999;-999;-999;-999;eor
       2100;20190720;   10;  16.0;   4.5;-999;-999;-999;-999;-999;-999;-999;-999;-999;-999;-999;-999;-999;eor
       2100;20190721;   10;  13.2;   5.9;-999;-999;-999;-999;-999;-999;-999;-999;-999;-999;-999;-999;-999;eor
       2100;20190722;   10;  12.0;   5.6;-999;-999;-999;-999;-999;-999;-999;-999;-999;-999;-999;-999;-999;eor
       2100;20190723;   10;   8.5;   3.2;-999;-999;-999;-999;-999;-999;-999;-999;-999;-999;-999;-999;-999;eor
       2100;20190724;   10;   8.9;   5.5;-999;-999;-999;-999;-999;-999;-999;-999;-999;-999;-999;-999;-999;eor
       2100;20190725;   10;  10.9;   5.3;-999;-999;-999;-999;-999;-999;-999;-999;-999;-999;-999;-999;-999;eor
       2100;20190726;   10;  13.1;   7.3;-999;-999;-999;-999;-999;-999;-999;-999;-999;-999;-999;-999;-999;eor
       2100;20190727;   10;  14.3;   9.1;-999;-999;-999;-999;-999;-999;-999;-999;-999;-999;-999;-999;-999;eor
       2100;20190728;   10;  13.0;   6.4;-999;-999;-999;-999;-999;-999;-999;-999;-999;-999;-999;-999;-999;eor
       2100;20190729;   10;   9.3;   3.6;-999;-999;-999;-999;-999;-999;-999;-999;-999;-999;-999;-999;-999;eor
       2100;20190730;   10;   6.5;   2.8;-999;-999;-999;-999;-999;-999;-999;-999;-999;-999;-999;-999;-999;eor
       2100;20190731;   10;  11.2;   4.2;-999;-999;-999;-999;-999;-999;-999;-999;-999;-999;-999;-999;-999;eor
       2100;20190801;    3;   7.8;   3.6;-999;-999;-999;-999;-999;-999;-999;-999;-999;-999;-999;-999;-999;eor
       2100;20190802;    3;   7.7;   3.1;-999;-999;-999;-999;-999;-999;-999;-999;-999;-999;-999;-999;-999;eor
       2100;20190803;    3;   8.0;   3.7;-999;-999;-999;-999;-999;-999;-999;-999;-999;-999;-999;-999;-999;eor
       2100;20190804;    3;   8.1;   2.5;-999;-999;-999;-999;-999;-999;-999;-999;-999;-999;-999;-999;-999;eor
       2100;20190805;    3;  10.7;   3.7;-999;-999;-999;-999;-999;-999;-999;-999;-999;-999;-999;-999;-999;eor
       2100;20190806;    3;  10.0;   4.4;-999;-999;-999;-999;-999;-999;-999;-999;-999;-999;-999;-999;-999;eor
       2100;20190807;    3;  12.9;   5.0;-999;-999;-999;-999;-999;-999;-999;-999;-999;-999;-999;-999;-999;eor
       2100;20190808;    3;  14.9;   7.0;-999;-999;-999;-999;-999;-999;-999;-999;-999;-999;-999;-999;-999;eor
       2100;20190809;    3;  12.4;   5.2;-999;-999;-999;-999;-999;-999;-999;-999;-999;-999;-999;-999;-999;eor
       2100;20190810;    3;  21.0;   9.0;-999;-999;-999;-999;-999;-999;-999;-999;-999;-999;-999;-999;-999;eor
       2100;20190811;    3;  17.3;   8.4;-999;-999;-999;-999;-999;-999;-999;-999;-999;-999;-999;-999;-999;eor
       2100;20190812;    3;  13.4;   7.3;-999;-999;-999;-999;-999;-999;-999;-999;-999;-999;-999;-999;-999;eor
       2100;20190813;    3;  14.6;   5.1;-999;-999;-999;-999;-999;-999;-999;-999;-999;-999;-999;-999;-999;eor
       2100;20190814;    3;  12.8;   5.1;-999;-999;-999;-999;-999;-999;-999;-999;-999;-999;-999;-999;-999;eor
       2100;20190815;    3;  13.3;   7.4;-999;-999;-999;-999;-999;-999;-999;-999;-999;-999;-999;-999;-999;eor
       2100;20190816;    3;  12.5;   5.3;-999;-999;-999;-999;-999;-999;-999;-999;-999;-999;-999;-999;-999;eor
       2100;20190817;    3;  16.1;   6.9;-999;-999;-999;-999;-999;-999;-999;-999;-999;-999;-999;-999;-999;eor
       2100;20190818;    3;  14.5;   6.1;-999;-999;-999;-999;-999;-999;-999;-999;-999;-999;-999;-999;-999;eor
       2100;20190819;    3;  15.5;   7.9;-999;-999;-999;-999;-999;-999;-999;-999;-999;-999;-999;-999;-999;eor
       2100;20190820;    3;  17.0;   5.4;-999;-999;-999;-999;-999;-999;-999;-999;-999;-999;-999;-999;-999;eor
       2100;20190821;    3;  11.8;   3.6;-999;-999;-999;-999;-999;-999;-999;-999;-999;-999;-999;-999;-999;eor
       2100;20190822;    3;   8.8;   4.5;-999;-999;-999;-999;-999;-999;-999;-999;-999;-999;-999;-999;-999;eor
       2100;20190823;    3;   8.9;   3.9;-999;-999;-999;-999;-999;-999;-999;-999;-999;-999;-999;-999;-999;eor
       2100;20190824;    3;   9.8;   5.1;-999;-999;-999;-999;-999;-999;-999;-999;-999;-999;-999;-999;-999;eor
       2100;20190825;    3;   8.7;   4.4;-999;-999;-999;-999;-999;-999;-999;-999;-999;-999;-999;-999;-999;eor
       2100;20190826;    3;   6.5;   2.5;-999;-999;-999;-999;-999;-999;-999;-999;-999;-999;-999;-999;-999;eor
       2100;20190827;    3;   7.3;   4.1;-999;-999;-999;-999;-999;-999;-999;-999;-999;-999;-999;-999;-999;eor
       2100;20190828;    3;   7.1;   3.7;-999;-999;-999;-999;-999;-999;-999;-999;-999;-999;-999;-999;-999;eor
       2100;20190829;    3;  12.3;   4.6;-999;-999;-999;-999;-999;-999;-999;-999;-999;-999;-999;-999;-999;eor
       2100;20190830;    3;   8.2;   3.7;-999;-999;-999;-999;-999;-999;-999;-999;-999;-999;-999;-999;-999;eor
       2100;20190831;    3;  16.3;   3.2;-999;-999;-999;-999;-999;-999;-999;-999;-999;-999;-999;-999;-999;eor
       2100;20190901;    3;  12.1;   6.0;-999;-999;-999;-999;-999;-999;-999;-999;-999;-999;-999;-999;-999;eor
       2100;20190902;    3;  15.4;   6.5;-999;-999;-999;-999;-999;-999;-999;-999;-999;-999;-999;-999;-999;eor
       2100;20190903;    3;  16.4;   8.2;-999;-999;-999;-999;-999;-999;-999;-999;-999;-999;-999;-999;-999;eor
       2100;20190904;    3;  16.7;   8.1;-999;-999;-999;-999;-999;-999;-999;-999;-999;-999;-999;-999;-999;eor
       2100;20190905;    3;  20.0;   9.9;-999;-999;-999;-999;-999;-999;-999;-999;-999;-999;-999;-999;-999;eor
       2100;20190906;    3;  19.9;   9.8;-999;-999;-999;-999;-999;-999;-999;-999;-999;-999;-999;-999;-999;eor
       2100;20190907;    3;  11.5;   5.0;-999;-999;-999;-999;-999;-999;-999;-999;-999;-999;-999;-999;-999;eor
       2100;20190908;    3;   7.9;   3.3;-999;-999;-999;-999;-999;-999;-999;-999;-999;-999;-999;-999;-999;eor
       2100;20190909;    3;  10.0;   3.3;-999;-999;-999;-999;-999;-999;-999;-999;-999;-999;-999;-999;-999;eor
       2100;20190910;    3;  12.2;   7.4;-999;-999;-999;-999;-999;-999;-999;-999;-999;-999;-999;-999;-999;eor
       2100;20190911;    3;  20.0;   9.1;-999;-999;-999;-999;-999;-999;-999;-999;-999;-999;-999;-999;-999;eor
       2100;20190912;    3;  14.3;   6.8;-999;-999;-999;-999;-999;-999;-999;-999;-999;-999;-999;-999;-999;eor
       2100;20190913;    3;  15.5;   7.8;-999;-999;-999;-999;-999;-999;-999;-999;-999;-999;-999;-999;-999;eor
       2100;20190914;    3;  13.0;   4.8;-999;-999;-999;-999;-999;-999;-999;-999;-999;-999;-999;-999;-999;eor
       2100;20190915;    3;  15.9;   9.4;-999;-999;-999;-999;-999;-999;-999;-999;-999;-999;-999;-999;-999;eor
       2100;20190916;    3;  12.0;   6.3;-999;-999;-999;-999;-999;-999;-999;-999;-999;-999;-999;-999;-999;eor
       2100;20190917;    3;  25.2;  12.2;-999;-999;-999;-999;-999;-999;-999;-999;-999;-999;-999;-999;-999;eor
       2100;20190918;    3;  16.5;  10.1;-999;-999;-999;-999;-999;-999;-999;-999;-999;-999;-999;-999;-999;eor
       2100;20190919;    3;  11.6;   6.0;-999;-999;-999;-999;-999;-999;-999;-999;-999;-999;-999;-999;-999;eor
       2100;20190920;    3;   8.7;   4.3;-999;-999;-999;-999;-999;-999;-999;-999;-999;-999;-999;-999;-999;eor
       2100;20190921;    3;   8.3;   3.6;-999;-999;-999;-999;-999;-999;-999;-999;-999;-999;-999;-999;-999;eor
       2100;20190922;    3;   9.7;   6.6;-999;-999;-999;-999;-999;-999;-999;-999;-999;-999;-999;-999;-999;eor
       2100;20190923;    3;  10.2;   4.2;-999;-999;-999;-999;-999;-999;-999;-999;-999;-999;-999;-999;-999;eor
       2100;20190924;    3;   9.1;   4.8;-999;-999;-999;-999;-999;-999;-999;-999;-999;-999;-999;-999;-999;eor
       2100;20190925;    3;   7.8;   3.4;-999;-999;-999;-999;-999;-999;-999;-999;-999;-999;-999;-999;-999;eor
       2100;20190926;    3;  14.1;   5.8;-999;-999;-999;-999;-999;-999;-999;-999;-999;-999;-999;-999;-999;eor
       2100;20190927;    3;  19.2;   7.6;-999;-999;-999;-999;-999;-999;-999;-999;-999;-999;-999;-999;-999;eor
       2100;20190928;    3;  21.5;  10.3;-999;-999;-999;-999;-999;-999;-999;-999;-999;-999;-999;-999;-999;eor
       2100;20190929;    3;  16.7;   8.5;-999;-999;-999;-999;-999;-999;-999;-999;-999;-999;-999;-999;-999;eor
       2100;20190930;    3;  22.6;  10.2;-999;-999;-999;-999;-999;-999;-999;-999;-999;-999;-999;-999;-999;eor
       2100;20191001;    3;  12.4;   5.5;-999;-999;-999;-999;-999;-999;-999;-999;-999;-999;-999;-999;-999;eor
       2100;20191002;    3;  18.1;   9.3;-999;-999;-999;-999;-999;-999;-999;-999;-999;-999;-999;-999;-999;eor
       2100;20191003;    3;  11.0;   3.9;-999;-999;-999;-999;-999;-999;-999;-999;-999;-999;-999;-999;-999;eor
       2100;20191004;    3;  12.3;   6.9;-999;-999;-999;-999;-999;-999;-999;-999;-999;-999;-999;-999;-999;eor
       2100;20191005;    3;  12.8;   7.8;-999;-999;-999;-999;-999;-999;-999;-999;-999;-999;-999;-999;-999;eor
       2100;20191006;    3;  15.8;  10.1;-999;-999;-999;-999;-999;-999;-999;-999;-999;-999;-999;-999;-999;eor
       2100;20191007;    3;  14.0;   6.0;-999;-999;-999;-999;-999;-999;-999;-999;-999;-999;-999;-999;-999;eor
       2100;20191008;    3;  17.1;   8.6;-999;-999;-999;-999;-999;-999;-999;-999;-999;-999;-999;-999;-999;eor
       2100;20191009;    3;  19.9;   8.8;-999;-999;-999;-999;-999;-999;-999;-999;-999;-999;-999;-999;-999;eor
       2100;20191010;    3;  21.8;   9.8;-999;-999;-999;-999;-999;-999;-999;-999;-999;-999;-999;-999;-999;eor
       2100;20191011;    3;  22.5;  12.8;-999;-999;-999;-999;-999;-999;-999;-999;-999;-999;-999;-999;-999;eor
       2100;20191012;    3;  14.4;   8.5;-999;-999;-999;-999;-999;-999;-999;-999;-999;-999;-999;-999;-999;eor
       2100;20191013;    3;  18.3;   6.7;-999;-999;-999;-999;-999;-999;-999;-999;-999;-999;-999;-999;-999;eor
       2100;20191014;    3;  20.0;   7.3;-999;-999;-999;-999;-999;-999;-999;-999;-999;-999;-999;-999;-999;eor
       2100;20191015;    3;  14.4;   5.1;-999;-999;-999;-999;-999;-999;-999;-999;-999;-999;-999;-999;-999;eor
       2100;20191016;    3;  10.8;   5.3;-999;-999;-999;-999;-999;-999;-999;-999;-999;-999;-999;-999;-999;eor
       2100;20191017;    1;  12.4;   5.7;-999;-999;-999;-999;-999;-999;-999;-999;-999;-999;-999;-999;-999;eor
       2100;20191018;    1;  21.0;   8.3;-999;-999;-999;-999;-999;-999;-999;-999;-999;-999;-999;-999;-999;eor
       2100;20191019;    1;  16.4;   8.6;-999;-999;-999;-999;-999;-999;-999;-999;-999;-999;-999;-999;-999;eor
       2100;20191020;    1;  11.1;   4.2;-999;-999;-999;-999;-999;-999;-999;-999;-999;-999;-999;-999;-999;eor
       2100;20191021;    1;  14.3;   6.5;-999;-999;-999;-999;-999;-999;-999;-999;-999;-999;-999;-999;-999;eor
       2100;20191022;    1;  11.9;   6.5;-999;-999;-999;-999;-999;-999;-999;-999;-999;-999;-999;-999;-999;eor
       2100;20191023;    1;  10.3;   5.0;-999;-999;-999;-999;-999;-999;-999;-999;-999;-999;-999;-999;-999;eor
       2100;20191024;    1;  19.9;   6.1;-999;-999;-999;-999;-999;-999;-999;-999;-999;-999;-999;-999;-999;eor
       2100;20191025;    1;  20.7;  10.0;-999;-999;-999;-999;-999;-999;-999;-999;-999;-999;-999;-999;-999;eor
       2100;20191026;    1;  21.2;  11.5;-999;-999;-999;-999;-999;-999;-999;-999;-999;-999;-999;-999;-999;eor
       2100;20191027;    1;  20.4;  11.3;-999;-999;-999;-999;-999;-999;-999;-999;-999;-999;-999;-999;-999;eor
       2100;20191028;    1;  16.5;   7.9;-999;-999;-999;-999;-999;-999;-999;-999;-999;-999;-999;-999;-999;eor
       2100;20191029;    1;   9.0;   4.7;-999;-999;-999;-999;-999;-999;-999;-999;-999;-999;-999;-999;-999;eor
       2100;20191030;    1;   5.5;   2.7;-999;-999;-999;-999;-999;-999;-999;-999;-999;-999;-999;-999;-999;eor
       2100;20191031;    1;   9.8;   3.5;-999;-999;-999;-999;-999;-999;-999;-999;-999;-999;-999;-999;-999;eor
       2100;20191101;    1;  11.6;   6.0;-999;-999;-999;-999;-999;-999;-999;-999;-999;-999;-999;-999;-999;eor
       2100;20191102;    1;  13.8;   7.4;-999;-999;-999;-999;-999;-999;-999;-999;-999;-999;-999;-999;-999;eor
       2100;20191103;    1;  15.7;   6.5;-999;-999;-999;-999;-999;-999;-999;-999;-999;-999;-999;-999;-999;eor
       2100;20191104;    1;  11.7;   4.8;-999;-999;-999;-999;-999;-999;-999;-999;-999;-999;-999;-999;-999;eor
       2100;20191105;    1;  12.2;   6.1;-999;-999;-999;-999;-999;-999;-999;-999;-999;-999;-999;-999;-999;eor
       2100;20191106;    1;   7.8;   3.2;-999;-999;-999;-999;-999;-999;-999;-999;-999;-999;-999;-999;-999;eor
       2100;20191107;    1;  15.2;   7.4;-999;-999;-999;-999;-999;-999;-999;-999;-999;-999;-999;-999;-999;eor
       2100;20191108;    1;  12.5;   5.6;-999;-999;-999;-999;-999;-999;-999;-999;-999;-999;-999;-999;-999;eor
       2100;20191109;    1;  12.3;   3.9;-999;-999;-999;-999;-999;-999;-999;-999;-999;-999;-999;-999;-999;eor
       2100;20191110;    1;  13.9;   7.5;-999;-999;-999;-999;-999;-999;-999;-999;-999;-999;-999;-999;-999;eor
       2100;20191111;    1;  18.1;   8.6;-999;-999;-999;-999;-999;-999;-999;-999;-999;-999;-999;-999;-999;eor
       2100;20191112;    1;  21.7;  10.8;-999;-999;-999;-999;-999;-999;-999;-999;-999;-999;-999;-999;-999;eor
       2100;20191113;    1;  18.3;   9.3;-999;-999;-999;-999;-999;-999;-999;-999;-999;-999;-999;-999;-999;eor
       2100;20191114;    1;  14.9;   7.4;-999;-999;-999;-999;-999;-999;-999;-999;-999;-999;-999;-999;-999;eor
       2100;20191115;    1;  18.8;  11.0;-999;-999;-999;-999;-999;-999;-999;-999;-999;-999;-999;-999;-999;eor
       2100;20191116;    1;  18.1;   6.9;-999;-999;-999;-999;-999;-999;-999;-999;-999;-999;-999;-999;-999;eor
