STATIONS_ID;MESS_DATUM;QN_3;  FX;  FM;QN_4; RSK;RSKF; SDK;SHK_TAG;  NM; VPM;  PM; TMK; UPM; TXK; TNK; TGK;eor
       2171;20180704;   10;   6.2;   1.5;    3;   0.0;   0;    8.800;-999;   6.9;  10.6;  982.88;   21.6;   44.63;   30.8;    9.9;    6.3;eor
       2171;20180705;   10;  10.3;   2.1;    3;   0.2;   6;    8.983;-999;   5.9;  16.1;  981.30;   21.8;   63.63;   30.0;   14.0;   10.8;eor
       2171;20180706;   10;  11.3;   3.3;    3;   0.0;   0;   13.450;-999;   4.0;  12.4;  986.60;   19.8;   55.00;   25.4;   12.8;    8.9;eor
       2171;20180707;   10;  10.1;   2.6;    3;   0.0;   0;   11.967;-999;   3.9;   9.3;  990.12;   18.6;   46.83;   26.3;    9.2;    6.5;eor
       2171;20180708;   10;   8.3;   2.5;    3;   0.0;   0;   14.950;-999;   1.0;  10.5;  990.21;   19.2;   50.21;   27.5;    9.9;    6.9;eor
       2171;20180709;   10;  10.9;   2.9;    3;   0.1;   6;   11.250;-999;   4.4;  11.4;  988.76;   18.7;   55.50;   25.6;   10.9;    8.1;eor
       2171;20180710;   10;  11.3;   2.9;    3;   8.6;   6;    1.400;-999;   7.7;  11.9;  984.20;   15.0;   71.42;   20.5;   12.4;   12.3;eor
       2171;20180711;   10;   9.8;   2.8;    3;   0.4;   6;    2.817;-999;   7.7;  13.5;  983.46;   15.2;   79.54;   21.0;   12.1;   11.5;eor
       2171;20180712;   10;   7.5;   2.0;    3;   0.0;   0;    3.333;-999;   7.1;  14.4;  985.38;   18.2;   71.21;   26.0;   12.6;   11.0;eor
       2171;20180713;   10;   8.1;   2.1;    3;   0.0;   0;   11.217;-999;   4.9;  13.2;  987.61;   20.7;   58.54;   28.0;   13.1;   11.1;eor
       2171;20180714;   10;   6.5;   1.7;    3;   0.0;   0;   10.600;-999;   4.0;  13.0;  987.20;   20.6;   57.50;   28.4;   11.4;    9.1;eor
       2171;20180715;   10;   8.0;   2.6;    3;   0.0;   0;   14.717;-999;   2.0;  12.5;  984.49;   21.8;   51.29;   29.2;   13.1;   10.7;eor
       2171;20180716;   10;  10.7;   1.7;    3;   0.9;   6;    9.583;-999;   5.5;  13.2;  981.97;   20.5;   56.54;   29.8;   13.6;   11.5;eor
       2171;20180717;   10;  10.3;   2.3;    3;   0.0;   6;    9.833;-999;   6.5;  12.9;  982.40;   22.0;   54.58;   30.9;   12.6;   10.7;eor
       2171;20180718;   10;  12.0;   2.5;    3;   0.0;   0;   14.167;-999;   1.4;  12.1;  985.78;   21.1;   51.42;   27.4;   14.3;   11.1;eor
       2171;20180719;   10;   9.7;   2.1;    3;   0.0;   0;   14.567;-999;   3.2;  10.0;  986.17;   20.0;   47.50;   28.1;   10.8;    8.3;eor
       2171;20180720;   10;   6.3;   1.4;    3;   0.0;   0;   13.500;-999;   6.4;  10.5;  982.04;   21.7;   44.92;   31.0;   11.1;    8.6;eor
       2171;20180721;   10;   6.6;   1.6;    3;   1.4;   6;    5.700;-999;   7.8;  13.4;  979.97;   21.1;   53.71;   26.5;   16.2;   13.9;eor
       2171;20180722;   10;   7.6;   1.4;    3;   0.3;   6;    4.317;-999;   7.5;  17.2;  982.80;   20.0;   76.21;   28.1;   16.2;   14.2;eor
       2171;20180723;   10;   7.8;   1.8;    3;   0.0;   0;   12.367;-999;   2.3;  13.9;  985.06;   22.4;   57.25;   31.1;   14.1;   12.4;eor
       2171;20180724;   10;   7.9;   1.5;    3;   0.0;   0;   14.483;-999;   0.2;  12.8;  983.62;   24.3;   46.67;   33.7;   12.8;   10.8;eor
       2171;20180725;   10;  12.7;   2.0;    3;   0.0;   0;   11.650;-999;   2.6;  14.6;  983.60;   25.5;   48.00;   35.2;   15.7;   13.6;eor
       2171;20180726;   10;  10.8;   2.6;    3;   0.0;   0;   14.633;-999;   1.3;  13.3;  984.34;   26.0;   44.79;   34.1;   15.7;   13.6;eor
       2171;20180727;   10;  10.8;   2.5;    3;   0.0;   0;   11.867;-999;   0.8;  13.2;  981.91;   25.5;   43.54;   34.2;   15.6;   13.0;eor
       2171;20180728;   10;  12.1;   2.7;    3;   0.0;   0;    8.117;-999;   4.7;  15.7;  978.38;   23.6;   56.67;   32.1;   16.0;   14.0;eor
       2171;20180729;   10;   9.3;   2.1;    3;   0.0;   0;    7.067;-999;   7.3;  15.5;  983.34;   23.7;   56.25;   30.8;   15.7;   13.7;eor
       2171;20180730;   10;   7.2;   1.5;    3;   0.0;   0;   11.900;-999;   2.9;  13.7;  984.21;   25.6;   47.50;   35.1;   14.8;   12.8;eor
       2171;20180731;   10;   9.3;   1.8;    3;   0.0;   0;   12.217;-999;   3.0;  14.6;  984.59;   26.6;   46.33;   36.7;   15.7;   13.3;eor
       2171;20180801;   10;  10.3;   3.1;    3;   1.2;   6;    7.350;-999;   6.3;  16.1;  988.06;   26.2;   49.21;   33.2;   19.2;   18.5;eor
       2171;20180802;   10;  10.3;   2.5;    3;   0.0;   0;   12.500;-999;   2.5;  18.5;  989.94;   25.3;   60.83;   33.3;   18.1;   16.8;eor
       2171;20180803;   10;   8.2;   2.2;    3;   0.0;   0;   13.767;-999;   0.4;  16.9;  989.01;   26.5;   52.79;   34.8;   17.7;   15.4;eor
       2171;20180804;   10;   9.4;   2.4;    3;   0.0;   0;   10.933;-999;   3.3;  15.6;  986.17;   26.7;   47.92;   35.0;   17.4;   15.6;eor
       2171;20180805;   10;   8.6;   3.1;    3;   0.0;   0;   11.500;-999;   2.9;  13.9;  988.70;   22.8;   51.88;   28.8;   15.3;   11.9;eor
       2171;20180806;   10;   7.3;   1.4;    3;   0.0;   0;   13.600;-999;   1.5;  10.8;  985.63;   22.9;   44.96;   33.4;   10.7;    8.8;eor
       2171;20180807;   10;  13.1;   2.2;    3;   0.0;   6;    9.550;-999;   4.8;  13.6;  980.20;   26.0;   43.63;   36.4;   15.8;   13.8;eor
       2171;20180808;   10;  13.1;   3.0;    3;   0.0;   0;    8.050;-999;   5.8;  15.5;  980.88;   25.2;   49.75;   31.2;   19.1;   16.6;eor
       2171;20180809;   10;  26.8;   3.6;    3;   1.4;   6;    7.883;-999;   5.4;  16.4;  981.73;   23.3;   62.17;   35.4;   16.1;   14.6;eor
       2171;20180810;   10;  10.5;   4.0;    3;   0.0;   0;    8.350;-999;   5.2;  10.6;  989.67;   18.7;   50.79;   24.3;   12.4;    9.3;eor
       2171;20180811;   10;  11.7;   3.2;    3;   0.0;   6;    9.217;-999;   5.5;   9.0;  989.87;   16.8;   50.17;   23.8;   10.0;    7.4;eor
       2171;20180812;   10;   9.7;   1.8;    3;   0.0;   0;   12.967;-999;   6.9;   8.6;  984.80;   18.1;   46.71;   28.2;    6.6;    4.6;eor
       2171;20180813;   10;  11.1;   2.6;    3;  12.0;   6;    2.633;-999;   6.0;  14.4;  977.99;   16.0;   78.13;   21.6;   10.0;    8.0;eor
       2171;20180814;   10;  11.4;   3.3;    3;   0.0;   6;    1.967;-999;   6.3;  15.2;  982.21;   17.7;   76.38;   23.7;   14.1;   12.1;eor
       2171;20180815;   10;   7.8;   1.9;    3;   0.0;   0;    2.033;-999;   7.5;  13.8;  987.84;   18.5;   66.75;   24.1;   12.6;   10.6;eor
       2171;20180816;   10;   9.0;   1.5;    3;   0.0;   0;   13.533;-999;   3.7;  13.4;  985.04;   20.5;   60.96;   30.6;   10.2;    8.6;eor
       2171;20180817;   10;  10.9;   2.7;    3;   0.0;   0;   10.267;-999;   6.2;  15.0;  984.37;   21.3;   62.54;   30.4;   13.2;   11.6;eor
       2171;20180818;   10;   6.5;   1.8;    3;   0.0;   0;    9.700;-999;   6.8;  13.2;  989.33;   20.8;   56.79;   28.5;   13.7;   11.2;eor
       2171;20180819;   10;   9.2;   1.9;    3;   0.0;   0;   13.383;-999;   2.3;  10.8;  988.55;   20.6;   49.92;   30.4;    9.8;    8.1;eor
       2171;20180820;   10;   5.5;   1.4;    3;   0.0;   0;    0.250;-999;   6.3;  14.9;  987.49;   19.6;   65.42;   25.7;   12.7;   11.2;eor
       2171;20180821;   10;   7.3;   2.0;    3;   0.0;   0;    2.433;-999;   7.7;  15.7;  988.72;   21.2;   63.83;   27.6;   16.6;   13.8;eor
       2171;20180822;   10;   7.0;   1.5;    3;   0.0;   0;   11.300;-999;  -999;  13.9;  985.51;   23.4;   51.79;   32.5;   16.4;   14.2;eor
       2171;20180823;   10;  10.5;   2.2;    3;   2.4;   6;   12.650;-999;   2.5;  13.8;  980.75;   23.0;   53.67;   31.9;   13.7;   12.0;eor
       2171;20180824;   10;  12.6;   3.1;    3;   0.1;   6;    2.983;-999;   7.8;  12.8;  979.56;   17.8;   63.71;   22.9;   14.0;   12.2;eor
       2171;20180825;   10;  13.0;   3.7;    3;   0.7;   6;    2.967;-999;   6.5;   9.6;  980.10;   13.3;   63.96;   17.9;    7.7;    5.4;eor
       2171;20180826;   10;   8.4;   2.3;    3;   0.0;   6;   10.000;-999;   5.3;   8.2;  984.54;   13.2;   58.71;   21.0;    4.6;    2.4;eor
       2171;20180827;   10;  14.0;   4.0;    3;   0.1;   6;    0.683;-999;   7.3;  12.2;  982.26;   15.2;   69.08;   19.7;   10.0;    8.1;eor
       2171;20180828;   10;   5.6;   1.5;    3;   0.0;   0;   10.883;-999;  -999;  11.3;  987.36;   17.6;   58.83;   24.6;   10.5;    8.1;eor
       2171;20180829;   10;  11.2;   2.0;    3;   5.8;   6;   10.433;-999;   5.0;  13.3;  982.27;   18.8;   65.92;   30.5;    8.0;    5.9;eor
       2171;20180830;   10;  10.1;   3.2;    3;   0.2;   6;    3.783;-999;   6.0;  13.7;  986.30;   16.4;   74.13;   20.8;   10.6;    8.4;eor
       2171;20180831;   10;   7.4;   2.1;    3;   0.0;   0;    5.350;-999;   6.8;  10.4;  989.96;   13.7;   69.08;   21.1;    8.5;    6.0;eor
       2171;20180901;   10;   9.6;   2.4;    3;   0.0;   0;   11.167;-999;   2.4;   9.1;  992.80;   13.5;   63.08;   21.6;    5.1;    3.5;eor
       2171;20180902;   10;  10.5;   2.9;    3;   1.4;   6;    0.017;-999;   7.2;  12.6;  991.52;   14.1;   78.46;   17.7;    8.9;    6.6;eor
       2171;20180903;   10;   5.5;   1.8;    3;   1.9;   6;    0.000;-999;   8.0;  17.0;  985.57;   16.1;   92.92;   19.0;   14.5;   13.2;eor
       2171;20180904;   10;   8.3;   1.6;    3;   0.0;   0;    5.900;-999;   7.2;  16.1;  984.60;   19.5;   74.83;   27.4;   14.6;   12.8;eor
       2171;20180905;   10;   6.0;   1.4;    3;   0.0;   0;    8.967;-999;   4.4;  13.7;  985.03;   19.2;   66.50;   27.9;   11.2;    9.9;eor
       2171;20180906;   10;   8.8;   1.4;    3;   7.3;   6;    5.150;-999;   6.1;  15.2;  980.48;   16.8;   81.13;   26.1;   11.6;    9.9;eor
       2171;20180907;   10;  11.5;   2.1;    3;   2.2;   6;    2.150;-999;   5.8;  14.6;  982.30;   15.2;   84.88;   20.1;    8.6;    7.0;eor
       2171;20180908;   10;   7.1;   1.5;    3;   0.0;   0;    8.417;-999;   7.0;   9.6;  988.55;   13.1;   68.38;   21.3;    5.8;    6.0;eor
       2171;20180909;   10;   6.9;   1.5;    3;   0.0;   0;    5.000;-999;   7.6;  11.0;  989.66;   16.1;   63.42;   25.7;    8.9;    7.0;eor
       2171;20180910;   10;  10.7;   2.0;    3;   0.0;   0;    3.317;-999;   7.0;  11.9;  990.11;   16.9;   66.21;   27.4;    7.5;    6.0;eor
       2171;20180911;   10;  11.7;   3.2;    3;   0.0;   0;   11.350;-999;  -999;  12.4;  990.73;   18.7;   61.88;   27.1;   10.6;    8.7;eor
       2171;20180912;   10;  11.6;   3.0;    3;   0.0;   0;   11.633;-999;   1.2;  12.6;  988.48;   19.4;   60.88;   29.3;   10.1;    8.3;eor
       2171;20180913;   10;   6.0;   2.5;    3;   0.0;   6;    0.033;-999;   8.0;  14.0;  987.85;   15.6;   79.04;   18.8;   13.2;   11.7;eor
       2171;20180914;   10;   8.5;   2.0;    3;   0.0;   0;    5.450;-999;   6.7;  11.8;  988.27;   15.6;   68.29;   22.7;   10.6;    8.8;eor
       2171;20180915;   10;   8.5;   1.9;    3;   0.0;   0;    6.533;-999;   6.6;  10.1;  991.60;   14.0;   66.00;   20.7;    7.6;    5.3;eor
       2171;20180916;   10;   6.6;   1.1;    3;   0.0;   0;   10.483;-999;   6.5;   9.6;  991.25;   14.3;   64.25;   24.5;    5.7;    3.7;eor
       2171;20180917;   10;   5.5;   1.1;    3;   0.0;   0;    9.533;-999;   5.9;   9.7;  987.98;   15.8;   59.54;   26.9;    5.8;    3.9;eor
       2171;20180918;   10;  10.7;   1.9;    3;   0.0;   0;   11.333;-999;   1.6;  11.5;  984.24;   19.0;   57.50;   30.7;    6.9;    5.2;eor
       2171;20180919;   10;  12.2;   2.6;    3;   0.0;   0;    9.417;-999;   5.1;  14.0;  986.70;   21.3;   59.00;   29.7;   12.5;   10.5;eor
       2171;20180920;   10;  12.0;   2.3;    3;   0.0;   0;    9.117;-999;   7.3;  12.9;  985.58;   19.7;   60.75;   28.2;   12.6;   10.4;eor
       2171;20180921;   10;  19.3;   4.5;    3;   1.6;   6;    2.050;-999;   5.9;  12.2;  979.31;   15.9;   68.54;   24.7;   10.4;    7.8;eor
       2171;20180922;   10;  11.4;   4.2;    3;   4.8;   6;    4.633;-999;   6.9;   9.4;  987.74;   12.2;   67.29;   17.4;    9.8;    8.4;eor
       2171;20180923;   10;  12.7;   2.9;    3;  45.0;   6;    0.000;-999;   7.4;  11.5;  980.40;    9.9;   93.46;   12.8;    6.1;    4.9;eor
       2171;20180924;   10;  12.5;   3.7;    3;   0.0;   6;    6.783;-999;   3.9;   8.0;  997.63;    9.1;   71.42;   14.1;    4.3;    1.6;eor
       2171;20180925;   10;   5.7;   1.1;    3;   0.0;   0;    6.650;-999;   5.9;   7.3; 1005.47;    6.9;   77.08;   14.5;    1.4;    0.2;eor
       2171;20180926;   10;   7.9;   1.8;    3;   0.0;   0;    9.650;-999;   6.1;   6.5; 1001.92;    8.7;   64.42;   17.8;    0.8;   -0.2;eor
       2171;20180927;   10;   7.2;   1.7;    3;   0.0;   0;   10.783;-999;   0.0;   7.5;  995.45;   12.4;   59.38;   23.8;    3.1;    2.0;eor
       2171;20180928;   10;   8.7;   1.7;    3;   0.0;   0;    2.033;-999;   4.0;   8.5;  992.10;    8.5;   77.63;   14.0;    3.6;    0.8;eor
       2171;20180929;   10;   7.0;   1.4;    3;   0.0;   0;   10.633;-999;  -999;   6.9;  995.24;    6.9;   72.46;   15.3;    0.8;   -1.9;eor
       2171;20180930;   10;   4.5;   1.0;    3;   0.0;   0;    9.183;-999;   3.2;   6.8;  985.43;    7.9;   69.42;   19.0;   -0.6;   -1.8;eor
       2171;20181001;   10;  14.0;   2.3;    3;   0.1;   6;    2.367;-999;   6.5;   7.6;  984.19;    6.9;   77.96;   14.1;    1.6;    0.1;eor
       2171;20181002;   10;  13.1;   4.5;    3;   2.5;   6;    0.000;   0;   7.2;   8.7;  986.85;    6.5;   89.17;   10.4;    2.5;    0.5;eor
       2171;20181003;   10;  12.2;   3.2;    3;   0.0;   6;    3.300;   0;   7.7;   9.2;  991.02;   10.6;   73.00;   14.8;    4.2;    2.0;eor
       2171;20181004;   10;   4.0;   1.0;    3;   0.0;   0;    0.050;   0;   6.3;   9.4;  994.77;    8.6;   84.46;   16.0;    2.2;    0.3;eor
       2171;20181005;   10;   3.5;   0.8;    3;   0.0;   0;    7.383;   0;   5.5;   9.7;  988.49;   10.7;   79.04;   22.0;    4.0;    4.0;eor
       2171;20181006;   10;  10.4;   1.8;    3;   0.0;   0;    7.317;   0;   6.0;  11.5;  979.83;   13.5;   76.13;   23.6;    4.0;    2.3;eor
       2171;20181007;   10;   8.9;   2.2;    3;   0.0;   6;    0.067;   0;   7.3;  11.1;  984.94;   10.3;   88.42;   12.5;    6.3;    3.7;eor
       2171;20181008;   10;   4.9;   0.9;    3;   0.0;   0;    6.417;   0;   7.3;  10.1;  989.74;    9.7;   84.54;   19.0;    3.8;    1.8;eor
       2171;20181009;   10;   3.2;   0.8;    3;   0.0;   0;    4.917;   0;   7.8;  12.1;  990.60;   11.7;   88.33;   21.3;    6.9;    4.9;eor
       2171;20181010;   10;   7.2;   1.5;    3;   0.0;   0;    6.967;   0;   3.4;  12.4;  987.44;   13.1;   83.50;   22.0;    6.3;    6.1;eor
       2171;20181011;   10;   4.0;   1.0;    3;   0.0;   0;    8.833;   0;   1.9;  11.2;  983.73;   14.0;   73.75;   24.8;    7.1;    4.2;eor
       2171;20181012;   10;   6.5;   1.4;    3;   0.0;   0;    9.483;   0;   2.7;  12.7;  990.04;   15.6;   74.63;   25.0;    8.2;    5.9;eor
       2171;20181013;   10;   6.3;   1.0;    3;   0.0;   0;    9.533;   0;   1.0;  12.0;  989.56;   15.4;   73.08;   26.6;    8.4;    6.0;eor
       2171;20181014;   10;   6.2;   1.1;    3;   0.0;   0;    9.567;   0;   0.2;  10.9;  982.38;   13.6;   73.63;   24.9;    5.3;    2.8;eor
       2171;20181015;   10;   3.0;   0.8;    3;   0.0;   0;    8.833;   0;   0.9;  10.6;  983.00;   12.8;   75.67;   23.7;    5.6;    3.4;eor
       2171;20181016;   10;   2.7;   0.7;    3;   0.0;   0;    1.517;   0;   5.0;  11.1;  987.23;   10.6;   86.88;   18.2;    5.2;    3.0;eor
       2171;20181017;   10;   2.9;   0.9;    3;   0.0;   0;    5.750;   0;   7.7;  12.0;  987.64;   12.2;   85.67;   22.5;    7.0;    5.6;eor
       2171;20181018;   10;   7.0;   1.7;    3;   0.0;   0;    2.217;   0;   7.1;  11.3;  989.93;   11.3;   84.54;   16.9;    5.7;    5.2;eor
       2171;20181019;   10;   6.1;   1.8;    3;   0.0;   0;    0.167;   0;   7.9;  11.0;  992.05;   11.7;   79.88;   15.1;    7.7;    5.2;eor
       2171;20181020;   10;   7.0;   1.4;    3;   0.0;   0;    8.383;   0;   4.7;   8.5;  996.57;    7.8;   81.33;   14.9;    3.0;    0.1;eor
       2171;20181021;   10;   3.4;   0.7;    3;   0.0;   0;    6.600;   0;   5.4;   8.2;  996.49;    7.0;   83.21;   16.1;    1.9;   -0.5;eor
       2171;20181022;   10;   6.1;   1.0;    3;   0.5;   6;    0.367;   0;   7.6;   8.5;  997.09;    5.6;   92.67;   10.4;    0.5;    0.2;eor
       2171;20181023;   10;  14.0;   4.6;    3;   0.6;   6;    0.000;   0;   7.9;   8.9;  990.92;    7.2;   86.54;   10.9;    1.6;    0.6;eor
       2171;20181024;   10;  12.9;   3.9;    3;   2.8;   6;    0.050;   0;   7.8;  12.1;  987.55;   11.4;   89.13;   13.1;   10.1;    9.7;eor
       2171;20181025;   10;   9.5;   3.8;    3;   0.0;   0;    0.017;   0;   8.0;  10.6;  985.38;   11.3;   78.92;   13.4;    9.0;    7.3;eor
       2171;20181026;   10;  10.7;   3.4;    3;   0.2;   6;    0.000;   0;   8.0;   8.9;  976.74;    9.1;   77.04;   10.3;    7.0;    5.8;eor
       2171;20181027;   10;   7.9;   2.6;    3;   0.0;   6;    0.017;   0;   7.9;   7.3;  975.95;    6.0;   78.38;    7.9;    3.4;    1.6;eor
       2171;20181028;   10;  12.7;   4.7;    3;   0.3;   6;    0.000;   0;   8.0;   6.7;  979.37;    4.3;   80.88;    4.9;    3.3;    3.0;eor
       2171;20181029;   10;  13.7;   5.5;    3;   0.1;   6;    0.000;   0;   7.9;   7.0;  969.64;    3.9;   86.33;    4.8;    3.5;    3.3;eor
       2171;20181030;   10;  19.3;   5.9;    3;   2.9;   6;    0.017;   0;   7.6;   7.5;  962.99;    5.2;   84.33;    7.3;    2.5;    0.7;eor
       2171;20181031;   10;  12.0;   2.4;    3;   0.0;   0;    3.150;   0;   6.4;   7.4;  983.11;    6.8;   75.58;   11.3;    1.9;   -1.0;eor
       2171;20181101;   10;   6.1;   1.5;    3;   0.0;   6;    0.483;   0;   5.8;   7.7;  980.67;    5.5;   85.46;    9.9;    0.8;   -1.3;eor
       2171;20181102;   10;  10.5;   2.5;    3;   0.0;   0;    0.767;   0;   6.4;   8.8;  989.80;    8.4;   80.67;   11.8;    5.3;    2.3;eor
       2171;20181103;   10;   5.6;   1.4;    3;   0.0;   0;    6.750;   0;   5.1;   8.0;  995.12;    6.3;   84.58;   11.7;    3.0;    0.0;eor
       2171;20181104;   10;   4.9;   1.3;    3;   0.0;   0;    0.000;   0;   7.9;   9.8;  985.75;    8.9;   85.83;   10.7;    6.0;    5.6;eor
       2171;20181105;   10;   5.7;   1.0;    3;   0.0;   0;    2.900;   0;   6.7;  10.3;  978.14;    9.4;   87.88;   14.6;    5.5;    4.6;eor
       2171;20181106;   10;   3.5;   1.0;    3;   0.0;   0;    2.750;   0;   8.0;   9.5;  977.52;    7.5;   91.00;   15.6;    3.2;    3.1;eor
       2171;20181107;   10;   3.1;   0.8;    3;   0.1;   6;    6.117;   0;   5.4;   8.9;  980.23;    7.6;   86.50;   18.0;    2.7;    2.2;eor
       2171;20181108;   10;   5.1;   1.2;    3;   0.5;   6;    1.683;   0;   7.9;  10.0;  988.11;    9.3;   85.92;   13.7;    5.5;    3.8;eor
       2171;20181109;   10;   6.7;   1.5;    3;   0.0;   0;    4.767;   0;   8.0;  10.2;  983.60;    9.1;   88.17;   14.8;    4.8;    2.4;eor
       2171;20181110;   10;  11.4;   2.3;    3;   0.9;   6;    0.017;   0;   8.0;   9.4;  977.35;    9.4;   81.17;   13.2;    3.9;    1.8;eor
       2171;20181111;   10;  11.7;   4.9;    3;   4.3;   6;    1.383;   0;   7.5;  10.7;  979.12;   11.7;   78.00;   13.9;    9.1;    7.9;eor
       2171;20181112;   10;   7.2;   1.8;    3;   4.1;   6;    0.833;   0;   7.6;  11.7;  984.32;   12.0;   84.50;   16.6;    9.1;    7.5;eor
       2171;20181113;   10;  12.2;   4.0;    3;   1.0;   6;    1.983;   0;   5.8;  10.7;  992.06;   10.7;   82.63;   13.2;    4.3;    1.4;eor
       2171;20181114;   10;   4.7;   1.0;    3;   0.0;   0;    0.183;   0;   6.7;   8.0;  997.53;    4.4;   94.83;    8.0;    1.1;   -0.9;eor
       2171;20181115;   10;   4.3;   1.1;    3;   0.0;   0;    0.000;   0;   7.3;   6.8;  995.75;    2.2;   94.58;    5.6;   -0.9;   -1.6;eor
       2171;20181116;   10;   6.7;   1.5;    3;   0.0;   0;    3.400;   0;   4.6;   6.4;  997.87;    1.6;   92.92;    7.4;   -1.9;   -2.0;eor
       2171;20181117;   10;   9.0;   3.0;    3;   0.0;   0;    7.183;   0;   1.7;   5.6;  999.28;    0.8;   86.79;    5.4;   -1.6;   -4.5;eor
       2171;20181118;   10;  10.2;   3.2;    3;   1.3;   8;    6.367;   0;   3.0;   4.3;  995.26;   -0.4;   72.79;    3.8;   -3.2;   -5.6;eor
       2171;20181119;   10;  16.4;   4.6;    3;   0.7;   8;    0.033;   0;   7.5;   5.9;  985.03;    1.7;   84.75;    2.9;   -0.3;   -0.4;eor
       2171;20181120;   10;  13.9;   4.7;    3;   1.6;   8;    0.000;   0;   7.8;   5.4;  979.03;    0.7;   83.67;    1.1;    0.1;   -0.3;eor
       2171;20181121;   10;   7.4;   2.9;    3;   0.1;   8;    0.000;   0;   7.9;   5.8;  984.52;    1.1;   88.42;    2.0;    0.4;   -0.7;eor
       2171;20181122;   10;   5.8;   1.7;    3;   0.0;   6;    0.000;   0;   7.8;   6.1;  988.00;    1.3;   90.29;    2.7;   -1.0;   -2.6;eor
       2171;20181123;   10;   4.4;   1.1;    3;   0.0;   0;    0.000;   0;   8.0;   5.9;  986.78;   -0.1;   95.67;    2.7;   -2.6;   -2.2;eor
       2171;20181124;   10;   7.5;   1.9;    3;   1.2;   6;    0.000;   0;   7.6;   7.1;  980.26;    3.0;   92.79;    6.1;    0.2;    0.2;eor
       2171;20181125;   10;  10.7;   1.9;    3;   0.1;   6;    0.017;   0;   7.8;   8.2;  978.02;    5.2;   92.08;    6.8;    3.5;    1.3;eor
       2171;20181126;   10;   8.9;   3.5;    3;   0.0;   0;    0.000;   0;   7.6;   7.1;  978.85;    3.5;   90.71;    5.3;    1.7;    1.4;eor
       2171;20181127;   10;   7.8;   2.5;    3;   0.0;   0;    0.000;   0;   7.9;   5.2;  987.30;    0.8;   80.63;    2.4;   -1.9;   -3.1;eor
       2171;20181128;   10;   8.6;   1.6;    3;   0.4;   6;    3.150;   0;   7.9;   5.3;  991.09;    1.4;   79.08;    5.2;   -1.2;   -3.1;eor
       2171;20181129;   10;   9.7;   2.2;    3;   0.0;   6;    1.367;   0;   7.9;   5.8;  986.39;    3.9;   72.04;    6.2;    1.6;    1.1;eor
       2171;20181130;   10;   6.1;   2.0;    3;   0.6;   6;    0.000;   0;   7.9;   6.5;  982.27;    3.8;   80.96;    5.0;    2.3;    0.9;eor
       2171;20181201;   10;  11.8;   3.9;    3;   0.2;   6;    0.000;   0;   7.8;   8.1;  982.25;    6.3;   85.50;    7.9;    4.0;    2.5;eor
       2171;20181202;   10;  13.0;   5.0;    3;  12.2;   6;    0.000;   0;   7.9;  10.2;  971.85;    8.8;   88.92;   11.5;    6.8;    6.2;eor
       2171;20181203;   10;  11.0;   4.4;    3;   7.7;   6;    0.217;   0;   7.4;  11.6;  970.57;   10.6;   90.75;   11.9;    9.7;    8.7;eor
       2171;20181204;   10;  12.6;   3.0;    3;   0.3;   6;    4.567;   0;   5.5;   7.4;  985.50;    5.0;   83.83;   10.3;   -1.7;   -3.0;eor
       2171;20181205;   10;   1.9;   0.6;    3;   0.2;   6;    0.000;   0;   8.0;   5.9;  992.27;   -0.1;   96.50;    2.2;   -2.3;   -1.9;eor
       2171;20181206;   10;   9.6;   3.2;    3;   1.5;   6;    0.000;   0;   7.9;   9.0;  985.14;    6.7;   90.67;   11.1;    1.9;    1.8;eor
       2171;20181207;   10;  18.8;   5.8;    3;   7.5;   6;    0.000;   0;   7.8;  10.4;  976.32;    9.7;   85.88;   11.5;    5.0;    3.8;eor
       2171;20181208;   10;  17.8;   6.7;    3;  14.0;   6;    0.033;   0;   7.3;   7.8;  972.27;    6.1;   82.46;    8.4;    4.2;    2.8;eor
       2171;20181209;   10;  19.3;   5.5;    3;   6.0;   6;    0.000;   0;   7.7;   7.9;  968.29;    5.9;   85.00;    8.5;    4.0;    2.7;eor
       2171;20181210;   10;  11.6;   4.5;    3;   0.9;   8;    1.600;   0;   7.5;   6.3;  984.57;    3.3;   81.75;    5.6;    1.6;   -0.4;eor
       2171;20181211;   10;   7.5;   2.9;    3;   1.3;   6;    0.100;   0;   7.9;   6.4;  987.90;    2.9;   85.58;    4.6;    1.6;    0.1;eor
       2171;20181212;   10;   6.8;   2.1;    3;   0.1;   8;    0.050;   0;   7.8;   6.3;  990.93;    2.2;   87.08;    3.2;    0.9;   -0.1;eor
       2171;20181213;   10;  11.0;   3.3;    3;   0.0;   0;    4.533;   0;   4.4;   4.6;  988.37;   -0.2;   76.83;    1.4;   -2.2;   -4.5;eor
       2171;20181214;   10;   8.0;   2.1;    3;   0.0;   0;    0.000;   0;   7.6;   4.1;  989.71;   -0.7;   69.96;   -0.2;   -2.7;   -4.8;eor
       2171;20181215;   10;   9.4;   2.0;    3;   0.0;   0;    0.000;   0;   8.0;   3.7;  991.92;   -1.2;   65.58;   -0.7;   -2.6;   -4.5;eor
       2171;20181216;   10;   6.4;   2.2;    3;   2.2;   8;    0.000;   0;   7.8;   4.4;  981.66;   -1.9;   82.13;    0.0;   -3.6;   -5.0;eor
       2171;20181217;   10;   8.5;   2.3;    3;   1.4;   6;    0.000;   2;   7.8;   6.7;  987.85;    2.1;   93.13;    3.7;   -0.1;   -0.7;eor
       2171;20181218;   10;   6.2;   2.2;    3;   0.0;   0;    0.000;   0;   8.0;   6.7;  991.23;    3.3;   86.33;    5.0;   -1.9;   -3.6;eor
       2171;20181219;   10;   7.6;   1.8;    3;   1.7;   6;    0.000;   0;   7.8;   6.5;  983.22;    2.0;   91.17;    4.5;   -2.0;   -3.5;eor
       2171;20181220;   10;   8.9;   3.4;    3;   1.2;   6;    0.000;   0;   7.9;   7.8;  982.05;    5.2;   88.92;    6.4;    3.3;    2.9;eor
       2171;20181221;   10;  16.9;   6.3;    3;   9.6;   6;    0.000;   0;   7.7;   9.0;  975.32;    8.1;   83.58;   11.4;    5.8;    4.9;eor
       2171;20181222;   10;  19.6;   5.7;    3;   1.0;   6;    0.000;   0;   7.8;   8.4;  980.10;    8.7;   75.46;   10.5;    5.8;    3.9;eor
       2171;20181223;   10;   8.9;   3.4;    3;  12.0;   6;    0.000;   0;   7.8;   8.5;  985.36;    6.3;   89.42;    8.1;    4.5;    3.2;eor
       2171;20181224;   10;  10.1;   3.2;    3;   0.3;   6;    0.367;   0;   7.6;   6.5;  993.34;    2.7;   86.25;    4.8;   -1.3;   -3.2;eor
       2171;20181225;   10;   6.9;   2.3;    3;   0.0;   7;    0.000;   0;   7.9;   5.7; 1000.87;    2.1;   79.63;    3.3;    0.3;   -0.2;eor
       2171;20181226;   10;   6.3;   2.8;    3;   0.0;   6;    0.000;   0;   7.1;   5.5;  998.91;    1.0;   84.33;    2.4;   -1.6;   -4.0;eor
       2171;20181227;   10;   5.7;   1.6;    3;   0.0;   0;    3.933;   0;   7.8;   5.9;  994.58;    2.7;   80.67;    6.4;   -0.6;   -2.2;eor
       2171;20181228;   10;   6.2;   1.7;    3;   0.4;   6;    3.700;   0;   5.8;   5.4;  995.74;   -0.7;   92.38;    2.2;   -3.0;   -4.4;eor
       2171;20181229;   10;  10.6;   4.3;    3;   3.7;   8;    0.000;   0;   7.8;   6.2;  996.57;    1.1;   93.38;    4.9;   -1.0;   -0.9;eor
       2171;20181230;   10;  13.8;   3.6;    3;   0.9;   6;    0.000;   0;   7.8;   7.6;  996.58;    6.0;   81.54;    7.4;    4.8;    3.9;eor
       2171;20181231;   10;   5.9;   1.9;    3;   0.5;   6;    0.000;   0;   7.8;   9.1;  999.00;    6.4;   94.33;    8.1;    5.2;    4.7;eor
       2171;20190101;   10;  16.0;   4.9;    3;   2.2;   8;    0.000;   0;   7.5;   7.8;  993.03;    5.7;   84.58;    7.4;    1.7;    0.0;eor
       2171;20190102;   10;  13.2;   5.0;    3;   0.6;   8;    4.133;   0;   4.8;   4.6;  997.31;    1.9;   65.46;    3.7;   -2.9;   -6.3;eor
       2171;20190103;   10;   5.4;   1.2;    3;   0.1;   8;    0.300;   0;   5.6;   4.6; 1002.85;   -1.7;   84.75;    1.7;   -6.0;   -8.0;eor
       2171;20190104;   10;   7.1;   2.3;    3;   1.7;   8;    0.017;   1;   7.9;   5.7; 1000.21;    0.6;   88.17;    2.3;   -1.7;   -4.0;eor
       2171;20190105;   10;   9.3;   3.5;    3;   3.8;   6;    0.000;   0;   7.8;   8.0;  992.78;    4.8;   92.63;    6.6;    2.2;    1.7;eor
       2171;20190106;   10;   6.7;   2.3;    3;   3.3;   6;    0.000;   0;   8.0;   8.5;  995.96;    5.7;   92.25;    6.6;    4.6;    4.1;eor
       2171;20190107;   10;  11.9;   3.0;    3;   3.0;   6;    0.000;   0;   7.9;   7.2;  996.12;    4.0;   87.75;    5.0;    3.0;    2.6;eor
       2171;20190108;   10;  19.7;   6.2;    3;   5.5;   8;    0.033;   0;   7.8;   7.0;  978.63;    4.2;   84.42;    5.4;    2.2;    1.6;eor
       2171;20190109;   10;  14.1;   5.7;    3;   0.6;   8;    0.017;   0;   7.7;   5.3;  980.37;    1.3;   79.13;    2.8;   -0.1;   -0.4;eor
       2171;20190110;   10;   8.9;   3.5;    3;   0.9;   8;    0.133;   0;   7.8;   4.6;  990.58;    0.0;   75.58;    0.8;   -1.2;   -1.8;eor
       2171;20190111;   10;   6.7;   3.0;    3;   2.4;   8;    0.000;   0;   7.8;   5.7;  989.22;    0.1;   92.54;    3.0;   -1.8;   -1.9;eor
       2171;20190112;   10;  12.7;   4.4;    3;   5.2;   6;    0.000;   0;   7.8;   7.4;  983.75;    3.7;   92.17;    4.7;    2.9;    2.0;eor
       2171;20190113;   10;  17.4;   5.0;    3;   7.5;   6;    0.000;   0;   7.7;   8.2;  971.49;    5.9;   88.04;    8.3;    3.7;    2.0;eor
       2171;20190114;   10;  16.0;   5.0;    3;   0.2;   8;    2.567;   0;   7.0;   5.7;  976.74;    3.3;   72.92;    5.8;    1.0;   -0.6;eor
       2171;20190115;   10;  11.6;   4.4;    3;   0.5;   6;    0.000;   0;   7.9;   6.0;  984.71;    3.1;   78.38;    5.0;    0.9;   -0.6;eor
       2171;20190116;   10;  11.5;   4.7;    3;   0.2;   6;    0.000;   0;   7.9;   6.4;  978.17;    3.8;   79.42;    4.8;    2.5;    1.1;eor
       2171;20190117;   10;  13.8;   4.9;    3;   3.2;   8;    0.167;   0;   7.7;   6.5;  971.57;    3.5;   82.50;    6.2;    0.4;   -1.1;eor
       2171;20190118;   10;  10.3;   1.8;    3;   0.0;   0;    6.900;   0;   4.8;   4.4;  985.33;   -0.7;   76.25;    3.2;   -5.6;   -6.9;eor
       2171;20190119;   10;   4.3;   0.9;    3;   0.0;   0;    6.683;   0;   6.7;   3.5;  985.24;   -4.8;   83.21;    0.9;   -8.3;  -10.3;eor
       2171;20190120;   10;   4.5;   1.3;    3;   0.0;   0;    7.067;   0;   1.4;   3.2;  984.68;   -5.6;   81.04;    0.9;   -9.7;  -11.4;eor
       2171;20190121;   10;   4.5;   1.0;    3;   0.0;   0;    5.900;   0;   2.7;   3.3;  988.59;   -5.8;   83.38;   -0.4;   -9.5;  -11.8;eor
       2171;20190122;   10;   5.9;   1.3;    3;   0.0;   0;    0.450;   0;   5.3;   3.0;  978.14;   -7.5;   85.79;   -2.5;  -11.9;  -13.1;eor
       2171;20190123;   10;   7.1;   2.5;    3;   0.0;   7;    0.000;   0;   7.8;   3.4;  968.79;   -5.0;   79.79;   -3.0;   -7.1;   -8.1;eor
       2171;20190124;   10;   7.5;   1.9;    3;   0.2;   7;    0.000;   0;   8.0;   3.5;  977.10;   -5.2;   84.38;   -3.4;   -7.2;   -7.0;eor
       2171;20190125;   10;  11.4;   3.1;    3;   4.8;   8;    0.067;   1;   8.0;   3.9;  981.39;   -3.4;   81.21;   -1.1;   -5.4;   -5.6;eor
       2171;20190126;   10;  12.0;   5.2;    3;   1.7;   6;    0.000;   4;   7.9;   6.7;  973.61;    2.2;   92.46;    4.5;   -1.3;   -1.5;eor
       2171;20190127;   10;  14.1;   5.5;    3;   2.7;   8;    0.033;   1;   7.9;   7.2;  958.20;    4.3;   86.63;    6.3;    1.7;    0.8;eor
       2171;20190128;   10;  13.7;   5.2;    3;   4.1;   8;    0.000;   1;   7.5;   5.9;  961.44;    1.4;   87.50;    2.1;    0.3;   -0.2;eor
       2171;20190129;   10;   7.1;   2.4;    3;   0.2;   8;    0.950;   1;   7.6;   5.2;  972.09;    0.3;   83.29;    2.5;   -3.2;   -5.9;eor
       2171;20190130;   10;  13.3;   2.9;    3;   0.0;   8;    0.000;   1;   7.7;   4.5;  963.15;   -0.3;   75.75;    1.9;   -3.5;   -5.2;eor
       2171;20190131;   10;   7.7;   2.5;    3;   0.2;   8;    3.200;   1;   4.9;   4.5;  965.34;   -0.4;   75.71;    3.3;   -4.3;   -6.9;eor
       2171;20190201;   10;   6.0;   1.5;    3;   0.8;   6;    0.017;   2;   8.0;   5.5;  960.12;    0.9;   83.79;    4.6;   -2.5;   -3.6;eor
       2171;20190202;   10;   4.2;   1.3;    3;   0.3;   8;    0.000;   1;   7.8;   6.5;  965.06;    1.4;   95.04;    2.7;    0.6;   -0.1;eor
       2171;20190203;   10;  10.9;   3.9;    3;   0.0;   8;    0.000;   1;   7.5;   5.3;  983.53;    1.0;   80.71;    1.8;   -1.7;   -4.2;eor
       2171;20190204;   10;   9.4;   2.6;    3;   0.0;   0;    5.817;   1;   6.2;   4.7;  994.75;    0.6;   75.50;    4.1;   -3.6;   -5.6;eor
       2171;20190205;   10;   9.0;   3.3;    3;   0.0;   0;    0.067;   1;   6.8;   5.1;  994.74;    1.2;   77.08;    3.9;   -1.9;   -4.0;eor
       2171;20190206;   10;   9.0;   1.7;    3;   0.0;   0;    6.233;   0;   7.9;   4.8;  992.35;    0.3;   79.08;    6.5;   -3.1;   -4.9;eor
       2171;20190207;   10;  10.4;   3.8;    3;   0.5;   6;    0.000;   0;   7.8;   5.6;  981.89;    1.4;   81.67;    4.3;   -1.6;   -2.9;eor
       2171;20190208;   10;  15.1;   5.8;    3;   1.4;   6;    0.100;   0;   7.8;   6.9;  981.49;    5.5;   76.42;    7.2;    3.7;    2.6;eor
       2171;20190209;   10;  16.3;   6.9;    3;   1.2;   6;    1.017;   0;   7.6;   7.1;  975.46;    6.9;   71.29;    9.4;    4.9;    3.3;eor
       2171;20190210;   10;  16.2;   6.9;    3;  14.4;   6;    0.000;   0;   7.6;   8.0;  966.68;    6.3;   83.54;    8.7;    3.1;    2.5;eor
       2171;20190211;   10;  14.8;   3.8;    3;   1.6;   8;    1.417;   0;   6.6;   6.3;  982.31;    2.9;   84.17;    5.5;    0.5;   -2.0;eor
       2171;20190212;   10;  10.0;   3.1;    3;   0.2;   8;    0.217;   0;   7.8;   5.8;  999.06;    2.9;   76.50;    5.3;    0.6;   -1.6;eor
       2171;20190213;   10;   7.1;   2.7;    3;   0.0;   0;    3.133;   0;   7.7;   5.9; 1003.12;    3.1;   77.42;    8.7;   -0.8;   -2.7;eor
       2171;20190214;   10;   3.5;   0.8;    3;   0.0;   0;    5.467;   0;   4.5;   5.7; 1003.63;    2.3;   80.71;   11.6;   -2.4;   -4.0;eor
       2171;20190215;   10;   2.7;   0.6;    3;   0.0;   0;    8.767;   0;   0.0;   5.8; 1000.96;    3.5;   77.50;   15.4;   -3.1;   -4.8;eor
       2171;20190216;   10;   6.9;   1.4;    3;   0.0;   0;    8.850;   0;   1.0;   5.6;  995.20;    4.4;   72.29;   15.9;   -3.6;   -5.3;eor
       2171;20190217;   10;   8.4;   1.5;    3;   0.0;   0;    8.733;   0;   8.0;   5.8;  991.81;    4.4;   73.21;   15.5;   -2.8;   -4.7;eor
       2171;20190218;   10;   7.1;   1.3;    3;   0.0;   0;    8.867;   0;   2.5;   5.9;  987.54;    4.5;   73.38;   15.3;   -3.0;   -5.0;eor
       2171;20190219;   10;   9.3;   2.4;    3;   0.2;   6;    1.750;   0;   5.8;   6.4;  986.43;    3.7;   81.00;    9.4;   -1.3;   -3.3;eor
       2171;20190220;   10;   7.1;   1.9;    3;   0.0;   0;    2.200;   0;   7.9;   6.3;  991.11;    3.7;   79.88;   10.5;   -1.8;   -3.7;eor
       2171;20190221;   10;   8.2;   2.0;    3;   0.0;   6;    0.917;   0;   7.5;   7.4;  994.40;    5.8;   80.79;   10.8;   -0.5;   -2.5;eor
       2171;20190222;   10;   9.6;   3.5;    3;   0.0;   0;    0.233;   0;   7.8;   8.2; 1002.25;    7.2;   79.71;   10.1;    1.5;    0.4;eor
       2171;20190223;   10;   5.6;   1.7;    3;   0.0;   0;    8.850;   0;   7.2;   4.4; 1007.17;    2.3;   64.42;    9.3;   -3.3;   -5.1;eor
       2171;20190224;   10;   4.5;   1.0;    3;   0.0;   0;    9.450;   0;   2.5;   3.8; 1005.98;    3.0;   56.08;   13.8;   -4.0;   -6.1;eor
       2171;20190225;   10;   3.4;   0.8;    3;   0.0;   0;    9.233;   0;   4.3;   4.9; 1005.40;    5.3;   58.92;   17.8;   -2.9;   -5.0;eor
       2171;20190226;   10;   4.8;   1.0;    3;   0.0;   0;    9.600;   0;  -999;   4.5; 1001.80;    6.1;   56.71;   18.6;   -2.2;   -4.5;eor
       2171;20190227;   10;   4.7;   1.1;    3;   0.0;   0;    9.667;   0;   0.3;   4.4;  994.45;    5.9;   53.75;   18.9;   -3.5;   -6.0;eor
       2171;20190228;   10;  14.1;   3.0;    3;   1.3;   6;    7.533;   0;   3.1;   6.8;  983.51;    7.1;   66.75;   15.2;   -1.3;   -4.1;eor
       2171;20190301;   10;  10.9;   3.1;    3;   2.3;   6;    0.017;   0;   7.8;   8.8;  981.27;    7.6;   84.33;   10.5;    4.5;    4.1;eor
       2171;20190302;   10;  10.1;   2.9;    3;   0.5;   6;    0.017;   0;   8.0;   7.7;  983.30;    5.5;   84.88;    8.6;    3.3;    2.8;eor
       2171;20190303;   10;  15.9;   5.8;    3;   0.1;   6;    0.000;   0;   7.9;   8.8;  977.11;    9.2;   75.42;   10.3;    8.1;    7.1;eor
       2171;20190304;   10;  23.8;   7.5;    3;   6.7;   6;    1.267;   0;   7.6;   7.8;  965.57;    8.3;   71.21;   11.6;    4.0;    3.1;eor
       2171;20190305;   10;  15.5;   5.0;    3;   2.1;   6;    1.317;   0;   6.4;   6.8;  974.59;    4.3;   81.33;    7.8;    1.2;   -1.9;eor
       2171;20190306;   10;  13.2;   3.5;    3;   0.2;   6;    3.117;   0;   7.9;   7.4;  973.73;    8.3;   70.00;   13.6;    1.6;   -0.4;eor
       2171;20190307;   10;  20.9;   7.3;    3;   0.7;   6;    2.767;   0;   6.7;   7.6;  966.56;   10.4;   60.08;   12.2;    7.0;    5.5;eor
       2171;20190308;   10;  14.9;   6.1;    3;   3.3;   6;    2.933;   0;   6.8;   6.7;  978.34;    7.0;   67.17;    9.8;    5.0;    3.3;eor
       2171;20190309;   10;  23.2;   7.0;    3;   2.4;   6;    0.700;   0;   7.5;   7.8;  978.85;    7.5;   74.88;   11.6;    5.0;    3.2;eor
       2171;20190310;   10;  25.6;   6.2;    3;  10.7;   8;    1.717;   0;   7.1;   7.4;  974.66;    7.2;   72.79;   12.6;    2.5;    0.9;eor
       2171;20190311;   10;  15.5;   5.6;    3;   2.9;   8;    0.300;   0;   7.2;   6.0;  983.20;    2.7;   80.83;    4.7;    0.6;    0.0;eor
       2171;20190312;   10;  14.6;   5.0;    3;   0.0;   6;    3.767;   0;   7.8;   5.4;  983.67;    5.1;   63.96;    8.5;    1.1;   -0.1;eor
       2171;20190313;   10;  18.1;   7.2;    3;   4.3;   6;    1.150;   0;   7.3;   6.4;  973.57;    5.1;   72.83;    8.8;    3.3;    2.2;eor
       2171;20190314;   10;  16.2;   6.2;    3;   5.5;   6;    0.000;   0;   7.3;   7.2;  970.91;    4.8;   84.00;    7.1;    3.6;    2.3;eor
       2171;20190315;   10;  18.1;   5.7;    3;  12.3;   6;    0.250;   0;   7.7;   8.8;  972.45;    7.5;   83.71;   11.8;    5.1;    3.3;eor
       2171;20190316;   10;  16.0;   5.4;    3;   0.9;   6;    0.017;   0;   7.3;   8.6;  976.11;    8.0;   80.54;   11.1;    5.5;    4.8;eor
       2171;20190317;   10;  17.7;   5.7;    3;   1.5;   6;    1.250;   0;   7.4;   7.5;  972.10;    6.9;   75.38;   10.5;    2.9;    1.8;eor
       2171;20190318;   10;  13.3;   4.5;    3;   0.4;   6;    5.550;   0;   5.1;   5.7;  984.03;    4.1;   71.17;    9.3;   -0.5;   -3.4;eor
       2171;20190319;   10;   7.4;   1.5;    3;   0.0;   0;    7.100;   0;   1.8;   4.9;  995.09;    2.4;   71.33;    9.0;   -3.3;   -5.2;eor
       2171;20190320;   10;   7.6;   1.3;    3;   0.0;   0;   11.050;   0;   3.6;   5.3; 1001.08;    4.3;   67.54;   13.2;   -3.5;   -5.3;eor
       2171;20190321;   10;   4.9;   1.0;    3;   0.0;   0;   11.150;   0;   3.4;   6.5; 1001.42;    7.4;   66.79;   17.2;   -1.3;   -3.1;eor
       2171;20190322;   10;   7.1;   1.3;    3;   0.0;   0;    9.950;   0;   4.0;   7.9;  997.75;    9.9;   69.83;   20.3;    1.2;   -1.0;eor
       2171;20190323;   10;   8.6;   1.9;    3;   0.0;   0;   10.500;   0;   5.3;   7.8;  995.37;    7.8;   76.29;   17.2;    1.1;   -1.2;eor
       2171;20190324;   10;   7.2;   1.8;    3;   0.0;   8;    1.917;   0;   6.0;   7.5;  992.42;    6.8;   76.92;   11.8;    0.7;   -2.3;eor
       2171;20190325;   10;  13.4;   3.4;    3;   1.5;   6;    3.350;   0;   6.6;   6.3;  987.74;    3.7;   79.46;    7.8;   -0.6;   -3.5;eor
       2171;20190326;   10;   9.2;   3.1;    3;   0.0;   6;    0.583;   0;   7.4;   6.5;  995.97;    5.3;   73.46;    8.3;    2.7;    0.1;eor
       2171;20190327;   10;   6.8;   1.6;    3;   0.0;   6;    3.183;   0;   7.2;   6.7;  999.25;    7.0;   68.75;   11.4;    2.9;    0.8;eor
       2171;20190328;   10;   6.8;   1.9;    3;   0.0;   6;    2.017;   0;   7.9;   8.1; 1001.40;    8.9;   71.67;   13.5;    4.9;    4.6;eor
       2171;20190329;   10;   6.6;   1.7;    3;   0.0;   0;   10.117;   0;   4.3;   8.3;  998.31;   10.7;   66.63;   16.4;    3.7;    0.6;eor
       2171;20190330;   10;  10.7;   1.8;    3;   0.0;   0;    9.183;   0;   2.7;   7.2;  990.72;    9.8;   65.54;   19.9;    0.5;   -1.7;eor
       2171;20190331;   10;   9.1;   2.6;    3;   0.0;   0;    4.267;   0;   4.8;   7.8;  990.13;    7.9;   74.29;   14.1;    1.6;   -0.5;eor
       2171;20190401;   10;   9.9;   3.6;    3;   0.0;   0;   11.833;   0;   2.5;   5.9;  989.12;    7.0;   60.13;   13.3;    0.0;   -2.5;eor
       2171;20190402;   10;   9.8;   2.2;    3;   0.1;   6;    7.400;   0;   5.2;   7.1;  977.70;    9.9;   59.58;   18.1;   -0.7;   -3.2;eor
       2171;20190403;   10;  17.0;   2.9;    3;  11.6;   6;    1.167;   0;   7.4;   9.0;  970.78;    9.6;   75.54;   14.1;    4.2;    4.0;eor
       2171;20190404;   10;   7.1;   2.2;    3;   0.6;   6;    0.000;   0;   7.9;   8.2;  968.01;    5.6;   90.83;    8.7;    2.4;    1.2;eor
       2171;20190405;   10;   5.2;   1.9;    3;   0.0;   6;    0.000;   0;   7.7;   8.8;  973.15;    6.6;   90.04;    9.5;    4.9;    3.0;eor
       2171;20190406;   10;   8.9;   2.2;    3;   0.0;   0;    7.083;   0;   4.2;   9.7;  973.29;   11.7;   73.54;   18.3;    4.7;    2.5;eor
       2171;20190407;   10;  11.9;   2.7;    3;   0.0;   6;   10.667;-999;   4.6;   9.0;  974.16;   12.2;   66.25;   18.2;    3.7;    1.1;eor
       2171;20190408;   10;   8.2;   2.0;    3;   0.0;   0;    1.200;-999;   7.9;   9.2;  977.24;   13.3;   62.00;   19.1;    8.4;    5.8;eor
       2171;20190409;   10;  12.6;   3.8;    3;   0.0;   0;    9.400;-999;   7.9;   8.3;  979.46;    8.9;   72.88;   13.7;    5.5;    3.2;eor
       2171;20190410;   10;  15.1;   4.7;    3;   0.0;   0;   10.483;   0;   5.2;   5.5;  982.49;    6.2;   59.42;   10.3;    1.3;   -3.0;eor
       2171;20190411;   10;  15.8;   4.1;    3;   0.0;   0;   10.633;   0;   2.3;   4.2;  989.05;    3.9;   52.83;    9.0;   -1.0;   -4.8;eor
       2171;20190412;   10;  10.3;   3.6;    3;   0.0;   8;    0.033;   0;   7.0;   4.6;  990.98;    1.9;   66.17;    4.2;   -0.5;   -4.0;eor
       2171;20190413;   10;  10.6;   3.3;    3;   0.0;   8;    1.417;   0;   7.6;   5.0;  989.38;    2.1;   71.17;    5.6;   -0.9;   -3.3;eor
       2171;20190414;   10;   9.1;   3.5;    3;   0.0;   6;    3.800;   0;   6.4;   5.9;  990.92;    2.8;   79.25;    7.5;   -2.1;   -4.3;eor
       2171;20190415;   10;  10.6;   3.6;    3;   0.0;   0;   12.333;   0;   1.9;   6.3;  991.56;    8.4;   60.17;   14.5;    3.0;   -0.3;eor
       2171;20190416;   10;  10.1;   2.9;    3;   0.0;   0;   11.767;   0;   2.8;   5.8;  986.95;   10.4;   48.38;   17.8;    1.0;   -2.5;eor
       2171;20190417;   10;  10.1;   3.1;    3;   0.0;   0;    7.317;   0;   8.0;   6.2;  990.89;   12.7;   44.00;   19.6;    5.6;    3.9;eor
       2171;20190418;   10;  13.1;   3.6;    3;   0.0;   0;   13.017;   0;   3.0;   7.1;  994.12;   13.8;   48.42;   20.6;    4.6;    2.2;eor
       2171;20190419;   10;  12.1;   3.0;    3;   0.0;   0;   13.117;   0;   0.1;   7.5;  996.72;   15.0;   47.00;   22.6;    4.2;    0.6;eor
       2171;20190420;   10;   9.9;   2.2;    3;   0.0;   0;   13.217;   0;   0.4;   7.1;  996.11;   14.5;   47.29;   23.0;    4.7;    1.0;eor
       2171;20190421;   10;   8.7;   2.0;    3;   0.0;   0;   13.233;   0;   0.6;   7.3;  988.78;   14.4;   48.75;   23.5;    3.6;    0.4;eor
       2171;20190422;   10;  15.6;   4.3;    3;   0.0;   0;   13.267;   0;   3.7;   6.9;  979.75;   13.7;   46.58;   21.5;    5.0;    1.2;eor
       2171;20190423;   10;  11.3;   4.0;    3;   0.0;   0;   10.500;   0;   3.8;   8.7;  970.31;   14.5;   53.21;   22.2;    6.1;    2.8;eor
       2171;20190424;   10;  22.3;   2.7;    3;   0.1;   6;   10.433;   0;   6.7;  10.1;  971.57;   17.2;   54.08;   25.3;    7.4;    4.2;eor
       2171;20190425;   10;  10.3;   2.2;    3;   0.0;   0;    7.733;   0;   4.3;   8.5;  977.19;   15.1;   54.92;   25.3;    4.0;    1.4;eor
       2171;20190426;   10;   7.4;   2.5;    3;  10.7;   6;    0.317;   0;   7.0;  10.2;  980.98;    9.7;   85.25;   12.8;    7.1;    4.9;eor
       2171;20190427;   10;  15.0;   3.0;    3;   3.8;   6;    2.950;   0;   7.3;   9.7;  982.10;    8.2;   89.33;   14.4;    5.2;    4.0;eor
       2171;20190428;   10;   7.4;   2.3;    3;   0.1;   6;    5.717;   0;   5.5;   7.5;  986.58;    7.8;   73.29;   13.9;    3.0;    0.5;eor
       2171;20190429;   10;  11.2;   2.8;    3;   3.2;   6;    2.367;   0;   7.7;   8.5;  989.19;    6.9;   85.75;   12.2;    0.6;   -0.7;eor
       2171;20190430;   10;  10.7;   3.4;    3;   0.0;   0;   12.267;   0;   1.5;   8.2;  987.35;   11.2;   64.67;   17.5;    5.1;    1.9;eor
       2171;20190501;   10;   6.8;   1.4;    3;   0.0;   0;    4.000;-999;   5.0;   9.7;  983.41;   11.3;   74.63;   19.3;    3.7;    1.8;eor
       2171;20190502;   10;   8.6;   2.5;    3;   0.0;   6;    8.600;-999;   6.2;   8.7;  977.27;   11.4;   68.50;   18.3;    4.1;    2.6;eor
       2171;20190503;   10;   9.0;   3.1;    3;   7.5;   8;    2.550;-999;   7.7;   6.9;  978.14;    8.4;   62.92;   11.8;    5.6;    4.5;eor
       2171;20190504;   10;  11.4;   2.3;    3;   2.6;   8;    2.100;-999;   6.5;   6.4;  976.75;    3.9;   80.38;   10.0;    0.3;   -1.9;eor
       2171;20190505;   10;   8.7;   1.9;    3;   0.0;   6;    5.483;-999;   5.2;   5.7;  985.25;    5.0;   67.75;   10.2;   -1.5;   -3.4;eor
       2171;20190506;   10;   7.5;   2.4;    3;   0.0;   6;    3.250;-999;   6.8;   6.0;  987.27;    6.6;   63.63;   10.9;    0.9;   -1.1;eor
       2171;20190507;   10;   6.6;   1.8;    3;   0.0;   6;    2.067;-999;   7.6;   6.8;  985.23;    7.7;   66.17;   13.0;    3.3;    0.0;eor
       2171;20190508;   10;  14.2;   2.8;    3;   5.7;   6;    0.600;-999;   7.8;   9.3;  972.80;    8.1;   84.38;   13.0;    1.0;   -0.3;eor
       2171;20190509;   10;   9.6;   3.6;    3;   0.0;   6;    0.717;-999;   7.6;   9.9;  969.01;   10.4;   79.00;   13.5;    7.6;    6.4;eor
       2171;20190510;   10;  10.6;   3.7;    3;   3.5;   6;    3.950;-999;   7.3;   9.6;  977.48;   11.1;   73.46;   16.3;    7.8;    6.7;eor
       2171;20190511;   10;  11.0;   3.3;    3;  17.9;   6;    0.000;-999;   7.7;  10.3;  980.98;    8.1;   94.92;    9.8;    6.1;    5.6;eor
       2171;20190512;   10;  11.1;   3.9;    3;   0.0;   0;    7.750;-999;   4.8;   7.1;  997.74;    8.3;   67.08;   14.2;    3.6;    0.0;eor
       2171;20190513;   10;  11.8;   3.1;    3;   0.0;   0;   13.867;-999;   0.1;   5.7; 1003.37;    8.4;   55.83;   15.0;   -0.1;   -2.5;eor
       2171;20190514;   10;  10.7;   2.9;    3;   0.0;   6;    8.100;-999;   4.0;   6.3;  998.71;    8.1;   59.83;   14.5;    1.7;   -1.1;eor
       2171;20190515;   10;  14.1;   3.0;    3;   0.0;   6;    8.333;-999;   5.8;   5.9;  992.75;    7.8;   57.88;   13.5;   -0.7;   -2.7;eor
       2171;20190516;   10;   8.1;   2.5;    3;   0.8;   6;    0.000;-999;   8.0;   8.2;  984.05;    7.8;   77.83;   10.5;    6.6;    5.6;eor
       2171;20190517;   10;   7.7;   2.2;    3;   0.0;   0;    2.083;-999;   6.6;  10.0;  976.82;   11.1;   76.50;   17.8;    6.9;    4.2;eor
       2171;20190518;   10;   7.2;   2.1;    3;   0.0;   0;   13.883;-999;   5.2;  10.4;  974.28;   14.8;   65.46;   23.0;    5.0;    2.8;eor
       2171;20190519;   10;   8.6;   1.8;    3;   1.6;   6;    7.550;-999;   6.4;  11.6;  972.70;   15.7;   67.33;   23.3;    8.7;    6.6;eor
       2171;20190520;   10;  10.7;   2.3;    3;  57.7;   6;    2.783;-999;   7.6;  14.7;  972.02;   14.9;   87.33;   22.2;   10.7;    9.3;eor
       2171;20190521;   10;  12.9;   3.9;    3;   2.1;   6;    0.000;-999;   7.6;  13.7;  976.10;   13.6;   88.08;   14.8;   12.7;   12.3;eor
       2171;20190522;   10;   8.6;   3.1;    3;   0.0;   0;    2.567;-999;   6.2;  10.9;  985.55;   12.3;   76.92;   17.0;    6.1;    3.5;eor
       2171;20190523;   10;   7.6;   1.5;    3;   0.0;   0;   10.100;-999;   7.2;   9.9;  986.68;   13.1;   69.79;   21.2;    4.3;    2.2;eor
       2171;20190524;   10;   7.3;   1.4;    3;   0.0;   0;   11.067;-999;   7.1;  10.4;  983.09;   15.7;   63.25;   23.0;    7.0;    5.1;eor
       2171;20190525;   10;   9.3;   2.4;    3;   0.0;   0;   13.617;-999;   3.8;  10.7;  983.90;   14.5;   67.17;   19.6;    8.4;    6.2;eor
       2171;20190526;   10;  11.4;   3.1;    3;   0.0;   0;   13.333;-999;   6.3;  10.5;  982.36;   15.4;   63.00;   22.5;    5.9;    4.1;eor
       2171;20190527;   10;   9.2;   3.1;    3;   1.6;   6;    0.250;-999;   7.3;  13.9;  977.35;   14.8;   82.50;   17.5;   11.8;   10.8;eor
       2171;20190528;   10;  12.8;   1.5;    3;   3.5;   6;    0.467;-999;   7.9;  12.3;  976.84;   11.9;   88.79;   17.0;    8.8;    8.0;eor
       2171;20190529;   10;   6.8;   2.2;    3;   0.0;   0;    7.450;-999;   4.5;   9.3;  988.69;   11.6;   70.67;   18.1;    5.7;    3.9;eor
       2171;20190530;   10;  11.7;   2.9;    3;   0.0;   6;    6.533;-999;   6.7;  10.6;  992.38;   13.9;   68.46;   20.0;    3.7;    2.3;eor
       2171;20190531;   10;   7.9;   2.0;    3;   0.0;   0;    7.350;-999;   6.8;  13.9;  992.51;   17.9;   69.96;   24.7;   11.4;    9.9;eor
       2171;20190601;   10;   7.1;   1.6;    3;   0.0;   0;   11.317;-999;   6.0;  14.3;  990.16;   19.1;   68.79;   27.1;   10.6;    8.8;eor
       2171;20190602;   10;   8.9;   2.5;    3;   0.0;   0;   15.133;-999;   2.0;  14.3;  985.20;   21.6;   60.13;   29.1;   11.7;    9.9;eor
       2171;20190603;   10;  19.3;   2.2;    3;  17.3;   6;    9.683;-999;   4.3;  16.1;  982.48;   19.6;   75.63;   30.9;   12.8;   10.7;eor
       2171;20190604;   10;   7.5;   1.6;    3;   0.0;   0;   11.083;-999;   5.5;  16.4;  979.95;   20.5;   71.92;   28.7;   13.2;   13.8;eor
       2171;20190605;   10;   6.9;   2.0;    3;   0.3;   6;   12.867;-999;   3.6;  16.1;  975.30;   24.2;   56.38;   31.2;   15.6;   14.0;eor
       2171;20190606;   10;  12.9;   3.0;    3;   1.9;   6;    0.600;-999;   6.5;  13.4;  980.02;   14.8;   79.42;   23.1;    8.8;    7.2;eor
       2171;20190607;   10;  13.7;   2.6;    3;   6.4;   6;    7.533;-999;   5.8;  13.4;  981.64;   15.3;   78.63;   24.7;    8.2;    8.2;eor
       2171;20190608;   10;  18.7;   5.9;    3;   0.0;   0;    7.250;-999;   5.0;   9.7;  988.76;   14.3;   61.00;   19.4;    8.4;    6.0;eor
       2171;20190609;   10;   7.0;   1.9;    3;   0.0;   6;   10.717;-999;   6.9;  11.6;  990.06;   16.2;   65.00;   23.9;    6.0;    4.3;eor
       2171;20190610;   10;   6.8;   2.0;    3;   5.7;   6;    5.133;-999;   6.7;  15.1;  981.55;   18.0;   74.33;   24.6;   13.1;   12.0;eor
       2171;20190611;   10;   7.1;   2.1;    3;   0.6;   6;    3.700;-999;   7.1;  15.9;  979.18;   17.6;   80.00;   22.9;   13.7;   13.0;eor
       2171;20190612;   10;  12.3;   2.3;    3;  10.6;   6;    3.733;-999;   5.6;  15.6;  978.69;   15.2;   90.04;   18.6;   10.2;    8.9;eor
       2171;20190613;   10;  10.3;   2.4;    3;   0.0;   0;   10.400;-999;   3.5;  12.4;  983.02;   16.3;   69.96;   23.4;    9.4;    8.3;eor
       2171;20190614;   10;   9.4;   1.6;    3;   0.0;   6;    6.833;-999;   5.0;  14.7;  983.86;   18.2;   71.38;   26.5;    8.2;    6.7;eor
       2171;20190615;   10;  13.3;   3.3;    3;   0.2;   6;   11.683;-999;   4.5;  15.0;  981.02;   19.4;   68.00;   25.0;   12.9;   11.0;eor
       2171;20190616;   10;   5.1;   1.2;    3;   3.6;   6;    2.217;-999;   6.5;  15.3;  988.70;   15.7;   85.71;   20.3;   12.3;   10.4;eor
       2171;20190617;   10;  14.3;   1.7;    3;   0.0;   0;   10.517;-999;   3.7;  14.9;  988.73;   18.8;   71.88;   25.9;   11.6;   10.1;eor
       2171;20190618;   10;   6.4;   1.2;    3;   0.0;   0;   11.567;-999;   5.3;  16.1;  983.62;   21.2;   66.88;   28.8;   12.2;   10.7;eor
       2171;20190619;   10;   9.2;   2.2;    3;   1.0;   6;   13.300;-999;   3.8;  16.1;  978.16;   23.3;   60.25;   31.0;   14.2;   12.8;eor
       2171;20190620;   10;  12.8;   3.0;    3;   1.3;   6;    6.883;-999;   6.6;  16.9;  980.56;   19.3;   77.04;   25.4;   14.3;   13.1;eor
       2171;20190621;   10;   6.4;   1.9;    3;   0.0;   0;    6.467;-999;   6.5;  14.1;  986.45;   18.3;   69.08;   23.5;   13.0;   11.6;eor
       2171;20190622;   10;  11.4;   3.6;    3;   0.0;   0;   10.100;-999;   5.0;  14.3;  987.85;   19.0;   66.33;   25.4;   11.3;   10.0;eor
       2171;20190623;   10;  10.2;   3.7;    3;   0.0;   0;   14.183;-999;   3.3;  13.8;  988.10;   22.2;   53.63;   27.8;   15.2;   12.7;eor
       2171;20190624;   10;   9.8;   2.6;    3;   0.0;   0;   14.617;-999;   4.7;  15.4;  989.40;   23.4;   55.54;   29.8;   14.8;   13.1;eor
       2171;20190625;   10;   7.7;   1.8;    3;   0.0;   0;   14.683;-999;   5.0;  -999;  988.77;   24.8;-999;   32.5;   15.0;   13.2;eor
       2171;20190626;   10;   7.3;   2.6;    3;   0.0;   0;   14.917;-999;  -999;  -999;  990.70;   25.9;-999;   35.0;   17.8;   16.2;eor
       2171;20190627;   10;   9.3;   3.6;    3;   0.0;   0;   14.267;-999;   0.4;  -999;  993.33;   21.0;-999;   26.5;   14.3;   12.8;eor
       2171;20190628;   10;   8.8;   2.9;    3;   0.0;   0;   12.517;-999;   1.2;  11.9;  992.48;   18.1;   60.25;   25.9;   10.9;    9.4;eor
       2171;20190629;   10;   6.4;   1.3;    3;   0.0;   0;   15.333;-999;   0.0;  12.5;  988.54;   21.6;   54.54;   31.7;    9.3;    7.7;eor
       2171;20190630;   10;  10.6;   2.8;    3;   0.0;   6;   14.683;-999;   0.7;  16.1;  983.17;   25.8;   53.21;   35.6;   12.7;   10.5;eor
       2171;20190701;   10;   9.8;   2.9;    3;   0.0;   6;    8.983;-999;   4.8;  13.6;  984.75;   22.4;   51.46;   27.3;   15.8;   12.5;eor
       2171;20190702;   10;   9.1;   2.8;    3;   0.0;   0;    9.800;-999;   2.7;  10.8;  989.49;   16.9;   57.29;   22.8;    9.7;    7.2;eor
       2171;20190703;   10;   9.1;   2.5;    3;   0.0;   0;   13.083;-999;   1.6;   9.3;  991.36;   15.5;   56.58;   23.0;    7.1;    4.9;eor
       2171;20190704;   10;   8.5;   1.7;    3;   0.0;   0;   14.233;-999;   3.5;   9.1;  990.68;   16.0;   54.04;   24.3;    6.3;    4.6;eor
       2171;20190705;   10;  12.8;   2.5;    3;   0.0;   0;    8.633;-999;   5.9;  11.5;  984.92;   19.3;   53.92;   27.2;   11.7;   11.4;eor
       2171;20190706;   10;  13.6;   3.4;    3;   0.0;   6;    9.333;-999;   7.2;  12.1;  979.23;   20.7;   54.33;   29.9;   11.6;   10.0;eor
       2171;20190707;   10;  11.0;   3.8;    3;   0.0;   0;    5.567;-999;   6.5;   9.9;  981.64;   15.9;   56.00;   20.5;    9.1;    6.5;eor
       2171;20190708;   10;   8.3;   2.2;    3;   0.0;   0;    3.150;-999;   6.3;   9.4;  986.05;   13.1;   63.92;   17.5;    6.3;    4.6;eor
       2171;20190709;   10;   9.4;   2.6;    3;   0.0;   6;    2.917;-999;   6.8;   9.8;  987.66;   13.7;   63.38;   18.2;    9.9;    7.1;eor
       2171;20190710;   10;   7.7;   1.8;    3;   0.4;   6;   12.383;-999;   4.9;  10.2;  986.90;   15.9;   60.42;   24.2;    6.6;    3.8;eor
       2171;20190711;   10;   5.7;   1.8;    3;   8.1;   6;    0.033;-999;   7.8;  15.2;  982.71;   15.2;   88.42;   17.3;   12.5;   12.4;eor
       2171;20190712;   10;  12.2;   2.6;    3;   5.6;   6;    2.783;-999;   7.2;  16.3;  980.14;   16.7;   86.71;   23.3;   13.3;   13.3;eor
       2171;20190713;   10;   8.7;   2.3;    3;   1.0;   6;    0.333;-999;   8.0;  14.9;  984.06;   15.6;   84.54;   18.1;   13.3;   13.3;eor
       2171;20190714;   10;   6.0;   2.2;    3;   0.0;   0;    0.100;-999;   7.0;  13.0;  986.37;   13.9;   82.50;   16.2;    9.5;    7.4;eor
       2171;20190715;   10;   6.9;   2.2;    3;   0.0;   0;    2.300;-999;   6.3;  12.0;  986.56;   13.6;   77.88;   17.4;    8.8;    6.3;eor
       2171;20190716;   10;   8.0;   2.0;    3;   0.0;   0;    5.317;-999;   7.0;  12.3;  985.89;   14.3;   76.96;   21.9;    7.4;    5.0;eor
       2171;20190717;   10;   7.1;   2.0;    3;   0.0;   0;    7.867;-999;   4.0;  13.0;  983.51;   16.0;   72.63;   21.7;   10.6;    8.6;eor
       2171;20190718;   10;   9.0;   1.8;    3;   2.3;   6;    7.967;-999;   7.0;  12.5;  980.92;   18.4;   64.63;   26.9;    8.8;    6.9;eor
       2171;20190719;   10;   7.4;   1.8;    3;   1.1;   6;    2.900;-999;   7.9;  15.9;  983.04;   18.5;   76.08;   24.0;   13.9;   12.0;eor
       2171;20190720;   10;  18.5;   2.5;    3;   5.2;   8;    8.750;-999;   7.4;  16.3;  982.21;   20.4;   73.04;   30.3;   12.0;   10.2;eor
       2171;20190721;   10;   9.9;   2.6;    3;   0.0;   0;   12.650;-999;   4.5;  15.3;  988.40;   20.2;   68.33;   26.4;   13.6;   11.8;eor
       2171;20190722;   10;   8.5;   1.8;    3;   0.0;   0;    9.883;-999;   6.0;  14.3;  991.79;   20.5;   64.00;   28.9;   11.2;    9.8;eor
       2171;20190723;   10;   5.9;   1.5;    3;   0.0;   0;   14.767;-999;   1.8;  15.4;  989.77;   23.7;   57.50;   32.8;   13.6;   11.9;eor
       2171;20190724;   10;   7.7;   1.3;    3;   0.0;   0;   14.650;-999;   0.4;  16.6;  985.38;   26.5;   53.67;   36.2;   15.4;   13.5;eor
       2171;20190725;   10;   7.5;   1.9;    3;   0.0;   0;   14.267;-999;   1.1;  15.7;  984.69;   27.9;   48.33;   37.7;   16.9;   14.9;eor
       2171;20190726;   10;  10.3;   3.1;    3;   0.0;   0;   13.400;-999;   3.1;  14.2;  979.52;   26.4;   44.58;   34.4;   16.2;   14.1;eor
       2171;20190727;   10;  10.9;   3.2;    3;   5.3;   6;    9.467;-999;   6.0;  12.9;  972.05;   24.7;   43.04;   31.7;   17.3;   14.9;eor
       2171;20190728;   10;   7.5;   1.9;    3;  11.3;   6;    3.367;-999;   7.8;  17.4;  971.04;   21.7;   68.21;   27.4;   16.0;   15.6;eor
       2171;20190729;   10;   5.6;   1.6;    3;   0.6;   6;    0.000;-999;   7.3;  18.9;  979.39;   18.9;   86.79;   21.6;   16.5;   15.0;eor
       2171;20190730;   10;   9.3;   1.7;    3;   1.3;   6;    8.117;-999;   5.3;  16.9;  981.15;   21.9;   68.42;   29.7;   15.3;   14.0;eor
       2171;20190731;   10;  10.4;   2.7;    3;   0.0;   0;    8.850;-999;   5.1;  13.9;  984.18;   20.2;   62.00;   26.1;   14.1;   12.4;eor
       2171;20190801;    3;   6.7;   1.5;    3;   0.0;   0;    4.867;-999;   6.1;  12.6;  985.69;   18.2;   63.67;   24.8;   11.1;    9.8;eor
       2171;20190802;    3;  15.4;   1.6;    3;  10.5;   6;    3.717;-999;   7.3;  15.0;  983.37;   18.4;   72.21;   26.4;   14.2;   13.8;eor
       2171;20190803;    3;   8.1;   2.4;    3;   0.0;   6;    5.700;-999;   5.1;  15.5;  984.10;   18.0;   77.00;   23.4;   13.8;   12.2;eor
       2171;20190804;    3;   5.2;   1.3;    3;   0.0;   6;    7.967;-999;   5.4;  14.6;  984.60;   18.8;   70.58;   26.3;   12.0;   10.6;eor
       2171;20190805;    3;  10.1;   1.9;    3;   0.9;   6;    2.633;-999;   7.8;  15.5;  980.57;   19.8;   69.21;   26.5;   14.2;   13.1;eor
       2171;20190806;    3;  10.7;   2.3;    3;   8.5;   6;    1.967;-999;   7.5;  17.0;  979.64;   19.1;   77.63;   24.5;   13.4;   11.4;eor
       2171;20190807;    3;   8.2;   2.5;    3;   2.8;   6;    0.367;-999;   7.6;  17.1;  977.37;   18.2;   82.21;   21.6;   15.3;   13.4;eor
       2171;20190808;    3;  12.4;   3.0;    3;   0.6;   6;    9.333;-999;   5.6;  15.3;  981.05;   18.5;   73.88;   24.7;   13.6;   11.9;eor
       2171;20190809;    3;   9.0;   1.6;    3;  14.7;   6;    2.850;-999;   7.1;  17.7;  979.72;   20.1;   78.17;   28.9;   12.5;   11.4;eor
       2171;20190810;    3;  14.7;   4.6;    3;   0.0;   0;    4.417;-999;   5.3;  16.1;  981.62;   20.6;   67.33;   24.8;   14.1;   11.3;eor
       2171;20190811;    3;   9.8;   2.6;    3;   3.0;   6;    7.417;-999;   4.8;  12.8;  984.08;   18.4;   64.29;   26.5;   11.4;    9.2;eor
       2171;20190812;    3;  16.8;   2.9;    3;   4.8;   6;    8.933;-999;   5.5;  13.6;  984.45;   16.7;   74.71;   23.0;   11.8;   10.8;eor
       2171;20190813;    3;  10.8;   3.0;    3;   1.1;   6;    6.400;-999;   6.7;  12.0;  985.76;   15.2;   71.83;   20.7;   11.2;   10.2;eor
       2171;20190814;    3;   7.9;   2.1;    3;   0.8;   6;   11.983;-999;   3.3;  10.2;  986.30;   15.4;   61.79;   21.6;    9.4;    7.4;eor
       2171;20190815;    3;  11.1;   2.8;    3;  13.1;   6;    0.633;-999;   7.7;  14.9;  981.54;   15.5;   83.88;   20.6;   12.6;   12.2;eor
       2171;20190816;    3;   9.6;   2.4;    3;   0.0;   6;    8.050;-999;   6.4;  13.7;  984.98;   16.7;   74.21;   22.7;   11.8;   10.2;eor
       2171;20190817;    3;  14.1;   3.4;    3;   2.4;   6;    0.200;-999;   7.9;  14.7;  979.99;   17.3;   75.29;   21.6;   12.6;   11.7;eor
       2171;20190818;    3;  14.6;   4.2;    3;   0.3;   6;    2.683;-999;   7.8;  18.3;  977.17;   20.2;   78.54;   26.7;   16.3;   16.0;eor
       2171;20190819;    3;  11.0;   2.7;    3;   0.0;   0;    8.333;-999;   6.1;  12.7;  985.13;   18.2;   63.17;   23.6;   11.8;   10.0;eor
       2171;20190820;    3;   4.6;   1.3;    3;   0.0;   0;    2.200;-999;   7.5;  11.6;  991.11;   15.1;   69.92;   20.3;    9.3;    7.6;eor
       2171;20190821;    3;   6.1;   1.2;    3;   0.0;   0;   11.433;-999;   3.0;  10.7;  995.93;   15.3;   65.58;   23.4;    7.3;    5.6;eor
       2171;20190822;    3;   6.5;   1.2;    3;   0.0;   0;   13.183;-999;   0.5;  11.2;  994.55;   16.7;   64.08;   25.7;    7.5;    5.8;eor
       2171;20190823;    3;   6.9;   1.5;    3;   0.0;   0;   13.017;-999;   0.0;  11.0;  993.46;   18.1;   59.50;   27.8;    8.4;    6.4;eor
       2171;20190824;    3;   7.3;   1.8;    3;   0.0;   0;   12.800;-999;   0.0;  13.8;  989.97;   19.7;   62.67;   28.2;    8.9;    6.8;eor
       2171;20190825;    3;   6.9;   1.2;    3;   0.0;   6;   10.150;-999;   1.5;  19.2;  987.64;   22.2;   74.08;   31.0;   14.7;   13.0;eor
       2171;20190826;    3;   7.9;   1.6;    3;   0.0;   0;   11.233;-999;   0.5;  18.1;  986.99;   22.9;   68.92;   31.3;   15.5;   13.4;eor
       2171;20190827;    3;   8.8;   1.2;    3;   0.0;   6;    8.617;-999;   4.0;  18.1;  985.42;   21.9;   71.25;   29.5;   15.2;   13.5;eor
       2171;20190828;    3;   8.1;   1.5;    3;   0.0;   0;    8.183;-999;   7.1;  16.4;  984.01;   23.0;   63.63;   32.2;   15.7;   14.2;eor
       2171;20190829;    3;   8.9;   1.4;    3;   0.4;   6;    5.750;-999;   5.7;  18.0;  986.80;   21.0;   74.71;   30.7;   14.9;   13.4;eor
       2171;20190830;    3;   6.3;   1.5;    3;   0.0;   0;   10.717;-999;   3.5;  17.2;  989.81;   21.7;   70.21;   29.8;   15.8;   13.7;eor
       2171;20190831;    3;   8.4;   1.6;    3;   0.0;   0;   11.567;-999;   0.6;  16.6;  983.42;   22.6;   64.75;   32.1;   13.4;   11.9;eor
       2171;20190901;    3;  12.1;   2.3;    3;   0.0;   0;    1.167;-999;   6.8;  15.1;  982.17;   17.9;   73.46;   24.4;   11.1;    8.0;eor
       2171;20190902;    3;   8.6;   1.8;    3;   0.0;   0;   10.100;-999;   1.9;   9.7;  990.50;   13.9;   65.50;   20.9;    7.4;    4.9;eor
       2171;20190903;    3;   9.6;   2.2;    3;   0.0;   0;    9.633;-999;   5.3;   9.9;  991.65;   15.0;   62.79;   24.0;    5.6;    3.7;eor
       2171;20190904;    3;  10.4;   2.3;    3;   0.0;   6;   11.683;-999;   4.2;  11.9;  984.90;   17.1;   65.13;   25.1;    8.1;    6.0;eor
       2171;20190905;    3;  10.1;   3.3;    3;   0.0;   0;    4.300;-999;   6.4;  11.2;  986.97;   14.9;   67.75;   20.6;    8.5;    5.3;eor
       2171;20190906;    3;   6.1;   1.3;    3;   0.0;   0;   12.083;-999;   5.4;   8.6;  991.15;   12.2;   64.96;   20.5;    4.5;    2.3;eor
       2171;20190907;    3;   6.7;   1.2;    3;   0.1;   6;    1.617;-999;   7.2;  10.0;  986.90;   11.1;   76.17;   17.3;    6.8;    5.3;eor
       2171;20190908;    3;   5.1;   1.4;    3;   0.7;   6;    1.067;-999;   8.0;  10.8;  985.34;   12.6;   75.96;   17.9;    7.9;    7.5;eor
       2171;20190909;    3;   8.1;   1.9;    3;   0.0;   6;    0.300;-999;   7.3;  11.7;  982.73;   12.5;   82.21;   16.9;    7.1;    5.5;eor
       2171;20190910;    3;   8.2;   1.8;    3;   0.0;   0;    6.150;-999;   5.6;   9.6;  986.14;   12.1;   72.46;   20.9;    5.7;    4.3;eor
       2171;20190911;    3;  11.5;   2.7;    3;   0.8;   6;    8.650;-999;   3.5;  -999;  991.15;   13.7;-999;   22.5;    4.1;    2.0;eor
       2171;20190912;    3;   8.4;   2.9;    3;   0.0;   6;    1.333;-999;   6.3;  -999;  996.16;   16.9;-999;   22.5;   12.6;    9.7;eor
       2171;20190913;    3;   8.4;   2.4;    3;   0.0;   0;    1.200;-999;   6.8;  -999;  999.13;   16.6;-999;   23.5;   11.7;    9.1;eor
       2171;20190914;    3;   6.3;   1.9;    3;   0.0;   0;   11.450;-999;   2.5;  -999;  999.53;   14.5;-999;   22.2;    7.5;    4.4;eor
       2171;20190915;    3;   8.7;   1.9;    3;   0.0;   0;   10.817;-999;   4.9;  -999;  991.26;   15.6;-999;   26.6;    5.3;    3.2;eor
       2171;20190916;    3;   6.0;   1.6;    3;   0.5;   6;    0.000;-999;   7.8;  -999;  987.77;   13.9;-999;   19.0;    9.7;    6.9;eor
       2171;20190917;    3;  14.2;   3.3;    3;   0.0;   0;    4.817;-999;   6.4;  -999;  987.85;   12.4;-999;   17.8;    6.9;    3.3;eor
       2171;20190918;    3;   9.5;   2.0;    3;   0.0;   0;    8.817;-999;   5.0;  -999;  993.12;    9.8;-999;   16.8;    2.8;   -0.1;eor
       2171;20190919;    3;   7.0;   1.4;    3;   0.0;   0;    8.000;-999;   5.6;  -999;  996.95;    8.6;-999;   15.7;    2.0;   -1.3;eor
       2171;20190920;    3;   6.3;   1.0;    3;   0.0;   0;   10.233;-999;   4.8;  -999;  996.23;    8.6;-999;   17.8;    0.6;   -1.5;eor
       2171;20190921;    3;   7.0;   1.3;    3;   0.0;   0;   11.167;-999;   0.0;  -999;  989.19;   12.1;-999;   24.0;    1.0;   -1.0;eor
       2171;20190922;    3;   6.9;   1.1;    3;   0.0;   0;   10.633;-999;   4.0;  -999;  980.48;   14.6;-999;   25.6;    4.2;    1.8;eor
       2171;20190923;    3;   7.1;   1.7;    3;   0.3;   6;    0.067;-999;   7.8;  -999;  982.59;   13.7;-999;   17.4;    8.9;    6.0;eor
       2171;20190924;    3;   7.6;   2.0;    3;   0.8;   6;    3.067;-999;   7.7;  13.5;  980.69;   14.5;   83.38;   20.1;   11.5;    9.4;eor
       2171;20190925;    3;   8.8;   3.5;    3;   1.4;   6;    2.917;-999;   7.6;  14.2;  975.79;   14.4;   86.25;   17.8;   13.1;   11.8;eor
       2171;20190926;    3;  10.1;   4.0;    3;   5.8;   6;    1.117;-999;   7.8;  15.5;  979.58;   15.0;   90.75;   17.3;   13.1;   12.0;eor
       2171;20190927;    3;  10.3;   4.4;    3;   3.5;   6;    1.917;-999;   6.1;  14.7;  979.22;   14.5;   89.00;   18.3;   12.6;   11.3;eor
       2171;20190928;    3;  13.5;   5.0;    3;   1.9;   6;    1.467;-999;   7.0;  12.9;  981.39;   14.4;   79.04;   17.7;   12.3;   10.8;eor
       2171;20190929;    3;  18.0;   6.0;    3;   4.3;   6;    1.167;-999;   8.0;  13.1;  973.63;   14.9;   77.29;   18.4;   12.5;   11.0;eor
       2171;20190930;    3;  17.9;   5.9;    3;   2.7;   6;    2.283;-999;   7.2;  12.0;  976.20;   13.3;   78.54;   16.4;   10.3;    7.9;eor
       2171;20191001;    3;  12.7;   4.7;    3;   4.2;   6;    0.050;-999;   7.9;  14.1;  972.37;   14.0;   87.50;   17.6;   10.8;    9.6;eor
       2171;20191002;    3;  13.4;   3.6;    3;   1.7;   6;    3.183;   0;   6.1;  10.4;  975.95;   10.2;   81.63;   14.4;    5.5;    3.2;eor
       2171;20191003;    3;   9.4;   3.4;    3;   0.0;   6;    0.933;   0;   7.5;   9.8;  984.12;    9.7;   81.54;   13.3;    7.7;    6.1;eor
       2171;20191004;    3;  11.0;   3.3;    3;   7.1;   6;    0.000;   0;   7.8;  10.4;  976.20;    8.8;   91.58;   10.9;    6.6;    6.0;eor
       2171;20191005;    3;   9.1;   2.8;    3;   0.1;   6;    0.600;   0;   7.9;   9.4;  981.98;    8.3;   86.00;   11.2;    4.1;    1.8;eor
       2171;20191006;    3;   8.3;   1.9;    3;   2.9;   6;    0.317;   0;   7.7;   8.3;  984.42;    6.4;   86.92;   10.2;    2.2;    1.4;eor
       2171;20191007;    3;   7.4;   2.2;    3;   0.1;   6;    3.700;   0;   7.4;   9.1;  985.77;    8.8;   80.58;   13.1;    5.3;    5.1;eor
       2171;20191008;    3;  11.2;   4.1;    3;   7.4;   6;    0.000;   0;   7.7;  12.5;  977.68;   11.3;   92.63;   12.9;    9.9;    9.0;eor
       2171;20191009;    3;  11.4;   4.6;    3;   3.6;   6;    0.500;   0;   6.8;  11.2;  977.14;   10.9;   85.75;   13.8;    9.4;    7.8;eor
       2171;20191010;    3;  11.3;   4.4;    3;   0.2;   6;    1.350;   0;   5.8;  10.1;  981.53;   10.2;   81.71;   14.1;    8.2;    6.8;eor
       2171;20191011;    3;  13.9;   5.1;    3;   0.0;   0;    0.250;   0;   7.2;  11.7;  983.57;   12.3;   81.63;   15.2;    8.2;    6.3;eor
       2171;20191012;    3;  14.1;   5.4;    3;   0.0;   0;    8.000;   0;   3.7;  12.9;  980.80;   16.4;   69.75;   21.2;   11.8;    9.9;eor
       2171;20191013;    3;  12.3;   4.4;    3;   0.0;   0;    7.967;   0;   4.0;  15.4;  981.35;   19.5;   68.54;   24.0;   16.0;   13.9;eor
       2171;20191014;    3;   8.3;   1.8;    3;   0.0;   0;    9.333;   0;   3.1;  13.9;  981.55;   16.7;   76.04;   24.4;   11.1;    8.4;eor
       2171;20191015;    3;   8.9;   1.6;    3;   4.0;   6;    5.767;   0;   7.0;  14.1;  975.74;   15.1;   83.42;   24.0;    8.9;    7.0;eor
       2171;20191016;    3;  13.5;   3.9;    3;   0.3;   6;    0.633;   0;   7.6;  12.0;  979.93;   12.1;   84.88;   13.9;   10.5;   10.0;eor
       2171;20191017;    3;  11.1;   4.3;    3;   5.3;   6;    0.483;   0;   7.7;  12.6;  980.93;   14.0;   78.96;   17.3;   12.9;   11.9;eor
       2171;20191018;    3;  22.3;   3.9;    3;   3.8;   6;    2.333;   0;   6.8;  12.6;  978.79;   12.8;   84.38;   17.8;    7.2;    5.7;eor
       2171;20191019;    3;  11.0;   2.7;    3;   0.0;   6;    0.217;   0;   7.8;  11.7;  977.22;   11.7;   84.25;   15.5;    6.9;    5.9;eor
       2171;20191020;    3;   5.5;   1.6;    3;   0.7;   6;    0.300;   0;   7.8;  14.6;  977.49;   13.9;   91.79;   16.2;   12.1;   10.1;eor
       2171;20191021;    3;   7.2;   1.9;    3;   0.0;   6;    0.450;   0;   7.5;  13.5;  985.95;   13.5;   87.58;   17.5;    9.7;    8.4;eor
       2171;20191022;    3;   4.6;   1.5;    3;   0.0;   0;    4.233;   0;   6.5;  11.3;  991.67;   11.8;   83.46;   17.2;    7.5;    5.6;eor
       2171;20191023;    3;   5.7;   1.8;    3;   0.0;   0;    0.000;   0;   6.5;  12.5;  984.95;   11.4;   92.54;   16.0;    7.0;    4.9;eor
       2171;20191024;    1;   7.0;   2.1;    1;   0.0;   0;    2.067;   0;   7.9;  13.4;  979.58;   12.9;   89.92;   16.6;    9.7;    9.4;eor
       2171;20191025;    1;   9.9;   3.3;    1;   0.0;   0;    1.967;   0;   7.2;  11.8;  987.90;   13.1;   78.63;   16.3;   10.3;    7.8;eor
       2171;20191026;    1;  10.3;   3.4;    1;   0.0;   0;    6.750;   0;   7.7;  11.7;  986.06;   13.5;   76.63;   18.9;    8.4;    6.3;eor
       2171;20191027;    1;  15.0;   3.2;    1;   3.5;   6;    0.000;   0;   7.9;  10.4;  986.77;   10.0;   84.83;   15.5;    2.9;    1.9;eor
       2171;20191028;    1;   4.5;   1.4;    1;   0.0;   0;    2.917;   0;   7.0;   8.1;  990.48;    4.9;   94.08;   10.1;    2.7;    0.8;eor
       2171;20191029;    1;   6.9;   1.9;    1;   0.0;   0;    2.650;   0;   5.6;   7.4;  991.97;    5.0;   85.96;   10.2;   -0.2;   -2.3;eor
       2171;20191030;    1;   7.9;   1.8;    1;   0.0;   0;    4.333;   0;   5.8;   6.1;  995.13;    1.8;   87.75;    8.2;   -2.4;   -3.6;eor
       2171;20191031;    1;   6.2;   1.9;    1;   0.0;   0;    6.667;   0;   3.4;   5.7;  991.53;    1.8;   83.83;    8.3;   -2.6;   -5.2;eor
       2171;20191101;    1;   9.3;   0.8;    1;   2.4;   6;    0.000;   0;   7.8;   7.0;  978.90;    1.9;   95.50;    9.8;   -4.7;   -5.4;eor
       2171;20191102;    1;  12.2;   5.0;    1;   6.8;   6;    0.983;   0;   7.8;  12.7;  962.80;   12.7;   86.00;   15.5;    9.7;    9.0;eor
       2171;20191103;    1;  11.1;   3.5;    1;   0.8;   6;    0.600;   0;   7.8;  11.4;  957.41;   11.4;   84.54;   14.0;    9.0;    8.3;eor
       2171;20191104;    1;  12.2;   3.8;    1;   2.5;   6;    0.233;   0;   7.6;  10.8;  959.71;    9.6;   89.96;   11.4;    8.0;    5.4;eor
       2171;20191105;    1;   8.9;   3.2;    1;   0.1;   6;    0.483;   0;   7.1;   9.1;  965.40;    8.0;   85.08;   11.4;    4.3;    1.6;eor
       2171;20191106;    1;   8.3;   2.6;    1;   4.1;   6;    0.017;   0;   7.9;   9.3;  969.94;    7.1;   91.46;    9.4;    4.2;    2.2;eor
       2171;20191107;    1;  13.5;   3.8;    1;   0.0;   6;    2.400;   0;   7.8;   9.2;  970.09;    8.4;   83.54;   11.7;    5.1;    2.9;eor
       2171;20191108;    1;   5.3;   1.6;    1;  14.3;   6;    0.000;   0;   7.7;   8.2;  974.20;    4.9;   94.88;    7.1;    3.0;    1.8;eor
       2171;20191109;    1;   7.1;   2.0;    1;   0.2;   6;    0.917;   0;   6.4;   7.5;  976.68;    4.5;   89.79;    7.7;    0.5;   -1.4;eor
       2171;20191110;    1;   5.5;   1.3;    1;   0.0;   0;    0.000;   0;   7.9;   6.8;  980.90;    2.0;   95.63;    4.1;    0.0;    0.0;eor
       2171;20191111;    1;   8.7;   2.8;    1;   0.1;   6;    3.117;   0;   7.3;   6.1;  977.93;    2.6;   82.71;    5.7;    1.0;   -0.2;eor
       2171;20191112;    1;  13.7;   4.9;    1;   0.0;   6;    1.767;   0;   7.3;   6.8;  972.47;    4.7;   80.00;    8.0;    2.6;    1.1;eor
       2171;20191113;    1;   8.4;   3.2;    1;   0.0;   6;    0.033;   0;   7.9;   6.7;  971.05;    3.7;   84.17;    5.2;    1.4;   -0.8;eor
       2171;20191114;    1;   7.3;   2.4;    1;   0.0;   0;    6.067;   0;   6.7;   6.4;  972.45;    4.3;   76.88;    7.9;    1.2;   -1.4;eor
       2171;20191115;    1;  10.1;   2.6;    1;   6.1;   6;    0.483;   0;   7.8;   6.8;  969.97;    3.2;   87.83;    5.5;    1.1;   -0.4;eor
       2171;20191116;    1;   7.6;   2.0;    1;   0.1;   6;    2.900;   0;   6.4;   6.9;  976.92;    2.6;   92.75;    5.6;   -1.0;   -1.9;eor
       2171;20191117;    1;  10.6;   2.9;    1;   0.5;   6;    0.000;   0;   7.9;   7.0;  976.54;    2.3;   96.79;    4.7;   -1.1;   -1.2;eor
       2171;20191118;    1;  12.5;   3.4;    1;   1.6;   6;    0.000;   0;   8.0;   7.5;  974.58;    4.4;   89.79;    5.5;    2.5;    2.1;eor
       2171;20191119;    1;  12.7;   2.6;    1;   0.0;   6;    0.017;   0;   7.6;   6.9;  983.79;    3.5;   88.33;    5.8;   -0.2;   -2.3;eor
       2171;20191120;    1;   4.4;   1.3;    1;   0.0;   6;    0.017;   0;   7.5;   6.4;  984.83;    1.7;   92.54;    4.0;   -0.5;   -2.2;eor
       2171;20191121;    1;   3.6;   0.9;    1;   0.1;   6;    0.000;   0;   8.0;   7.7;  978.20;    3.8;   95.58;    5.1;    2.0;    0.6;eor
       2171;20191122;    1;   5.5;   1.3;    1;   0.0;   0;    0.000;   0;   7.5;   6.8;  976.47;    2.3;   94.08;    5.5;   -0.5;   -1.0;eor
       2171;20191123;    1;   7.4;   2.9;    1;   0.0;   0;    4.450;   0;   7.8;   7.3;  970.72;    3.4;   93.38;    6.5;    0.8;   -1.1;eor
       2171;20191124;    1;   3.9;   1.3;    1;   0.0;   0;    0.000;   0;   8.0;   7.2;  975.43;    2.5;   98.38;    3.9;    0.7;   -1.2;eor
       2171;20191125;    1;   5.3;   1.2;    1;   0.0;   6;    0.000;   0;   8.0;   7.2;  978.44;    2.7;   96.63;    4.6;    0.4;    0.5;eor
       2171;20191126;    1;   7.3;   2.8;    1;   0.0;   6;    0.000;   0;   8.0;   9.3;  974.83;    7.5;   89.21;    9.4;    4.6;    4.4;eor
       2171;20191127;    1;  12.9;   4.3;    1;   2.4;   6;    0.267;   0;   7.7;   9.5;  963.94;    8.5;   86.21;   10.9;    5.0;    3.4;eor
       2171;20191128;    1;  14.9;   6.0;    1;   6.2;   6;    0.067;   0;   7.4;   9.3;  962.50;    9.1;   80.50;   10.2;    7.9;    7.0;eor
       2171;20191129;    1;  10.8;   3.0;    1;   0.0;   6;    2.033;   0;   7.1;   7.0;  976.10;    5.3;   77.88;    8.3;    2.9;    0.9;eor
       2171;20191130;    1;   4.3;   1.2;    1;   0.0;   0;    2.750;   0;   3.9;   6.0;  990.04;    1.6;   87.58;    6.0;   -3.2;   -5.2;eor
       2171;20191201;    1;   6.6;   1.7;    1;   0.0;   0;    0.050;   0;   8.0;   5.1;  987.97;   -1.3;   90.67;    1.2;   -4.6;   -5.7;eor
       2171;20191202;    1;   6.9;   2.1;    1;   0.1;   8;    0.250;   0;   7.6;   5.9;  991.49;    1.4;   86.63;    4.6;   -1.2;   -3.1;eor
       2171;20191203;    1;   5.3;   2.0;    1;   0.2;   6;    0.000;   0;   7.9;   7.2;  995.15;    3.5;   90.88;    5.0;    1.7;    0.6;eor
       2171;20191204;    1;   4.2;   1.3;    1;   0.0;   0;    3.817;   0;   5.3;   5.9;  990.95;    1.3;   88.63;    4.5;   -2.7;   -4.0;eor
       2171;20191205;    1;   8.6;   2.0;    1;   0.0;   0;    6.133;   0;   4.6;   5.0;  988.47;   -1.2;   88.75;    3.7;   -4.9;   -6.0;eor
       2171;20191206;    1;  12.9;   5.3;    1;   3.2;   6;    0.017;   0;   7.9;   5.8;  981.71;    1.0;   87.38;    4.7;   -2.1;   -3.3;eor
       2171;20191207;    1;  13.3;   5.2;    1;   0.3;   6;    0.067;   0;   7.9;   8.3;  980.10;    7.0;   82.79;    8.5;    4.6;    4.1;eor
       2171;20191208;    1;  17.7;   6.5;    1;   2.6;   6;    0.000;   0;   7.7;   8.6;  973.66;    8.2;   79.29;    9.9;    6.1;    5.1;eor
       2171;20191209;    1;  14.7;   5.0;    1;   3.1;   6;    0.033;   0;   7.2;   7.7;  970.99;    5.9;   82.79;    7.4;    4.1;    2.7;eor
       2171;20191210;    1;  10.8;   3.4;    1;   0.0;   0;    4.850;   0;   3.8;   5.8;  990.37;    2.3;   80.08;    4.2;    0.2;   -2.4;eor
       2171;20191211;    1;   8.6;   3.3;    1;   5.3;   8;    0.000;   0;   7.5;   5.3;  978.55;    1.9;   76.29;    3.3;    0.3;    0.1;eor
       2171;20191212;    1;   8.5;   3.4;    1;   0.1;   6;    0.017;   0;   7.0;   6.5;  969.34;    2.0;   92.21;    3.5;   -0.2;   -2.7;eor
       2171;20191213;    1;   9.9;   2.9;    1;   4.8;   8;    0.000;   0;   7.0;   5.9;  950.89;    1.7;   85.63;    4.2;   -0.5;   -2.6;eor
       2171;20191214;    1;  18.2;   6.3;    1;   7.4;   6;    0.117;   0;   7.3;   6.9;  960.38;    4.6;   81.17;    6.5;    2.6;    1.3;eor
       2171;20191215;    1;  16.4;   5.1;    1;   3.6;   6;    0.650;   0;   7.7;   7.9;  971.08;    6.8;   79.29;    9.7;    3.4;    1.7;eor
       2171;20191216;    1;   8.2;   1.1;    1;   0.3;   6;    0.000;   0;   7.8;   9.1;  976.16;    5.9;   96.50;    8.6;    2.3;    1.3;eor
       2171;20191217;    1;  10.7;   2.7;    1;   0.4;   6;    3.233;   0;   7.6;   8.4;  974.25;    9.6;   72.25;   13.6;    3.2;    2.4;eor
       2171;20191218;    1;  10.3;   2.4;    1;   0.0;   6;    3.267;   0;   6.7;   8.8;  984.07;    7.4;   85.42;   11.6;    0.1;   -0.6;eor
       2171;20191219;    1;   2.5;   0.6;    1;   0.0;   0;    0.367;   0;   7.7;   6.5;  981.39;    1.1;   98.25;    4.0;   -0.7;   -1.6;eor
       2171;20191220;    1;  11.1;   1.9;    1;   1.0;   6;    0.500;   0;   7.8;   7.4;  963.52;    3.1;   94.25;    9.9;   -1.6;   -2.2;eor
       2171;20191221;    1;   8.1;   3.1;    1;   0.1;   6;    4.383;   0;   4.9;   7.8;  961.38;    6.4;   81.33;    9.4;    3.1;   -0.1;eor
       2171;20191222;    1;  10.3;   3.3;    1;   1.4;   6;    0.033;   0;   7.7;   8.2;  956.40;    5.9;   87.42;    8.4;    2.8;    1.2;eor
       2171;20191223;    1;  10.0;   3.9;    1;   1.1;   6;    0.400;   0;   7.5;   8.0;  973.62;    6.2;   84.38;    7.7;    5.4;    3.9;eor
       2171;20191224;    1;  11.2;   4.5;    1;   6.4;   6;    0.000;   0;   7.5;   8.1;  979.26;    6.0;   85.83;    7.4;    4.8;    3.4;eor
       2171;20191225;    1;   9.8;   2.6;    1;   5.1;   6;    0.167;   0;   7.6;   8.3;  984.87;    5.4;   92.21;    6.8;    2.4;    0.5;eor
       2171;20191226;    1;   3.4;   1.0;    1;   0.0;   6;    0.933;   0;   7.9;   6.9;  991.87;    2.7;   92.50;    5.7;    1.3;    0.7;eor
       2171;20191227;    1;   8.1;   1.6;    1;   0.0;   0;    5.917;   0;   4.8;   5.9;  995.70;    1.8;   85.54;    4.6;   -0.8;   -3.3;eor
       2171;20191228;    1;   4.8;   1.1;    1;   0.0;   0;    1.017;   0;   8.0;   5.0; 1007.25;   -0.5;   85.33;    2.4;   -3.4;   -4.7;eor
       2171;20191229;    1;   4.0;   1.0;    1;   0.0;   0;    4.817;   0;   7.4;   4.3; 1006.01;   -2.6;   85.71;    1.5;   -6.6;   -7.6;eor
       2171;20191230;    1;   5.3;   1.6;    1;   0.0;   0;    5.617;   0;  -999;   4.2; 1000.01;    0.3;   69.58;    7.0;   -3.6;   -5.6;eor
       2171;20191231;    1;   6.7;   1.4;    1;   0.0;   0;    0.000;   0;   6.0;   5.2;  999.80;    0.7;   80.21;    2.9;   -3.4;   -5.4;eor
       2171;20200101;    1;   2.2;   0.7;    1;   0.0;   0;    2.200;   0;   5.8;   4.7; 1001.00;   -2.9;   94.79;    0.4;   -6.4;   -7.4;eor
       2171;20200102;    1;   6.7;   1.6;    1;   0.1;   6;    1.217;   0;   6.2;   4.8;  995.41;   -3.0;   93.83;    2.0;   -7.9;   -9.1;eor
       2171;20200103;    1;  13.2;   4.9;    1;   1.6;   6;    0.000;   0;   7.8;   8.0;  988.26;    5.1;   90.79;    7.8;    2.0;    1.4;eor
       2171;20200104;    1;  14.3;   3.9;    1;   2.8;   6;    0.000;   0;   7.5;   6.8;  994.60;    3.4;   87.50;    4.9;    1.2;   -1.3;eor
