STATIONS_ID;MESS_DATUM;QN_3;  FX;  FM;QN_4; RSK;RSKF; SDK;SHK_TAG;  NM; VPM;  PM; TMK; UPM; TXK; TNK; TGK;eor
       2319;20180630;-999;-999;-999;    3;   0.0;   0;-999;-999;  -999;  14.8;    -999;   19.4;   67.38;   26.5;   12.9;    9.8;eor
       2319;20180701;-999;-999;-999;    3;   0.0;   0;-999;-999;  -999;   9.7;    -999;   16.2;   54.17;   22.4;   10.3;    7.3;eor
       2319;20180702;-999;-999;-999;    3;   0.0;   0;-999;-999;  -999;  10.3;    -999;   16.5;   57.13;   24.0;    8.4;    5.5;eor
       2319;20180703;-999;-999;-999;    3;   0.0;   0;-999;-999;  -999;  13.0;    -999;   17.8;   65.04;   22.5;   11.4;    8.9;eor
       2319;20180704;-999;-999;-999;    3;   0.0;   0;-999;-999;  -999;  14.8;    -999;   19.8;   65.83;   26.6;   14.1;   11.0;eor
       2319;20180705;-999;-999;-999;    3;   9.4;   4;-999;-999;  -999;  15.4;    -999;   17.4;   78.00;   23.4;   11.9;    9.0;eor
       2319;20180706;-999;-999;-999;    3;  24.1;   4;-999;-999;  -999;  16.0;    -999;   14.9;   94.17;   17.1;   13.9;   13.3;eor
       2319;20180707;-999;-999;-999;    3;   0.0;   0;-999;-999;  -999;  13.5;    -999;   17.8;   69.50;   23.9;   13.1;   11.8;eor
       2319;20180708;-999;-999;-999;    3;   0.0;   0;-999;-999;  -999;  13.0;    -999;   18.9;   61.46;   24.6;   13.8;   11.5;eor
       2319;20180709;-999;-999;-999;    3;   0.0;   0;-999;-999;  -999;  12.6;    -999;   19.0;   60.38;   24.6;   12.7;   10.6;eor
       2319;20180710;-999;-999;-999;    3;   1.1;   4;-999;-999;  -999;  13.4;    -999;   16.8;   70.79;   22.2;   13.2;   11.7;eor
       2319;20180711;-999;-999;-999;    3;   0.0;   0;-999;-999;  -999;  12.5;    -999;   15.1;   73.92;   19.6;   10.5;    8.2;eor
       2319;20180712;-999;-999;-999;    3;   0.0;   0;-999;-999;  -999;  11.7;    -999;   16.5;   65.17;   23.1;    9.2;    6.9;eor
       2319;20180713;-999;-999;-999;    3;   0.0;   0;-999;-999;  -999;  11.8;    -999;   19.0;   57.33;   26.2;   11.2;    9.0;eor
       2319;20180714;-999;-999;-999;    3;   0.0;   0;-999;-999;  -999;  12.9;    -999;   19.3;   60.17;   27.5;   12.2;   10.0;eor
       2319;20180715;-999;-999;-999;    3;   0.3;   4;-999;-999;  -999;  13.5;    -999;   18.9;   64.25;   27.2;   13.1;   10.7;eor
       2319;20180716;-999;-999;-999;    3;   3.6;   4;-999;-999;  -999;  14.4;    -999;   17.7;   72.75;   25.3;   13.9;   12.1;eor
       2319;20180717;-999;-999;-999;    3;   1.9;   4;-999;-999;  -999;  14.0;    -999;   18.1;   68.88;   25.4;   13.2;   11.0;eor
       2319;20180718;-999;-999;-999;    3;   0.0;   0;-999;-999;  -999;  12.7;    -999;   20.6;   54.46;   27.3;   14.0;   11.4;eor
       2319;20180719;-999;-999;-999;    3;   0.0;   0;-999;-999;  -999;  12.1;    -999;   20.0;   56.00;   27.5;   11.8;    9.4;eor
       2319;20180720;-999;-999;-999;    3;   0.4;   4;-999;-999;  -999;  12.9;    -999;   21.6;   53.00;   28.7;   13.5;   10.6;eor
       2319;20180721;-999;-999;-999;    3;   7.5;   4;-999;-999;  -999;  16.0;    -999;   16.9;   83.17;   20.8;   15.1;   14.6;eor
       2319;20180722;-999;-999;-999;    3;  30.7;   4;-999;-999;  -999;  16.5;    -999;   15.5;   93.92;   17.1;   14.7;   14.4;eor
       2319;20180723;-999;-999;-999;    3;   0.5;   4;-999;-999;  -999;  16.4;    -999;   17.7;   82.17;   23.4;   14.1;   12.2;eor
       2319;20180724;-999;-999;-999;    3;   0.0;   0;-999;-999;  -999;  14.7;    -999;   20.1;   65.75;   27.4;   13.2;   11.2;eor
       2319;20180725;-999;-999;-999;    3;   6.9;   4;-999;-999;  -999;  15.6;    -999;   20.1;   68.75;   28.2;   13.7;   11.2;eor
       2319;20180726;-999;-999;-999;    3;   0.0;   0;-999;-999;  -999;  15.4;    -999;   20.9;   65.38;   27.2;   14.4;   12.9;eor
       2319;20180727;-999;-999;-999;    3;   0.0;   0;-999;-999;  -999;  15.3;    -999;   21.2;   64.13;   28.4;   13.2;   11.4;eor
       2319;20180728;-999;-999;-999;    3;   0.0;   0;-999;-999;  -999;  15.8;    -999;   21.8;   62.71;   28.9;   14.7;   12.2;eor
       2319;20180729;-999;-999;-999;    3;   0.0;   0;-999;-999;  -999;  16.2;    -999;   22.3;   61.25;   28.1;   17.8;   16.0;eor
       2319;20180730;-999;-999;-999;    3;   0.0;   0;-999;-999;  -999;  15.8;    -999;   23.2;   59.46;   30.5;   15.1;   12.7;eor
       2319;20180731;-999;-999;-999;    3;   0.0;   0;-999;-999;  -999;  15.1;    -999;   24.2;   53.67;   31.9;   15.2;   12.6;eor
       2319;20180801;-999;-999;-999;    3;   0.0;   0;-999;-999;  -999;  15.8;    -999;   24.9;   52.63;   32.6;   16.5;   14.1;eor
       2319;20180802;-999;-999;-999;    3;   0.0;   0;-999;-999;  -999;  18.5;    -999;   23.1;   66.38;   28.6;   17.7;   16.4;eor
       2319;20180803;-999;-999;-999;    3;   0.0;   0;-999;-999;  -999;  18.8;    -999;   23.9;   66.42;   31.2;   17.8;   15.0;eor
       2319;20180804;-999;-999;-999;    3;   0.0;   0;-999;-999;  -999;  16.1;    -999;   24.1;   57.63;   32.1;   15.8;   13.2;eor
       2319;20180805;-999;-999;-999;    3;   0.0;   0;-999;-999;  -999;  17.2;    -999;   23.9;   59.50;   30.5;   17.6;   14.6;eor
       2319;20180806;-999;-999;-999;    3;   0.1;   4;-999;-999;  -999;  17.1;    -999;   23.2;   62.83;   30.3;   15.5;   12.9;eor
       2319;20180807;-999;-999;-999;    3;   0.0;   0;-999;-999;  -999;  15.5;    -999;   23.2;   56.88;   30.1;   17.9;   14.8;eor
       2319;20180808;-999;-999;-999;    3;   0.0;   0;-999;-999;  -999;  16.2;    -999;   23.1;   58.92;   29.5;   17.2;   14.3;eor
       2319;20180809;-999;-999;-999;    3;   7.6;   4;-999;-999;  -999;  15.5;    -999;   23.4;   58.58;   33.0;   16.5;   13.4;eor
       2319;20180810;-999;-999;-999;    3;  10.9;   4;-999;-999;  -999;  15.7;    -999;   14.6;   93.96;   17.3;   11.5;    9.7;eor
       2319;20180811;-999;-999;-999;    3;   0.0;   0;-999;-999;  -999;  13.1;    -999;   16.3;   73.33;   22.4;   10.5;    8.2;eor
       2319;20180812;-999;-999;-999;    3;   0.0;   0;-999;-999;  -999;  14.9;    -999;   19.6;   67.08;   27.6;   10.5;    7.8;eor
       2319;20180813;-999;-999;-999;    3;  27.6;   4;-999;-999;  -999;  16.2;    -999;   20.0;   73.92;   28.9;   15.3;   12.5;eor
       2319;20180814;-999;-999;-999;    3;   0.0;   4;-999;-999;  -999;  15.9;    -999;   17.2;   81.38;   21.7;   14.8;   13.8;eor
       2319;20180815;-999;-999;-999;    3;   0.0;   0;-999;-999;  -999;  15.2;    -999;   18.4;   73.42;   23.9;   14.7;   12.5;eor
       2319;20180816;-999;-999;-999;    3;   0.0;   0;-999;-999;  -999;  14.5;    -999;   19.3;   67.46;   26.4;   13.1;   11.1;eor
       2319;20180817;-999;-999;-999;    3;   0.0;   0;-999;-999;  -999;  14.1;    -999;   20.1;   64.54;   27.8;   12.1;    9.5;eor
       2319;20180818;-999;-999;-999;    3;   0.0;   0;-999;-999;  -999;  15.8;    -999;   20.3;   67.58;   26.9;   15.9;   12.9;eor
       2319;20180819;-999;-999;-999;    3;   0.0;   0;-999;-999;  -999;  15.5;    -999;   21.1;   65.29;   28.8;   13.9;   11.4;eor
       2319;20180820;-999;-999;-999;    3;   0.0;   0;-999;-999;  -999;  15.3;    -999;   21.6;   62.21;   28.3;   15.4;   12.3;eor
       2319;20180821;-999;-999;-999;    3;   0.0;   0;-999;-999;  -999;  15.5;    -999;   21.0;   65.54;   28.6;   13.4;   11.3;eor
       2319;20180822;-999;-999;-999;    3;   0.0;   0;-999;-999;  -999;  16.1;    -999;   22.2;   63.63;   29.9;   14.0;   11.5;eor
       2319;20180823;-999;-999;-999;    3;   3.4;   4;-999;-999;  -999;  16.7;    -999;   20.4;   71.42;   29.0;   15.8;   13.6;eor
       2319;20180824;-999;-999;-999;    3;   6.2;   4;-999;-999;  -999;  15.8;    -999;   17.2;   81.25;   22.4;   12.3;   12.1;eor
       2319;20180825;-999;-999;-999;    3;   6.0;   4;-999;-999;  -999;  12.1;    -999;   12.3;   85.21;   16.5;    9.0;    8.9;eor
       2319;20180826;-999;-999;-999;    3;   0.0;   0;-999;-999;  -999;   9.8;    -999;   11.2;   75.67;   16.8;    7.3;    5.1;eor
       2319;20180827;-999;-999;-999;    3;   0.1;   4;-999;-999;  -999;   9.2;    -999;   16.1;   54.29;   24.2;    6.0;    3.0;eor
       2319;20180828;-999;-999;-999;    3;   0.0;   0;-999;-999;  -999;  14.6;    -999;   18.7;   68.83;   25.0;   13.1;   10.4;eor
       2319;20180829;-999;-999;-999;    3;   5.3;   4;-999;-999;  -999;  15.7;    -999;   19.5;   73.17;   28.2;   11.6;    8.9;eor
       2319;20180830;-999;-999;-999;    3;   3.2;   4;-999;-999;  -999;  15.8;    -999;   14.9;   93.13;   16.9;   12.9;   11.2;eor
       2319;20180831;-999;-999;-999;    3;  27.5;   4;-999;-999;  -999;  14.6;    -999;   12.9;   97.88;   14.3;   11.8;   11.1;eor
       2319;20180901;-999;-999;-999;    3;   5.1;   4;-999;-999;  -999;  13.0;    -999;   11.1;   98.54;   11.8;    9.9;   10.0;eor
       2319;20180902;-999;-999;-999;    3;   0.1;   4;-999;-999;  -999;  13.2;    -999;   12.3;   92.58;   15.7;    9.9;    8.9;eor
       2319;20180903;-999;-999;-999;    3;  17.5;   4;-999;-999;  -999;  14.1;    -999;   14.4;   87.00;   17.4;   11.9;   11.5;eor
       2319;20180904;-999;-999;-999;    3;   8.8;   4;-999;-999;  -999;  15.1;    -999;   13.6;   96.50;   17.0;   11.0;    8.9;eor
       2319;20180905;-999;-999;-999;    3;   0.0;   0;-999;-999;  -999;  15.0;    -999;   15.9;   84.17;   23.3;   10.4;    8.5;eor
       2319;20180906;-999;-999;-999;    3;   5.8;   4;-999;-999;  -999;  15.3;    -999;   17.1;   80.58;   24.2;    9.9;    7.4;eor
       2319;20180907;-999;-999;-999;    3;   1.6;   4;-999;-999;  -999;  15.7;    -999;   15.2;   90.92;   19.9;   12.8;   11.5;eor
       2319;20180908;-999;-999;-999;    3;   0.0;   4;-999;-999;  -999;  13.9;    -999;   14.9;   83.79;   21.3;   10.5;    8.3;eor
       2319;20180909;-999;-999;-999;    3;   0.0;   0;-999;-999;  -999;  13.0;    -999;   16.3;   74.21;   24.5;    9.1;    6.7;eor
       2319;20180910;-999;-999;-999;    3;   0.0;   0;-999;-999;  -999;  12.8;    -999;   17.0;   69.63;   24.6;    9.8;    7.0;eor
       2319;20180911;-999;-999;-999;    3;   0.0;   0;-999;-999;  -999;  12.9;    -999;   18.3;   64.25;   26.2;   11.7;    8.4;eor
       2319;20180912;-999;-999;-999;    3;   0.0;   0;-999;-999;  -999;  13.7;    -999;   19.6;   63.83;   28.0;   12.2;    9.2;eor
       2319;20180913;-999;-999;-999;    3;  23.6;   4;-999;-999;  -999;  15.8;    -999;   18.7;   74.79;   24.8;   13.5;   10.8;eor
       2319;20180914;-999;-999;-999;    3;   1.4;   4;-999;-999;  -999;  15.8;    -999;   15.2;   91.75;   19.5;   13.2;   12.0;eor
       2319;20180915;-999;-999;-999;    3;   0.0;   4;-999;-999;  -999;  15.1;    -999;   14.9;   89.17;   19.2;   10.5;    8.2;eor
       2319;20180916;-999;-999;-999;    3;   0.6;   4;-999;-999;  -999;  15.1;    -999;   15.5;   86.71;   23.2;    8.7;    6.5;eor
       2319;20180917;-999;-999;-999;    3;   0.0;   0;-999;-999;  -999;  16.1;    -999;   18.4;   78.38;   25.1;   13.2;   11.0;eor
       2319;20180918;-999;-999;-999;    3;   5.8;   4;-999;-999;  -999;  15.1;    -999;   17.8;   77.08;   26.3;   11.4;    9.2;eor
       2319;20180919;-999;-999;-999;    3;   0.0;   0;-999;-999;  -999;  15.5;    -999;   17.6;   78.79;   24.9;   11.8;    9.8;eor
       2319;20180920;-999;-999;-999;    3;   0.0;   0;-999;-999;  -999;  14.7;    -999;   18.3;   73.04;   26.2;   12.2;    9.4;eor
       2319;20180921;-999;-999;-999;    3;   3.9;   4;-999;-999;  -999;  13.5;    -999;   18.3;   67.50;   27.2;   10.1;    8.7;eor
       2319;20180922;-999;-999;-999;    3;  12.7;   4;-999;-999;  -999;  10.6;    -999;   11.8;   78.00;   15.8;    9.1;    8.5;eor
       2319;20180923;-999;-999;-999;    3;  14.9;   4;-999;-999;  -999;  15.2;    -999;   15.9;   84.46;   25.2;    9.6;    9.5;eor
       2319;20180924;-999;-999;-999;    3;   0.0;   0;-999;-999;  -999;   8.1;    -999;    7.7;   77.79;   12.4;    4.3;    1.2;eor
       2319;20180925;-999;-999;-999;    3;   0.0;   0;-999;-999;  -999;   6.9;    -999;    5.9;   76.83;   12.5;    0.9;   -2.1;eor
       2319;20180926;-999;-999;-999;    3;   0.0;   0;-999;-999;  -999;   7.9;    -999;    7.9;   77.13;   19.1;   -1.0;   -3.5;eor
       2319;20180927;-999;-999;-999;    3;   0.0;   0;-999;-999;  -999;   9.3;    -999;   11.8;   72.13;   21.4;    3.8;    1.0;eor
       2319;20180928;-999;-999;-999;    3;   0.0;   0;-999;-999;  -999;  10.9;    -999;   13.7;   70.88;   20.5;    6.1;    2.6;eor
       2319;20180929;-999;-999;-999;    3;   0.0;   0;-999;-999;  -999;   9.2;    -999;    9.7;   76.29;   15.0;    3.6;    0.9;eor
       2319;20180930;-999;-999;-999;    3;  11.5;   4;-999;-999;  -999;  10.6;    -999;   10.9;   80.96;   20.5;    1.6;   -0.1;eor
       2319;20181001;-999;-999;-999;    3;  20.2;   4;-999;   0;  -999;  10.7;    -999;    8.5;   95.25;   12.1;    4.8;    4.0;eor
       2319;20181002;-999;-999;-999;    3;   0.5;   4;-999;   0;  -999;   8.2;    -999;    7.2;   81.79;   11.2;    4.4;    4.1;eor
       2319;20181003;-999;-999;-999;    3;   0.1;   4;-999;   0;  -999;  10.4;    -999;   10.1;   84.38;   13.2;    8.0;    5.2;eor
       2319;20181004;-999;-999;-999;    3;   0.0;   0;-999;   0;  -999;  10.6;    -999;   10.3;   86.04;   17.0;    4.5;    1.7;eor
       2319;20181005;-999;-999;-999;    3;   0.0;   0;-999;   0;  -999;  10.7;    -999;   11.1;   82.63;   21.0;    2.9;    0.1;eor
       2319;20181006;-999;-999;-999;    3;   0.1;   4;-999;   0;  -999;  11.5;    -999;   14.4;   72.42;   22.6;    7.2;    4.2;eor
       2319;20181007;-999;-999;-999;    3;   0.0;   0;-999;   0;  -999;  13.3;    -999;   13.7;   85.25;   17.7;    9.1;    6.2;eor
       2319;20181008;-999;-999;-999;    3;   0.0;   0;-999;   0;  -999;  13.6;    -999;   12.4;   94.46;   16.3;    8.6;    5.6;eor
       2319;20181009;-999;-999;-999;    3;   0.0;   0;-999;   0;  -999;  13.8;    -999;   13.4;   89.67;   15.0;   11.9;   12.1;eor
       2319;20181010;-999;-999;-999;    3;   0.0;   0;-999;   0;  -999;  13.2;    -999;   13.8;   84.00;   20.2;   10.0;    5.6;eor
       2319;20181011;-999;-999;-999;    3;   0.0;   0;-999;   0;  -999;  10.6;    -999;   16.1;   61.00;   25.3;    8.7;    4.6;eor
       2319;20181012;-999;-999;-999;    3;   0.0;   0;-999;   0;  -999;  11.7;    -999;   16.5;   64.42;   23.8;    8.9;    5.8;eor
       2319;20181013;-999;-999;-999;    3;   0.0;   0;-999;   0;  -999;  12.1;    -999;   12.9;   82.29;   20.8;    6.7;    3.8;eor
       2319;20181014;-999;-999;-999;    3;   0.0;   0;-999;   0;  -999;   8.9;    -999;   13.9;   61.42;   24.6;    5.2;    1.9;eor
       2319;20181015;-999;-999;-999;    3;   0.0;   0;-999;   0;  -999;   8.9;    -999;   13.1;   63.79;   23.3;    6.1;    2.4;eor
       2319;20181016;-999;-999;-999;    3;   0.0;   0;-999;   0;  -999;   9.1;    -999;   12.3;   67.17;   21.8;    5.7;    2.3;eor
       2319;20181017;-999;-999;-999;    3;   0.0;   0;-999;   0;  -999;   9.6;    -999;   10.7;   77.96;   19.4;    4.4;    1.2;eor
       2319;20181018;-999;-999;-999;    3;   0.0;   0;-999;   0;  -999;  10.2;    -999;    9.8;   85.46;   18.8;    3.4;    0.2;eor
       2319;20181019;-999;-999;-999;    3;   0.0;   0;-999;   0;  -999;  10.4;    -999;    9.1;   89.63;   16.4;    3.2;    0.1;eor
       2319;20181020;-999;-999;-999;    3;   0.0;   0;-999;   0;  -999;  10.3;    -999;    9.5;   87.58;   15.5;    5.7;    2.0;eor
       2319;20181021;-999;-999;-999;    3;   0.0;   0;-999;   0;  -999;   8.0;    -999;    7.0;   81.42;   12.6;   -0.1;   -3.6;eor
       2319;20181022;-999;-999;-999;    3;   0.0;   0;-999;   0;  -999;   6.7;    -999;    4.8;   80.25;   12.7;   -1.6;   -4.8;eor
       2319;20181023;-999;-999;-999;    3;   2.2;   4;-999;   0;  -999;   7.5;    -999;    7.9;   72.79;   12.2;    1.6;   -2.2;eor
       2319;20181024;-999;-999;-999;    3;   9.5;   4;-999;   0;  -999;  10.1;    -999;    9.2;   86.63;   10.9;    7.1;    6.3;eor
       2319;20181025;-999;-999;-999;    3;   0.0;   0;-999;   0;  -999;  11.4;    -999;   11.0;   87.17;   15.9;    8.8;    4.6;eor
       2319;20181026;-999;-999;-999;    3;   0.0;   0;-999;   0;  -999;   9.4;    -999;   10.2;   76.83;   16.8;    6.0;    1.9;eor
       2319;20181027;-999;-999;-999;    3;  16.2;   4;-999;   0;  -999;   8.2;    -999;    4.9;   94.00;    6.8;    2.5;    2.5;eor
       2319;20181028;-999;-999;-999;    3;   3.7;   4;-999;   0;  -999;   7.5;    -999;    2.9;   99.17;    3.7;    2.3;    2.6;eor
       2319;20181029;-999;-999;-999;    3;   4.3;   4;-999;   0;  -999;   9.2;    -999;    5.9;   98.08;   14.2;    2.7;    3.0;eor
       2319;20181030;-999;-999;-999;    3;   0.0;   0;-999;   0;  -999;   7.0;    -999;    6.9;   71.83;   12.9;   -0.2;   -3.5;eor
       2319;20181031;-999;-999;-999;    3;   0.0;   0;-999;   0;  -999;   6.9;    -999;    3.5;   87.96;    8.7;   -1.4;   -4.6;eor
       2319;20181101;-999;-999;-999;    3;   0.0;   0;-999;   0;  -999;   8.4;    -999;    9.7;   72.00;   16.1;    3.3;    0.0;eor
       2319;20181102;-999;-999;-999;    3;   0.5;   4;-999;   0;  -999;   8.8;    -999;    6.3;   92.33;    9.8;    2.9;    0.3;eor
       2319;20181103;-999;-999;-999;    3;   0.0;   0;-999;   0;  -999;  10.1;    -999;    7.9;   94.71;    9.8;    6.7;    6.3;eor
       2319;20181104;-999;-999;-999;    3;   0.0;   0;-999;   0;  -999;  10.3;    -999;    7.9;   96.71;    9.1;    4.8;    2.3;eor
       2319;20181105;-999;-999;-999;    3;   0.0;   0;-999;   0;  -999;   8.6;    -999;   12.6;   63.63;   22.4;    4.6;    1.1;eor
       2319;20181106;-999;-999;-999;    3;   0.0;   0;-999;   0;  -999;   8.8;    -999;   10.1;   73.08;   21.3;    3.2;   -0.2;eor
       2319;20181107;-999;-999;-999;    3;   0.0;   0;-999;   0;  -999;   9.8;    -999;    9.5;   83.58;   17.8;    3.6;    0.3;eor
       2319;20181108;-999;-999;-999;    3;   0.0;   0;-999;   0;  -999;   9.8;    -999;    8.5;   88.38;   13.7;    5.6;    1.1;eor
       2319;20181109;-999;-999;-999;    3;   0.0;   0;-999;   0;  -999;   9.4;    -999;    6.2;   99.08;    9.1;    4.6;    4.3;eor
       2319;20181110;-999;-999;-999;    3;   0.0;   0;-999;   0;  -999;   9.1;    -999;    6.0;   96.79;   12.5;    2.7;   -0.2;eor
       2319;20181111;-999;-999;-999;    3;   0.0;   0;-999;   0;  -999;   9.3;    -999;    7.4;   91.29;   15.7;    3.0;   -0.4;eor
       2319;20181112;-999;-999;-999;    3;   0.0;   0;-999;   0;  -999;   9.0;    -999;    8.7;   81.88;   18.2;    2.6;   -0.7;eor
       2319;20181113;-999;-999;-999;    3;   0.0;   4;-999;   0;  -999;   8.9;    -999;    7.9;   84.13;   14.3;    2.8;   -0.9;eor
       2319;20181114;-999;-999;-999;    3;   0.0;   0;-999;   0;  -999;   8.4;    -999;    4.8;   97.63;    8.7;    1.8;   -1.5;eor
       2319;20181115;-999;-999;-999;    3;   0.0;   0;-999;   0;  -999;   7.9;    -999;    3.7;   99.21;    4.6;    2.7;    2.1;eor
       2319;20181116;-999;-999;-999;    3;   0.0;   0;-999;   0;  -999;   6.6;    -999;    1.9;   94.75;    2.7;    0.3;   -3.3;eor
       2319;20181117;-999;-999;-999;    3;   0.0;   0;-999;   0;  -999;   5.5;    -999;    1.2;   83.00;    6.5;   -1.9;   -3.6;eor
       2319;20181118;-999;-999;-999;    3;   1.6;   4;-999;   0;  -999;   5.0;    -999;   -0.7;   86.21;    3.9;   -3.0;   -5.4;eor
       2319;20181119;-999;-999;-999;    3;   0.1;   4;-999;   2;  -999;   5.1;    -999;   -1.7;   95.38;   -0.9;   -2.6;   -2.4;eor
       2319;20181120;-999;-999;-999;    3;   0.0;   0;-999;   2;  -999;   5.3;    -999;   -0.6;   90.88;    5.1;   -3.6;   -6.9;eor
       2319;20181121;-999;-999;-999;    3;   0.0;   0;-999;   0;  -999;   5.5;    -999;   -1.5;  100.00;   -0.8;   -2.6;   -2.2;eor
       2319;20181122;-999;-999;-999;    3;   0.0;   0;-999;   0;  -999;   5.8;    -999;   -0.4;   98.08;    4.5;   -3.2;   -6.4;eor
       2319;20181123;-999;-999;-999;    3;   0.0;   0;-999;   0;  -999;   5.8;    -999;   -0.8;   99.71;    1.0;   -3.4;   -6.5;eor
       2319;20181124;-999;-999;-999;    3;   2.6;   4;-999;   0;  -999;   7.5;    -999;    3.0;   98.71;    6.5;    0.6;   -1.8;eor
       2319;20181125;-999;-999;-999;    3;   1.6;   4;-999;   0;  -999;   6.6;    -999;    1.1;  100.00;    2.4;   -1.3;   -3.7;eor
       2319;20181126;-999;-999;-999;    3;   9.4;   4;-999;   0;  -999;   6.6;    -999;    1.1;  100.00;    2.2;   -0.2;   -0.1;eor
       2319;20181127;-999;-999;-999;    3;   3.1;   4;-999;   8;  -999;   6.1;    -999;    0.1;   98.33;    1.0;   -1.3;   -5.5;eor
       2319;20181128;-999;-999;-999;    3;   0.0;   0;-999;   6;  -999;   5.2;    -999;   -2.1;   98.92;   -0.1;   -5.0;  -10.6;eor
       2319;20181129;-999;-999;-999;    3;   0.0;   0;-999;   5;  -999;   5.3;    -999;   -1.4;   95.67;    2.5;   -4.9;   -8.0;eor
       2319;20181130;-999;-999;-999;    3;   5.6;   4;-999;   4;  -999;   7.0;    -999;    2.4;   96.21;    3.9;    0.2;   -0.8;eor
       2319;20181201;-999;-999;-999;    3;   0.0;   0;-999;   0;  -999;   7.5;    -999;    3.8;   93.21;    8.5;    0.2;   -3.7;eor
       2319;20181202;-999;-999;-999;    3;   8.9;   4;-999;   0;  -999;   8.1;    -999;    5.4;   89.33;    8.7;    1.5;   -2.1;eor
       2319;20181203;-999;-999;-999;    3;   2.2;   4;-999;   0;  -999;  10.1;    -999;   10.4;   80.71;   13.2;    7.9;    6.5;eor
       2319;20181204;-999;-999;-999;    3;  13.5;   4;-999;   0;  -999;   8.1;    -999;    5.9;   87.92;    9.4;    2.5;    2.2;eor
       2319;20181205;-999;-999;-999;    3;   4.9;   4;-999;   0;  -999;   7.4;    -999;    2.9;   98.25;    4.2;    2.2;    2.0;eor
       2319;20181206;-999;-999;-999;    3;   0.3;   4;-999;   0;  -999;   9.3;    -999;    6.8;   93.75;   10.0;    2.4;    2.4;eor
       2319;20181207;-999;-999;-999;    3;   5.2;   4;-999;   0;  -999;   8.9;    -999;    8.4;   81.33;   11.6;    5.2;    1.6;eor
       2319;20181208;-999;-999;-999;    3;   2.8;   4;-999;   0;  -999;   6.1;    -999;    5.1;   69.75;    7.3;    2.2;    0.3;eor
       2319;20181209;-999;-999;-999;    3;  14.5;   4;-999;   0;  -999;   7.3;    -999;    4.7;   86.04;    9.1;    2.1;    1.2;eor
       2319;20181210;-999;-999;-999;    3;   9.2;   4;-999;   0;  -999;   6.3;    -999;    1.4;   93.25;    3.5;   -0.7;   -1.3;eor
       2319;20181211;-999;-999;-999;    3;   2.9;   4;-999;   8;  -999;   5.4;    -999;   -0.8;   93.96;    0.6;   -1.5;   -3.0;eor
       2319;20181212;-999;-999;-999;    3;   1.4;   4;-999;  10;  -999;   5.1;    -999;   -1.4;   92.67;    0.0;   -2.4;   -6.7;eor
       2319;20181213;-999;-999;-999;    3;   0.0;   0;-999;   8;  -999;   4.7;    -999;   -2.6;   92.38;   -1.6;   -3.6;   -3.7;eor
       2319;20181214;-999;-999;-999;    3;   0.0;   0;-999;   6;  -999;   3.9;    -999;   -4.2;   86.08;   -3.5;   -4.8;   -4.8;eor
       2319;20181215;-999;-999;-999;    3;   0.0;   0;-999;   5;  -999;   3.5;    -999;   -5.3;   84.71;   -3.5;  -10.0;  -13.9;eor
       2319;20181216;-999;-999;-999;    3;   4.0;   4;-999;   5;  -999;   4.8;    -999;   -2.5;   90.58;    4.3;  -10.0;  -13.8;eor
       2319;20181217;-999;-999;-999;    3;   1.6;   4;-999;   4;  -999;   5.5;    -999;   -0.6;   93.33;    4.0;   -5.6;   -9.8;eor
       2319;20181218;-999;-999;-999;    3;   0.0;   0;-999;   4;  -999;   5.2;    -999;   -0.3;   87.75;    5.3;   -5.1;   -9.1;eor
       2319;20181219;-999;-999;-999;    3;   2.1;   4;-999;   3;  -999;   5.2;    -999;    0.2;   83.79;    4.9;   -6.4;   -9.8;eor
       2319;20181220;-999;-999;-999;    3;   0.0;   0;-999;   2;  -999;   6.3;    -999;    3.1;   82.71;    6.3;    1.4;   -2.5;eor
       2319;20181221;-999;-999;-999;    3;   7.7;   4;-999;   0;  -999;   6.8;    -999;    4.7;   77.88;   10.1;    0.2;   -3.1;eor
       2319;20181222;-999;-999;-999;    3;   6.7;   4;-999;   0;  -999;   8.9;    -999;    8.7;   78.88;   11.0;    6.5;    5.2;eor
       2319;20181223;-999;-999;-999;    3;  20.3;   4;-999;   0;  -999;   8.7;    -999;    6.6;   89.50;    9.8;    4.7;    3.9;eor
       2319;20181224;-999;-999;-999;    3;   9.2;   4;-999;   0;  -999;   7.5;    -999;    3.7;   92.46;   10.3;    0.7;   -0.3;eor
       2319;20181225;-999;-999;-999;    3;   0.0;   0;-999;   0;  -999;   5.5;    -999;   -0.3;   92.33;    1.3;   -4.0;   -7.4;eor
       2319;20181226;-999;-999;-999;    3;   0.0;   0;-999;   0;  -999;   4.5;    -999;   -1.3;   82.17;    6.0;   -5.6;   -8.4;eor
       2319;20181227;-999;-999;-999;    3;   0.0;   0;-999;   0;  -999;   4.7;    -999;   -1.4;   85.67;    6.9;   -5.7;   -8.3;eor
       2319;20181228;-999;-999;-999;    3;   0.0;   0;-999;   0;  -999;   5.0;    -999;    0.6;   80.83;    7.1;   -3.3;   -6.6;eor
       2319;20181229;-999;-999;-999;    3;   8.7;   4;-999;   0;  -999;   5.1;    -999;   -1.2;   91.21;    0.3;   -2.6;   -4.3;eor
       2319;20181230;-999;-999;-999;    3;   9.3;   4;-999;   2;  -999;   6.4;    -999;    1.1;   96.67;    1.8;   -0.2;   -0.3;eor
       2319;20181231;-999;-999;-999;    3;  10.8;   4;-999;   1;  -999;   6.7;    -999;    1.4;   98.46;    2.6;    0.5;    0.0;eor
       2319;20190101;-999;-999;-999;    3;   5.9;   4;-999;   1;  -999;   6.7;    -999;    2.3;   93.13;    3.0;    1.0;   -1.1;eor
       2319;20190102;-999;-999;-999;    3;   3.7;   4;-999;   4;  -999;   5.1;    -999;   -1.5;   92.58;    1.5;   -4.2;   -9.7;eor
       2319;20190103;-999;-999;-999;    3;   0.0;   4;-999;   8;  -999;   3.7;    -999;   -3.8;   80.83;   -1.9;   -5.7;   -9.2;eor
       2319;20190104;-999;-999;-999;    3;   6.0;   4;-999;   8;  -999;   4.5;    -999;   -2.8;   90.00;   -1.9;   -3.4;   -4.0;eor
       2319;20190105;-999;-999;-999;    3;  49.7;   4;-999;  13;  -999;   5.6;    -999;   -1.0;   98.08;    0.1;   -2.3;   -2.5;eor
       2319;20190106;-999;-999;-999;    3;  18.7;   4;-999;  57;  -999;   6.2;    -999;    0.2;  100.00;    0.5;    0.0;   -0.2;eor
       2319;20190107;-999;-999;-999;    3;   7.7;   4;-999;  50;  -999;   6.1;    -999;    0.2;   98.29;    0.7;   -0.6;   -1.2;eor
       2319;20190108;-999;-999;-999;    3;  14.3;   4;-999;  48;  -999;   6.1;    -999;    0.6;   94.92;    1.8;   -0.7;   -2.1;eor
       2319;20190109;-999;-999;-999;    3;  20.0;   4;-999;  51;  -999;   5.4;    -999;   -1.4;   97.13;    0.5;   -2.7;   -1.5;eor
       2319;20190110;-999;-999;-999;    3;   8.3;   4;-999;  76;  -999;   4.9;    -999;   -2.6;   97.33;   -1.4;   -4.2;   -3.5;eor
       2319;20190111;-999;-999;-999;    3;   6.7;   4;-999;  81;  -999;   4.1;    -999;   -4.0;   89.08;   -1.7;   -6.4;   -6.8;eor
       2319;20190112;-999;-999;-999;    3;  13.9;   4;-999;  82;  -999;   5.9;    -999;    0.2;   94.92;    1.4;   -2.0;   -2.0;eor
       2319;20190113;-999;-999;-999;    3;  28.1;   4;-999;  72;  -999;   6.5;    -999;    1.6;   94.79;    3.8;    0.4;    0.0;eor
       2319;20190114;-999;-999;-999;    3;   8.2;   4;-999;  60;  -999;   6.2;    -999;    0.8;   95.17;    3.1;   -1.2;   -2.2;eor
       2319;20190115;-999;-999;-999;    3;   0.0;   0;-999;  59;  -999;   5.0;    -999;   -0.3;   83.83;    1.7;   -2.5;   -7.8;eor
       2319;20190116;-999;-999;-999;    3;   0.0;   0;-999;  55;  -999;   4.7;    -999;   -0.3;   79.67;    8.8;   -6.0;  -12.4;eor
       2319;20190117;-999;-999;-999;    3;   1.4;   4;-999;  54;  -999;   5.2;    -999;    2.9;   69.83;    9.6;   -0.7;   -7.3;eor
       2319;20190118;-999;-999;-999;    3;   0.0;   0;-999;  50;  -999;   4.1;    -999;   -1.8;   78.00;    2.4;   -6.7;  -12.3;eor
       2319;20190119;-999;-999;-999;    3;   0.0;   0;-999;  49;  -999;   3.2;    -999;   -6.9;   86.67;   -1.0;  -11.3;  -16.9;eor
       2319;20190120;-999;-999;-999;    3;   0.0;   4;-999;  48;  -999;   3.4;    -999;   -5.6;   82.25;    0.9;  -12.2;  -16.6;eor
       2319;20190121;-999;-999;-999;    3;   0.0;   0;-999;  47;  -999;   4.4;    -999;   -3.8;   94.21;   -1.9;   -5.0;   -4.9;eor
       2319;20190122;-999;-999;-999;    3;   0.0;   0;-999;  47;  -999;   4.1;    -999;   -4.4;   92.21;   -1.7;   -6.0;   -5.7;eor
       2319;20190123;-999;-999;-999;    3;   0.0;   0;-999;  47;  -999;   3.6;    -999;   -5.7;   89.92;   -4.1;   -6.8;   -7.2;eor
       2319;20190124;-999;-999;-999;    3;   0.4;   4;-999;  46;  -999;   3.6;    -999;   -4.4;   81.42;   -1.5;   -5.9;   -6.7;eor
       2319;20190125;-999;-999;-999;    3;   0.7;   4;-999;  48;  -999;   3.2;    -999;   -6.1;   82.00;   -3.3;  -10.1;  -18.6;eor
       2319;20190126;-999;-999;-999;    3;   6.1;   4;-999;  50;  -999;   5.5;    -999;   -0.1;   88.25;    3.5;   -7.3;   -7.8;eor
       2319;20190127;-999;-999;-999;    3;   0.5;   4;-999;  48;  -999;   5.9;    -999;    2.4;   82.75;    7.4;   -1.3;   -4.7;eor
       2319;20190128;-999;-999;-999;    3;   2.9;   4;-999;  46;  -999;   4.7;    -999;    0.2;   76.50;    2.6;   -1.3;   -1.9;eor
       2319;20190129;-999;-999;-999;    3;   0.0;   4;-999;  48;  -999;   4.4;    -999;   -1.9;   82.71;    3.2;   -8.0;  -15.2;eor
       2319;20190130;-999;-999;-999;    3;   0.0;   0;-999;  45;  -999;   3.4;    -999;   -3.8;   75.46;    2.8;  -11.8;  -18.6;eor
       2319;20190131;-999;-999;-999;    3;   0.0;   0;-999;  44;  -999;   3.3;    -999;   -2.6;   67.46;    4.0;   -9.2;  -16.6;eor
       2319;20190201;-999;-999;-999;    3;   1.6;   4;-999;  44;  -999;   4.4;    -999;   -0.3;   74.50;    5.5;   -3.1;   -6.5;eor
       2319;20190202;-999;-999;-999;    3;  24.2;   4;-999;  43;  -999;   6.4;    -999;    1.7;   92.46;    4.7;   -0.4;   -3.0;eor
       2319;20190203;-999;-999;-999;    3;  20.7;   4;-999;  58;  -999;   5.6;    -999;   -0.9;   97.58;    0.3;   -2.5;   -2.7;eor
       2319;20190204;-999;-999;-999;    3;   0.0;   0;-999;  75;  -999;   4.8;    -999;   -2.2;   91.75;    0.8;   -5.5;  -10.6;eor
       2319;20190205;-999;-999;-999;    3;   0.0;   0;-999;  70;  -999;   3.7;    -999;   -4.8;   87.25;    4.3;  -10.6;  -17.2;eor
       2319;20190206;-999;-999;-999;    3;   0.0;   0;-999;  68;  -999;   3.4;    -999;   -6.7;   90.46;    1.8;  -12.2;  -17.4;eor
       2319;20190207;-999;-999;-999;    3;   8.0;   4;-999;  65;  -999;   4.8;    -999;   -1.6;   83.88;    7.3;  -11.6;  -16.7;eor
       2319;20190208;-999;-999;-999;    3;   0.0;   0;-999;  59;  -999;   5.4;    -999;    1.7;   80.00;    9.3;   -1.9;   -7.3;eor
       2319;20190209;-999;-999;-999;    3;   0.1;   4;-999;  56;  -999;   5.8;    -999;    4.5;   68.38;    7.3;    0.7;   -4.7;eor
       2319;20190210;-999;-999;-999;    3;   3.8;   4;-999;  49;  -999;   5.5;    -999;    5.3;   64.92;   13.1;    0.9;   -3.5;eor
       2319;20190211;-999;-999;-999;    3;  10.4;   4;-999;  45;  -999;   5.8;    -999;    0.5;   91.54;    3.0;   -0.5;   -1.4;eor
       2319;20190212;-999;-999;-999;    3;   0.2;   4;-999;  54;  -999;   5.2;    -999;   -0.6;   89.17;    1.0;   -2.6;   -9.6;eor
       2319;20190213;-999;-999;-999;    3;   0.0;   0;-999;  51;  -999;   4.5;    -999;   -1.2;   82.25;    8.1;   -6.0;  -14.2;eor
       2319;20190214;-999;-999;-999;    3;   0.0;   0;-999;  47;  -999;   5.0;    -999;    1.2;   78.92;   11.7;   -5.3;  -11.3;eor
       2319;20190215;-999;-999;-999;    3;   0.0;   0;-999;  44;  -999;   4.8;    -999;    1.4;   74.29;   12.8;   -6.2;  -11.3;eor
       2319;20190216;-999;-999;-999;    3;   0.0;   0;-999;  41;  -999;   4.2;    -999;    2.9;   62.33;   15.1;   -5.0;  -10.2;eor
       2319;20190217;-999;-999;-999;    3;   0.0;   0;-999;  38;  -999;   4.0;    -999;    3.4;   57.67;   17.3;   -4.0;   -9.8;eor
       2319;20190218;-999;-999;-999;    3;   0.0;   0;-999;  38;  -999;   4.0;    -999;    2.7;   59.13;   14.4;   -3.9;  -10.4;eor
       2319;20190219;-999;-999;-999;    3;   0.0;   0;-999;  36;  -999;   5.3;    -999;    5.3;   61.08;   11.6;   -1.6;   -7.3;eor
       2319;20190220;-999;-999;-999;    3;   0.0;   0;-999;  33;  -999;   6.5;    -999;    4.0;   80.33;    9.1;    1.1;   -1.9;eor
       2319;20190221;-999;-999;-999;    3;   1.9;   4;-999;  31;  -999;   6.4;    -999;    5.8;   70.17;   11.4;    1.3;   -1.5;eor
       2319;20190222;-999;-999;-999;    3;   3.8;   4;-999;  29;  -999;   7.9;    -999;    4.5;   92.83;    7.1;    2.3;    1.0;eor
       2319;20190223;-999;-999;-999;    3;   0.0;   0;-999;  26;  -999;   3.9;    -999;   -0.2;   64.00;    3.8;   -4.1;   -6.1;eor
       2319;20190224;-999;-999;-999;    3;   0.0;   0;-999;  25;  -999;   3.6;    -999;   -0.3;   60.46;    5.9;   -5.7;   -8.3;eor
       2319;20190225;-999;-999;-999;    3;   0.0;   0;-999;  24;  -999;   5.4;    -999;    2.5;   73.79;   11.3;   -4.4;   -7.6;eor
       2319;20190226;-999;-999;-999;    3;   0.0;   0;-999;  22;  -999;   5.7;    -999;    5.9;   65.50;   16.1;   -1.5;   -5.0;eor
       2319;20190227;-999;-999;-999;    3;   0.0;   0;-999;  20;  -999;   5.5;    -999;    6.8;   60.33;   16.0;    0.1;   -3.0;eor
       2319;20190228;-999;-999;-999;    3;   0.0;   0;-999;  16;  -999;   5.5;    -999;    9.8;   47.63;   15.8;    2.0;   -2.1;eor
       2319;20190301;-999;-999;-999;    3;   7.7;   4;-999;   9;  -999;   7.4;    -999;    5.2;   83.88;    8.0;    3.7;    3.2;eor
       2319;20190302;-999;-999;-999;    3;   0.2;   4;-999;   4;  -999;   7.0;    -999;    4.5;   83.50;    7.1;    3.1;    1.4;eor
       2319;20190303;-999;-999;-999;    3;   0.0;   0;-999;   0;  -999;   6.5;    -999;    7.6;   63.75;   13.6;    3.7;    1.5;eor
       2319;20190304;-999;-999;-999;    3;   0.1;   4;-999;   0;  -999;   5.3;    -999;    7.4;   52.50;   15.6;    3.1;    2.0;eor
       2319;20190305;-999;-999;-999;    3;   0.3;   4;-999;   0;  -999;   5.6;    -999;    4.9;   65.75;    8.9;    1.8;    0.7;eor
       2319;20190306;-999;-999;-999;    3;   0.0;   0;-999;   0;  -999;   6.1;    -999;    6.3;   67.88;   13.8;   -1.4;   -3.1;eor
       2319;20190307;-999;-999;-999;    3;   5.5;   4;-999;   0;  -999;   6.7;    -999;    7.1;   68.63;   12.0;    3.5;    1.4;eor
       2319;20190308;-999;-999;-999;    3;   0.0;   4;-999;   0;  -999;   6.2;    -999;    5.0;   71.54;    8.9;    3.0;    1.0;eor
       2319;20190309;-999;-999;-999;    3;   2.4;   4;-999;   0;  -999;   6.9;    -999;    7.5;   66.79;   12.5;    3.0;    2.0;eor
       2319;20190310;-999;-999;-999;    3;   4.8;   4;-999;   0;  -999;   8.2;    -999;    8.7;   72.88;   13.0;    4.4;    3.7;eor
       2319;20190311;-999;-999;-999;    3;   3.8;   4;-999;   0;  -999;   4.9;    -999;    1.4;   74.29;    4.6;   -1.2;   -1.8;eor
       2319;20190312;-999;-999;-999;    3;   2.1;   4;-999;   2;  -999;   4.3;    -999;    3.4;   57.33;    8.6;    0.2;   -0.4;eor
       2319;20190313;-999;-999;-999;    3;   0.2;   4;-999;   0;  -999;   5.3;    -999;    4.1;   65.21;    8.0;    1.2;    0.5;eor
       2319;20190314;-999;-999;-999;    3;   6.4;   4;-999;   0;  -999;   6.3;    -999;    3.1;   82.50;    5.5;    1.2;    0.8;eor
       2319;20190315;-999;-999;-999;    3;  15.7;   4;-999;   0;  -999;   7.9;    -999;    5.7;   86.17;    9.3;    2.3;    2.2;eor
       2319;20190316;-999;-999;-999;    3;   0.0;   0;-999;   0;  -999;   7.2;    -999;    9.9;   60.13;   16.0;    4.1;   -2.0;eor
       2319;20190317;-999;-999;-999;    3;   8.6;   4;-999;   0;  -999;   5.1;    -999;    8.6;   52.58;   19.1;    0.2;   -4.5;eor
       2319;20190318;-999;-999;-999;    3;   3.6;   4;-999;   2;  -999;   6.0;    -999;    1.4;   88.75;    4.5;    0.2;   -1.2;eor
       2319;20190319;-999;-999;-999;    3;   0.1;   4;-999;   0;  -999;   5.7;    -999;    1.9;   82.00;    7.3;   -0.8;   -3.6;eor
       2319;20190320;-999;-999;-999;    3;   0.0;   0;-999;   0;  -999;   4.6;    -999;    1.8;   69.83;    8.0;   -3.4;   -6.5;eor
       2319;20190321;-999;-999;-999;    3;   0.0;   0;-999;   0;  -999;   4.8;    -999;    3.0;   67.92;   11.4;   -4.5;   -7.5;eor
       2319;20190322;-999;-999;-999;    3;   0.0;   0;-999;   0;  -999;   5.7;    -999;    6.1;   64.38;   15.4;   -3.1;   -6.2;eor
       2319;20190323;-999;-999;-999;    3;   0.0;   0;-999;   0;  -999;   5.9;    -999;    9.4;   54.88;   18.9;    1.0;   -3.5;eor
       2319;20190324;-999;-999;-999;    3;   0.0;   0;-999;   0;  -999;   6.8;    -999;    9.6;   60.92;   17.9;    0.1;   -3.0;eor
       2319;20190325;-999;-999;-999;    3;   1.0;   4;-999;   0;  -999;   6.3;    -999;    4.6;   74.00;    7.8;    0.6;   -0.9;eor
       2319;20190326;-999;-999;-999;    3;   0.1;   4;-999;   0;  -999;   4.9;    -999;    2.6;   68.50;    6.4;    0.2;   -0.8;eor
       2319;20190327;-999;-999;-999;    3;   0.0;   0;-999;   0;  -999;   5.9;    -999;    3.6;   75.75;    6.5;    0.7;    0.3;eor
       2319;20190328;-999;-999;-999;    3;   0.0;   0;-999;   0;  -999;   6.5;    -999;    6.7;   67.54;   11.6;    2.5;    1.6;eor
       2319;20190329;-999;-999;-999;    3;   0.0;   0;-999;   0;  -999;   6.9;    -999;    6.9;   71.83;   14.7;   -0.3;   -3.9;eor
       2319;20190330;-999;-999;-999;    3;   0.0;   0;-999;   0;  -999;   6.3;    -999;    8.5;   62.17;   18.0;   -0.6;   -4.5;eor
       2319;20190331;-999;-999;-999;    3;   0.0;   0;-999;   0;  -999;   6.3;    -999;    8.9;   60.25;   17.2;    0.6;   -3.3;eor
       2319;20190401;-999;-999;-999;    3;   0.0;   0;-999;   0;  -999;   7.6;    -999;    7.4;   74.63;   15.1;    0.5;   -3.1;eor
       2319;20190402;-999;-999;-999;    3;   0.0;   0;-999;   0;  -999;   6.6;    -999;   11.0;   56.46;   20.3;    1.3;   -2.1;eor
       2319;20190403;-999;-999;-999;    3;   0.0;   0;-999;   0;  -999;   6.2;    -999;   12.2;   46.46;   18.9;    4.5;    1.2;eor
       2319;20190404;-999;-999;-999;    3;   0.0;   0;-999;   0;  -999;   7.0;    -999;    5.4;   77.92;   12.5;    1.7;   -2.1;eor
       2319;20190405;-999;-999;-999;    3;   0.0;   0;-999;   0;  -999;   6.6;    -999;    4.1;   81.63;    8.8;    1.2;   -1.9;eor
       2319;20190406;-999;-999;-999;    3;   0.0;   0;-999;   0;  -999;   8.0;    -999;    8.2;   75.13;   15.6;    1.6;   -1.5;eor
       2319;20190407;-999;-999;-999;    3;   6.0;   4;-999;   0;  -999;   8.5;    -999;    9.0;   75.13;   16.0;    1.6;   -1.8;eor
       2319;20190408;-999;-999;-999;    3;   3.0;   4;-999;   0;  -999;   9.2;    -999;    7.0;   91.50;    8.7;    5.7;    5.7;eor
       2319;20190409;-999;-999;-999;    3;   1.7;   4;-999;   0;  -999;   9.4;    -999;   10.0;   78.13;   15.5;    5.8;    4.1;eor
       2319;20190410;-999;-999;-999;    3;   0.4;   4;-999;   0;  -999;   9.6;    -999;    7.4;   93.08;    8.5;    6.5;    6.0;eor
       2319;20190411;-999;-999;-999;    3;   0.0;   0;-999;   0;  -999;   7.8;    -999;    6.2;   82.21;    8.8;    3.9;    3.8;eor
       2319;20190412;-999;-999;-999;    3;   0.0;   0;-999;   0;  -999;   5.6;    -999;    4.4;   66.79;    7.6;    1.5;    1.4;eor
       2319;20190413;-999;-999;-999;    3;   0.0;   0;-999;   0;  -999;   5.5;    -999;    4.4;   65.58;    8.6;    1.2;    0.7;eor
       2319;20190414;-999;-999;-999;    3;   0.1;   4;-999;   0;  -999;   5.8;    -999;    4.0;   71.54;    6.8;    1.6;    0.8;eor
       2319;20190415;-999;-999;-999;    3;   0.0;   0;-999;   0;  -999;   6.9;    -999;    6.5;   73.46;   12.6;    1.0;   -3.1;eor
       2319;20190416;-999;-999;-999;    3;   0.0;   0;-999;   0;  -999;   6.5;    -999;    8.9;   61.46;   17.8;   -1.1;   -5.0;eor
       2319;20190417;-999;-999;-999;    3;   0.0;   0;-999;   0;  -999;   6.5;    -999;   11.0;   52.63;   17.8;    4.0;   -0.5;eor
       2319;20190418;-999;-999;-999;    3;   0.0;   0;-999;   0;  -999;   7.0;    -999;   10.9;   56.79;   19.0;    1.4;   -3.2;eor
       2319;20190419;-999;-999;-999;    3;   0.0;   0;-999;   0;  -999;   6.7;    -999;   12.2;   52.75;   21.1;    2.0;   -2.4;eor
       2319;20190420;-999;-999;-999;    3;   0.0;   0;-999;   0;  -999;   6.7;    -999;   12.2;   51.71;   21.6;    2.4;   -2.3;eor
       2319;20190421;-999;-999;-999;    3;   0.0;   0;-999;   0;  -999;   6.3;    -999;   12.6;   48.54;   22.2;    2.4;   -2.5;eor
       2319;20190422;-999;-999;-999;    3;   0.0;   0;-999;   0;  -999;   6.8;    -999;   13.4;   47.96;   22.5;    2.6;   -2.7;eor
       2319;20190423;-999;-999;-999;    3;   0.0;   0;-999;   0;  -999;   7.5;    -999;   15.0;   46.88;   21.8;    7.9;    3.7;eor
       2319;20190424;-999;-999;-999;    3;   0.0;   0;-999;   0;  -999;   7.3;    -999;   16.9;   40.83;   24.9;    8.7;    2.3;eor
       2319;20190425;-999;-999;-999;    3;   0.0;   0;-999;   0;  -999;   7.7;    -999;   15.4;   49.13;   23.5;    5.3;   -0.1;eor
       2319;20190426;-999;-999;-999;    3;   3.7;   4;-999;   0;  -999;   8.1;    -999;    7.5;   79.38;   12.5;    4.1;    1.6;eor
       2319;20190427;-999;-999;-999;    3;   5.1;   4;-999;   0;  -999;   8.1;    -999;    7.8;   78.88;   14.1;    3.9;    3.6;eor
       2319;20190428;-999;-999;-999;    3;   0.4;   4;-999;   0;  -999;   6.7;    -999;    4.8;   79.92;    8.8;    2.0;    1.4;eor
       2319;20190429;-999;-999;-999;    3;  21.9;   4;-999;   0;  -999;   7.9;    -999;    4.6;   92.67;    7.3;    3.0;    2.7;eor
       2319;20190430;-999;-999;-999;    3;   0.1;   4;-999;   0;  -999;   8.6;    -999;    6.4;   89.71;   10.2;    4.1;    3.6;eor
       2319;20190501;-999;-999;-999;    3;   0.0;   0;-999;-999;  -999;   6.8;    -999;    9.8;   61.00;   16.8;    1.8;   -2.0;eor
       2319;20190502;-999;-999;-999;    3;  10.4;   4;-999;-999;  -999;   7.3;    -999;   11.8;   57.08;   19.8;    3.3;   -1.7;eor
       2319;20190503;-999;-999;-999;    3;   1.1;   4;-999;-999;  -999;   9.5;    -999;    7.9;   89.00;   11.3;    5.0;    1.2;eor
       2319;20190504;-999;-999;-999;    3;   6.8;   4;-999;-999;  -999;   7.6;    -999;    5.7;   84.21;   13.2;    0.3;   -0.8;eor
       2319;20190505;-999;-999;-999;    3;   1.8;   4;-999;-999;  -999;   6.3;    -999;    2.0;   89.08;    5.5;    0.6;    0.3;eor
       2319;20190506;-999;-999;-999;    3;   0.0;   0;-999;-999;  -999;   6.1;    -999;    3.8;   77.46;    8.0;    0.6;    0.1;eor
       2319;20190507;-999;-999;-999;    3;   0.0;   0;-999;-999;  -999;   5.8;    -999;    6.8;   62.08;   13.1;   -0.7;   -3.2;eor
       2319;20190508;-999;-999;-999;    3;   3.0;   4;-999;-999;  -999;   7.7;    -999;   10.7;   61.71;   15.5;    3.6;    0.7;eor
       2319;20190509;-999;-999;-999;    3;   0.6;   4;-999;-999;  -999;   8.8;    -999;   10.7;   70.29;   16.3;    6.4;    5.8;eor
       2319;20190510;-999;-999;-999;    3;   0.1;   4;-999;-999;  -999;   9.4;    -999;   10.6;   73.88;   15.6;    6.8;    3.1;eor
       2319;20190511;-999;-999;-999;    3;  22.0;   4;-999;-999;  -999;   9.6;    -999;    9.7;   80.21;   15.4;    5.7;    5.8;eor
       2319;20190512;-999;-999;-999;    3;  19.1;   4;-999;-999;  -999;   7.9;    -999;    4.3;   95.04;    5.7;    2.3;    2.8;eor
       2319;20190513;-999;-999;-999;    3;   0.1;   4;-999;-999;  -999;   7.8;    -999;    6.8;   79.79;   10.7;    2.5;   -1.2;eor
       2319;20190514;-999;-999;-999;    3;   4.9;   4;-999;-999;  -999;   6.3;    -999;    4.4;   77.29;   10.2;    1.1;   -2.1;eor
       2319;20190515;-999;-999;-999;    3;   0.5;   4;-999;-999;  -999;   7.4;    -999;    4.1;   89.96;    6.2;    2.5;    2.7;eor
       2319;20190516;-999;-999;-999;    3;   0.0;   0;-999;-999;  -999;   8.1;    -999;    6.7;   82.88;   11.6;    3.4;    0.4;eor
       2319;20190517;-999;-999;-999;    3;   0.0;   0;-999;-999;  -999;   9.6;    -999;   11.0;   75.92;   19.2;    2.0;   -0.5;eor
       2319;20190518;-999;-999;-999;    3;   0.0;   0;-999;-999;  -999;   8.8;    -999;   13.7;   60.29;   21.0;    4.4;    0.9;eor
       2319;20190519;-999;-999;-999;    3;  15.4;   4;-999;-999;  -999;  10.7;    -999;   13.9;   69.17;   22.2;    8.3;    5.0;eor
       2319;20190520;-999;-999;-999;    3;  92.3;   4;-999;-999;  -999;  12.0;    -999;   10.0;   96.88;   10.9;    9.3;    9.1;eor
       2319;20190521;-999;-999;-999;    3;  13.2;   4;-999;-999;  -999;  11.4;    -999;    9.5;   95.79;   11.2;    8.9;    8.8;eor
       2319;20190522;-999;-999;-999;    3;   2.7;   4;-999;-999;  -999;  11.9;    -999;   10.1;   96.08;   12.4;    8.0;    6.0;eor
       2319;20190523;-999;-999;-999;    3;   0.0;   0;-999;-999;  -999;   9.8;    -999;   12.0;   73.13;   18.9;    6.4;    3.5;eor
       2319;20190524;-999;-999;-999;    3;   0.0;   0;-999;-999;  -999;   9.3;    -999;   13.8;   62.88;   21.6;    4.6;    2.1;eor
       2319;20190525;-999;-999;-999;    3;  18.5;   4;-999;-999;  -999;  10.9;    -999;   13.6;   73.33;   21.3;    7.3;    4.7;eor
       2319;20190526;-999;-999;-999;    3;   0.0;   0;-999;-999;  -999;  11.5;    -999;   14.0;   74.13;   20.1;    9.5;    6.9;eor
       2319;20190527;-999;-999;-999;    3;  14.2;   4;-999;-999;  -999;  12.2;    -999;   13.3;   80.96;   18.2;    8.7;    6.2;eor
       2319;20190528;-999;-999;-999;    3;  28.3;   4;-999;-999;  -999;  11.8;    -999;   10.5;   92.42;   12.1;    7.9;    7.8;eor
       2319;20190529;-999;-999;-999;    3;   6.5;   4;-999;-999;  -999;  10.4;    -999;    9.1;   89.92;   12.4;    7.6;    7.4;eor
       2319;20190530;-999;-999;-999;    3;   0.0;   0;-999;-999;  -999;   9.5;    -999;   11.4;   72.50;   17.6;    7.1;    5.6;eor
       2319;20190531;-999;-999;-999;    3;   0.0;   0;-999;-999;  -999;  10.7;    -999;   13.5;   69.83;   19.0;    9.2;    8.0;eor
       2319;20190601;-999;-999;-999;    3;   0.0;   0;-999;-999;  -999;  11.7;    -999;   16.9;   63.75;   24.7;    8.0;    4.9;eor
       2319;20190602;-999;-999;-999;    3;   0.0;   0;-999;-999;  -999;  12.3;    -999;   19.2;   58.96;   26.9;   10.8;    7.7;eor
       2319;20190603;-999;-999;-999;    3;   0.0;   0;-999;-999;  -999;  12.3;    -999;   20.7;   55.38;   28.6;   10.6;    6.7;eor
       2319;20190604;-999;-999;-999;    3;   0.0;   0;-999;-999;  -999;  13.3;    -999;   20.8;   56.88;   28.1;   12.8;    9.8;eor
       2319;20190605;-999;-999;-999;    3;   0.0;   0;-999;-999;  -999;  13.1;    -999;   21.4;   55.38;   29.3;   11.9;    8.8;eor
       2319;20190606;-999;-999;-999;    3;   1.1;   4;-999;-999;  -999;  13.2;    -999;   16.1;   72.96;   19.9;   10.8;   10.0;eor
       2319;20190607;-999;-999;-999;    3;   0.0;   0;-999;-999;  -999;  13.8;    -999;   18.0;   68.79;   26.9;    8.7;    6.0;eor
       2319;20190608;-999;-999;-999;    3;   0.0;   0;-999;-999;  -999;   9.1;    -999;   15.1;   54.42;   20.1;   10.2;    6.6;eor
       2319;20190609;-999;-999;-999;    3;   0.4;   4;-999;-999;  -999;  12.2;    -999;   16.7;   65.71;   24.9;    7.6;    4.3;eor
       2319;20190610;-999;-999;-999;    3;   0.9;   4;-999;-999;  -999;  15.4;    -999;   17.5;   78.29;   25.0;   12.6;   10.7;eor
       2319;20190611;-999;-999;-999;    3;   4.0;   4;-999;-999;  -999;  15.8;    -999;   16.8;   82.46;   24.3;   12.0;   11.9;eor
       2319;20190612;-999;-999;-999;    3;   0.0;   0;-999;-999;  -999;  14.3;    -999;   15.5;   81.25;   20.0;   12.4;   11.2;eor
       2319;20190613;-999;-999;-999;    3;   0.0;   0;-999;-999;  -999;  12.8;    -999;   16.8;   68.83;   23.2;    9.4;    6.2;eor
       2319;20190614;-999;-999;-999;    3;   0.0;   0;-999;-999;  -999;  15.8;    -999;   22.0;   62.00;   31.1;   11.0;    7.3;eor
       2319;20190615;-999;-999;-999;    3;   4.5;   4;-999;-999;  -999;  14.2;    -999;   21.6;   56.08;   25.4;   12.8;   12.7;eor
       2319;20190616;-999;-999;-999;    3;   0.0;   0;-999;-999;  -999;  14.0;    -999;   15.4;   80.50;   19.2;   12.6;   10.0;eor
       2319;20190617;-999;-999;-999;    3;   0.0;   0;-999;-999;  -999;  14.7;    -999;   18.0;   72.88;   24.9;   10.3;    7.6;eor
       2319;20190618;-999;-999;-999;    3;   0.0;   0;-999;-999;  -999;  14.0;    -999;   20.9;   60.88;   28.7;   11.8;    9.0;eor
       2319;20190619;-999;-999;-999;    3;   2.0;   4;-999;-999;  -999;  12.4;    -999;   22.5;   48.25;   29.4;   16.1;   13.9;eor
       2319;20190620;-999;-999;-999;    3;  35.5;   4;-999;-999;  -999;  15.0;    -999;   17.6;   76.46;   25.8;   12.8;   10.9;eor
       2319;20190621;-999;-999;-999;    3;  13.3;   4;-999;-999;  -999;  15.5;    -999;   17.0;   81.54;   24.3;   11.2;    8.9;eor
       2319;20190622;-999;-999;-999;    3;  11.5;   4;-999;-999;  -999;  16.5;    -999;   16.6;   87.88;   22.8;   14.0;   13.7;eor
       2319;20190623;-999;-999;-999;    3;   0.0;   0;-999;-999;  -999;  16.6;    -999;   17.4;   84.13;   23.4;   14.2;   12.2;eor
       2319;20190624;-999;-999;-999;    3;   0.0;   0;-999;-999;  -999;  16.6;    -999;   20.5;   71.71;   27.5;   13.2;   10.6;eor
       2319;20190625;-999;-999;-999;    3;   0.0;   0;-999;-999;  -999;  18.7;    -999;   23.4;   67.38;   32.1;   13.6;   11.0;eor
       2319;20190626;-999;-999;-999;    3;   0.0;   0;-999;-999;  -999;  17.4;    -999;   25.5;   57.21;   33.6;   15.5;   12.5;eor
       2319;20190627;-999;-999;-999;    3;   0.0;   0;-999;-999;  -999;  18.4;    -999;   25.5;   57.13;   32.1;   17.1;   13.5;eor
       2319;20190628;-999;-999;-999;    3;   0.0;   0;-999;-999;  -999;  11.9;    -999;   21.1;   50.50;   28.2;   12.7;    9.3;eor
       2319;20190629;-999;-999;-999;    3;   0.0;   0;-999;-999;  -999;  12.9;    -999;   21.3;   54.13;   29.4;   12.3;    9.0;eor
       2319;20190630;-999;-999;-999;    3;   0.0;   0;-999;-999;  -999;  14.4;    -999;   25.2;   48.88;   33.7;   13.8;   10.9;eor
       2319;20190701;-999;-999;-999;    3;  13.7;   4;-999;-999;  -999;  16.5;    -999;   21.7;   64.17;   31.5;   16.4;   13.5;eor
       2319;20190702;-999;-999;-999;    3;   0.0;   0;-999;-999;  -999;  16.8;    -999;   19.5;   74.92;   24.7;   14.8;   12.6;eor
       2319;20190703;-999;-999;-999;    3;   0.0;   0;-999;-999;  -999;  13.0;    -999;   18.3;   63.46;   23.9;   13.2;   10.7;eor
       2319;20190704;-999;-999;-999;    3;   0.0;   0;-999;-999;  -999;  12.0;    -999;   18.8;   58.71;   26.1;   11.2;    8.6;eor
       2319;20190705;-999;-999;-999;    3;   0.0;   0;-999;-999;  -999;  13.8;    -999;   20.5;   59.33;   27.0;   12.3;    9.2;eor
       2319;20190706;-999;-999;-999;    3;   5.2;   4;-999;-999;  -999;  12.5;    -999;   22.0;   50.17;   29.7;   13.1;    9.8;eor
       2319;20190707;-999;-999;-999;    3;  15.8;   4;-999;-999;  -999;  15.7;    -999;   16.2;   84.96;   21.8;   13.8;   12.5;eor
       2319;20190708;-999;-999;-999;    3;   1.0;   4;-999;-999;  -999;  13.7;    -999;   14.2;   84.79;   16.2;   12.3;   12.2;eor
       2319;20190709;-999;-999;-999;    3;   0.0;   0;-999;-999;  -999;  10.2;    -999;   15.0;   60.54;   19.1;   11.9;   10.9;eor
       2319;20190710;-999;-999;-999;    3;   0.0;   0;-999;-999;  -999;   8.9;    -999;   14.3;   57.17;   21.0;    7.1;    4.7;eor
       2319;20190711;-999;-999;-999;    3;   4.3;   4;-999;-999;  -999;  11.6;    -999;   14.2;   73.00;   20.2;    9.2;    6.5;eor
       2319;20190712;-999;-999;-999;    3;  10.3;   4;-999;-999;  -999;  13.3;    -999;   15.6;   75.71;   19.1;   11.2;   10.9;eor
       2319;20190713;-999;-999;-999;    3;  19.1;   4;-999;-999;  -999;  13.3;    -999;   13.3;   87.17;   17.4;   11.7;   11.1;eor
       2319;20190714;-999;-999;-999;    3;   1.0;   4;-999;-999;  -999;  13.2;    -999;   14.7;   80.79;   20.5;   10.0;    7.9;eor
       2319;20190715;-999;-999;-999;    3;   0.0;   0;-999;-999;  -999;  13.0;    -999;   15.5;   76.33;   22.2;    9.5;    7.3;eor
       2319;20190716;-999;-999;-999;    3;   0.0;   0;-999;-999;  -999;  12.6;    -999;   17.0;   67.88;   23.8;   10.7;    7.9;eor
       2319;20190717;-999;-999;-999;    3;   1.1;   4;-999;-999;  -999;  12.7;    -999;   18.7;   61.67;   25.5;   10.8;    8.0;eor
       2319;20190718;-999;-999;-999;    3;   0.0;   0;-999;-999;  -999;  12.1;    -999;   19.0;   59.21;   26.0;   12.1;    9.6;eor
       2319;20190719;-999;-999;-999;    3;   0.0;   0;-999;-999;  -999;  13.5;    -999;   20.3;   58.38;   26.6;   13.1;   10.1;eor
       2319;20190720;-999;-999;-999;    3;   2.2;   4;-999;-999;  -999;  14.8;    -999;   22.6;   57.08;   29.9;   14.2;   11.8;eor
       2319;20190721;-999;-999;-999;    3;   5.0;   4;-999;-999;  -999;  17.5;    -999;   19.1;   79.58;   24.9;   15.2;   13.0;eor
       2319;20190722;-999;-999;-999;    3;   0.0;   0;-999;-999;  -999;  15.9;    -999;   21.2;   66.67;   28.2;   14.2;   12.0;eor
       2319;20190723;-999;-999;-999;    3;   0.0;   0;-999;-999;  -999;  15.4;    -999;   22.5;   60.38;   30.4;   14.0;   11.6;eor
       2319;20190724;-999;-999;-999;    3;   0.0;   0;-999;-999;  -999;  17.2;    -999;   25.0;   58.04;   33.1;   16.4;   13.8;eor
       2319;20190725;-999;-999;-999;    3;   0.0;   0;-999;-999;  -999;  17.9;    -999;   25.7;   57.29;   33.1;   17.4;   15.0;eor
       2319;20190726;-999;-999;-999;    3;   0.0;   0;-999;-999;  -999;  16.2;    -999;   25.2;   54.21;   32.4;   17.0;   14.4;eor
       2319;20190727;-999;-999;-999;    3;   0.2;   4;-999;-999;  -999;  17.1;    -999;   21.3;   68.38;   26.9;   16.7;   15.3;eor
       2319;20190728;-999;-999;-999;    3;  81.7;   4;-999;-999;  -999;  17.6;    -999;   17.6;   87.25;   20.5;   15.2;   14.3;eor
       2319;20190729;-999;-999;-999;    3;   0.8;   4;-999;-999;  -999;  16.4;    -999;   16.1;   89.79;   21.2;   13.8;   13.8;eor
       2319;20190730;-999;-999;-999;    3;   0.0;   0;-999;-999;  -999;  17.1;    -999;   20.1;   74.83;   26.3;   14.2;   12.3;eor
       2319;20190731;-999;-999;-999;    3;   7.7;   4;-999;-999;  -999;  16.3;    -999;   16.1;   88.79;   19.6;   12.4;    9.8;eor
       2319;20190801;-999;-999;-999;    3;   0.0;   0;-999;-999;  -999;  14.6;    -999;   17.5;   74.92;   24.9;   10.6;    8.5;eor
       2319;20190802;-999;-999;-999;    3;   0.2;   4;-999;-999;  -999;  14.6;    -999;   17.3;   75.58;   23.5;   13.7;   11.0;eor
       2319;20190803;-999;-999;-999;    3;   2.6;   4;-999;-999;  -999;  14.2;    -999;   16.5;   76.04;   20.8;   12.3;    9.7;eor
       2319;20190804;-999;-999;-999;    3;   0.0;   0;-999;-999;  -999;  12.9;    -999;   17.5;   68.00;   24.5;   11.1;    8.6;eor
       2319;20190805;-999;-999;-999;    3;   1.1;   4;-999;-999;  -999;  14.5;    -999;   19.9;   64.13;   28.3;   12.1;    9.1;eor
       2319;20190806;-999;-999;-999;    3;   1.4;   4;-999;-999;  -999;  15.8;    -999;   19.7;   69.58;   25.3;   16.2;   14.9;eor
       2319;20190807;-999;-999;-999;    3;  10.7;   4;-999;-999;  -999;  16.1;    -999;   18.2;   78.25;   24.1;   14.7;   13.4;eor
       2319;20190808;-999;-999;-999;    3;   0.0;   0;-999;-999;  -999;  15.3;    -999;   18.6;   74.21;   25.0;   13.1;   11.3;eor
       2319;20190809;-999;-999;-999;    3;   0.0;   0;-999;-999;  -999;  16.7;    -999;   22.8;   62.75;   30.9;   13.2;   10.5;eor
       2319;20190810;-999;-999;-999;    3;   9.3;   4;-999;-999;  -999;  18.4;    -999;   19.2;   82.75;   22.9;   15.4;   14.2;eor
       2319;20190811;-999;-999;-999;    3;  10.8;   4;-999;-999;  -999;  16.5;    -999;   20.7;   69.33;   26.5;   15.4;   14.5;eor
       2319;20190812;-999;-999;-999;    3;  30.1;   4;-999;-999;  -999;  16.0;    -999;   14.8;   94.58;   17.3;   13.3;   13.2;eor
       2319;20190813;-999;-999;-999;    3;  13.7;   4;-999;-999;  -999;  14.0;    -999;   14.3;   86.67;   17.9;   11.8;   11.7;eor
       2319;20190814;-999;-999;-999;    3;   0.0;   0;-999;-999;  -999;  11.3;    -999;   14.5;   71.21;   20.4;   10.0;    7.6;eor
       2319;20190815;-999;-999;-999;    3;   4.2;   4;-999;-999;  -999;  12.4;    -999;   14.8;   73.79;   20.4;    8.1;    5.7;eor
       2319;20190816;-999;-999;-999;    3;   0.0;   0;-999;-999;  -999;  12.5;    -999;   16.0;   71.50;   22.0;   11.4;    9.4;eor
       2319;20190817;-999;-999;-999;    3;   0.0;   0;-999;-999;  -999;  13.5;    -999;   18.0;   67.75;   25.5;   10.1;    7.9;eor
       2319;20190818;-999;-999;-999;    3;  12.7;   4;-999;-999;  -999;  15.1;    -999;   22.9;   57.79;   32.1;   13.7;   11.5;eor
       2319;20190819;-999;-999;-999;    3;   3.9;   4;-999;-999;  -999;  17.5;    -999;   18.7;   82.04;   24.0;   15.4;   15.1;eor
       2319;20190820;-999;-999;-999;    3;  27.6;   4;-999;-999;  -999;  17.2;    -999;   16.1;   93.54;   18.9;   11.6;   11.6;eor
       2319;20190821;-999;-999;-999;    3;   0.0;   0;-999;-999;  -999;  13.6;    -999;   13.6;   87.46;   17.0;   11.2;   11.2;eor
       2319;20190822;-999;-999;-999;    3;   0.0;   0;-999;-999;  -999;  13.8;    -999;   13.6;   88.50;   16.8;    9.2;    6.9;eor
       2319;20190823;-999;-999;-999;    3;   0.0;   0;-999;-999;  -999;  15.6;    -999;   15.8;   86.79;   20.4;    8.3;    6.1;eor
       2319;20190824;-999;-999;-999;    3;   0.1;   4;-999;-999;  -999;  17.0;    -999;   18.9;   79.42;   27.0;   12.1;    9.9;eor
       2319;20190825;-999;-999;-999;    3;   0.1;   4;-999;-999;  -999;  16.5;    -999;   18.0;   80.67;   26.3;   14.3;   12.6;eor
       2319;20190826;-999;-999;-999;    3;   0.0;   0;-999;-999;  -999;  16.3;    -999;   19.9;   71.75;   26.7;   13.7;   12.2;eor
       2319;20190827;-999;-999;-999;    3;   0.0;   0;-999;-999;  -999;  16.0;    -999;   20.7;   68.79;   28.3;   13.8;   11.9;eor
       2319;20190828;-999;-999;-999;    3;   6.6;   4;-999;-999;  -999;  16.6;    -999;   21.4;   67.38;   28.7;   14.8;   12.8;eor
       2319;20190829;-999;-999;-999;    3;   0.0;   0;-999;-999;  -999;  17.4;    -999;   18.7;   81.46;   23.8;   14.8;   12.9;eor
       2319;20190830;-999;-999;-999;    3;   0.0;   0;-999;-999;  -999;  16.9;    -999;   19.7;   75.25;   26.3;   13.6;   11.6;eor
       2319;20190831;-999;-999;-999;    3;   0.0;   0;-999;-999;  -999;  16.1;    -999;   20.9;   67.75;   28.9;   13.4;   11.3;eor
       2319;20190901;-999;-999;-999;    3;   8.3;   4;-999;-999;  -999;  16.0;    -999;   19.5;   72.13;   25.5;   15.8;   13.0;eor
       2319;20190902;-999;-999;-999;    3;   5.2;   4;-999;-999;  -999;  14.2;    -999;   13.7;   90.25;   15.8;    9.8;    7.5;eor
       2319;20190903;-999;-999;-999;    3;   0.0;   0;-999;-999;  -999;  10.7;    -999;   13.4;   73.25;   20.8;    7.4;    4.9;eor
       2319;20190904;-999;-999;-999;    3;   0.0;   0;-999;-999;  -999;  12.2;    -999;   15.8;   70.83;   24.6;    8.0;    5.2;eor
       2319;20190905;-999;-999;-999;    3;  11.1;   4;-999;-999;  -999;  12.3;    -999;   12.2;   86.88;   14.8;    9.1;    8.0;eor
       2319;20190906;-999;-999;-999;    3;   6.7;   4;-999;-999;  -999;  11.9;    -999;   10.9;   91.50;   12.7;    9.2;    9.2;eor
       2319;20190907;-999;-999;-999;    3;   1.7;   4;-999;-999;  -999;  11.8;    -999;   11.1;   89.17;   13.1;    8.7;    7.7;eor
       2319;20190908;-999;-999;-999;    3;  22.7;   4;-999;-999;  -999;  10.1;    -999;    7.9;   94.13;    9.7;    6.3;    5.5;eor
       2319;20190909;-999;-999;-999;    3;   3.5;   4;-999;-999;  -999;  10.2;    -999;    8.3;   93.25;   12.2;    4.8;    2.2;eor
       2319;20190910;-999;-999;-999;    3;   0.0;   0;-999;-999;  -999;  10.7;    -999;   10.9;   82.50;   18.5;    3.2;    0.8;eor
       2319;20190911;-999;-999;-999;    3;   0.6;   4;-999;-999;  -999;  12.2;    -999;   13.5;   80.63;   20.8;    7.3;    5.3;eor
       2319;20190912;-999;-999;-999;    3;   0.0;   0;-999;-999;  -999;  12.7;    -999;   15.6;   73.79;   22.2;   10.8;    8.2;eor
       2319;20190913;-999;-999;-999;    3;   0.0;   0;-999;-999;  -999;  13.9;    -999;   16.5;   76.54;   25.0;    9.8;    6.8;eor
       2319;20190914;-999;-999;-999;    3;   0.0;   0;-999;-999;  -999;  15.1;    -999;   16.1;   83.71;   23.0;   10.1;    8.2;eor
       2319;20190915;-999;-999;-999;    3;   0.0;   0;-999;-999;  -999;  15.6;    -999;   17.2;   81.13;   25.1;    9.6;    7.3;eor
       2319;20190916;-999;-999;-999;    3;   0.0;   0;-999;-999;  -999;  15.7;    -999;   19.0;   73.38;   25.9;   12.7;   10.2;eor
       2319;20190917;-999;-999;-999;    3;   0.0;   0;-999;-999;  -999;  13.8;    -999;   16.4;   74.33;   21.4;   11.2;    9.4;eor
       2319;20190918;-999;-999;-999;    3;   0.0;   0;-999;-999;  -999;   9.0;    -999;   10.8;   70.96;   16.5;    3.9;    1.3;eor
       2319;20190919;-999;-999;-999;    3;   0.0;   0;-999;-999;  -999;   7.6;    -999;    8.0;   74.29;   15.6;    2.2;   -0.4;eor
       2319;20190920;-999;-999;-999;    3;   0.0;   0;-999;-999;  -999;   7.5;    -999;    7.7;   74.29;   15.7;    0.9;   -1.6;eor
       2319;20190921;-999;-999;-999;    3;   0.0;   0;-999;-999;  -999;   9.5;    -999;   10.6;   75.96;   19.3;    3.5;    0.8;eor
       2319;20190922;-999;-999;-999;    3;   3.6;   4;-999;-999;  -999;  12.3;    -999;   13.2;   82.04;   20.5;    6.0;    3.8;eor
       2319;20190923;-999;-999;-999;    3;   9.7;   4;-999;-999;  -999;  12.8;    -999;   11.8;   92.29;   14.7;   10.5;    7.9;eor
       2319;20190924;-999;-999;-999;    3;   3.3;   4;-999;-999;  -999;  12.4;    -999;   13.2;   82.33;   17.9;    9.5;    7.9;eor
       2319;20190925;-999;-999;-999;    3;   1.7;   4;-999;-999;  -999;  12.2;    -999;   12.9;   82.17;   16.5;   10.9;    9.9;eor
       2319;20190926;-999;-999;-999;    3;   1.7;   4;-999;-999;  -999;  13.1;    -999;   12.8;   88.58;   15.7;   10.4;    8.2;eor
       2319;20190927;-999;-999;-999;    3;  11.5;   4;-999;-999;  -999;  14.2;    -999;   16.0;   78.96;   21.5;   12.5;   11.4;eor
       2319;20190928;-999;-999;-999;    3;   0.0;   4;-999;-999;  -999;  12.2;    -999;   13.1;   81.92;   17.1;   10.6;    8.1;eor
       2319;20190929;-999;-999;-999;    3;   0.0;   0;-999;-999;  -999;  11.8;    -999;   15.4;   68.63;   22.3;    7.1;    4.6;eor
       2319;20190930;-999;-999;-999;    3;   0.0;   0;-999;-999;  -999;  11.3;    -999;   15.0;   67.46;   18.9;    7.6;    5.3;eor
       2319;20191001;-999;-999;-999;    3;   7.4;   4;-999;   0;  -999;  11.0;    -999;   15.0;   67.71;   23.3;    7.0;    4.1;eor
       2319;20191002;-999;-999;-999;    3;  23.8;   4;-999;   0;  -999;  11.7;    -999;   10.8;   89.58;   15.8;    3.8;    3.5;eor
       2319;20191003;-999;-999;-999;    3;   0.0;   0;-999;   0;  -999;   7.8;    -999;    6.3;   83.00;   11.7;    2.8;    0.2;eor
       2319;20191004;-999;-999;-999;    3;   8.5;   4;-999;   0;  -999;   8.8;    -999;    7.2;   85.79;   12.9;    1.4;   -1.4;eor
       2319;20191005;-999;-999;-999;    3;   7.9;   4;-999;   0;  -999;   9.8;    -999;    8.0;   90.75;   11.0;    2.6;   -0.1;eor
       2319;20191006;-999;-999;-999;    3;  19.4;   4;-999;   0;  -999;   9.4;    -999;    6.8;   94.13;    9.8;    2.0;   -0.5;eor
       2319;20191007;-999;-999;-999;    3;   3.2;   4;-999;   0;  -999;   9.8;    -999;    7.5;   94.42;    9.9;    3.7;    0.8;eor
       2319;20191008;-999;-999;-999;    3;  11.7;   4;-999;   0;  -999;   9.9;    -999;   11.0;   76.33;   17.2;    3.7;    1.1;eor
       2319;20191009;-999;-999;-999;    3;  13.4;   4;-999;   0;  -999;  11.3;    -999;   10.1;   90.29;   15.5;    6.6;    4.2;eor
       2319;20191010;-999;-999;-999;    3;   6.8;   4;-999;   0;  -999;   9.7;    -999;    8.6;   87.08;   13.5;    4.7;    1.4;eor
       2319;20191011;-999;-999;-999;    3;   0.0;   0;-999;   0;  -999;   9.1;    -999;    9.4;   79.33;   17.9;    3.1;    0.2;eor
       2319;20191012;-999;-999;-999;    3;   0.0;   0;-999;   0;  -999;   9.6;    -999;   13.2;   66.58;   23.4;    5.5;    1.4;eor
       2319;20191013;-999;-999;-999;    3;   0.0;   0;-999;   0;  -999;  11.2;    -999;   15.3;   66.46;   23.8;    8.4;    5.1;eor
       2319;20191014;-999;-999;-999;    3;   0.0;   0;-999;   0;  -999;  11.5;    -999;   13.0;   77.92;   19.9;    8.1;    4.9;eor
       2319;20191015;-999;-999;-999;    3;   5.4;   4;-999;   0;  -999;  11.1;    -999;   13.9;   72.17;   23.2;    5.8;    2.7;eor
       2319;20191016;-999;-999;-999;    3;   0.0;   0;-999;   0;  -999;   8.9;    -999;    9.6;   77.50;   16.2;    4.7;    1.7;eor
       2319;20191017;-999;-999;-999;    3;   0.0;   0;-999;   0;  -999;   9.2;    -999;   11.5;   70.67;   19.8;    6.0;    2.9;eor
       2319;20191018;-999;-999;-999;    3;   0.8;   4;-999;   0;  -999;  10.8;    -999;   12.6;   75.75;   20.2;    7.7;    4.1;eor
       2319;20191019;-999;-999;-999;    3;   0.0;   0;-999;   0;  -999;  11.3;    -999;   10.5;   88.83;   14.0;    6.9;    4.3;eor
       2319;20191020;-999;-999;-999;    1;   0.0;   0;-999;   0;  -999;  10.0;    -999;   14.4;   65.92;   23.2;    5.0;    2.4;eor
       2319;20191021;-999;-999;-999;    1;   0.0;   0;-999;   0;  -999;  12.2;    -999;   13.9;   77.63;   18.7;   10.4;    7.7;eor
       2319;20191022;-999;-999;-999;    1;   0.0;   0;-999;   0;  -999;  12.4;    -999;   11.1;   93.88;   15.1;    7.0;    4.0;eor
       2319;20191023;-999;-999;-999;    1;   0.0;   0;-999;   0;  -999;  12.1;    -999;   11.2;   91.42;   17.7;    7.4;    4.5;eor
       2319;20191024;-999;-999;-999;    1;   0.0;   0;-999;   0;  -999;  11.3;    -999;   11.4;   83.88;   18.2;    6.1;    3.5;eor
       2319;20191025;-999;-999;-999;    1;   0.0;   0;-999;   0;  -999;  11.4;    -999;   11.5;   85.17;   17.1;    6.2;    3.2;eor
       2319;20191026;-999;-999;-999;    1;   0.0;   0;-999;   0;  -999;  10.5;    -999;   11.7;   79.04;   22.0;    5.0;    1.8;eor
       2319;20191027;-999;-999;-999;    1;   6.1;   4;-999;   0;  -999;  10.4;    -999;   13.7;   67.92;   21.2;    7.2;    3.2;eor
       2319;20191028;-999;-999;-999;    1;   5.3;   4;-999;   0;  -999;  10.5;    -999;    8.3;   95.04;   12.2;    6.2;    6.3;eor
       2319;20191029;-999;-999;-999;    1;   8.6;   4;-999;   0;  -999;   8.7;    -999;    5.5;   96.17;    6.8;    4.3;    4.2;eor
       2319;20191030;-999;-999;-999;    1;   6.1;   4;-999;   0;  -999;   7.4;    -999;    3.7;   93.04;    4.9;    1.8;    1.8;eor
       2319;20191031;-999;-999;-999;    1;   0.0;   0;-999;   0;  -999;   7.3;    -999;    2.6;   98.38;    4.0;    1.3;    1.5;eor
       2319;20191101;-999;-999;-999;    1;   1.3;   4;-999;   0;  -999;   8.9;    -999;    5.5;   97.00;    9.5;    1.8;    2.1;eor
       2319;20191102;-999;-999;-999;    1;   0.9;   4;-999;   0;  -999;  10.7;    -999;   10.1;   87.54;   17.0;    6.1;    2.8;eor
       2319;20191103;-999;-999;-999;    1;   4.9;   4;-999;   0;  -999;  10.0;    -999;    8.3;   91.33;   11.4;    4.7;    2.1;eor
       2319;20191104;-999;-999;-999;    1;   6.8;   4;-999;   0;  -999;   8.8;    -999;    8.4;   81.25;   13.7;    3.9;    0.4;eor
       2319;20191105;-999;-999;-999;    1;   4.9;   4;-999;   0;  -999;   8.3;    -999;    5.2;   93.58;    7.6;    1.6;   -1.3;eor
       2319;20191106;-999;-999;-999;    1;   0.3;   4;-999;   0;  -999;   7.6;    -999;    4.5;   89.96;    8.6;    0.9;   -1.6;eor
       2319;20191107;-999;-999;-999;    1;   0.0;   0;-999;   0;  -999;   7.2;    -999;    4.5;   85.79;   10.6;   -0.7;   -3.9;eor
       2319;20191108;-999;-999;-999;    1;   0.1;   4;-999;   0;  -999;   7.4;    -999;    3.6;   92.88;    5.5;    1.2;   -1.3;eor
       2319;20191109;-999;-999;-999;    1;   0.6;   4;-999;   0;  -999;   6.5;    -999;    2.5;   89.46;    5.6;   -2.0;   -5.4;eor
       2319;20191110;-999;-999;-999;    1;   0.0;   0;-999;   0;  -999;   5.3;    -999;   -1.6;   96.04;    0.9;   -4.7;   -8.0;eor
       2319;20191111;-999;-999;-999;    1;   2.0;   4;-999;   0;  -999;   5.7;    -999;    0.0;   93.38;    2.4;   -2.3;   -2.0;eor
       2319;20191112;-999;-999;-999;    1;   7.3;   4;-999;   0;  -999;   6.7;    -999;    3.0;   88.92;    5.2;    0.2;    0.0;eor
       2319;20191113;-999;-999;-999;    1;   1.6;   4;-999;   4;  -999;   6.1;    -999;    0.6;   94.79;    2.0;   -1.2;   -4.3;eor
       2319;20191114;-999;-999;-999;    1;   0.0;   0;-999;   2;  -999;   4.9;    -999;    0.5;   80.83;    8.1;   -4.7;   -8.6;eor
       2319;20191115;-999;-999;-999;    1;   1.0;   4;-999;   0;  -999;   6.4;    -999;    5.1;   72.67;    9.0;    1.7;   -0.6;eor
       2319;20191116;-999;-999;-999;    1;   0.4;   4;-999;   0;  -999;   6.8;    -999;    2.4;   93.63;    4.3;   -1.1;   -4.3;eor
       2319;20191117;-999;-999;-999;    1;   3.3;   4;-999;   0;  -999;   7.5;    -999;    3.1;   97.88;    4.2;    2.2;    2.4;eor
       2319;20191118;-999;-999;-999;    1;   0.0;   0;-999;   0;  -999;   6.4;    -999;    3.7;   81.42;    8.4;    1.2;   -1.2;eor
       2319;20191119;-999;-999;-999;    1;   0.0;   0;-999;   0;  -999;   6.2;    -999;    2.2;   86.67;    6.1;   -1.3;   -3.7;eor
       2319;20191120;-999;-999;-999;    1;   0.0;   0;-999;   0;  -999;   6.4;    -999;    2.3;   88.92;    4.9;   -0.2;   -2.4;eor
       2319;20191121;-999;-999;-999;    1;   0.0;   0;-999;   0;  -999;   6.9;    -999;    2.4;   95.46;    3.9;    1.3;    1.6;eor
       2319;20191122;-999;-999;-999;    1;   0.0;   0;-999;   0;  -999;   6.8;    -999;    1.9;   97.21;    5.4;   -0.7;   -2.7;eor
       2319;20191123;-999;-999;-999;    1;   0.0;   0;-999;   0;  -999;   6.6;    -999;    5.7;   75.29;   15.2;   -1.3;   -4.0;eor
       2319;20191124;-999;-999;-999;    1;   0.0;   0;-999;   0;  -999;   7.8;    -999;    7.2;   78.29;   17.6;    1.5;   -1.4;eor
       2319;20191125;-999;-999;-999;    1;   0.0;   0;-999;   0;  -999;   7.2;    -999;    2.6;   97.29;    6.6;   -0.6;   -3.6;eor
       2319;20191126;-999;-999;-999;    1;   0.0;   0;-999;   0;  -999;   7.6;    -999;    4.3;   91.42;   11.3;    0.1;   -2.5;eor
       2319;20191127;-999;-999;-999;    1;   0.1;   4;-999;   0;  -999;   7.5;    -999;    5.0;   86.08;   10.6;   -0.3;   -2.7;eor
       2319;20191128;-999;-999;-999;    1;   0.9;   4;-999;   0;  -999;   7.3;    -999;    7.2;   71.92;   10.7;    2.3;   -1.4;eor
       2319;20191129;-999;-999;-999;    1;  10.2;   4;-999;   0;  -999;   7.2;    -999;    4.9;   83.38;    7.5;    0.4;    0.0;eor
       2319;20191130;-999;-999;-999;    1;   0.0;   0;-999;   0;  -999;   5.4;    -999;    0.7;   84.83;    4.4;   -2.4;   -6.0;eor
       2319;20191201;-999;-999;-999;    1;   2.9;   4;-999;   0;  -999;   5.2;    -999;   -1.2;   93.21;    0.4;   -2.7;   -3.4;eor
       2319;20191202;-999;-999;-999;    1;   0.0;   4;-999;   3;  -999;   5.2;    -999;   -0.7;   88.63;    0.3;   -2.2;   -3.7;eor
       2319;20191203;-999;-999;-999;    1;   0.0;   0;-999;   1;  -999;   4.4;    -999;   -1.9;   83.08;    2.9;   -5.3;   -8.4;eor
       2319;20191204;-999;-999;-999;    1;   0.0;   0;-999;   0;  -999;   4.4;    -999;   -2.6;   86.50;    2.0;   -5.0;   -7.4;eor
       2319;20191205;-999;-999;-999;    1;   0.0;   0;-999;   0;  -999;   4.8;    -999;   -0.8;   84.46;    8.6;   -5.7;   -8.5;eor
       2319;20191206;-999;-999;-999;    1;   1.1;   4;-999;   0;  -999;   4.5;    -999;    2.2;   66.88;   11.0;   -5.4;   -8.5;eor
       2319;20191207;-999;-999;-999;    1;   0.0;   0;-999;   0;  -999;   6.8;    -999;    6.0;   72.71;    8.2;    3.0;   -1.4;eor
       2319;20191208;-999;-999;-999;    1;   0.0;   0;-999;   0;  -999;   6.0;    -999;    5.1;   69.63;    9.6;   -0.8;   -4.4;eor
       2319;20191209;-999;-999;-999;    1;   9.9;   4;-999;   0;  -999;   6.2;    -999;    6.2;   66.58;    9.8;    1.4;    0.3;eor
       2319;20191210;-999;-999;-999;    1;   0.1;   4;-999;   0;  -999;   5.5;    -999;   -0.2;   90.00;    2.5;   -5.5;   -9.2;eor
       2319;20191211;-999;-999;-999;    1;   1.1;   4;-999;   0;  -999;   4.6;    -999;   -0.6;   78.63;    5.3;   -5.4;   -9.7;eor
       2319;20191212;-999;-999;-999;    1;   1.3;   4;-999;   1;  -999;   5.7;    -999;   -0.1;   92.83;    1.8;   -5.0;   -8.8;eor
       2319;20191213;-999;-999;-999;    1;   0.5;   4;-999;   0;  -999;   5.0;    -999;    0.4;   79.46;    4.8;   -5.9;   -9.3;eor
       2319;20191214;-999;-999;-999;    1;   2.2;   4;-999;   1;  -999;   5.9;    -999;    4.5;   69.96;    8.4;    0.3;   -2.8;eor
       2319;20191215;-999;-999;-999;    1;   0.0;   0;-999;   0;  -999;   6.1;    -999;    6.4;   64.54;   13.7;    1.1;   -2.9;eor
       2319;20191216;-999;-999;-999;    1;   0.0;   0;-999;   0;  -999;   6.6;    -999;    4.0;   81.04;   12.8;   -1.2;   -4.2;eor
       2319;20191217;-999;-999;-999;    1;   0.0;   0;-999;   0;  -999;   6.7;    -999;   12.3;   46.83;   15.6;    8.2;    2.8;eor
       2319;20191218;-999;-999;-999;    1;   0.0;   0;-999;   0;  -999;   7.9;    -999;    8.8;   71.08;   15.2;    1.6;   -2.4;eor
       2319;20191219;-999;-999;-999;    1;   0.0;   0;-999;   0;  -999;   6.7;    -999;    5.8;   74.50;   16.6;    0.1;   -3.7;eor
       2319;20191220;-999;-999;-999;    1;   6.8;   4;-999;   0;  -999;   6.6;    -999;    8.8;   60.50;   16.6;    1.8;   -3.2;eor
       2319;20191221;-999;-999;-999;    1;   4.2;   4;-999;   0;  -999;   7.1;    -999;    2.7;   95.13;    4.7;   -1.2;   -5.1;eor
       2319;20191222;-999;-999;-999;    1;   1.3;   4;-999;   0;  -999;   6.8;    -999;    3.6;   86.17;    6.5;   -1.4;   -4.7;eor
       2319;20191223;-999;-999;-999;    1;   6.6;   4;-999;   0;  -999;   7.0;    -999;    3.6;   88.38;    4.5;    2.8;    2.2;eor
       2319;20191224;-999;-999;-999;    1;   8.4;   4;-999;   0;  -999;   7.0;    -999;    3.8;   87.00;    6.0;   -0.1;   -3.6;eor
       2319;20191225;-999;-999;-999;    1;  11.2;   4;-999;   0;  -999;   7.2;    -999;    3.8;   89.63;    5.9;    1.3;    0.7;eor
       2319;20191226;-999;-999;-999;    1;   4.0;   4;-999;   0;  -999;   6.1;    -999;    1.5;   89.17;    5.2;   -0.1;   -1.8;eor
       2319;20191227;-999;-999;-999;    1;   9.7;   4;-999;   0;  -999;   6.9;    -999;    2.4;   94.42;    4.3;   -0.3;   -1.8;eor
       2319;20191228;-999;-999;-999;    1;   0.0;   0;-999;   0;  -999;   4.7;    -999;   -1.8;   87.58;    0.5;   -6.0;   -9.1;eor
       2319;20191229;-999;-999;-999;    1;   0.0;   0;-999;   0;  -999;   3.9;    -999;   -4.4;   87.08;    1.3;   -8.5;  -11.3;eor
       2319;20191230;-999;-999;-999;    1;   0.0;   0;-999;   0;  -999;   4.4;    -999;   -1.4;   80.50;    7.8;   -7.3;   -9.4;eor
       2319;20191231;-999;-999;-999;    1;   0.0;   0;-999;   0;  -999;   4.9;    -999;    2.0;   72.92;    9.5;   -4.2;   -7.7;eor
