STATIONS_ID;MESS_DATUM;QN_3;  FX;  FM;QN_4; RSK;RSKF; SDK;SHK_TAG;  NM; VPM;  PM; TMK; UPM; TXK; TNK; TGK;eor
       2349;20180628;   10;  21.4;   9.8;-999;-999;-999;-999;-999;-999;-999;-999;-999;-999;-999;-999;-999;eor
       2349;20180629;   10;  17.7;   9.3;-999;-999;-999;-999;-999;-999;-999;-999;-999;-999;-999;-999;-999;eor
       2349;20180630;   10;  12.4;   5.9;-999;-999;-999;-999;-999;-999;-999;-999;-999;-999;-999;-999;-999;eor
       2349;20180701;   10;  16.1;   7.4;-999;-999;-999;-999;-999;-999;-999;-999;-999;-999;-999;-999;-999;eor
       2349;20180702;   10;  10.7;   5.5;-999;-999;-999;-999;-999;-999;-999;-999;-999;-999;-999;-999;-999;eor
       2349;20180703;   10;   9.3;   3.4;-999;-999;-999;-999;-999;-999;-999;-999;-999;-999;-999;-999;-999;eor
       2349;20180704;   10;   7.5;   3.4;-999;-999;-999;-999;-999;-999;-999;-999;-999;-999;-999;-999;-999;eor
       2349;20180705;   10;  10.6;   4.5;-999;-999;-999;-999;-999;-999;-999;-999;-999;-999;-999;-999;-999;eor
       2349;20180706;   10;  11.8;   4.1;-999;-999;-999;-999;-999;-999;-999;-999;-999;-999;-999;-999;-999;eor
       2349;20180707;   10;   8.5;   3.4;-999;-999;-999;-999;-999;-999;-999;-999;-999;-999;-999;-999;-999;eor
       2349;20180708;   10;   8.5;   3.5;-999;-999;-999;-999;-999;-999;-999;-999;-999;-999;-999;-999;-999;eor
       2349;20180709;   10;  10.4;   3.9;-999;-999;-999;-999;-999;-999;-999;-999;-999;-999;-999;-999;-999;eor
       2349;20180710;   10;  15.5;   6.0;-999;-999;-999;-999;-999;-999;-999;-999;-999;-999;-999;-999;-999;eor
       2349;20180711;   10;  10.7;   5.3;-999;-999;-999;-999;-999;-999;-999;-999;-999;-999;-999;-999;-999;eor
       2349;20180712;   10;   7.9;   3.5;-999;-999;-999;-999;-999;-999;-999;-999;-999;-999;-999;-999;-999;eor
       2349;20180713;   10;   7.8;   2.9;-999;-999;-999;-999;-999;-999;-999;-999;-999;-999;-999;-999;-999;eor
       2349;20180714;   10;   7.7;   3.5;-999;-999;-999;-999;-999;-999;-999;-999;-999;-999;-999;-999;-999;eor
       2349;20180715;   10;  11.6;   4.0;-999;-999;-999;-999;-999;-999;-999;-999;-999;-999;-999;-999;-999;eor
       2349;20180716;   10;   8.3;   3.2;-999;-999;-999;-999;-999;-999;-999;-999;-999;-999;-999;-999;-999;eor
       2349;20180717;   10;  13.3;   4.5;-999;-999;-999;-999;-999;-999;-999;-999;-999;-999;-999;-999;-999;eor
       2349;20180718;   10;   8.9;   3.7;-999;-999;-999;-999;-999;-999;-999;-999;-999;-999;-999;-999;-999;eor
       2349;20180719;   10;   9.3;   3.8;-999;-999;-999;-999;-999;-999;-999;-999;-999;-999;-999;-999;-999;eor
       2349;20180720;   10;  11.7;   3.3;-999;-999;-999;-999;-999;-999;-999;-999;-999;-999;-999;-999;-999;eor
       2349;20180721;   10;  11.3;   5.8;-999;-999;-999;-999;-999;-999;-999;-999;-999;-999;-999;-999;-999;eor
       2349;20180722;   10;   9.5;   4.8;-999;-999;-999;-999;-999;-999;-999;-999;-999;-999;-999;-999;-999;eor
       2349;20180723;   10;   8.0;   3.7;-999;-999;-999;-999;-999;-999;-999;-999;-999;-999;-999;-999;-999;eor
       2349;20180724;   10;  11.1;   5.9;-999;-999;-999;-999;-999;-999;-999;-999;-999;-999;-999;-999;-999;eor
       2349;20180725;   10;   9.5;   3.4;-999;-999;-999;-999;-999;-999;-999;-999;-999;-999;-999;-999;-999;eor
       2349;20180726;   10;  11.8;   6.2;-999;-999;-999;-999;-999;-999;-999;-999;-999;-999;-999;-999;-999;eor
       2349;20180727;   10;   8.3;   4.0;-999;-999;-999;-999;-999;-999;-999;-999;-999;-999;-999;-999;-999;eor
       2349;20180728;   10;  15.6;   5.9;-999;-999;-999;-999;-999;-999;-999;-999;-999;-999;-999;-999;-999;eor
       2349;20180729;   10;   8.1;   3.2;-999;-999;-999;-999;-999;-999;-999;-999;-999;-999;-999;-999;-999;eor
       2349;20180730;   10;   8.1;   2.8;-999;-999;-999;-999;-999;-999;-999;-999;-999;-999;-999;-999;-999;eor
       2349;20180731;   10;   9.9;   3.7;-999;-999;-999;-999;-999;-999;-999;-999;-999;-999;-999;-999;-999;eor
       2349;20180801;   10;  13.9;   5.1;-999;-999;-999;-999;-999;-999;-999;-999;-999;-999;-999;-999;-999;eor
       2349;20180802;   10;  10.8;   3.5;-999;-999;-999;-999;-999;-999;-999;-999;-999;-999;-999;-999;-999;eor
       2349;20180803;   10;  12.1;   6.6;-999;-999;-999;-999;-999;-999;-999;-999;-999;-999;-999;-999;-999;eor
       2349;20180804;   10;  10.2;   3.7;-999;-999;-999;-999;-999;-999;-999;-999;-999;-999;-999;-999;-999;eor
       2349;20180805;   10;  10.5;   4.7;-999;-999;-999;-999;-999;-999;-999;-999;-999;-999;-999;-999;-999;eor
       2349;20180806;   10;  10.2;   4.3;-999;-999;-999;-999;-999;-999;-999;-999;-999;-999;-999;-999;-999;eor
       2349;20180807;   10;  16.2;   4.6;-999;-999;-999;-999;-999;-999;-999;-999;-999;-999;-999;-999;-999;eor
       2349;20180808;   10;  16.9;   6.0;-999;-999;-999;-999;-999;-999;-999;-999;-999;-999;-999;-999;-999;eor
       2349;20180809;   10;  23.6;   6.6;-999;-999;-999;-999;-999;-999;-999;-999;-999;-999;-999;-999;-999;eor
       2349;20180810;   10;  18.4;   5.6;-999;-999;-999;-999;-999;-999;-999;-999;-999;-999;-999;-999;-999;eor
       2349;20180811;   10;  11.2;   5.3;-999;-999;-999;-999;-999;-999;-999;-999;-999;-999;-999;-999;-999;eor
       2349;20180812;   10;  10.2;   4.5;-999;-999;-999;-999;-999;-999;-999;-999;-999;-999;-999;-999;-999;eor
       2349;20180813;   10;  17.1;   6.9;-999;-999;-999;-999;-999;-999;-999;-999;-999;-999;-999;-999;-999;eor
       2349;20180814;   10;  13.1;   6.6;-999;-999;-999;-999;-999;-999;-999;-999;-999;-999;-999;-999;-999;eor
       2349;20180815;   10;   7.9;   3.3;-999;-999;-999;-999;-999;-999;-999;-999;-999;-999;-999;-999;-999;eor
       2349;20180816;   10;   6.6;   3.5;-999;-999;-999;-999;-999;-999;-999;-999;-999;-999;-999;-999;-999;eor
       2349;20180817;   10;   8.4;   4.1;-999;-999;-999;-999;-999;-999;-999;-999;-999;-999;-999;-999;-999;eor
       2349;20180818;   10;   6.4;   3.0;-999;-999;-999;-999;-999;-999;-999;-999;-999;-999;-999;-999;-999;eor
       2349;20180819;   10;   8.9;   3.1;-999;-999;-999;-999;-999;-999;-999;-999;-999;-999;-999;-999;-999;eor
       2349;20180820;   10;   8.9;   4.9;-999;-999;-999;-999;-999;-999;-999;-999;-999;-999;-999;-999;-999;eor
       2349;20180821;   10;   8.6;   3.8;-999;-999;-999;-999;-999;-999;-999;-999;-999;-999;-999;-999;-999;eor
       2349;20180822;   10;   8.4;   3.4;-999;-999;-999;-999;-999;-999;-999;-999;-999;-999;-999;-999;-999;eor
       2349;20180823;   10;  10.0;   3.6;-999;-999;-999;-999;-999;-999;-999;-999;-999;-999;-999;-999;-999;eor
       2349;20180824;   10;  15.3;   7.8;-999;-999;-999;-999;-999;-999;-999;-999;-999;-999;-999;-999;-999;eor
       2349;20180825;   10;  13.7;   6.7;-999;-999;-999;-999;-999;-999;-999;-999;-999;-999;-999;-999;-999;eor
       2349;20180826;   10;   8.4;   3.0;-999;-999;-999;-999;-999;-999;-999;-999;-999;-999;-999;-999;-999;eor
       2349;20180827;   10;  13.9;   7.4;-999;-999;-999;-999;-999;-999;-999;-999;-999;-999;-999;-999;-999;eor
       2349;20180828;   10;  10.9;   4.3;-999;-999;-999;-999;-999;-999;-999;-999;-999;-999;-999;-999;-999;eor
       2349;20180829;   10;  18.1;   6.4;-999;-999;-999;-999;-999;-999;-999;-999;-999;-999;-999;-999;-999;eor
       2349;20180830;   10;  19.1;   6.1;-999;-999;-999;-999;-999;-999;-999;-999;-999;-999;-999;-999;-999;eor
       2349;20180831;   10;   8.3;   4.2;-999;-999;-999;-999;-999;-999;-999;-999;-999;-999;-999;-999;-999;eor
       2349;20180901;   10;  12.4;   5.1;-999;-999;-999;-999;-999;-999;-999;-999;-999;-999;-999;-999;-999;eor
       2349;20180902;   10;  13.4;   6.6;-999;-999;-999;-999;-999;-999;-999;-999;-999;-999;-999;-999;-999;eor
       2349;20180903;   10;   7.2;   2.8;-999;-999;-999;-999;-999;-999;-999;-999;-999;-999;-999;-999;-999;eor
       2349;20180904;   10;   8.6;   2.7;-999;-999;-999;-999;-999;-999;-999;-999;-999;-999;-999;-999;-999;eor
       2349;20180905;   10;   9.2;   4.4;-999;-999;-999;-999;-999;-999;-999;-999;-999;-999;-999;-999;-999;eor
       2349;20180906;   10;  12.5;   4.0;-999;-999;-999;-999;-999;-999;-999;-999;-999;-999;-999;-999;-999;eor
       2349;20180907;   10;  12.4;   6.8;-999;-999;-999;-999;-999;-999;-999;-999;-999;-999;-999;-999;-999;eor
       2349;20180908;   10;   8.5;   4.1;-999;-999;-999;-999;-999;-999;-999;-999;-999;-999;-999;-999;-999;eor
       2349;20180909;   10;   6.7;   3.0;-999;-999;-999;-999;-999;-999;-999;-999;-999;-999;-999;-999;-999;eor
       2349;20180910;   10;   9.3;   4.2;-999;-999;-999;-999;-999;-999;-999;-999;-999;-999;-999;-999;-999;eor
       2349;20180911;   10;   9.8;   5.7;-999;-999;-999;-999;-999;-999;-999;-999;-999;-999;-999;-999;-999;eor
       2349;20180912;   10;  10.3;   4.4;-999;-999;-999;-999;-999;-999;-999;-999;-999;-999;-999;-999;-999;eor
       2349;20180913;   10;   9.1;   3.0;-999;-999;-999;-999;-999;-999;-999;-999;-999;-999;-999;-999;-999;eor
       2349;20180914;   10;   9.9;   2.4;-999;-999;-999;-999;-999;-999;-999;-999;-999;-999;-999;-999;-999;eor
       2349;20180915;   10;   7.3;   4.1;-999;-999;-999;-999;-999;-999;-999;-999;-999;-999;-999;-999;-999;eor
       2349;20180916;   10;   9.7;   4.5;-999;-999;-999;-999;-999;-999;-999;-999;-999;-999;-999;-999;-999;eor
       2349;20180917;   10;   8.0;   3.7;-999;-999;-999;-999;-999;-999;-999;-999;-999;-999;-999;-999;-999;eor
       2349;20180918;   10;   9.9;   4.7;-999;-999;-999;-999;-999;-999;-999;-999;-999;-999;-999;-999;-999;eor
       2349;20180919;   10;   7.6;   4.0;-999;-999;-999;-999;-999;-999;-999;-999;-999;-999;-999;-999;-999;eor
       2349;20180920;   10;  11.1;   3.8;-999;-999;-999;-999;-999;-999;-999;-999;-999;-999;-999;-999;-999;eor
       2349;20180921;   10;  24.3;  10.4;-999;-999;-999;-999;-999;-999;-999;-999;-999;-999;-999;-999;-999;eor
       2349;20180922;   10;  16.3;   6.6;-999;-999;-999;-999;-999;-999;-999;-999;-999;-999;-999;-999;-999;eor
       2349;20180923;   10;  31.5;  12.8;-999;-999;-999;-999;-999;-999;-999;-999;-999;-999;-999;-999;-999;eor
       2349;20180924;   10;   8.9;   3.4;-999;-999;-999;-999;-999;-999;-999;-999;-999;-999;-999;-999;-999;eor
       2349;20180925;   10;  19.7;  10.1;-999;-999;-999;-999;-999;-999;-999;-999;-999;-999;-999;-999;-999;eor
       2349;20180926;   10;  13.5;   4.2;-999;-999;-999;-999;-999;-999;-999;-999;-999;-999;-999;-999;-999;eor
       2349;20180927;   10;  10.0;   3.0;-999;-999;-999;-999;-999;-999;-999;-999;-999;-999;-999;-999;-999;eor
       2349;20180928;   10;  17.1;   6.3;-999;-999;-999;-999;-999;-999;-999;-999;-999;-999;-999;-999;-999;eor
       2349;20180929;   10;  20.2;  11.1;-999;-999;-999;-999;-999;-999;-999;-999;-999;-999;-999;-999;-999;eor
       2349;20180930;   10;   9.3;   4.8;-999;-999;-999;-999;-999;-999;-999;-999;-999;-999;-999;-999;-999;eor
       2349;20181001;   10;  14.7;   5.1;-999;-999;-999;-999;-999;-999;-999;-999;-999;-999;-999;-999;-999;eor
       2349;20181002;   10;  16.8;   7.9;-999;-999;-999;-999;-999;-999;-999;-999;-999;-999;-999;-999;-999;eor
       2349;20181003;   10;  12.1;   7.1;-999;-999;-999;-999;-999;-999;-999;-999;-999;-999;-999;-999;-999;eor
       2349;20181004;   10;  10.4;   4.9;-999;-999;-999;-999;-999;-999;-999;-999;-999;-999;-999;-999;-999;eor
       2349;20181005;   10;   8.6;   4.1;-999;-999;-999;-999;-999;-999;-999;-999;-999;-999;-999;-999;-999;eor
       2349;20181006;   10;   8.8;   4.6;-999;-999;-999;-999;-999;-999;-999;-999;-999;-999;-999;-999;-999;eor
       2349;20181007;   10;  10.3;   5.0;-999;-999;-999;-999;-999;-999;-999;-999;-999;-999;-999;-999;-999;eor
       2349;20181008;   10;  10.9;   6.0;-999;-999;-999;-999;-999;-999;-999;-999;-999;-999;-999;-999;-999;eor
       2349;20181009;   10;  10.3;   5.0;-999;-999;-999;-999;-999;-999;-999;-999;-999;-999;-999;-999;-999;eor
       2349;20181010;   10;  11.3;   6.0;-999;-999;-999;-999;-999;-999;-999;-999;-999;-999;-999;-999;-999;eor
       2349;20181011;   10;   9.8;   4.3;-999;-999;-999;-999;-999;-999;-999;-999;-999;-999;-999;-999;-999;eor
       2349;20181012;   10;  10.8;   4.8;-999;-999;-999;-999;-999;-999;-999;-999;-999;-999;-999;-999;-999;eor
       2349;20181013;   10;   9.4;   4.1;-999;-999;-999;-999;-999;-999;-999;-999;-999;-999;-999;-999;-999;eor
       2349;20181014;   10;  11.7;   4.6;-999;-999;-999;-999;-999;-999;-999;-999;-999;-999;-999;-999;-999;eor
       2349;20181015;   10;   8.2;   4.4;-999;-999;-999;-999;-999;-999;-999;-999;-999;-999;-999;-999;-999;eor
       2349;20181016;   10;   9.1;   4.3;-999;-999;-999;-999;-999;-999;-999;-999;-999;-999;-999;-999;-999;eor
       2349;20181017;   10;  11.1;   4.7;-999;-999;-999;-999;-999;-999;-999;-999;-999;-999;-999;-999;-999;eor
       2349;20181018;   10;  19.0;   8.1;-999;-999;-999;-999;-999;-999;-999;-999;-999;-999;-999;-999;-999;eor
       2349;20181019;   10;  14.4;   6.6;-999;-999;-999;-999;-999;-999;-999;-999;-999;-999;-999;-999;-999;eor
       2349;20181020;   10;   5.5;   2.6;-999;-999;-999;-999;-999;-999;-999;-999;-999;-999;-999;-999;-999;eor
       2349;20181021;   10;  13.9;   6.1;-999;-999;-999;-999;-999;-999;-999;-999;-999;-999;-999;-999;-999;eor
       2349;20181022;   10;  13.9;   6.6;-999;-999;-999;-999;-999;-999;-999;-999;-999;-999;-999;-999;-999;eor
       2349;20181023;   10;  17.7;   8.4;-999;-999;-999;-999;-999;-999;-999;-999;-999;-999;-999;-999;-999;eor
       2349;20181024;   10;  19.6;   9.2;-999;-999;-999;-999;-999;-999;-999;-999;-999;-999;-999;-999;-999;eor
       2349;20181025;   10;  13.3;   7.9;-999;-999;-999;-999;-999;-999;-999;-999;-999;-999;-999;-999;-999;eor
       2349;20181026;   10;  13.5;   7.3;-999;-999;-999;-999;-999;-999;-999;-999;-999;-999;-999;-999;-999;eor
       2349;20181027;   10;  17.8;   6.4;-999;-999;-999;-999;-999;-999;-999;-999;-999;-999;-999;-999;-999;eor
       2349;20181028;   10;  28.3;  15.5;-999;-999;-999;-999;-999;-999;-999;-999;-999;-999;-999;-999;-999;eor
       2349;20181029;   10;  20.7;  11.4;-999;-999;-999;-999;-999;-999;-999;-999;-999;-999;-999;-999;-999;eor
       2349;20181030;   10;  27.3;  11.5;-999;-999;-999;-999;-999;-999;-999;-999;-999;-999;-999;-999;-999;eor
       2349;20181031;   10;  16.0;   8.5;-999;-999;-999;-999;-999;-999;-999;-999;-999;-999;-999;-999;-999;eor
       2349;20181101;   10;  16.8;   5.6;-999;-999;-999;-999;-999;-999;-999;-999;-999;-999;-999;-999;-999;eor
       2349;20181102;   10;  13.0;   3.9;-999;-999;-999;-999;-999;-999;-999;-999;-999;-999;-999;-999;-999;eor
       2349;20181103;   10;  13.4;   7.9;-999;-999;-999;-999;-999;-999;-999;-999;-999;-999;-999;-999;-999;eor
       2349;20181104;   10;  12.2;   4.6;-999;-999;-999;-999;-999;-999;-999;-999;-999;-999;-999;-999;-999;eor
       2349;20181105;   10;  11.1;   3.5;-999;-999;-999;-999;-999;-999;-999;-999;-999;-999;-999;-999;-999;eor
       2349;20181106;   10;  16.9;   6.8;-999;-999;-999;-999;-999;-999;-999;-999;-999;-999;-999;-999;-999;eor
       2349;20181107;   10;  13.0;   5.5;-999;-999;-999;-999;-999;-999;-999;-999;-999;-999;-999;-999;-999;eor
       2349;20181108;   10;  13.8;   6.6;-999;-999;-999;-999;-999;-999;-999;-999;-999;-999;-999;-999;-999;eor
       2349;20181109;   10;  13.7;   5.1;-999;-999;-999;-999;-999;-999;-999;-999;-999;-999;-999;-999;-999;eor
       2349;20181110;   10;  16.7;   6.2;-999;-999;-999;-999;-999;-999;-999;-999;-999;-999;-999;-999;-999;eor
       2349;20181111;   10;  18.7;   8.0;-999;-999;-999;-999;-999;-999;-999;-999;-999;-999;-999;-999;-999;eor
       2349;20181112;   10;  21.1;   7.6;-999;-999;-999;-999;-999;-999;-999;-999;-999;-999;-999;-999;-999;eor
       2349;20181113;   10;  15.6;   7.5;-999;-999;-999;-999;-999;-999;-999;-999;-999;-999;-999;-999;-999;eor
       2349;20181114;   10;   9.4;   3.5;-999;-999;-999;-999;-999;-999;-999;-999;-999;-999;-999;-999;-999;eor
       2349;20181115;   10;   4.1;   2.2;-999;-999;-999;-999;-999;-999;-999;-999;-999;-999;-999;-999;-999;eor
       2349;20181116;   10;  22.4;  10.9;-999;-999;-999;-999;-999;-999;-999;-999;-999;-999;-999;-999;-999;eor
       2349;20181117;   10;  23.5;  14.4;-999;-999;-999;-999;-999;-999;-999;-999;-999;-999;-999;-999;-999;eor
       2349;20181118;   10;  22.3;  12.8;-999;-999;-999;-999;-999;-999;-999;-999;-999;-999;-999;-999;-999;eor
       2349;20181119;   10;  23.7;  13.8;-999;-999;-999;-999;-999;-999;-999;-999;-999;-999;-999;-999;-999;eor
       2349;20181120;   10;  17.7;   8.1;-999;-999;-999;-999;-999;-999;-999;-999;-999;-999;-999;-999;-999;eor
       2349;20181121;   10;  15.3;   5.9;-999;-999;-999;-999;-999;-999;-999;-999;-999;-999;-999;-999;-999;eor
       2349;20181122;   10;   7.6;   4.1;-999;-999;-999;-999;-999;-999;-999;-999;-999;-999;-999;-999;-999;eor
       2349;20181123;   10;  11.9;   4.9;-999;-999;-999;-999;-999;-999;-999;-999;-999;-999;-999;-999;-999;eor
       2349;20181124;   10;  16.5;   7.1;-999;-999;-999;-999;-999;-999;-999;-999;-999;-999;-999;-999;-999;eor
       2349;20181125;   10;  12.2;   6.1;-999;-999;-999;-999;-999;-999;-999;-999;-999;-999;-999;-999;-999;eor
       2349;20181126;   10;  13.0;   4.7;-999;-999;-999;-999;-999;-999;-999;-999;-999;-999;-999;-999;-999;eor
       2349;20181127;   10;   7.6;   3.3;-999;-999;-999;-999;-999;-999;-999;-999;-999;-999;-999;-999;-999;eor
       2349;20181128;   10;  10.0;   4.1;-999;-999;-999;-999;-999;-999;-999;-999;-999;-999;-999;-999;-999;eor
       2349;20181129;   10;  13.5;   6.3;-999;-999;-999;-999;-999;-999;-999;-999;-999;-999;-999;-999;-999;eor
       2349;20181130;   10;  12.2;   6.2;-999;-999;-999;-999;-999;-999;-999;-999;-999;-999;-999;-999;-999;eor
       2349;20181201;   10;  15.6;   7.3;-999;-999;-999;-999;-999;-999;-999;-999;-999;-999;-999;-999;-999;eor
       2349;20181202;   10;  19.0;  10.9;-999;-999;-999;-999;-999;-999;-999;-999;-999;-999;-999;-999;-999;eor
       2349;20181203;   10;  26.8;  12.2;-999;-999;-999;-999;-999;-999;-999;-999;-999;-999;-999;-999;-999;eor
       2349;20181204;   10;  21.4;   8.4;-999;-999;-999;-999;-999;-999;-999;-999;-999;-999;-999;-999;-999;eor
       2349;20181205;   10;  13.5;   4.2;-999;-999;-999;-999;-999;-999;-999;-999;-999;-999;-999;-999;-999;eor
       2349;20181206;   10;  15.4;   8.5;-999;-999;-999;-999;-999;-999;-999;-999;-999;-999;-999;-999;-999;eor
       2349;20181207;   10;  30.5;  12.5;-999;-999;-999;-999;-999;-999;-999;-999;-999;-999;-999;-999;-999;eor
       2349;20181208;   10;  29.2;  13.2;-999;-999;-999;-999;-999;-999;-999;-999;-999;-999;-999;-999;-999;eor
       2349;20181209;   10;  34.2;  16.5;-999;-999;-999;-999;-999;-999;-999;-999;-999;-999;-999;-999;-999;eor
       2349;20181210;   10;  21.9;  12.3;-999;-999;-999;-999;-999;-999;-999;-999;-999;-999;-999;-999;-999;eor
       2349;20181211;   10;  13.2;   6.1;-999;-999;-999;-999;-999;-999;-999;-999;-999;-999;-999;-999;-999;eor
       2349;20181212;   10;  17.8;   6.4;-999;-999;-999;-999;-999;-999;-999;-999;-999;-999;-999;-999;-999;eor
       2349;20181213;   10;  19.4;  11.3;-999;-999;-999;-999;-999;-999;-999;-999;-999;-999;-999;-999;-999;eor
       2349;20181214;   10;  14.7;   7.3;-999;-999;-999;-999;-999;-999;-999;-999;-999;-999;-999;-999;-999;eor
       2349;20181215;   10;  10.8;   5.2;-999;-999;-999;-999;-999;-999;-999;-999;-999;-999;-999;-999;-999;eor
       2349;20181216;   10;  17.8;   7.4;-999;-999;-999;-999;-999;-999;-999;-999;-999;-999;-999;-999;-999;eor
       2349;20181217;   10;  14.2;   6.9;-999;-999;-999;-999;-999;-999;-999;-999;-999;-999;-999;-999;-999;eor
       2349;20181218;   10;  11.8;   5.4;-999;-999;-999;-999;-999;-999;-999;-999;-999;-999;-999;-999;-999;eor
       2349;20181219;   10;  14.7;   7.2;-999;-999;-999;-999;-999;-999;-999;-999;-999;-999;-999;-999;-999;eor
       2349;20181220;   10;  18.1;   9.2;-999;-999;-999;-999;-999;-999;-999;-999;-999;-999;-999;-999;-999;eor
       2349;20181221;   10;  25.8;  12.9;-999;-999;-999;-999;-999;-999;-999;-999;-999;-999;-999;-999;-999;eor
       2349;20181222;   10;  26.6;  14.1;-999;-999;-999;-999;-999;-999;-999;-999;-999;-999;-999;-999;-999;eor
       2349;20181223;   10;  23.7;  12.8;-999;-999;-999;-999;-999;-999;-999;-999;-999;-999;-999;-999;-999;eor
       2349;20181224;   10;  29.0;   7.1;-999;-999;-999;-999;-999;-999;-999;-999;-999;-999;-999;-999;-999;eor
       2349;20181225;   10;   6.0;   2.9;-999;-999;-999;-999;-999;-999;-999;-999;-999;-999;-999;-999;-999;eor
       2349;20181226;   10;   6.3;   3.4;-999;-999;-999;-999;-999;-999;-999;-999;-999;-999;-999;-999;-999;eor
       2349;20181227;   10;   5.5;   2.5;-999;-999;-999;-999;-999;-999;-999;-999;-999;-999;-999;-999;-999;eor
       2349;20181228;   10;   6.6;   3.1;-999;-999;-999;-999;-999;-999;-999;-999;-999;-999;-999;-999;-999;eor
       2349;20181229;   10;  17.1;   5.1;-999;-999;-999;-999;-999;-999;-999;-999;-999;-999;-999;-999;-999;eor
       2349;20181230;   10;  17.3;   9.3;-999;-999;-999;-999;-999;-999;-999;-999;-999;-999;-999;-999;-999;eor
       2349;20181231;   10;  11.8;   4.8;-999;-999;-999;-999;-999;-999;-999;-999;-999;-999;-999;-999;-999;eor
       2349;20190101;   10;  26.0;  10.6;-999;-999;-999;-999;-999;-999;-999;-999;-999;-999;-999;-999;-999;eor
       2349;20190102;   10;  24.3;   8.6;-999;-999;-999;-999;-999;-999;-999;-999;-999;-999;-999;-999;-999;eor
       2349;20190103;   10;  10.3;   4.1;-999;-999;-999;-999;-999;-999;-999;-999;-999;-999;-999;-999;-999;eor
       2349;20190104;   10;  14.0;   5.0;-999;-999;-999;-999;-999;-999;-999;-999;-999;-999;-999;-999;-999;eor
       2349;20190105;   10;  16.1;   9.9;-999;-999;-999;-999;-999;-999;-999;-999;-999;-999;-999;-999;-999;eor
       2349;20190106;   10;  14.2;   8.5;-999;-999;-999;-999;-999;-999;-999;-999;-999;-999;-999;-999;-999;eor
       2349;20190107;   10;  17.1;   7.0;-999;-999;-999;-999;-999;-999;-999;-999;-999;-999;-999;-999;-999;eor
       2349;20190108;   10;  26.5;  15.6;-999;-999;-999;-999;-999;-999;-999;-999;-999;-999;-999;-999;-999;eor
       2349;20190109;   10;  23.4;  10.0;-999;-999;-999;-999;-999;-999;-999;-999;-999;-999;-999;-999;-999;eor
       2349;20190110;   10;  10.8;   3.8;-999;-999;-999;-999;-999;-999;-999;-999;-999;-999;-999;-999;-999;eor
       2349;20190111;   10;  15.6;   6.5;-999;-999;-999;-999;-999;-999;-999;-999;-999;-999;-999;-999;-999;eor
       2349;20190112;   10;  24.2;  12.3;-999;-999;-999;-999;-999;-999;-999;-999;-999;-999;-999;-999;-999;eor
       2349;20190113;   10;  31.2;  15.0;-999;-999;-999;-999;-999;-999;-999;-999;-999;-999;-999;-999;-999;eor
       2349;20190114;   10;  25.6;  12.8;-999;-999;-999;-999;-999;-999;-999;-999;-999;-999;-999;-999;-999;eor
       2349;20190115;   10;  17.0;  10.5;-999;-999;-999;-999;-999;-999;-999;-999;-999;-999;-999;-999;-999;eor
       2349;20190116;   10;  19.7;   9.6;-999;-999;-999;-999;-999;-999;-999;-999;-999;-999;-999;-999;-999;eor
       2349;20190117;   10;  25.3;  13.7;-999;-999;-999;-999;-999;-999;-999;-999;-999;-999;-999;-999;-999;eor
       2349;20190118;   10;  15.0;   6.1;-999;-999;-999;-999;-999;-999;-999;-999;-999;-999;-999;-999;-999;eor
       2349;20190119;   10;  14.3;   6.0;-999;-999;-999;-999;-999;-999;-999;-999;-999;-999;-999;-999;-999;eor
       2349;20190120;   10;   8.8;   3.4;-999;-999;-999;-999;-999;-999;-999;-999;-999;-999;-999;-999;-999;eor
       2349;20190121;   10;   4.9;   1.8;-999;-999;-999;-999;-999;-999;-999;-999;-999;-999;-999;-999;-999;eor
       2349;20190122;   10;   8.7;   3.3;-999;-999;-999;-999;-999;-999;-999;-999;-999;-999;-999;-999;-999;eor
       2349;20190123;   10;   8.4;   3.2;-999;-999;-999;-999;-999;-999;-999;-999;-999;-999;-999;-999;-999;eor
       2349;20190124;   10;  12.0;   4.8;-999;-999;-999;-999;-999;-999;-999;-999;-999;-999;-999;-999;-999;eor
       2349;20190125;   10;  17.8;   7.6;-999;-999;-999;-999;-999;-999;-999;-999;-999;-999;-999;-999;-999;eor
       2349;20190126;   10;  20.9;  12.2;-999;-999;-999;-999;-999;-999;-999;-999;-999;-999;-999;-999;-999;eor
       2349;20190127;   10;  25.6;  12.4;-999;-999;-999;-999;-999;-999;-999;-999;-999;-999;-999;-999;-999;eor
       2349;20190128;   10;  22.2;  14.2;-999;-999;-999;-999;-999;-999;-999;-999;-999;-999;-999;-999;-999;eor
       2349;20190129;   10;  17.0;   8.2;-999;-999;-999;-999;-999;-999;-999;-999;-999;-999;-999;-999;-999;eor
       2349;20190130;   10;  28.4;  11.5;-999;-999;-999;-999;-999;-999;-999;-999;-999;-999;-999;-999;-999;eor
       2349;20190131;   10;  16.6;   6.6;-999;-999;-999;-999;-999;-999;-999;-999;-999;-999;-999;-999;-999;eor
       2349;20190201;   10;  17.7;   6.2;-999;-999;-999;-999;-999;-999;-999;-999;-999;-999;-999;-999;-999;eor
       2349;20190202;   10;  12.4;   5.2;-999;-999;-999;-999;-999;-999;-999;-999;-999;-999;-999;-999;-999;eor
       2349;20190203;   10;  16.0;   5.7;-999;-999;-999;-999;-999;-999;-999;-999;-999;-999;-999;-999;-999;eor
       2349;20190204;   10;  11.7;   4.5;-999;-999;-999;-999;-999;-999;-999;-999;-999;-999;-999;-999;-999;eor
       2349;20190205;   10;   6.9;   2.2;-999;-999;-999;-999;-999;-999;-999;-999;-999;-999;-999;-999;-999;eor
       2349;20190206;   10;   6.6;   2.4;-999;-999;-999;-999;-999;-999;-999;-999;-999;-999;-999;-999;-999;eor
       2349;20190207;   10;  15.5;   8.9;-999;-999;-999;-999;-999;-999;-999;-999;-999;-999;-999;-999;-999;eor
       2349;20190208;   10;  20.2;   8.6;-999;-999;-999;-999;-999;-999;-999;-999;-999;-999;-999;-999;-999;eor
       2349;20190209;   10;  23.3;  12.7;-999;-999;-999;-999;-999;-999;-999;-999;-999;-999;-999;-999;-999;eor
       2349;20190210;   10;  31.4;  14.5;-999;-999;-999;-999;-999;-999;-999;-999;-999;-999;-999;-999;-999;eor
       2349;20190211;   10;  23.8;  12.0;-999;-999;-999;-999;-999;-999;-999;-999;-999;-999;-999;-999;-999;eor
       2349;20190212;   10;  12.5;   5.8;-999;-999;-999;-999;-999;-999;-999;-999;-999;-999;-999;-999;-999;eor
       2349;20190213;   10;   7.8;   3.1;-999;-999;-999;-999;-999;-999;-999;-999;-999;-999;-999;-999;-999;eor
       2349;20190214;   10;   9.9;   4.2;-999;-999;-999;-999;-999;-999;-999;-999;-999;-999;-999;-999;-999;eor
       2349;20190215;   10;  14.0;   8.0;-999;-999;-999;-999;-999;-999;-999;-999;-999;-999;-999;-999;-999;eor
       2349;20190216;   10;   8.0;   4.1;-999;-999;-999;-999;-999;-999;-999;-999;-999;-999;-999;-999;-999;eor
       2349;20190217;   10;   9.2;   5.0;-999;-999;-999;-999;-999;-999;-999;-999;-999;-999;-999;-999;-999;eor
       2349;20190218;   10;  13.2;   4.8;-999;-999;-999;-999;-999;-999;-999;-999;-999;-999;-999;-999;-999;eor
       2349;20190219;   10;  13.2;   7.1;-999;-999;-999;-999;-999;-999;-999;-999;-999;-999;-999;-999;-999;eor
       2349;20190220;   10;   8.4;   5.4;-999;-999;-999;-999;-999;-999;-999;-999;-999;-999;-999;-999;-999;eor
       2349;20190221;   10;  12.6;   6.7;-999;-999;-999;-999;-999;-999;-999;-999;-999;-999;-999;-999;-999;eor
       2349;20190222;   10;  16.7;   6.7;-999;-999;-999;-999;-999;-999;-999;-999;-999;-999;-999;-999;-999;eor
       2349;20190223;   10;  20.3;  13.0;-999;-999;-999;-999;-999;-999;-999;-999;-999;-999;-999;-999;-999;eor
       2349;20190224;   10;  20.7;  12.0;-999;-999;-999;-999;-999;-999;-999;-999;-999;-999;-999;-999;-999;eor
       2349;20190225;   10;  19.2;  11.8;-999;-999;-999;-999;-999;-999;-999;-999;-999;-999;-999;-999;-999;eor
       2349;20190226;   10;  15.3;   8.3;-999;-999;-999;-999;-999;-999;-999;-999;-999;-999;-999;-999;-999;eor
       2349;20190227;   10;  11.4;   4.6;-999;-999;-999;-999;-999;-999;-999;-999;-999;-999;-999;-999;-999;eor
       2349;20190228;   10;  21.2;  11.6;-999;-999;-999;-999;-999;-999;-999;-999;-999;-999;-999;-999;-999;eor
       2349;20190301;   10;  22.6;  11.0;-999;-999;-999;-999;-999;-999;-999;-999;-999;-999;-999;-999;-999;eor
       2349;20190302;   10;  17.1;   9.1;-999;-999;-999;-999;-999;-999;-999;-999;-999;-999;-999;-999;-999;eor
       2349;20190303;   10;  20.1;  11.0;-999;-999;-999;-999;-999;-999;-999;-999;-999;-999;-999;-999;-999;eor
       2349;20190304;   10;  33.3;  13.4;-999;-999;-999;-999;-999;-999;-999;-999;-999;-999;-999;-999;-999;eor
       2349;20190305;   10;  26.7;  11.0;-999;-999;-999;-999;-999;-999;-999;-999;-999;-999;-999;-999;-999;eor
       2349;20190306;   10;  15.0;   6.3;-999;-999;-999;-999;-999;-999;-999;-999;-999;-999;-999;-999;-999;eor
       2349;20190307;   10;  26.5;  11.8;-999;-999;-999;-999;-999;-999;-999;-999;-999;-999;-999;-999;-999;eor
       2349;20190308;   10;  20.7;  11.1;-999;-999;-999;-999;-999;-999;-999;-999;-999;-999;-999;-999;-999;eor
       2349;20190309;   10;  25.2;  12.6;-999;-999;-999;-999;-999;-999;-999;-999;-999;-999;-999;-999;-999;eor
       2349;20190310;   10;  36.7;  16.4;-999;-999;-999;-999;-999;-999;-999;-999;-999;-999;-999;-999;-999;eor
       2349;20190311;   10;  27.1;  12.4;-999;-999;-999;-999;-999;-999;-999;-999;-999;-999;-999;-999;-999;eor
       2349;20190312;   10;  29.8;   8.8;-999;-999;-999;-999;-999;-999;-999;-999;-999;-999;-999;-999;-999;eor
       2349;20190313;   10;  26.2;  14.5;-999;-999;-999;-999;-999;-999;-999;-999;-999;-999;-999;-999;-999;eor
       2349;20190314;   10;  26.9;  14.7;-999;-999;-999;-999;-999;-999;-999;-999;-999;-999;-999;-999;-999;eor
       2349;20190315;   10;  26.6;  15.5;-999;-999;-999;-999;-999;-999;-999;-999;-999;-999;-999;-999;-999;eor
       2349;20190316;   10;  26.6;  14.2;-999;-999;-999;-999;-999;-999;-999;-999;-999;-999;-999;-999;-999;eor
       2349;20190317;   10;  25.1;  12.7;-999;-999;-999;-999;-999;-999;-999;-999;-999;-999;-999;-999;-999;eor
       2349;20190318;   10;  13.8;   7.8;-999;-999;-999;-999;-999;-999;-999;-999;-999;-999;-999;-999;-999;eor
       2349;20190319;   10;   6.3;   2.9;-999;-999;-999;-999;-999;-999;-999;-999;-999;-999;-999;-999;-999;eor
       2349;20190320;   10;  14.7;   5.4;-999;-999;-999;-999;-999;-999;-999;-999;-999;-999;-999;-999;-999;eor
       2349;20190321;   10;  20.8;  11.6;-999;-999;-999;-999;-999;-999;-999;-999;-999;-999;-999;-999;-999;eor
       2349;20190322;   10;  19.5;   7.2;-999;-999;-999;-999;-999;-999;-999;-999;-999;-999;-999;-999;-999;eor
       2349;20190323;   10;   8.1;   4.1;-999;-999;-999;-999;-999;-999;-999;-999;-999;-999;-999;-999;-999;eor
       2349;20190324;   10;  10.0;   3.8;-999;-999;-999;-999;-999;-999;-999;-999;-999;-999;-999;-999;-999;eor
       2349;20190325;   10;  21.3;   7.9;-999;-999;-999;-999;-999;-999;-999;-999;-999;-999;-999;-999;-999;eor
       2349;20190326;   10;  12.3;   3.4;-999;-999;-999;-999;-999;-999;-999;-999;-999;-999;-999;-999;-999;eor
       2349;20190327;   10;  11.2;   5.5;-999;-999;-999;-999;-999;-999;-999;-999;-999;-999;-999;-999;-999;eor
       2349;20190328;   10;  19.2;   9.5;-999;-999;-999;-999;-999;-999;-999;-999;-999;-999;-999;-999;-999;eor
       2349;20190329;   10;  23.2;   9.1;-999;-999;-999;-999;-999;-999;-999;-999;-999;-999;-999;-999;-999;eor
       2349;20190330;   10;   8.0;   3.2;-999;-999;-999;-999;-999;-999;-999;-999;-999;-999;-999;-999;-999;eor
       2349;20190331;   10;  15.3;   5.6;-999;-999;-999;-999;-999;-999;-999;-999;-999;-999;-999;-999;-999;eor
       2349;20190401;   10;  15.2;   8.4;-999;-999;-999;-999;-999;-999;-999;-999;-999;-999;-999;-999;-999;eor
       2349;20190402;   10;  18.2;   6.4;-999;-999;-999;-999;-999;-999;-999;-999;-999;-999;-999;-999;-999;eor
       2349;20190403;   10;  14.0;   6.1;-999;-999;-999;-999;-999;-999;-999;-999;-999;-999;-999;-999;-999;eor
       2349;20190404;   10;   7.0;   3.6;-999;-999;-999;-999;-999;-999;-999;-999;-999;-999;-999;-999;-999;eor
       2349;20190405;   10;   9.3;   4.2;-999;-999;-999;-999;-999;-999;-999;-999;-999;-999;-999;-999;-999;eor
       2349;20190406;   10;  11.7;   5.2;-999;-999;-999;-999;-999;-999;-999;-999;-999;-999;-999;-999;-999;eor
       2349;20190407;   10;   9.5;   3.9;-999;-999;-999;-999;-999;-999;-999;-999;-999;-999;-999;-999;-999;eor
       2349;20190408;   10;   8.7;   4.0;-999;-999;-999;-999;-999;-999;-999;-999;-999;-999;-999;-999;-999;eor
       2349;20190409;   10;   5.7;   2.6;-999;-999;-999;-999;-999;-999;-999;-999;-999;-999;-999;-999;-999;eor
       2349;20190410;   10;  13.1;   5.3;-999;-999;-999;-999;-999;-999;-999;-999;-999;-999;-999;-999;-999;eor
       2349;20190411;   10;  13.4;   6.8;-999;-999;-999;-999;-999;-999;-999;-999;-999;-999;-999;-999;-999;eor
       2349;20190412;   10;   9.0;   4.5;-999;-999;-999;-999;-999;-999;-999;-999;-999;-999;-999;-999;-999;eor
       2349;20190413;   10;   6.8;   2.6;-999;-999;-999;-999;-999;-999;-999;-999;-999;-999;-999;-999;-999;eor
       2349;20190414;   10;   9.9;   4.4;-999;-999;-999;-999;-999;-999;-999;-999;-999;-999;-999;-999;-999;eor
       2349;20190415;   10;  19.4;  10.5;-999;-999;-999;-999;-999;-999;-999;-999;-999;-999;-999;-999;-999;eor
       2349;20190416;   10;   9.3;   4.1;-999;-999;-999;-999;-999;-999;-999;-999;-999;-999;-999;-999;-999;eor
       2349;20190417;   10;  16.8;   5.4;-999;-999;-999;-999;-999;-999;-999;-999;-999;-999;-999;-999;-999;eor
       2349;20190418;   10;  14.9;   8.5;-999;-999;-999;-999;-999;-999;-999;-999;-999;-999;-999;-999;-999;eor
       2349;20190419;   10;  10.7;   4.8;-999;-999;-999;-999;-999;-999;-999;-999;-999;-999;-999;-999;-999;eor
       2349;20190420;   10;  16.4;   7.7;-999;-999;-999;-999;-999;-999;-999;-999;-999;-999;-999;-999;-999;eor
       2349;20190421;   10;  17.3;   9.0;-999;-999;-999;-999;-999;-999;-999;-999;-999;-999;-999;-999;-999;eor
       2349;20190422;   10;  18.6;   9.3;-999;-999;-999;-999;-999;-999;-999;-999;-999;-999;-999;-999;-999;eor
       2349;20190423;   10;  13.9;   5.4;-999;-999;-999;-999;-999;-999;-999;-999;-999;-999;-999;-999;-999;eor
       2349;20190424;   10;  23.7;   6.8;-999;-999;-999;-999;-999;-999;-999;-999;-999;-999;-999;-999;-999;eor
       2349;20190425;   10;  14.8;   7.1;-999;-999;-999;-999;-999;-999;-999;-999;-999;-999;-999;-999;-999;eor
       2349;20190426;   10;  13.8;   6.6;-999;-999;-999;-999;-999;-999;-999;-999;-999;-999;-999;-999;-999;eor
       2349;20190427;   10;  23.5;   8.5;-999;-999;-999;-999;-999;-999;-999;-999;-999;-999;-999;-999;-999;eor
       2349;20190428;   10;  13.1;   5.3;-999;-999;-999;-999;-999;-999;-999;-999;-999;-999;-999;-999;-999;eor
       2349;20190429;   10;   9.0;   3.7;-999;-999;-999;-999;-999;-999;-999;-999;-999;-999;-999;-999;-999;eor
       2349;20190430;   10;   7.8;   3.0;-999;-999;-999;-999;-999;-999;-999;-999;-999;-999;-999;-999;-999;eor
       2349;20190501;   10;   7.8;   2.7;-999;-999;-999;-999;-999;-999;-999;-999;-999;-999;-999;-999;-999;eor
       2349;20190502;   10;  13.1;   5.6;-999;-999;-999;-999;-999;-999;-999;-999;-999;-999;-999;-999;-999;eor
       2349;20190503;   10;  10.9;   4.4;-999;-999;-999;-999;-999;-999;-999;-999;-999;-999;-999;-999;-999;eor
       2349;20190504;   10;  18.5;   5.7;-999;-999;-999;-999;-999;-999;-999;-999;-999;-999;-999;-999;-999;eor
       2349;20190505;   10;   9.8;   3.4;-999;-999;-999;-999;-999;-999;-999;-999;-999;-999;-999;-999;-999;eor
       2349;20190506;   10;   8.6;   3.5;-999;-999;-999;-999;-999;-999;-999;-999;-999;-999;-999;-999;-999;eor
       2349;20190507;   10;   7.7;   2.9;-999;-999;-999;-999;-999;-999;-999;-999;-999;-999;-999;-999;-999;eor
       2349;20190508;   10;  19.8;   8.2;-999;-999;-999;-999;-999;-999;-999;-999;-999;-999;-999;-999;-999;eor
       2349;20190509;   10;  20.4;  11.3;-999;-999;-999;-999;-999;-999;-999;-999;-999;-999;-999;-999;-999;eor
       2349;20190510;   10;  15.1;   6.4;-999;-999;-999;-999;-999;-999;-999;-999;-999;-999;-999;-999;-999;eor
       2349;20190511;   10;  23.5;  10.2;-999;-999;-999;-999;-999;-999;-999;-999;-999;-999;-999;-999;-999;eor
       2349;20190512;   10;  12.9;   4.8;-999;-999;-999;-999;-999;-999;-999;-999;-999;-999;-999;-999;-999;eor
       2349;20190513;   10;  18.1;   9.1;-999;-999;-999;-999;-999;-999;-999;-999;-999;-999;-999;-999;-999;eor
       2349;20190514;   10;  17.4;   9.2;-999;-999;-999;-999;-999;-999;-999;-999;-999;-999;-999;-999;-999;eor
       2349;20190515;   10;  16.6;   7.9;-999;-999;-999;-999;-999;-999;-999;-999;-999;-999;-999;-999;-999;eor
       2349;20190516;   10;  13.6;   6.2;-999;-999;-999;-999;-999;-999;-999;-999;-999;-999;-999;-999;-999;eor
       2349;20190517;   10;  11.7;   4.4;-999;-999;-999;-999;-999;-999;-999;-999;-999;-999;-999;-999;-999;eor
       2349;20190518;   10;   6.8;   3.3;-999;-999;-999;-999;-999;-999;-999;-999;-999;-999;-999;-999;-999;eor
       2349;20190519;   10;   8.9;   3.0;-999;-999;-999;-999;-999;-999;-999;-999;-999;-999;-999;-999;-999;eor
       2349;20190520;   10;  18.6;   7.2;-999;-999;-999;-999;-999;-999;-999;-999;-999;-999;-999;-999;-999;eor
       2349;20190521;   10;  18.7;  10.2;-999;-999;-999;-999;-999;-999;-999;-999;-999;-999;-999;-999;-999;eor
       2349;20190522;   10;  11.2;   5.4;-999;-999;-999;-999;-999;-999;-999;-999;-999;-999;-999;-999;-999;eor
       2349;20190523;   10;   8.5;   4.3;-999;-999;-999;-999;-999;-999;-999;-999;-999;-999;-999;-999;-999;eor
       2349;20190524;   10;   6.3;   2.7;-999;-999;-999;-999;-999;-999;-999;-999;-999;-999;-999;-999;-999;eor
       2349;20190525;   10;  11.1;   3.3;-999;-999;-999;-999;-999;-999;-999;-999;-999;-999;-999;-999;-999;eor
       2349;20190526;   10;   9.1;   4.4;-999;-999;-999;-999;-999;-999;-999;-999;-999;-999;-999;-999;-999;eor
       2349;20190527;   10;  10.5;   5.5;-999;-999;-999;-999;-999;-999;-999;-999;-999;-999;-999;-999;-999;eor
       2349;20190528;   10;  15.3;   7.2;-999;-999;-999;-999;-999;-999;-999;-999;-999;-999;-999;-999;-999;eor
       2349;20190529;   10;   9.5;   2.9;-999;-999;-999;-999;-999;-999;-999;-999;-999;-999;-999;-999;-999;eor
       2349;20190530;   10;   9.3;   3.9;-999;-999;-999;-999;-999;-999;-999;-999;-999;-999;-999;-999;-999;eor
       2349;20190531;   10;   6.3;   3.0;-999;-999;-999;-999;-999;-999;-999;-999;-999;-999;-999;-999;-999;eor
       2349;20190601;   10;   9.0;   3.8;-999;-999;-999;-999;-999;-999;-999;-999;-999;-999;-999;-999;-999;eor
       2349;20190602;   10;   8.8;   4.1;-999;-999;-999;-999;-999;-999;-999;-999;-999;-999;-999;-999;-999;eor
       2349;20190603;   10;  22.3;   5.1;-999;-999;-999;-999;-999;-999;-999;-999;-999;-999;-999;-999;-999;eor
       2349;20190604;   10;  12.5;   5.3;-999;-999;-999;-999;-999;-999;-999;-999;-999;-999;-999;-999;-999;eor
       2349;20190605;   10;  17.3;   7.5;-999;-999;-999;-999;-999;-999;-999;-999;-999;-999;-999;-999;-999;eor
       2349;20190606;   10;  18.7;   6.8;-999;-999;-999;-999;-999;-999;-999;-999;-999;-999;-999;-999;-999;eor
       2349;20190607;   10;  21.3;   8.2;-999;-999;-999;-999;-999;-999;-999;-999;-999;-999;-999;-999;-999;eor
       2349;20190608;   10;  18.7;   7.4;-999;-999;-999;-999;-999;-999;-999;-999;-999;-999;-999;-999;-999;eor
       2349;20190609;   10;  13.5;   5.5;-999;-999;-999;-999;-999;-999;-999;-999;-999;-999;-999;-999;-999;eor
       2349;20190610;   10;  10.5;   4.8;-999;-999;-999;-999;-999;-999;-999;-999;-999;-999;-999;-999;-999;eor
       2349;20190611;   10;   7.9;   2.5;-999;-999;-999;-999;-999;-999;-999;-999;-999;-999;-999;-999;-999;eor
       2349;20190612;   10;  17.6;   5.0;-999;-999;-999;-999;-999;-999;-999;-999;-999;-999;-999;-999;-999;eor
       2349;20190613;   10;  12.9;   5.0;-999;-999;-999;-999;-999;-999;-999;-999;-999;-999;-999;-999;-999;eor
       2349;20190614;   10;  19.4;   7.7;-999;-999;-999;-999;-999;-999;-999;-999;-999;-999;-999;-999;-999;eor
       2349;20190615;   10;  16.9;   7.8;-999;-999;-999;-999;-999;-999;-999;-999;-999;-999;-999;-999;-999;eor
       2349;20190616;   10;  10.5;   4.5;-999;-999;-999;-999;-999;-999;-999;-999;-999;-999;-999;-999;-999;eor
       2349;20190617;   10;  12.8;   6.8;-999;-999;-999;-999;-999;-999;-999;-999;-999;-999;-999;-999;-999;eor
       2349;20190618;   10;   8.4;   3.2;-999;-999;-999;-999;-999;-999;-999;-999;-999;-999;-999;-999;-999;eor
       2349;20190619;   10;  19.2;   5.1;-999;-999;-999;-999;-999;-999;-999;-999;-999;-999;-999;-999;-999;eor
       2349;20190620;   10;   8.9;   5.2;-999;-999;-999;-999;-999;-999;-999;-999;-999;-999;-999;-999;-999;eor
       2349;20190621;   10;  10.4;   3.8;-999;-999;-999;-999;-999;-999;-999;-999;-999;-999;-999;-999;-999;eor
       2349;20190622;   10;  14.7;   7.1;-999;-999;-999;-999;-999;-999;-999;-999;-999;-999;-999;-999;-999;eor
       2349;20190623;   10;  14.8;   7.1;-999;-999;-999;-999;-999;-999;-999;-999;-999;-999;-999;-999;-999;eor
       2349;20190624;   10;  12.5;   6.1;-999;-999;-999;-999;-999;-999;-999;-999;-999;-999;-999;-999;-999;eor
       2349;20190625;   10;   8.7;   3.5;-999;-999;-999;-999;-999;-999;-999;-999;-999;-999;-999;-999;-999;eor
       2349;20190626;   10;   7.0;   2.7;-999;-999;-999;-999;-999;-999;-999;-999;-999;-999;-999;-999;-999;eor
       2349;20190627;   10;  10.7;   3.3;-999;-999;-999;-999;-999;-999;-999;-999;-999;-999;-999;-999;-999;eor
       2349;20190628;   10;   8.4;   4.7;-999;-999;-999;-999;-999;-999;-999;-999;-999;-999;-999;-999;-999;eor
       2349;20190629;   10;  12.6;   6.4;-999;-999;-999;-999;-999;-999;-999;-999;-999;-999;-999;-999;-999;eor
       2349;20190630;   10;  12.5;   5.3;-999;-999;-999;-999;-999;-999;-999;-999;-999;-999;-999;-999;-999;eor
       2349;20190701;   10;  15.0;   6.4;-999;-999;-999;-999;-999;-999;-999;-999;-999;-999;-999;-999;-999;eor
       2349;20190702;   10;   9.2;   3.9;-999;-999;-999;-999;-999;-999;-999;-999;-999;-999;-999;-999;-999;eor
       2349;20190703;   10;  11.0;   6.0;-999;-999;-999;-999;-999;-999;-999;-999;-999;-999;-999;-999;-999;eor
       2349;20190704;   10;   9.0;   4.6;-999;-999;-999;-999;-999;-999;-999;-999;-999;-999;-999;-999;-999;eor
       2349;20190705;   10;   9.6;   4.6;-999;-999;-999;-999;-999;-999;-999;-999;-999;-999;-999;-999;-999;eor
       2349;20190706;   10;  11.0;   5.6;-999;-999;-999;-999;-999;-999;-999;-999;-999;-999;-999;-999;-999;eor
       2349;20190707;   10;  11.2;   5.1;-999;-999;-999;-999;-999;-999;-999;-999;-999;-999;-999;-999;-999;eor
       2349;20190708;   10;   7.4;   2.9;-999;-999;-999;-999;-999;-999;-999;-999;-999;-999;-999;-999;-999;eor
       2349;20190709;   10;  10.2;   4.1;-999;-999;-999;-999;-999;-999;-999;-999;-999;-999;-999;-999;-999;eor
       2349;20190710;   10;  11.9;   5.1;-999;-999;-999;-999;-999;-999;-999;-999;-999;-999;-999;-999;-999;eor
       2349;20190711;   10;   8.8;   2.8;-999;-999;-999;-999;-999;-999;-999;-999;-999;-999;-999;-999;-999;eor
       2349;20190712;   10;  15.8;   6.7;-999;-999;-999;-999;-999;-999;-999;-999;-999;-999;-999;-999;-999;eor
       2349;20190713;   10;  14.9;   6.3;-999;-999;-999;-999;-999;-999;-999;-999;-999;-999;-999;-999;-999;eor
       2349;20190714;   10;  12.5;   4.2;-999;-999;-999;-999;-999;-999;-999;-999;-999;-999;-999;-999;-999;eor
       2349;20190715;   10;  12.0;   4.5;-999;-999;-999;-999;-999;-999;-999;-999;-999;-999;-999;-999;-999;eor
       2349;20190716;   10;   7.1;   3.0;-999;-999;-999;-999;-999;-999;-999;-999;-999;-999;-999;-999;-999;eor
       2349;20190717;   10;   8.9;   2.9;-999;-999;-999;-999;-999;-999;-999;-999;-999;-999;-999;-999;-999;eor
       2349;20190718;   10;  12.6;   4.1;-999;-999;-999;-999;-999;-999;-999;-999;-999;-999;-999;-999;-999;eor
       2349;20190719;   10;  11.0;   3.7;-999;-999;-999;-999;-999;-999;-999;-999;-999;-999;-999;-999;-999;eor
       2349;20190720;   10;  16.2;   6.5;-999;-999;-999;-999;-999;-999;-999;-999;-999;-999;-999;-999;-999;eor
       2349;20190721;   10;  12.6;   4.6;-999;-999;-999;-999;-999;-999;-999;-999;-999;-999;-999;-999;-999;eor
       2349;20190722;   10;   7.7;   2.9;-999;-999;-999;-999;-999;-999;-999;-999;-999;-999;-999;-999;-999;eor
       2349;20190723;   10;  10.0;   5.7;-999;-999;-999;-999;-999;-999;-999;-999;-999;-999;-999;-999;-999;eor
       2349;20190724;   10;   8.9;   3.7;-999;-999;-999;-999;-999;-999;-999;-999;-999;-999;-999;-999;-999;eor
       2349;20190725;   10;  11.0;   6.0;-999;-999;-999;-999;-999;-999;-999;-999;-999;-999;-999;-999;-999;eor
       2349;20190726;   10;  15.4;   4.4;-999;-999;-999;-999;-999;-999;-999;-999;-999;-999;-999;-999;-999;eor
       2349;20190727;   10;  11.3;   4.8;-999;-999;-999;-999;-999;-999;-999;-999;-999;-999;-999;-999;-999;eor
       2349;20190728;   10;  17.4;   7.5;-999;-999;-999;-999;-999;-999;-999;-999;-999;-999;-999;-999;-999;eor
       2349;20190729;   10;  11.3;   4.8;-999;-999;-999;-999;-999;-999;-999;-999;-999;-999;-999;-999;-999;eor
       2349;20190730;   10;  12.8;   4.8;-999;-999;-999;-999;-999;-999;-999;-999;-999;-999;-999;-999;-999;eor
       2349;20190731;   10;  10.1;   5.2;-999;-999;-999;-999;-999;-999;-999;-999;-999;-999;-999;-999;-999;eor
       2349;20190801;    3;   7.1;   3.2;-999;-999;-999;-999;-999;-999;-999;-999;-999;-999;-999;-999;-999;eor
       2349;20190802;    3;  10.9;   4.6;-999;-999;-999;-999;-999;-999;-999;-999;-999;-999;-999;-999;-999;eor
       2349;20190803;    3;   9.2;   4.5;-999;-999;-999;-999;-999;-999;-999;-999;-999;-999;-999;-999;-999;eor
       2349;20190804;    3;   7.5;   2.7;-999;-999;-999;-999;-999;-999;-999;-999;-999;-999;-999;-999;-999;eor
       2349;20190805;    3;  10.5;   4.9;-999;-999;-999;-999;-999;-999;-999;-999;-999;-999;-999;-999;-999;eor
       2349;20190806;    3;  14.3;   4.5;-999;-999;-999;-999;-999;-999;-999;-999;-999;-999;-999;-999;-999;eor
       2349;20190807;    3;  14.0;   5.5;-999;-999;-999;-999;-999;-999;-999;-999;-999;-999;-999;-999;-999;eor
       2349;20190808;    3;   7.5;   3.6;-999;-999;-999;-999;-999;-999;-999;-999;-999;-999;-999;-999;-999;eor
       2349;20190809;    3;  16.4;   5.2;-999;-999;-999;-999;-999;-999;-999;-999;-999;-999;-999;-999;-999;eor
       2349;20190810;    3;  16.5;   8.4;-999;-999;-999;-999;-999;-999;-999;-999;-999;-999;-999;-999;-999;eor
       2349;20190811;    3;  16.3;   4.8;-999;-999;-999;-999;-999;-999;-999;-999;-999;-999;-999;-999;-999;eor
       2349;20190812;    3;  13.0;   4.8;-999;-999;-999;-999;-999;-999;-999;-999;-999;-999;-999;-999;-999;eor
       2349;20190813;    3;  12.0;   6.2;-999;-999;-999;-999;-999;-999;-999;-999;-999;-999;-999;-999;-999;eor
       2349;20190814;    3;   8.2;   3.8;-999;-999;-999;-999;-999;-999;-999;-999;-999;-999;-999;-999;-999;eor
       2349;20190815;    3;  16.3;   8.4;-999;-999;-999;-999;-999;-999;-999;-999;-999;-999;-999;-999;-999;eor
       2349;20190816;    3;  11.3;   5.4;-999;-999;-999;-999;-999;-999;-999;-999;-999;-999;-999;-999;-999;eor
       2349;20190817;    3;  13.8;   7.6;-999;-999;-999;-999;-999;-999;-999;-999;-999;-999;-999;-999;-999;eor
       2349;20190818;    3;  21.1;   7.3;-999;-999;-999;-999;-999;-999;-999;-999;-999;-999;-999;-999;-999;eor
       2349;20190819;    3;  12.2;   4.4;-999;-999;-999;-999;-999;-999;-999;-999;-999;-999;-999;-999;-999;eor
       2349;20190820;    3;   6.1;   2.4;-999;-999;-999;-999;-999;-999;-999;-999;-999;-999;-999;-999;-999;eor
       2349;20190821;    3;  16.5;   6.2;-999;-999;-999;-999;-999;-999;-999;-999;-999;-999;-999;-999;-999;eor
       2349;20190822;    3;  19.3;   8.5;-999;-999;-999;-999;-999;-999;-999;-999;-999;-999;-999;-999;-999;eor
       2349;20190823;    3;  14.8;   8.1;-999;-999;-999;-999;-999;-999;-999;-999;-999;-999;-999;-999;-999;eor
       2349;20190824;    3;  13.9;   6.0;-999;-999;-999;-999;-999;-999;-999;-999;-999;-999;-999;-999;-999;eor
       2349;20190825;    3;   6.1;   2.8;-999;-999;-999;-999;-999;-999;-999;-999;-999;-999;-999;-999;-999;eor
       2349;20190826;    3;   8.3;   3.5;-999;-999;-999;-999;-999;-999;-999;-999;-999;-999;-999;-999;-999;eor
       2349;20190827;    3;   7.4;   2.8;-999;-999;-999;-999;-999;-999;-999;-999;-999;-999;-999;-999;-999;eor
       2349;20190828;    3;   8.5;   3.8;-999;-999;-999;-999;-999;-999;-999;-999;-999;-999;-999;-999;-999;eor
       2349;20190829;    3;   6.9;   3.8;-999;-999;-999;-999;-999;-999;-999;-999;-999;-999;-999;-999;-999;eor
       2349;20190830;    3;   9.4;   3.1;-999;-999;-999;-999;-999;-999;-999;-999;-999;-999;-999;-999;-999;eor
       2349;20190831;    3;  14.4;   4.9;-999;-999;-999;-999;-999;-999;-999;-999;-999;-999;-999;-999;-999;eor
       2349;20190901;    3;  13.5;   6.2;-999;-999;-999;-999;-999;-999;-999;-999;-999;-999;-999;-999;-999;eor
       2349;20190902;    3;   8.2;   3.3;-999;-999;-999;-999;-999;-999;-999;-999;-999;-999;-999;-999;-999;eor
       2349;20190903;    3;   6.9;   2.9;-999;-999;-999;-999;-999;-999;-999;-999;-999;-999;-999;-999;-999;eor
       2349;20190904;    3;-999;-999;-999;-999;-999;-999;-999;-999;-999;-999;-999;-999;-999;-999;-999;eor
       2349;20190905;    3;  13.5;   6.0;-999;-999;-999;-999;-999;-999;-999;-999;-999;-999;-999;-999;-999;eor
       2349;20190906;    3;  11.1;   4.8;-999;-999;-999;-999;-999;-999;-999;-999;-999;-999;-999;-999;-999;eor
       2349;20190907;    3;  10.7;   4.5;-999;-999;-999;-999;-999;-999;-999;-999;-999;-999;-999;-999;-999;eor
       2349;20190908;    3;   9.7;   3.1;-999;-999;-999;-999;-999;-999;-999;-999;-999;-999;-999;-999;-999;eor
       2349;20190909;    3;  10.8;   4.8;-999;-999;-999;-999;-999;-999;-999;-999;-999;-999;-999;-999;-999;eor
       2349;20190910;    3;   7.8;   4.0;-999;-999;-999;-999;-999;-999;-999;-999;-999;-999;-999;-999;-999;eor
       2349;20190911;    3;  11.0;   3.8;-999;-999;-999;-999;-999;-999;-999;-999;-999;-999;-999;-999;-999;eor
       2349;20190912;    3;   9.8;   5.9;-999;-999;-999;-999;-999;-999;-999;-999;-999;-999;-999;-999;-999;eor
       2349;20190913;    3;   7.1;   3.8;-999;-999;-999;-999;-999;-999;-999;-999;-999;-999;-999;-999;-999;eor
       2349;20190914;    3;   8.8;   5.0;-999;-999;-999;-999;-999;-999;-999;-999;-999;-999;-999;-999;-999;eor
       2349;20190915;    3;   9.3;   5.4;-999;-999;-999;-999;-999;-999;-999;-999;-999;-999;-999;-999;-999;eor
       2349;20190916;    3;   9.5;   5.4;-999;-999;-999;-999;-999;-999;-999;-999;-999;-999;-999;-999;-999;eor
       2349;20190917;    3;  10.5;   4.3;-999;-999;-999;-999;-999;-999;-999;-999;-999;-999;-999;-999;-999;eor
       2349;20190918;    3;  12.7;   7.6;-999;-999;-999;-999;-999;-999;-999;-999;-999;-999;-999;-999;-999;eor
       2349;20190919;    3;  17.2;   9.6;-999;-999;-999;-999;-999;-999;-999;-999;-999;-999;-999;-999;-999;eor
       2349;20190920;    3;  18.9;  11.7;-999;-999;-999;-999;-999;-999;-999;-999;-999;-999;-999;-999;-999;eor
       2349;20190921;    3;  14.2;   5.4;-999;-999;-999;-999;-999;-999;-999;-999;-999;-999;-999;-999;-999;eor
       2349;20190922;    3;  16.4;   3.1;-999;-999;-999;-999;-999;-999;-999;-999;-999;-999;-999;-999;-999;eor
       2349;20190923;    3;  17.1;   7.5;-999;-999;-999;-999;-999;-999;-999;-999;-999;-999;-999;-999;-999;eor
       2349;20190924;    3;  17.7;   4.8;-999;-999;-999;-999;-999;-999;-999;-999;-999;-999;-999;-999;-999;eor
       2349;20190925;    3;  19.3;   9.1;-999;-999;-999;-999;-999;-999;-999;-999;-999;-999;-999;-999;-999;eor
       2349;20190926;    3;  19.7;   7.9;-999;-999;-999;-999;-999;-999;-999;-999;-999;-999;-999;-999;-999;eor
       2349;20190927;    3;  22.3;   9.8;-999;-999;-999;-999;-999;-999;-999;-999;-999;-999;-999;-999;-999;eor
       2349;20190928;    3;  20.9;  10.4;-999;-999;-999;-999;-999;-999;-999;-999;-999;-999;-999;-999;-999;eor
       2349;20190929;    3;  29.9;  11.0;-999;-999;-999;-999;-999;-999;-999;-999;-999;-999;-999;-999;-999;eor
       2349;20190930;    3;  26.8;  11.5;-999;-999;-999;-999;-999;-999;-999;-999;-999;-999;-999;-999;-999;eor
       2349;20191001;    3;  21.0;   9.0;-999;-999;-999;-999;-999;-999;-999;-999;-999;-999;-999;-999;-999;eor
       2349;20191002;    3;  19.6;   8.7;-999;-999;-999;-999;-999;-999;-999;-999;-999;-999;-999;-999;-999;eor
       2349;20191003;    3;  10.7;   3.9;-999;-999;-999;-999;-999;-999;-999;-999;-999;-999;-999;-999;-999;eor
       2349;20191004;    3;  20.8;   9.4;-999;-999;-999;-999;-999;-999;-999;-999;-999;-999;-999;-999;-999;eor
       2349;20191005;    3;  18.2;   6.7;-999;-999;-999;-999;-999;-999;-999;-999;-999;-999;-999;-999;-999;eor
       2349;20191006;    3;  19.5;   6.5;-999;-999;-999;-999;-999;-999;-999;-999;-999;-999;-999;-999;-999;eor
       2349;20191007;    3;  15.6;   5.6;-999;-999;-999;-999;-999;-999;-999;-999;-999;-999;-999;-999;-999;eor
       2349;20191008;    3;  23.2;  10.9;-999;-999;-999;-999;-999;-999;-999;-999;-999;-999;-999;-999;-999;eor
       2349;20191009;    3;  23.7;   9.4;-999;-999;-999;-999;-999;-999;-999;-999;-999;-999;-999;-999;-999;eor
       2349;20191010;    3;  22.8;  10.6;-999;-999;-999;-999;-999;-999;-999;-999;-999;-999;-999;-999;-999;eor
       2349;20191011;    3;  16.2;   9.0;-999;-999;-999;-999;-999;-999;-999;-999;-999;-999;-999;-999;-999;eor
       2349;20191012;    3;  16.7;   8.4;-999;-999;-999;-999;-999;-999;-999;-999;-999;-999;-999;-999;-999;eor
       2349;20191013;    3;  15.7;   7.4;-999;-999;-999;-999;-999;-999;-999;-999;-999;-999;-999;-999;-999;eor
       2349;20191014;    3;  12.2;   5.7;-999;-999;-999;-999;-999;-999;-999;-999;-999;-999;-999;-999;-999;eor
       2349;20191015;    3;  19.5;   8.1;-999;-999;-999;-999;-999;-999;-999;-999;-999;-999;-999;-999;-999;eor
       2349;20191016;    3;  15.8;   8.3;-999;-999;-999;-999;-999;-999;-999;-999;-999;-999;-999;-999;-999;eor
       2349;20191017;    3;  18.0;   7.7;-999;-999;-999;-999;-999;-999;-999;-999;-999;-999;-999;-999;-999;eor
       2349;20191018;    1;  21.4;   8.2;-999;-999;-999;-999;-999;-999;-999;-999;-999;-999;-999;-999;-999;eor
       2349;20191019;    1;  17.4;   6.4;-999;-999;-999;-999;-999;-999;-999;-999;-999;-999;-999;-999;-999;eor
       2349;20191020;    1;  12.4;   5.2;-999;-999;-999;-999;-999;-999;-999;-999;-999;-999;-999;-999;-999;eor
       2349;20191021;    1;  13.1;   5.5;-999;-999;-999;-999;-999;-999;-999;-999;-999;-999;-999;-999;-999;eor
       2349;20191022;    1;  14.2;   6.9;-999;-999;-999;-999;-999;-999;-999;-999;-999;-999;-999;-999;-999;eor
       2349;20191023;    1;  14.4;-999;-999;-999;-999;-999;-999;-999;-999;-999;-999;-999;-999;-999;-999;eor
       2349;20191024;    1;  13.3;   6.1;-999;-999;-999;-999;-999;-999;-999;-999;-999;-999;-999;-999;-999;eor
       2349;20191025;    1;  12.5;   6.0;-999;-999;-999;-999;-999;-999;-999;-999;-999;-999;-999;-999;-999;eor
       2349;20191026;    1;  15.5;   7.5;-999;-999;-999;-999;-999;-999;-999;-999;-999;-999;-999;-999;-999;eor
       2349;20191027;    1;  15.7;   8.1;-999;-999;-999;-999;-999;-999;-999;-999;-999;-999;-999;-999;-999;eor
       2349;20191028;    1;   9.7;   5.1;-999;-999;-999;-999;-999;-999;-999;-999;-999;-999;-999;-999;-999;eor
       2349;20191029;    1;  16.2;   8.6;-999;-999;-999;-999;-999;-999;-999;-999;-999;-999;-999;-999;-999;eor
       2349;20191030;    1;  15.7;   9.7;-999;-999;-999;-999;-999;-999;-999;-999;-999;-999;-999;-999;-999;eor
       2349;20191031;    1;   8.7;   4.5;-999;-999;-999;-999;-999;-999;-999;-999;-999;-999;-999;-999;-999;eor
       2349;20191101;    1;  16.7;   7.4;-999;-999;-999;-999;-999;-999;-999;-999;-999;-999;-999;-999;-999;eor
       2349;20191102;    1;  21.4;  10.3;-999;-999;-999;-999;-999;-999;-999;-999;-999;-999;-999;-999;-999;eor
       2349;20191103;    1;  21.9;   9.0;-999;-999;-999;-999;-999;-999;-999;-999;-999;-999;-999;-999;-999;eor
       2349;20191104;    1;  21.0;  10.3;-999;-999;-999;-999;-999;-999;-999;-999;-999;-999;-999;-999;-999;eor
       2349;20191105;    1;  16.2;   5.8;-999;-999;-999;-999;-999;-999;-999;-999;-999;-999;-999;-999;-999;eor
       2349;20191106;    1;  13.0;   7.0;-999;-999;-999;-999;-999;-999;-999;-999;-999;-999;-999;-999;-999;eor
       2349;20191107;    1;  18.9;   6.9;-999;-999;-999;-999;-999;-999;-999;-999;-999;-999;-999;-999;-999;eor
       2349;20191108;    1;   9.3;   4.0;-999;-999;-999;-999;-999;-999;-999;-999;-999;-999;-999;-999;-999;eor
       2349;20191109;    1;  11.7;   5.6;-999;-999;-999;-999;-999;-999;-999;-999;-999;-999;-999;-999;-999;eor
       2349;20191110;    1;   8.7;   2.9;-999;-999;-999;-999;-999;-999;-999;-999;-999;-999;-999;-999;-999;eor
       2349;20191111;    1;  14.3;   5.0;-999;-999;-999;-999;-999;-999;-999;-999;-999;-999;-999;-999;-999;eor
       2349;20191112;    1;  14.5;   7.1;-999;-999;-999;-999;-999;-999;-999;-999;-999;-999;-999;-999;-999;eor
       2349;20191113;    1;  11.5;   6.2;-999;-999;-999;-999;-999;-999;-999;-999;-999;-999;-999;-999;-999;eor
       2349;20191114;    1;  13.7;   7.2;-999;-999;-999;-999;-999;-999;-999;-999;-999;-999;-999;-999;-999;eor
       2349;20191115;    1;  20.4;   7.4;-999;-999;-999;-999;-999;-999;-999;-999;-999;-999;-999;-999;-999;eor
       2349;20191116;    1;   7.1;   2.7;-999;-999;-999;-999;-999;-999;-999;-999;-999;-999;-999;-999;-999;eor
       2349;20191117;    1;  14.6;   6.2;-999;-999;-999;-999;-999;-999;-999;-999;-999;-999;-999;-999;-999;eor
       2349;20191118;    1;  19.8;   8.7;-999;-999;-999;-999;-999;-999;-999;-999;-999;-999;-999;-999;-999;eor
       2349;20191119;    1;  13.0;   4.7;-999;-999;-999;-999;-999;-999;-999;-999;-999;-999;-999;-999;-999;eor
       2349;20191120;    1;  10.2;   6.0;-999;-999;-999;-999;-999;-999;-999;-999;-999;-999;-999;-999;-999;eor
       2349;20191121;    1;  10.1;   5.0;-999;-999;-999;-999;-999;-999;-999;-999;-999;-999;-999;-999;-999;eor
       2349;20191122;    1;  16.6;   5.8;-999;-999;-999;-999;-999;-999;-999;-999;-999;-999;-999;-999;-999;eor
       2349;20191123;    1;  19.1;  10.2;-999;-999;-999;-999;-999;-999;-999;-999;-999;-999;-999;-999;-999;eor
       2349;20191124;    1;   5.3;   2.6;-999;-999;-999;-999;-999;-999;-999;-999;-999;-999;-999;-999;-999;eor
       2349;20191125;    1;  10.8;   3.3;-999;-999;-999;-999;-999;-999;-999;-999;-999;-999;-999;-999;-999;eor
       2349;20191126;    1;  12.1;   6.6;-999;-999;-999;-999;-999;-999;-999;-999;-999;-999;-999;-999;-999;eor
       2349;20191127;    1;  22.6;  10.7;-999;-999;-999;-999;-999;-999;-999;-999;-999;-999;-999;-999;-999;eor
       2349;20191128;    1;  23.2;  12.0;-999;-999;-999;-999;-999;-999;-999;-999;-999;-999;-999;-999;-999;eor
       2349;20191129;    1;  21.2;   8.5;-999;-999;-999;-999;-999;-999;-999;-999;-999;-999;-999;-999;-999;eor
       2349;20191130;    1;  15.7;   6.1;-999;-999;-999;-999;-999;-999;-999;-999;-999;-999;-999;-999;-999;eor
       2349;20191201;    1;  14.5;   4.8;-999;-999;-999;-999;-999;-999;-999;-999;-999;-999;-999;-999;-999;eor
       2349;20191202;    1;  10.1;   4.8;-999;-999;-999;-999;-999;-999;-999;-999;-999;-999;-999;-999;-999;eor
       2349;20191203;    1;  15.5;  10.2;-999;-999;-999;-999;-999;-999;-999;-999;-999;-999;-999;-999;-999;eor
       2349;20191204;    1;  17.9;  10.0;-999;-999;-999;-999;-999;-999;-999;-999;-999;-999;-999;-999;-999;eor
       2349;20191205;    1;  13.5;   7.3;-999;-999;-999;-999;-999;-999;-999;-999;-999;-999;-999;-999;-999;eor
       2349;20191206;    1;  21.6;  10.8;-999;-999;-999;-999;-999;-999;-999;-999;-999;-999;-999;-999;-999;eor
       2349;20191207;    1;  23.5;  12.4;-999;-999;-999;-999;-999;-999;-999;-999;-999;-999;-999;-999;-999;eor
       2349;20191208;    1;  24.9;  12.1;-999;-999;-999;-999;-999;-999;-999;-999;-999;-999;-999;-999;-999;eor
       2349;20191209;    1;  24.0;  11.9;-999;-999;-999;-999;-999;-999;-999;-999;-999;-999;-999;-999;-999;eor
       2349;20191210;    1;  15.3;   5.7;-999;-999;-999;-999;-999;-999;-999;-999;-999;-999;-999;-999;-999;eor
       2349;20191211;    1;  21.6;   8.5;-999;-999;-999;-999;-999;-999;-999;-999;-999;-999;-999;-999;-999;eor
       2349;20191212;    1;  16.1;   8.4;-999;-999;-999;-999;-999;-999;-999;-999;-999;-999;-999;-999;-999;eor
       2349;20191213;    1;  26.5;  13.2;-999;-999;-999;-999;-999;-999;-999;-999;-999;-999;-999;-999;-999;eor
       2349;20191214;    1;  33.1;  13.7;-999;-999;-999;-999;-999;-999;-999;-999;-999;-999;-999;-999;-999;eor
       2349;20191215;    1;  22.2;  11.1;-999;-999;-999;-999;-999;-999;-999;-999;-999;-999;-999;-999;-999;eor
       2349;20191216;    1;  18.4;   7.1;-999;-999;-999;-999;-999;-999;-999;-999;-999;-999;-999;-999;-999;eor
       2349;20191217;    1;  19.9;   5.2;-999;-999;-999;-999;-999;-999;-999;-999;-999;-999;-999;-999;-999;eor
       2349;20191218;    1;  17.6;   6.9;-999;-999;-999;-999;-999;-999;-999;-999;-999;-999;-999;-999;-999;eor
       2349;20191219;    1;  11.8;   5.5;-999;-999;-999;-999;-999;-999;-999;-999;-999;-999;-999;-999;-999;eor
       2349;20191220;    1;  20.5;   8.0;-999;-999;-999;-999;-999;-999;-999;-999;-999;-999;-999;-999;-999;eor
       2349;20191221;    1;  16.9;   6.2;-999;-999;-999;-999;-999;-999;-999;-999;-999;-999;-999;-999;-999;eor
       2349;20191222;    1;  24.6;  11.4;-999;-999;-999;-999;-999;-999;-999;-999;-999;-999;-999;-999;-999;eor
       2349;20191223;    1;  20.4;  12.4;-999;-999;-999;-999;-999;-999;-999;-999;-999;-999;-999;-999;-999;eor
       2349;20191224;    1;  22.2;  10.9;-999;-999;-999;-999;-999;-999;-999;-999;-999;-999;-999;-999;-999;eor
       2349;20191225;    1;  23.8;  10.0;-999;-999;-999;-999;-999;-999;-999;-999;-999;-999;-999;-999;-999;eor
       2349;20191226;    1;  14.6;   5.6;-999;-999;-999;-999;-999;-999;-999;-999;-999;-999;-999;-999;-999;eor
       2349;20191227;    1;  16.6;   4.4;-999;-999;-999;-999;-999;-999;-999;-999;-999;-999;-999;-999;-999;eor
       2349;20191228;    1;  12.3;   5.0;-999;-999;-999;-999;-999;-999;-999;-999;-999;-999;-999;-999;-999;eor
       2349;20191229;    1;  12.5;   8.1;-999;-999;-999;-999;-999;-999;-999;-999;-999;-999;-999;-999;-999;eor
