STATIONS_ID;MESS_DATUM;QN_3;  FX;  FM;QN_4; RSK;RSKF; SDK;SHK_TAG;  NM; VPM;  PM; TMK; UPM; TXK; TNK; TGK;eor
       2437;20180630;-999;-999;-999;    3;   0.0;   0;-999;-999;  -999;  11.3; 1017.84;   17.9;   57.88;   -999;   -999;-999;eor
       2437;20180701;-999;-999;-999;    3;   0.0;   0;-999;-999;  -999;   9.7; 1019.23;   17.5;   51.88;   -999;   -999;-999;eor
       2437;20180702;-999;-999;-999;    3;   0.0;   0;-999;   0;   1.3;   9.9; 1016.42;   17.8;   51.63;   -999;   -999;-999;eor
       2437;20180703;-999;-999;-999;    3;   0.0;   0;-999;   0;   1.7;  12.0; 1014.15;   16.5;   66.17;   -999;   -999;-999;eor
       2437;20180704;-999;-999;-999;    3;   0.0;   0;-999;   0;   7.0;  14.0; 1011.65;   15.6;   79.08;   -999;   -999;-999;eor
       2437;20180705;-999;-999;-999;    3;   0.0;   0;-999;   0;   7.3;  14.3; 1009.62;   16.3;   77.35;   -999;   -999;-999;eor
       2437;20180706;-999;-999;-999;    3;   0.0;   0;-999;   0;  -999;  12.0; 1013.59;   16.6;   64.46;   -999;   -999;-999;eor
       2437;20180707;-999;-999;-999;    3;   0.0;   0;-999;-999;  -999;  11.9; 1017.52;   15.8;   67.42;   -999;   -999;-999;eor
       2437;20180708;-999;-999;-999;    3;   0.0;   0;-999;-999;  -999;  12.2; 1019.11;   16.8;   65.92;   -999;   -999;-999;eor
       2437;20180709;-999;-999;-999;    3;   0.0;   0;-999;   0;  -999;  11.5; 1015.82;   14.3;   71.54;   -999;   -999;-999;eor
       2437;20180710;-999;-999;-999;    3;   1.8;   4;-999;   0;  -999;  11.3; 1013.33;   15.6;   66.21;   -999;   -999;-999;eor
       2437;20180711;-999;-999;-999;    3;   0.0;   0;-999;   0;  -999;  15.0; 1013.72;   19.5;   67.71;   -999;   -999;-999;eor
       2437;20180712;-999;-999;-999;    3;   4.0;   4;-999;   0;  -999;  15.2; 1013.38;   19.5;   69.38;   -999;   -999;-999;eor
       2437;20180713;-999;-999;-999;    3;   0.0;   0;-999;   0;  -999;  14.2; 1015.85;   17.6;   71.46;   -999;   -999;-999;eor
       2437;20180714;-999;-999;-999;    3;   0.0;   0;-999;-999;  -999;  12.3; 1016.91;   15.8;   69.29;   -999;   -999;-999;eor
       2437;20180715;-999;-999;-999;    3;   0.0;   0;-999;-999;  -999;  13.1; 1015.25;   17.8;   66.54;   -999;   -999;-999;eor
       2437;20180716;-999;-999;-999;    3;   0.0;   0;-999;   0;  -999;  13.1; 1012.37;   20.5;   57.46;   -999;   -999;-999;eor
       2437;20180717;-999;-999;-999;    3;   0.0;   0;-999;   0;  -999;  13.7; 1010.33;   22.3;   55.42;   -999;   -999;-999;eor
       2437;20180718;-999;-999;-999;    3;   0.0;   0;-999;   0;  -999;  13.9; 1013.67;   18.7;   67.25;   -999;   -999;-999;eor
       2437;20180719;-999;-999;-999;    3;   0.0;   0;-999;   0;  -999;  11.9; 1015.56;   17.2;   63.50;   -999;   -999;-999;eor
       2437;20180720;-999;-999;-999;    3;   0.0;   0;-999;   0;  -999;  10.8; 1012.44;   18.6;   55.21;   -999;   -999;-999;eor
       2437;20180721;-999;-999;-999;    3;   0.0;   0;-999;-999;  -999;  12.2; 1009.71;   21.0;   51.46;   -999;   -999;-999;eor
       2437;20180722;-999;-999;-999;    3;   0.0;   0;-999;-999;  -999;  13.6; 1009.85;   21.5;   55.13;   -999;   -999;-999;eor
       2437;20180723;-999;-999;-999;    3;   0.0;   0;-999;   0;  -999;  16.2; 1013.35;   20.0;   71.25;   -999;   -999;-999;eor
       2437;20180724;-999;-999;-999;    3;   0.0;   0;-999;   0;  -999;  17.0; 1012.43;   23.5;   62.63;   -999;   -999;-999;eor
       2437;20180725;-999;-999;-999;    3;  30.3;   4;-999;   0;  -999;  19.8; 1013.31;   24.4;   67.54;   -999;   -999;-999;eor
       2437;20180726;-999;-999;-999;    3;   0.0;   0;-999;   0;  -999;  20.0; 1015.15;   25.0;   65.42;   -999;   -999;-999;eor
       2437;20180727;-999;-999;-999;    3;   0.0;   0;-999;   0;  -999;  19.9; 1013.65;   24.4;   66.75;   -999;   -999;-999;eor
       2437;20180728;-999;-999;-999;    3;   4.7;   4;-999;-999;  -999;  20.1; 1006.29;   23.3;   73.17;   -999;   -999;-999;eor
       2437;20180729;-999;-999;-999;    3;   0.0;   0;-999;-999;  -999;  14.3; 1011.08;   20.8;   60.21;   -999;   -999;-999;eor
       2437;20180730;-999;-999;-999;    3;   0.0;   4;-999;   0;  -999;  17.5; 1012.45;   24.3;   58.42;   -999;   -999;-999;eor
       2437;20180731;-999;-999;-999;    3;   0.0;   0;-999;   0;  -999;  17.6; 1012.83;   25.1;   57.33;   -999;   -999;-999;eor
       2437;20180801;-999;-999;-999;    3;   0.0;   0;-999;   0;  -999;  15.9; 1018.49;   20.5;   68.75;   -999;   -999;-999;eor
       2437;20180802;-999;-999;-999;    3;   0.0;   0;-999;   0;  -999;  14.9; 1020.43;   21.5;   61.13;   -999;   -999;-999;eor
       2437;20180803;-999;-999;-999;    3;   0.0;   0;-999;   0;  -999;  15.4; 1018.71;   23.0;   58.04;   -999;   -999;-999;eor
       2437;20180804;-999;-999;-999;    3;   0.0;   0;-999;-999;  -999;  17.4; 1016.26;   21.0;   72.00;   -999;   -999;-999;eor
       2437;20180805;-999;-999;-999;    3;   0.0;   0;-999;-999;  -999;  14.3; 1017.65;   18.0;   71.04;   -999;   -999;-999;eor
       2437;20180806;-999;-999;-999;    3;   0.0;   0;-999;   0;  -999;  13.9; 1014.15;   20.0;   62.88;   -999;   -999;-999;eor
       2437;20180807;-999;-999;-999;    3;   0.0;   0;-999;   0;  -999;  14.6; 1007.58;   24.5;   53.21;   -999;   -999;-999;eor
       2437;20180808;-999;-999;-999;    3;   3.0;   4;-999;   0;  -999;  17.2; 1006.27;   22.9;   65.17;   -999;   -999;-999;eor
       2437;20180809;-999;-999;-999;    3;  15.6;   4;-999;   0;  -999;  16.8; 1009.50;   19.6;   74.71;   -999;   -999;-999;eor
       2437;20180810;-999;-999;-999;    3;   1.7;   4;-999;   0;  -999;  13.9; 1012.23;   16.8;   72.42;   -999;   -999;-999;eor
       2437;20180811;-999;-999;-999;    3;   4.9;   4;-999;-999;  -999;  12.9; 1013.41;   14.9;   76.96;   -999;   -999;-999;eor
       2437;20180812;-999;-999;-999;    3;   0.5;   4;-999;-999;  -999;  14.1; 1011.33;   15.9;   77.92;   -999;   -999;-999;eor
       2437;20180813;-999;-999;-999;    3;   2.1;   4;-999;   0;  -999;  16.3; 1003.36;   18.6;   77.17;   -999;   -999;-999;eor
       2437;20180814;-999;-999;-999;    3;   0.3;   4;-999;   0;  -999;  17.7; 1005.36;   19.0;   81.42;   -999;   -999;-999;eor
       2437;20180815;-999;-999;-999;    3;   0.1;   4;-999;   0;  -999;  17.2; 1013.20;   18.6;   80.54;   -999;   -999;-999;eor
       2437;20180816;-999;-999;-999;    3;   0.0;   0;-999;   0;  -999;  17.3; 1011.93;   20.2;   74.38;   -999;   -999;-999;eor
       2437;20180817;-999;-999;-999;    3;   0.1;   4;-999;   0;  -999;  14.6; 1013.93;   17.1;   76.87;   -999;   -999;-999;eor
       2437;20180818;-999;-999;-999;    3;   0.0;   0;-999;-999;  -999;  14.4; 1016.63;   17.4;   73.54;   -999;   -999;-999;eor
       2437;20180819;-999;-999;-999;    3;   2.3;   4;-999;-999;  -999;  16.3; 1014.63;   19.0;   74.92;   -999;   -999;-999;eor
       2437;20180820;-999;-999;-999;    3;   0.0;   4;-999;   0;   5.3;  15.7; 1013.44;   18.0;   76.79;   -999;   -999;-999;eor
       2437;20180821;-999;-999;-999;    3;   0.0;   0;-999;   0;   2.7;  13.0; 1018.22;   17.3;   67.67;   -999;   -999;-999;eor
       2437;20180822;-999;-999;-999;    3;   0.0;   0;-999;   0;   2.7;  13.8; 1014.15;   20.6;   58.33;   -999;   -999;-999;eor
       2437;20180823;-999;-999;-999;    3;   2.8;   4;-999;   0;   5.7;  17.2; 1007.54;   19.1;   78.38;   -999;   -999;-999;eor
       2437;20180824;-999;-999;-999;    3;   8.7;   4;-999;   0;  -999;  13.6; 1003.80;   15.5;   78.21;   -999;   -999;-999;eor
       2437;20180825;-999;-999;-999;    3;   2.0;   4;-999;-999;  -999;  11.7; 1004.27;   11.7;   85.96;   -999;   -999;-999;eor
       2437;20180826;-999;-999;-999;    3;   3.2;   4;-999;-999;  -999;  11.4; 1009.32;   13.3;   74.21;   -999;   -999;-999;eor
       2437;20180827;-999;-999;-999;    3;   2.0;   4;-999;   0;   6.7;  13.3; 1004.63;   14.8;   79.04;   -999;   -999;-999;eor
       2437;20180828;-999;-999;-999;    3;   0.0;   4;-999;   0;   4.7;  13.8; 1014.62;   15.6;   78.79;   -999;   -999;-999;eor
       2437;20180829;-999;-999;-999;    3;   6.2;   4;-999;   0;   4.0;  14.2; 1011.89;   18.1;   70.88;   -999;   -999;-999;eor
       2437;20180830;-999;-999;-999;    3;   1.4;   4;-999;   0;  -999;  15.1; 1012.14;   15.5;   85.88;   -999;   -999;-999;eor
       2437;20180831;-999;-999;-999;    3;   0.0;   0;-999;   0;  -999;  12.7; 1017.49;   14.4;   78.04;   -999;   -999;-999;eor
       2437;20180901;-999;-999;-999;    3;   0.0;   0;-999;-999;  -999;  12.8; 1022.99;   14.5;   78.88;   -999;   -999;-999;eor
       2437;20180902;-999;-999;-999;    3;   0.0;   0;-999;-999;  -999;  14.8; 1024.35;   16.3;   79.83;   -999;   -999;-999;eor
       2437;20180903;-999;-999;-999;    3;   0.2;   4;-999;   0;  -999;  18.4; 1018.13;   18.9;   84.79;   -999;   -999;-999;eor
       2437;20180904;-999;-999;-999;    3;   0.0;   0;-999;   0;  -999;  16.1; 1016.11;   17.7;   81.58;   -999;   -999;-999;eor
       2437;20180905;-999;-999;-999;    3;   0.0;   0;-999;   0;  -999;  15.4; 1016.73;   16.9;   80.75;   -999;   -999;-999;eor
       2437;20180906;-999;-999;-999;    3;   3.9;   4;-999;   0;  -999;  16.1; 1010.27;   18.0;   79.58;   -999;   -999;-999;eor
       2437;20180907;-999;-999;-999;    3;   5.8;   4;-999;   0;  -999;  14.9; 1007.00;   15.1;   87.08;   -999;   -999;-999;eor
       2437;20180908;-999;-999;-999;    3;   3.2;   4;-999;-999;  -999;  12.9; 1012.32;   13.4;   83.46;   -999;   -999;-999;eor
       2437;20180909;-999;-999;-999;    3;   0.0;   4;-999;-999;  -999;  14.2; 1015.69;   16.2;   76.83;   -999;   -999;-999;eor
       2437;20180910;-999;-999;-999;    3;   1.1;   4;-999;   0;  -999;  14.1; 1015.53;   16.7;   74.21;   -999;   -999;-999;eor
       2437;20180911;-999;-999;-999;    3;   3.6;   4;-999;   0;  -999;  15.9; 1012.86;   15.5;   90.17;   -999;   -999;-999;eor
       2437;20180912;-999;-999;-999;    3;   0.0;   4;-999;   0;   7.3;  13.0; 1015.82;   13.6;   83.54;   -999;   -999;-999;eor
       2437;20180913;-999;-999;-999;    3;   0.0;   0;-999;   0;  -999;  10.9; 1017.82;   12.1;   77.42;   -999;   -999;-999;eor
       2437;20180914;-999;-999;-999;    3;   7.8;   4;-999;   0;  -999;  11.6; 1015.45;   13.8;   73.71;   -999;   -999;-999;eor
       2437;20180915;-999;-999;-999;    3;   0.0;   4;-999;-999;  -999;  12.6; 1016.41;   13.3;   83.79;   -999;   -999;-999;eor
       2437;20180916;-999;-999;-999;    3;   0.0;   0;-999;-999;  -999;  12.5; 1017.60;   14.3;   76.88;   -999;   -999;-999;eor
       2437;20180917;-999;-999;-999;    3;   0.0;   0;-999;   0;  -999;  13.6; 1014.06;   16.2;   74.17;   -999;   -999;-999;eor
       2437;20180918;-999;-999;-999;    3;   0.0;   0;-999;   0;   2.0;  14.0; 1008.81;   18.5;   67.67;   -999;   -999;-999;eor
       2437;20180919;-999;-999;-999;    3;   0.0;   0;-999;   0;   7.0;  15.7; 1011.10;   18.3;   76.42;   -999;   -999;-999;eor
       2437;20180920;-999;-999;-999;    3;   0.0;   0;-999;   0;   7.0;  15.8; 1009.36;   18.5;   74.29;   -999;   -999;-999;eor
       2437;20180921;-999;-999;-999;    3;  38.5;   4;-999;   0;  -999;  12.2;  999.28;   14.8;   72.71;   -999;   -999;-999;eor
       2437;20180922;-999;-999;-999;    3;   4.8;   4;-999;-999;  -999;   9.8; 1008.77;   11.3;   74.75;   -999;   -999;-999;eor
       2437;20180923;-999;-999;-999;    3;   1.5;   4;-999;-999;  -999;   9.7; 1009.04;    9.8;   80.96;   -999;   -999;-999;eor
       2437;20180924;-999;-999;-999;    3;   2.4;   4;-999;   0;  -999;   8.0; 1022.14;    8.5;   72.58;   -999;   -999;-999;eor
       2437;20180925;-999;-999;-999;    3;   0.0;   0;-999;   0;   6.0;   8.6; 1032.53;    8.7;   75.92;   -999;   -999;-999;eor
       2437;20180926;-999;-999;-999;    3;   0.0;   4;-999;   0;  -999;  12.5; 1024.01;   12.7;   82.58;   -999;   -999;-999;eor
       2437;20180927;-999;-999;-999;    3;   0.5;   4;-999;   0;   7.0;  15.9; 1019.11;   15.9;   87.71;   -999;   -999;-999;eor
       2437;20180928;-999;-999;-999;    3;   0.1;   4;-999;   0;  -999;   8.7; 1021.35;   10.2;   71.04;   -999;   -999;-999;eor
       2437;20180929;-999;-999;-999;    3;   0.0;   0;-999;-999;  -999;   9.7; 1022.97;    9.6;   80.33;   -999;   -999;-999;eor
       2437;20180930;-999;-999;-999;    3;   0.0;   0;-999;-999;  -999;  10.5; 1011.85;   11.3;   78.17;   -999;   -999;-999;eor
       2437;20181001;-999;-999;-999;    3;   1.1;   4;-999;   0;  -999;   9.3; 1009.98;    8.3;   85.83;   -999;   -999;-999;eor
       2437;20181002;-999;-999;-999;    3;   4.9;   4;-999;   0;  -999;   9.3; 1005.85;    8.9;   81.67;   -999;   -999;-999;eor
       2437;20181003;-999;-999;-999;    3;   0.9;   4;-999;-999;  -999;   9.4; 1013.68;   10.5;   74.50;   -999;   -999;-999;eor
       2437;20181004;-999;-999;-999;    3;   2.3;   4;-999;   0;   7.7;  13.5; 1018.61;   12.7;   90.63;   -999;   -999;-999;eor
       2437;20181005;-999;-999;-999;    3;   0.0;   0;-999;   0;  -999;  13.4; 1014.10;   14.8;   80.21;   -999;   -999;-999;eor
       2437;20181006;-999;-999;-999;    3;   1.8;   4;-999;-999;  -999;  12.3; 1006.13;   11.2;   91.75;   -999;   -999;-999;eor
       2437;20181007;-999;-999;-999;    3;   0.0;   0;-999;-999;  -999;   8.4; 1015.32;    8.1;   79.67;   -999;   -999;-999;eor
       2437;20181008;-999;-999;-999;    3;   0.0;   0;-999;   0;  -999;   9.5; 1016.93;    9.9;   77.50;   -999;   -999;-999;eor
       2437;20181009;-999;-999;-999;    3;   0.0;   0;-999;   0;  -999;  11.5; 1016.80;   11.6;   84.04;   -999;   -999;-999;eor
       2437;20181010;-999;-999;-999;    3;   0.0;   0;-999;   0;  -999;  11.5; 1018.08;   12.1;   80.75;   -999;   -999;-999;eor
       2437;20181011;-999;-999;-999;    3;   0.0;   0;-999;   0;  -999;  12.7; 1012.20;   15.1;   74.75;   -999;   -999;-999;eor
       2437;20181012;-999;-999;-999;    3;   0.0;   0;-999;   0;  -999;  13.3; 1015.29;   16.4;   70.29;   -999;   -999;-999;eor
       2437;20181013;-999;-999;-999;    3;   0.0;   0;-999;-999;  -999;  14.6; 1015.85;   19.4;   65.75;   -999;   -999;-999;eor
       2437;20181014;-999;-999;-999;    3;   0.0;   0;-999;-999;  -999;  11.7; 1008.60;   17.0;   60.96;   -999;   -999;-999;eor
       2437;20181015;-999;-999;-999;    3;   0.0;   0;-999;   0;  -999;  12.5; 1009.53;   15.6;   71.08;   -999;   -999;-999;eor
       2437;20181016;-999;-999;-999;    3;   0.0;   0;-999;   0;  -999;  14.3; 1014.45;   14.0;   89.04;   -999;   -999;-999;eor
       2437;20181017;-999;-999;-999;    3;   0.0;   0;-999;   0;  -999;  14.4; 1015.70;   14.8;   86.71;   -999;   -999;-999;eor
       2437;20181018;-999;-999;-999;    3;   0.0;   4;-999;   0;  -999;  10.8; 1020.52;   11.2;   80.67;   -999;   -999;-999;eor
       2437;20181019;-999;-999;-999;    3;   0.0;   0;-999;   0;  -999;   7.9; 1023.18;    7.1;   78.63;   -999;   -999;-999;eor
       2437;20181020;-999;-999;-999;    3;   0.0;   0;-999;-999;  -999;  10.2; 1024.40;    9.9;   83.17;   -999;   -999;-999;eor
       2437;20181021;-999;-999;-999;    3;   0.2;   4;-999;-999;  -999;  11.9; 1022.88;   11.2;   88.42;   -999;   -999;-999;eor
       2437;20181022;-999;-999;-999;    3;   3.9;   4;-999;   0;  -999;   9.6; 1023.80;    9.9;   78.54;   -999;   -999;-999;eor
       2437;20181023;-999;-999;-999;    3;   3.7;   4;-999;   0;  -999;  11.3; 1008.60;   11.6;   82.25;   -999;   -999;-999;eor
       2437;20181024;-999;-999;-999;    3;   1.1;   4;-999;   0;   4.3;   9.7; 1012.31;   10.2;   77.75;   -999;   -999;-999;eor
       2437;20181025;-999;-999;-999;    3;   0.6;   4;-999;   0;   7.3;  10.2; 1007.91;   10.7;   79.25;   -999;   -999;-999;eor
       2437;20181026;-999;-999;-999;    3;  14.3;   4;-999;   0;  -999;  10.1;  998.29;    8.8;   88.38;   -999;   -999;-999;eor
       2437;20181027;-999;-999;-999;    3;   0.0;   0;-999;-999;  -999;   6.6; 1003.02;    4.6;   78.38;   -999;   -999;-999;eor
       2437;20181028;-999;-999;-999;    3;   3.1;   4;-999;-999;  -999;   5.8; 1016.12;    2.2;   80.96;   -999;   -999;-999;eor
       2437;20181029;-999;-999;-999;    3;   8.5;   4;-999;   0;   7.7;   8.2; 1007.21;    6.2;   85.83;   -999;   -999;-999;eor
       2437;20181030;-999;-999;-999;    3;   2.8;   4;-999;   0;   7.7;   9.5;  988.82;    8.4;   85.96;   -999;   -999;-999;eor
       2437;20181031;-999;-999;-999;    3;   0.1;   4;-999;-999;  -999;   8.8; 1007.26;    7.9;   82.00;   -999;   -999;-999;eor
       2437;20181101;-999;-999;-999;    3;   0.0;   4;-999;   0;  -999;   9.2; 1009.10;    9.4;   77.75;   -999;   -999;-999;eor
       2437;20181102;-999;-999;-999;    3;   1.2;   4;-999;   0;  -999;   9.8; 1014.02;    8.6;   87.21;   -999;   -999;-999;eor
       2437;20181103;-999;-999;-999;    3;   0.0;   0;-999;-999;  -999;   7.7; 1024.36;    5.2;   87.25;   -999;   -999;-999;eor
       2437;20181104;-999;-999;-999;    3;   0.0;   0;-999;-999;  -999;   8.7; 1016.68;    6.0;   90.63;   -999;   -999;-999;eor
       2437;20181105;-999;-999;-999;    3;   0.0;   0;-999;   0;  -999;  11.3; 1009.33;    9.8;   92.79;   -999;   -999;-999;eor
       2437;20181106;-999;-999;-999;    3;   0.0;   0;-999;   0;  -999;  10.5; 1005.92;    8.1;   96.67;   -999;   -999;-999;eor
       2437;20181107;-999;-999;-999;    3;   0.0;   0;-999;   0;  -999;  10.8; 1006.55;    9.6;   90.63;   -999;   -999;-999;eor
       2437;20181108;-999;-999;-999;    3;   0.0;   0;-999;   0;  -999;  10.0; 1015.70;    8.9;   88.00;   -999;   -999;-999;eor
       2437;20181109;-999;-999;-999;    3;   2.4;   4;-999;   0;  -999;   9.3; 1012.77;    6.3;   94.08;   -999;   -999;-999;eor
       2437;20181110;-999;-999;-999;    3;   1.0;   4;-999;-999;  -999;  11.0; 1002.29;   10.3;   87.58;   -999;   -999;-999;eor
       2437;20181111;-999;-999;-999;    3;   0.2;   4;-999;-999;  -999;  11.7; 1002.89;   11.4;   86.54;   -999;   -999;-999;eor
       2437;20181112;-999;-999;-999;    3;   2.4;   4;-999;   0;  -999;  11.3; 1010.25;    9.3;   95.75;   -999;   -999;-999;eor
       2437;20181113;-999;-999;-999;    3;   2.0;   4;-999;   0;   7.0;  10.6; 1014.99;    9.0;   91.50;   -999;   -999;-999;eor
       2437;20181114;-999;-999;-999;    3;   0.0;   4;-999;   0;   7.0;  10.4; 1023.14;    8.6;   93.17;   -999;   -999;-999;eor
       2437;20181115;-999;-999;-999;    3;   0.0;   0;-999;   0;   4.0;   8.9; 1024.72;    7.4;   87.17;   -999;   -999;-999;eor
       2437;20181116;-999;-999;-999;    3;   0.0;   0;-999;   0;  -999;   7.5; 1029.33;    5.7;   82.42;   -999;   -999;-999;eor
       2437;20181117;-999;-999;-999;    3;   0.0;   0;-999;-999;  -999;   6.5; 1034.83;    3.3;   83.83;   -999;   -999;-999;eor
       2437;20181118;-999;-999;-999;    3;   0.1;   4;-999;-999;  -999;   7.0; 1031.47;    3.7;   86.79;   -999;   -999;-999;eor
       2437;20181119;-999;-999;-999;    3;   1.6;   4;-999;   0;  -999;   7.1; 1024.46;    5.4;   79.00;   -999;   -999;-999;eor
       2437;20181120;-999;-999;-999;    3;   0.0;   0;-999;   0;  -999;   5.9; 1017.27;    4.8;   69.21;   -999;   -999;-999;eor
       2437;20181121;-999;-999;-999;    3;   0.0;   0;-999;   0;  -999;   5.8; 1019.80;    3.1;   76.13;   -999;   -999;-999;eor
       2437;20181122;-999;-999;-999;    3;   0.0;   0;-999;   0;  -999;   5.8; 1021.48;    1.6;   84.83;   -999;   -999;-999;eor
       2437;20181123;-999;-999;-999;    3;   0.0;   0;-999;   0;  -999;   6.2; 1017.74;    1.5;   91.71;   -999;   -999;-999;eor
       2437;20181124;-999;-999;-999;    3;   0.0;   0;-999;-999;  -999;   6.8; 1011.82;    2.3;   93.79;   -999;   -999;-999;eor
       2437;20181125;-999;-999;-999;    3;   0.1;   4;-999;-999;  -999;   7.7; 1011.66;    4.2;   92.71;   -999;   -999;-999;eor
       2437;20181126;-999;-999;-999;    3;   0.2;   4;-999;   0;  -999;   7.0; 1014.15;    3.9;   86.79;   -999;   -999;-999;eor
       2437;20181127;-999;-999;-999;    3;   0.0;   0;-999;   0;   7.0;   5.0; 1020.00;    1.7;   71.92;   -999;   -999;-999;eor
       2437;20181128;-999;-999;-999;    3;   2.5;   4;-999;   0;   5.0;   4.4; 1019.70;    0.6;   69.75;   -999;   -999;-999;eor
       2437;20181129;-999;-999;-999;    3;   3.1;   4;-999;   0;   8.0;   7.3; 1009.11;    3.7;   90.08;   -999;   -999;-999;eor
       2437;20181130;-999;-999;-999;    3;   0.0;   0;-999;   0;  -999;   8.6; 1005.50;    7.6;   82.42;   -999;   -999;-999;eor
       2437;20181201;-999;-999;-999;    3;   0.1;   4;-999;-999;  -999;   8.7; 1005.57;    6.5;   89.54;   -999;   -999;-999;eor
       2437;20181202;-999;-999;-999;    3;   5.6;   4;-999;-999;  -999;  10.2;  993.55;    8.1;   94.00;   -999;   -999;-999;eor
       2437;20181203;-999;-999;-999;    3;   1.9;   4;-999;   0;   7.7;  11.0;  991.53;   10.0;   89.96;   -999;   -999;-999;eor
       2437;20181204;-999;-999;-999;    3;   0.0;   4;-999;   0;   1.7;   6.7; 1010.02;    4.7;   79.29;   -999;   -999;-999;eor
       2437;20181205;-999;-999;-999;    3;   0.0;   0;-999;   0;   4.0;   6.4; 1019.21;    2.6;   87.63;   -999;   -999;-999;eor
       2437;20181206;-999;-999;-999;    3;   3.7;   4;-999;   0;  -999;   9.3; 1007.79;    6.5;   93.13;   -999;   -999;-999;eor
       2437;20181207;-999;-999;-999;    3;  11.4;   4;-999;   0;  -999;  11.4;  995.61;    9.8;   93.71;   -999;   -999;-999;eor
       2437;20181208;-999;-999;-999;    3;   6.0;   4;-999;-999;  -999;   8.7;  987.07;    7.1;   86.17;   -999;   -999;-999;eor
       2437;20181209;-999;-999;-999;    3;   4.6;   4;-999;-999;  -999;   8.2;  987.35;    6.5;   84.63;   -999;   -999;-999;eor
       2437;20181210;-999;-999;-999;    3;   0.6;   4;-999;   0;  -999;   6.7; 1005.42;    4.7;   78.33;   -999;   -999;-999;eor
       2437;20181211;-999;-999;-999;    3;   0.0;   0;-999;   0;  -999;   6.3; 1015.52;    3.5;   80.71;   -999;   -999;-999;eor
       2437;20181212;-999;-999;-999;    3;   0.0;   4;-999;   0;   6.0;   6.6; 1024.25;    3.8;   82.71;   -999;   -999;-999;eor
       2437;20181213;-999;-999;-999;    3;   3.5;   4;-999;   0;   7.0;   6.2; 1023.66;    2.3;   85.96;   -999;   -999;-999;eor
       2437;20181214;-999;-999;-999;    3;   4.3;   4;-999;   0;  -999;   5.8; 1024.23;    1.3;   87.13;   -999;   -999;-999;eor
       2437;20181215;-999;-999;-999;    3;   0.0;   0;-999;-999;  -999;   4.7; 1024.19;   -0.1;   77.83;   -999;   -999;-999;eor
       2437;20181216;-999;-999;-999;    3;   0.1;   4;-999;-999;  -999;   4.6; 1011.55;   -0.9;   79.79;   -999;   -999;-999;eor
       2437;20181217;-999;-999;-999;    3;   0.5;   4;-999;   0;  -999;   5.7; 1015.05;    0.2;   91.75;   -999;   -999;-999;eor
       2437;20181218;-999;-999;-999;    3;   0.1;   4;-999;   0;  -999;   7.8; 1017.59;    4.3;   93.21;   -999;   -999;-999;eor
       2437;20181219;-999;-999;-999;    3;   0.2;   4;-999;   0;  -999;   6.9; 1009.05;    3.2;   89.54;   -999;   -999;-999;eor
       2437;20181220;-999;-999;-999;    3;   2.6;   4;-999;   0;  -999;   8.1; 1007.47;    4.9;   93.54;   -999;   -999;-999;eor
       2437;20181221;-999;-999;-999;    3;  10.2;   4;-999;   0;  -999;   8.9;  996.54;    6.1;   94.29;   -999;   -999;-999;eor
       2437;20181222;-999;-999;-999;    3;   2.8;   4;-999;-999;  -999;   7.9; 1004.20;    4.6;   92.71;   -999;   -999;-999;eor
       2437;20181223;-999;-999;-999;    3;   0.9;   4;-999;-999;  -999;   8.4; 1010.28;    5.7;   92.57;   -999;   -999;-999;eor
       2437;20181224;-999;-999;-999;    3;   0.1;   4;-999;-999;  -999;   6.2; 1022.28;    2.0;   87.13;   -999;   -999;-999;eor
       2437;20181225;-999;-999;-999;    3;   0.0;   0;-999;-999;  -999;   7.6; 1024.27;    5.7;   82.17;   -999;   -999;-999;eor
       2437;20181226;-999;-999;-999;    3;   0.0;   0;-999;-999;  -999;   9.8; 1022.49;    7.5;   94.04;   -999;   -999;-999;eor
       2437;20181227;-999;-999;-999;    3;   0.0;   0;-999;-999;  -999;   9.7; 1019.39;    7.0;   96.67;   -999;   -999;-999;eor
       2437;20181228;-999;-999;-999;    3;   0.1;   4;-999;-999;  -999;   9.3; 1021.24;    7.2;   91.71;   -999;   -999;-999;eor
       2437;20181229;-999;-999;-999;    3;   5.9;   4;-999;-999;  -999;   9.8; 1017.26;    7.6;   93.54;   -999;   -999;-999;eor
       2437;20181230;-999;-999;-999;    3;   0.0;   0;-999;-999;  -999;   8.0; 1022.08;    5.9;   86.63;   -999;   -999;-999;eor
       2437;20181231;-999;-999;-999;    3;   0.0;   0;-999;-999;  -999;   9.5; 1024.50;    6.6;   95.75;   -999;   -999;-999;eor
       2437;20190101;-999;-999;-999;    3;   0.4;   4;-999;-999;  -999;   7.3; 1013.83;    6.2;   76.08;   -999;   -999;-999;eor
       2437;20190102;-999;-999;-999;    3;   0.0;   0;-999;   0;  -999;   4.3; 1027.25;    1.7;   63.83;   -999;   -999;-999;eor
       2437;20190103;-999;-999;-999;    3;   0.0;   4;-999;   0;  -999;   4.5; 1032.40;   -2.5;   86.46;   -999;   -999;-999;eor
       2437;20190104;-999;-999;-999;    3;   0.0;   0;-999;   0;  -999;   8.0; 1024.98;    4.8;   91.75;   -999;   -999;-999;eor
       2437;20190105;-999;-999;-999;    3;   0.0;   0;-999;-999;  -999;   8.9; 1019.97;    6.2;   93.17;   -999;   -999;-999;eor
       2437;20190106;-999;-999;-999;    3;   0.0;   4;-999;-999;  -999;   7.8; 1024.97;    3.9;   94.00;   -999;   -999;-999;eor
       2437;20190107;-999;-999;-999;    3;   6.4;   4;-999;   0;  -999;   8.9; 1018.12;    6.4;   92.25;   -999;   -999;-999;eor
       2437;20190108;-999;-999;-999;    3;   0.6;   4;-999;   0;  -999;   7.2;  998.26;    5.3;   80.33;   -999;   -999;-999;eor
       2437;20190109;-999;-999;-999;    3;   0.0;   0;-999;   0;  -999;   5.0; 1012.67;    2.7;   68.33;   -999;   -999;-999;eor
       2437;20190110;-999;-999;-999;    3;   0.0;   4;-999;   0;  -999;   5.6; 1020.70;    0.3;   89.75;   -999;   -999;-999;eor
       2437;20190111;-999;-999;-999;    3;   0.0;   0;-999;   0;  -999;   8.2; 1012.83;    5.6;   88.96;   -999;   -999;-999;eor
       2437;20190112;-999;-999;-999;    3;   2.7;   4;-999;-999;  -999;   8.2; 1004.51;    5.8;   88.54;   -999;   -999;-999;eor
       2437;20190113;-999;-999;-999;    3;   0.9;   4;-999;-999;  -999;   8.5;  990.75;    6.6;   86.46;   -999;   -999;-999;eor
       2437;20190114;-999;-999;-999;    3;   0.1;   4;-999;   0;   3.7;   5.1; 1001.07;    1.8;   74.46;   -999;   -999;-999;eor
       2437;20190115;-999;-999;-999;    3;   1.2;   4;-999;   0;  -999;   8.3; 1003.98;    5.8;   89.13;   -999;   -999;-999;eor
       2437;20190116;-999;-999;-999;    3;   1.1;   4;-999;   0;  -999;   8.7;  997.30;    6.4;   90.71;   -999;   -999;-999;eor
       2437;20190117;-999;-999;-999;    3;   3.0;   4;-999;   0;  -999;   6.7;  993.00;    3.0;   88.38;   -999;   -999;-999;eor
       2437;20190118;-999;-999;-999;    3;   0.0;   0;-999;   1;  -999;   4.8; 1011.90;   -1.5;   87.29;   -999;   -999;-999;eor
       2437;20190119;-999;-999;-999;    3;   0.0;   0;-999;-999;  -999;   5.2; 1015.42;   -0.7;   89.42;   -999;   -999;-999;eor
       2437;20190120;-999;-999;-999;    3;   0.0;   0;-999;-999;  -999;   4.7; 1016.63;   -2.0;   89.17;   -999;   -999;-999;eor
       2437;20190121;-999;-999;-999;    3;   0.2;   4;-999;   0;   7.0;   5.2; 1015.16;   -1.4;   91.83;   -999;   -999;-999;eor
       2437;20190122;-999;-999;-999;    3;   0.0;   0;-999;   0;   7.3;   5.0; 1004.61;   -0.7;   86.21;   -999;   -999;-999;eor
       2437;20190123;-999;-999;-999;    3;   0.0;   0;-999;   0;   5.7;   3.6; 1001.23;   -4.7;   84.71;   -999;   -999;-999;eor
       2437;20190124;-999;-999;-999;    3;   0.0;   4;-999;   0;   8.0;   3.2; 1009.94;   -5.5;   79.13;   -999;   -999;-999;eor
       2437;20190125;-999;-999;-999;    3;   0.4;   4;-999;   0;  -999;   3.5; 1008.78;   -3.8;   75.42;   -999;   -999;-999;eor
       2437;20190126;-999;-999;-999;    3;   1.5;   4;-999;-999;  -999;   7.0;  995.30;    2.3;   95.46;   -999;   -999;-999;eor
       2437;20190127;-999;-999;-999;    3;   3.1;   4;-999;-999;  -999;   7.9;  980.67;    4.4;   94.54;   -999;   -999;-999;eor
       2437;20190128;-999;-999;-999;    3;   0.1;   4;-999;   0;   6.7;   5.9;  987.30;    0.5;   93.04;   -999;   -999;-999;eor
       2437;20190129;-999;-999;-999;    3;   0.0;   4;-999;   0;   5.7;   5.3;  997.38;   -0.8;   91.50;   -999;   -999;-999;eor
       2437;20190130;-999;-999;-999;    3;   0.0;   0;-999;   0;   7.0;   4.9;  994.82;   -0.2;   81.75;   -999;   -999;-999;eor
       2437;20190131;-999;-999;-999;    3;   0.0;   0;-999;   1;   5.7;   5.0;  994.50;   -0.3;   82.96;   -999;   -999;-999;eor
       2437;20190201;-999;-999;-999;    3;   0.0;   0;-999;   0;  -999;   5.1;  993.14;   -0.4;   86.21;   -999;   -999;-999;eor
       2437;20190202;-999;-999;-999;    3;   0.0;   0;-999;-999;  -999;   5.6;  997.38;    0.5;   89.00;   -999;   -999;-999;eor
       2437;20190203;-999;-999;-999;    3;   0.0;   4;-999;-999;  -999;   5.6; 1012.38;    0.8;   86.17;   -999;   -999;-999;eor
       2437;20190204;-999;-999;-999;    3;   0.6;   4;-999;   0;   7.3;   5.6; 1017.15;    1.0;   84.75;   -999;   -999;-999;eor
       2437;20190205;-999;-999;-999;    3;   0.0;   4;-999;   0;  -999;   7.3; 1018.65;    3.4;   93.17;   -999;   -999;-999;eor
       2437;20190206;-999;-999;-999;    3;   5.5;   4;-999;   0;  -999;   7.2; 1016.10;    3.1;   94.38;   -999;   -999;-999;eor
       2437;20190207;-999;-999;-999;    3;   2.3;   4;-999;   0;   7.7;   7.9; 1002.10;    5.3;   87.92;   -999;   -999;-999;eor
       2437;20190208;-999;-999;-999;    3;   3.4;   4;-999;   0;  -999;   8.3; 1001.17;    6.2;   87.46;   -999;   -999;-999;eor
       2437;20190209;-999;-999;-999;    3;   1.9;   4;-999;-999;  -999;   8.0;  992.29;    6.8;   80.96;   -999;   -999;-999;eor
       2437;20190210;-999;-999;-999;    3;   9.4;   4;-999;-999;  -999;   7.8;  989.18;    5.0;   89.63;   -999;   -999;-999;eor
       2437;20190211;-999;-999;-999;    3;   0.9;   4;-999;   0;   4.3;   6.4; 1006.10;    4.5;   75.96;   -999;   -999;-999;eor
       2437;20190212;-999;-999;-999;    3;   0.0;   4;-999;   0;   7.3;   6.6; 1024.00;    4.3;   78.33;   -999;   -999;-999;eor
       2437;20190213;-999;-999;-999;    3;   0.0;   4;-999;   0;   8.0;   9.1; 1026.42;    6.6;   93.08;   -999;   -999;-999;eor
       2437;20190214;-999;-999;-999;    3;   0.0;   0;-999;   0;   5.0;   7.7; 1030.08;    5.0;   88.25;   -999;   -999;-999;eor
       2437;20190215;-999;-999;-999;    3;   0.0;   0;-999;   0;  -999;   5.8; 1027.66;    4.9;   70.38;   -999;   -999;-999;eor
       2437;20190216;-999;-999;-999;    3;   0.0;   0;-999;-999;  -999;   7.3; 1019.67;    6.7;   71.58;   -999;   -999;-999;eor
       2437;20190217;-999;-999;-999;    3;   0.0;   0;-999;-999;  -999;   8.8; 1018.15;    9.0;   77.21;   -999;   -999;-999;eor
       2437;20190218;-999;-999;-999;    3;   1.0;   4;-999;   0;   4.0;   7.9; 1012.93;    6.9;   78.88;   -999;   -999;-999;eor
       2437;20190219;-999;-999;-999;    3;   0.4;   4;-999;   0;   7.7;   8.5; 1008.76;    6.1;   89.96;   -999;   -999;-999;eor
       2437;20190220;-999;-999;-999;    3;   0.1;   4;-999;   0;   7.7;   8.8; 1015.17;    6.4;   90.79;   -999;   -999;-999;eor
       2437;20190221;-999;-999;-999;    3;   1.0;   4;-999;   0;  -999;   9.2; 1018.90;    6.8;   92.75;   -999;   -999;-999;eor
       2437;20190222;-999;-999;-999;    3;   0.0;   0;-999;   0;  -999;   6.6; 1035.00;    3.7;   83.00;   -999;   -999;-999;eor
       2437;20190223;-999;-999;-999;    3;   0.0;   0;-999;-999;  -999;   4.6; 1037.76;    2.3;   64.21;   -999;   -999;-999;eor
       2437;20190224;-999;-999;-999;    3;   0.0;   0;-999;-999;  -999;   5.5; 1034.97;    3.3;   71.83;   -999;   -999;-999;eor
       2437;20190225;-999;-999;-999;    3;   0.0;   0;-999;   0;   4.7;   6.3; 1034.04;    2.6;   85.46;   -999;   -999;-999;eor
       2437;20190226;-999;-999;-999;    3;   0.0;   0;-999;   0;   2.7;   6.4; 1030.47;    3.8;   80.00;   -999;   -999;-999;eor
       2437;20190227;-999;-999;-999;    3;   0.0;   0;-999;   0;   0.7;   5.9; 1020.56;    5.9;   66.08;   -999;   -999;-999;eor
       2437;20190228;-999;-999;-999;    3;   0.0;   0;-999;   0;  -999;   7.6; 1008.75;    4.9;   87.83;   -999;   -999;-999;eor
       2437;20190301;-999;-999;-999;    3;   0.0;   0;-999;   0;  -999;   6.5; 1008.99;    4.5;   77.50;   -999;   -999;-999;eor
       2437;20190302;-999;-999;-999;    3;   1.4;   4;-999;-999;  -999;   6.6; 1008.25;    4.6;   77.58;   -999;   -999;-999;eor
       2437;20190303;-999;-999;-999;    3;   9.0;   4;-999;-999;  -999;   9.8;  995.79;    8.3;   88.25;   -999;   -999;-999;eor
       2437;20190304;-999;-999;-999;    3;   6.9;   4;-999;   0;  -999;   9.0;  981.17;    7.8;   84.33;   -999;   -999;-999;eor
       2437;20190305;-999;-999;-999;    3;   0.0;   0;-999;   0;   4.7;   7.6;  995.09;    5.9;   82.17;   -999;   -999;-999;eor
       2437;20190306;-999;-999;-999;    3;   6.1;   4;-999;   0;   7.7;   8.3;  997.77;    5.9;   87.58;   -999;   -999;-999;eor
       2437;20190307;-999;-999;-999;    3;   5.2;   4;-999;   0;  -999;   9.0;  986.10;    8.3;   81.71;   -999;   -999;-999;eor
       2437;20190308;-999;-999;-999;    3;   3.0;   4;-999;   0;  -999;   7.0;  997.14;    5.8;   76.21;   -999;   -999;-999;eor
       2437;20190309;-999;-999;-999;    3;   7.5;   4;-999;-999;  -999;   7.1;  996.68;    4.8;   82.33;   -999;   -999;-999;eor
       2437;20190310;-999;-999;-999;    3;   0.3;   4;-999;-999;  -999;   6.6;  998.28;    4.7;   77.96;   -999;   -999;-999;eor
       2437;20190311;-999;-999;-999;    3;   4.0;   4;-999;   0;   5.7;   6.5; 1005.82;    2.9;   86.71;   -999;   -999;-999;eor
       2437;20190312;-999;-999;-999;    3;   4.4;   4;-999;   0;  -999;   6.8; 1004.98;    3.3;   87.08;   -999;   -999;-999;eor
       2437;20190313;-999;-999;-999;    3;   7.6;   4;-999;   0;  -999;   7.8;  988.95;    5.3;   86.58;   -999;   -999;-999;eor
       2437;20190314;-999;-999;-999;    3;   3.3;   4;-999;   0;   8.0;   8.2;  989.52;    5.7;   89.38;   -999;   -999;-999;eor
       2437;20190315;-999;-999;-999;    3;   4.2;   4;-999;   0;  -999;   8.1;  991.00;    6.1;   84.88;   -999;   -999;-999;eor
       2437;20190316;-999;-999;-999;    3;  16.9;   4;-999;-999;  -999;   8.2;  996.01;    6.2;   85.04;   -999;   -999;-999;eor
       2437;20190317;-999;-999;-999;    3;   1.4;   4;-999;-999;  -999;   7.6;  990.95;    6.8;   77.08;   -999;   -999;-999;eor
       2437;20190318;-999;-999;-999;    3;   1.1;   4;-999;   0;   5.3;   6.8; 1003.79;    5.3;   76.75;   -999;   -999;-999;eor
       2437;20190319;-999;-999;-999;    3;   0.0;   0;-999;   0;   1.7;   5.8; 1021.44;    4.2;   72.17;   -999;   -999;-999;eor
       2437;20190320;-999;-999;-999;    3;   0.0;   4;-999;   0;   7.3;   8.9; 1026.25;    6.3;   90.58;   -999;   -999;-999;eor
       2437;20190321;-999;-999;-999;    3;   0.0;   0;-999;   0;  -999;  10.3; 1028.48;    8.3;   94.42;   -999;   -999;-999;eor
       2437;20190322;-999;-999;-999;    3;   0.0;   0;-999;   0;  -999;  10.3; 1026.89;    8.3;   93.42;   -999;   -999;-999;eor
       2437;20190323;-999;-999;-999;    3;   0.0;   0;-999;-999;  -999;   8.1; 1024.56;    6.7;   83.88;   -999;   -999;-999;eor
       2437;20190324;-999;-999;-999;    3;   1.6;   4;-999;-999;  -999;   7.0; 1021.66;    4.7;   82.38;   -999;   -999;-999;eor
       2437;20190325;-999;-999;-999;    3;   1.0;   4;-999;   0;   4.0;   6.9; 1013.28;    5.2;   79.96;   -999;   -999;-999;eor
       2437;20190326;-999;-999;-999;    3;   0.4;   4;-999;   0;   6.0;   7.5; 1021.73;    6.0;   80.38;   -999;   -999;-999;eor
       2437;20190327;-999;-999;-999;    3;   0.6;   4;-999;   0;  -999;   9.6; 1025.58;    7.3;   93.79;   -999;   -999;-999;eor
       2437;20190328;-999;-999;-999;    3;   0.0;   4;-999;   0;   6.7;  10.2; 1029.84;    9.0;   89.42;   -999;   -999;-999;eor
       2437;20190329;-999;-999;-999;    3;   0.0;   0;-999;   0;  -999;   8.8; 1026.67;    8.2;   81.42;   -999;   -999;-999;eor
       2437;20190330;-999;-999;-999;    3;   0.0;   0;-999;-999;  -999;   8.7; 1017.70;    7.9;   81.58;   -999;   -999;-999;eor
       2437;20190331;-999;-999;-999;    3;   0.0;   0;-999;-999;  -999;   5.5; 1021.85;    5.5;   62.88;   -999;   -999;-999;eor
       2437;20190401;-999;-999;-999;    3;   0.0;   0;-999;   0;   0.7;   5.1; 1022.80;    3.6;   66.79;   -999;   -999;-999;eor
       2437;20190402;-999;-999;-999;    3;   0.6;   4;-999;   0;  -999;   6.2; 1006.42;    8.1;   56.33;   -999;   -999;-999;eor
       2437;20190403;-999;-999;-999;    3;   0.0;   4;-999;   0;   7.0;   9.5;  999.76;    9.2;   82.42;   -999;   -999;-999;eor
       2437;20190404;-999;-999;-999;    3;   0.0;   0;-999;   0;   7.0;   9.4;  997.32;    8.4;   86.79;   -999;   -999;-999;eor
       2437;20190405;-999;-999;-999;    3;   0.0;   0;-999;   0;  -999;   8.8; 1002.34;    8.2;   81.54;   -999;   -999;-999;eor
       2437;20190406;-999;-999;-999;    3;   0.0;   0;-999;-999;  -999;   9.4; 1005.99;   10.1;   77.58;   -999;   -999;-999;eor
       2437;20190407;-999;-999;-999;    3;   0.0;   0;-999;-999;  -999;   9.2; 1006.80;   10.6;   73.50;   -999;   -999;-999;eor
       2437;20190408;-999;-999;-999;    3;   0.0;   0;-999;   0;  -999;   7.4; 1011.30;    8.0;   69.71;   -999;   -999;-999;eor
       2437;20190409;-999;-999;-999;    3;   0.0;   0;-999;   0;  -999;   5.4; 1015.59;    4.3;   67.83;   -999;   -999;-999;eor
       2437;20190410;-999;-999;-999;    3;   0.1;   4;-999;   0;  -999;   4.5; 1018.36;    2.8;   61.54;   -999;   -999;-999;eor
       2437;20190411;-999;-999;-999;    3;   0.1;   4;-999;   0;  -999;   6.2; 1023.98;    3.4;   78.79;   -999;   -999;-999;eor
       2437;20190412;-999;-999;-999;    3;   0.1;   4;-999;   0;  -999;   5.4; 1026.15;    2.9;   74.46;   -999;   -999;-999;eor
       2437;20190413;-999;-999;-999;    3;   4.1;   4;-999;-999;  -999;   5.6; 1025.43;    2.4;   76.79;   -999;   -999;-999;eor
       2437;20190414;-999;-999;-999;    3;   0.0;   4;-999;-999;  -999;   6.5; 1026.67;    4.9;   75.21;   -999;   -999;-999;eor
       2437;20190415;-999;-999;-999;    3;   0.0;   0;-999;   0;  -999;   6.2; 1027.06;    5.8;   67.58;   -999;   -999;-999;eor
       2437;20190416;-999;-999;-999;    3;   0.0;   0;-999;   0;  -999;   6.4; 1022.14;    6.0;   69.08;   -999;   -999;-999;eor
       2437;20190417;-999;-999;-999;    3;   0.0;   0;-999;   0;  -999;   6.6; 1025.39;    8.7;   61.50;   -999;   -999;-999;eor
       2437;20190418;-999;-999;-999;    3;   0.0;   0;-999;   0;  -999;   7.5; 1029.50;    9.7;   65.04;   -999;   -999;-999;eor
       2437;20190419;-999;-999;-999;    3;   0.0;   0;-999;-999;  -999;   7.2; 1031.21;   10.2;   60.54;   -999;   -999;-999;eor
       2437;20190420;-999;-999;-999;    3;   0.0;   0;-999;-999;  -999;   5.9; 1029.57;   10.0;   53.58;   -999;   -999;-999;eor
       2437;20190421;-999;-999;-999;    3;   0.0;   0;-999;-999;  -999;   6.8; 1020.92;   10.9;   57.08;   -999;   -999;-999;eor
       2437;20190422;-999;-999;-999;    3;   0.0;   0;-999;-999;  -999;   7.5; 1013.98;   11.5;   57.25;   -999;   -999;-999;eor
       2437;20190423;-999;-999;-999;    3;   0.1;   4;-999;   0;   0.0;   8.5; 1006.69;   12.1;   60.75;   -999;   -999;-999;eor
       2437;20190424;-999;-999;-999;    3;   0.0;   0;-999;   0;   4.7;  11.5; 1001.10;   14.2;   71.83;   -999;   -999;-999;eor
       2437;20190425;-999;-999;-999;    3;   0.0;   0;-999;   0;   4.7;  10.8; 1005.50;   16.1;   62.13;   -999;   -999;-999;eor
       2437;20190426;-999;-999;-999;    3;   3.0;   4;-999;   0;  -999;  11.8; 1007.13;   12.6;   81.17;   -999;   -999;-999;eor
       2437;20190427;-999;-999;-999;    3;   0.8;   4;-999;-999;  -999;  11.0; 1007.68;   11.3;   83.71;   -999;   -999;-999;eor
       2437;20190428;-999;-999;-999;    3;   0.1;   4;-999;-999;  -999;  10.0; 1014.54;    8.8;   88.75;   -999;   -999;-999;eor
       2437;20190429;-999;-999;-999;    3;   0.0;   0;-999;   0;   3.7;   9.5; 1019.58;   11.2;   73.54;   -999;   -999;-999;eor
       2437;20190430;-999;-999;-999;    3;   0.0;   0;-999;   0;   4.0;   8.8; 1017.50;   11.5;   65.63;   -999;   -999;-999;eor
       2437;20190501;-999;-999;-999;    3;   0.0;   0;-999;-999;  -999;   9.7; 1010.72;    8.7;   86.54;   -999;   -999;-999;eor
       2437;20190502;-999;-999;-999;    3;   0.7;   4;-999;   0;   5.3;   8.6; 1002.05;    8.1;   79.46;   -999;   -999;-999;eor
       2437;20190503;-999;-999;-999;    3;   0.4;   4;-999;   0;  -999;   6.1; 1003.54;    5.7;   67.42;   -999;   -999;-999;eor
       2437;20190504;-999;-999;-999;    3;   1.1;   4;-999;-999;  -999;   6.2; 1004.22;    4.7;   73.42;   -999;   -999;-999;eor
       2437;20190505;-999;-999;-999;    3;   1.1;   4;-999;-999;  -999;   6.2; 1012.80;    5.6;   69.63;   -999;   -999;-999;eor
       2437;20190506;-999;-999;-999;    3;   1.4;   4;-999;   0;   3.7;   7.0; 1011.91;    6.4;   72.50;   -999;   -999;-999;eor
       2437;20190507;-999;-999;-999;    3;   0.7;   4;-999;   0;  -999;   6.0; 1012.57;    6.5;   63.75;   -999;   -999;-999;eor
       2437;20190508;-999;-999;-999;    3;   8.5;   4;-999;   0;  -999;   8.2; 1001.28;    9.5;   70.25;   -999;   -999;-999;eor
       2437;20190509;-999;-999;-999;    3;   0.0;   4;-999;   0;  -999;  11.0;  994.66;   12.3;   78.13;   -999;   -999;-999;eor
       2437;20190510;-999;-999;-999;-999;-999;-999;-999;   0;  -999;  -999;    -999;   -999;-999;-999;-999;-999;eor
       2437;20190512;-999;-999;-999;    3;   0.0;   0;-999;-999;  -999;  -999;    -999;   -999;-999;-999;-999;-999;eor
       2437;20190513;-999;-999;-999;    3;   0.0;   0;-999;   0;  -999;   6.9; 1034.17;    8.8;   62.92;   -999;   -999;-999;eor
       2437;20190514;-999;-999;-999;    3;   0.0;   0;-999;   0;  -999;   6.6; 1031.82;    9.2;   59.67;   -999;   -999;-999;eor
       2437;20190515;-999;-999;-999;    3;   0.0;   0;-999;   0;  -999;   6.4; 1025.97;    9.9;   55.88;   -999;   -999;-999;eor
       2437;20190516;-999;-999;-999;    3;   0.0;   4;-999;   0;  -999;   8.2; 1018.02;   11.7;   60.08;   -999;   -999;-999;eor
       2437;20190517;-999;-999;-999;    3;   0.0;   0;-999;   0;  -999;  11.8; 1009.28;   10.9;   91.00;   -999;   -999;-999;eor
       2437;20190518;-999;-999;-999;    3;   0.0;   0;-999;-999;  -999;  13.1; 1006.07;   13.5;   84.83;   -999;   -999;-999;eor
       2437;20190519;-999;-999;-999;    3;   0.0;   0;-999;-999;  -999;  14.0; 1004.93;   14.0;   87.96;   -999;   -999;-999;eor
       2437;20190520;-999;-999;-999;    3;   0.0;   4;-999;   0;  -999;  15.0; 1003.70;   16.8;   79.67;   -999;   -999;-999;eor
       2437;20190521;-999;-999;-999;    3;  -999;-999;-999;   0;  -999;  15.0; 1004.56;   15.6;   85.38;   -999;   -999;-999;eor
       2437;20190522;-999;-999;-999;    3;   0.6;   4;-999;   0;  -999;  10.9; 1011.98;   11.0;   83.63;   -999;   -999;-999;eor
       2437;20190523;-999;-999;-999;    3;   0.0;   0;-999;   0;  -999;  10.0; 1013.68;   13.8;   66.25;   -999;   -999;-999;eor
       2437;20190524;-999;-999;-999;    3;   0.0;   0;-999;   0;  -999;  10.3; 1009.44;   13.0;   70.04;   -999;   -999;-999;eor
       2437;20190525;-999;-999;-999;    3;   0.0;   0;-999;-999;  -999;   9.8; 1011.58;   11.5;   72.54;   -999;   -999;-999;eor
       2437;20190526;-999;-999;-999;    3;  12.2;   4;-999;-999;  -999;  13.4; 1004.68;   12.2;   92.67;   -999;   -999;-999;eor
       2437;20190527;-999;-999;-999;    3;   0.0;   4;-999;   0;  -999;  11.1; 1001.99;   13.1;   74.75;   -999;   -999;-999;eor
       2437;20190528;-999;-999;-999;    3;   0.0;   4;-999;   0;  -999;   8.4; 1006.15;   10.8;   66.17;   -999;   -999;-999;eor
       2437;20190529;-999;-999;-999;    3;   0.0;   0;-999;   0;  -999;   6.7; 1017.56;   10.0;   56.96;   -999;   -999;-999;eor
       2437;20190530;-999;-999;-999;    3;   1.0;   4;-999;-999;  -999;  12.3; 1016.03;   12.9;   79.63;   -999;   -999;-999;eor
       2437;20190531;-999;-999;-999;    3;   0.0;   0;-999;-999;  -999;  15.4; 1017.81;   15.8;   85.96;   -999;   -999;-999;eor
       2437;20190601;-999;-999;-999;    3;   0.0;   0;-999;-999;  -999;  13.7; 1017.07;   15.5;   78.58;   -999;   -999;-999;eor
       2437;20190602;-999;-999;-999;    3;   0.0;   0;-999;-999;  -999;  15.1; 1011.68;   18.8;   71.63;   -999;   -999;-999;eor
       2437;20190603;-999;-999;-999;    3;   0.1;   4;-999;   0;  -999;  14.6; 1008.89;   18.4;   69.83;   -999;   -999;-999;eor
       2437;20190604;-999;-999;-999;    3;   3.5;   4;-999;   0;  -999;  13.3; 1009.54;   15.3;   76.33;   -999;   -999;-999;eor
       2437;20190605;-999;-999;-999;    3;   0.0;   0;-999;   0;  -999;  18.3; 1004.76;   20.3;   77.08;   -999;   -999;-999;eor
       2437;20190606;-999;-999;-999;    3;   0.9;   4;-999;   0;  -999;  15.5; 1006.00;   17.6;   76.46;   -999;   -999;-999;eor
       2437;20190607;-999;-999;-999;    3;   0.5;   4;-999;   0;  -999;  11.9; 1010.42;   15.4;   69.21;   -999;   -999;-999;eor
       2437;20190608;-999;-999;-999;    3;   0.7;   4;-999;-999;  -999;  12.3; 1010.49;   15.0;   71.92;   -999;   -999;-999;eor
       2437;20190609;-999;-999;-999;    3;   0.0;   0;-999;-999;  -999;  11.6; 1018.64;   15.5;   66.67;   -999;   -999;-999;eor
       2437;20190610;-999;-999;-999;    3;   7.6;   4;-999;-999;  -999;  14.2; 1013.13;   14.9;   83.42;   -999;   -999;-999;eor
       2437;20190611;-999;-999;-999;    3;   4.6;   4;-999;   0;  -999;  16.5; 1008.33;   15.9;   91.33;   -999;   -999;-999;eor
       2437;20190612;-999;-999;-999;    3;   2.5;   4;-999;   0;  -999;  17.2; 1006.78;   15.9;   94.46;   -999;   -999;-999;eor
       2437;20190613;-999;-999;-999;    3;   0.3;   4;-999;   0;  -999;  13.4; 1008.84;   17.4;   69.21;   -999;   -999;-999;eor
       2437;20190614;-999;-999;-999;    3;   2.5;   4;-999;   0;  -999;  14.6; 1012.67;   18.5;   70.00;   -999;   -999;-999;eor
       2437;20190615;-999;-999;-999;    3;   4.8;   4;-999;   0;  -999;  17.1; 1008.61;   16.9;   89.00;   -999;   -999;-999;eor
       2437;20190616;-999;-999;-999;    3;   2.5;   4;-999;-999;  -999;  14.3; 1015.88;   16.8;   76.29;   -999;   -999;-999;eor
       2437;20190617;-999;-999;-999;    3;   0.0;   0;-999;   0;  -999;  14.9; 1017.49;   18.6;   71.42;   -999;   -999;-999;eor
       2437;20190618;-999;-999;-999;    3;   3.3;   4;-999;   0;  -999;  17.0; 1012.00;   21.4;   68.54;   -999;   -999;-999;eor
       2437;20190619;-999;-999;-999;    3;   3.7;   4;-999;   0;  -999;  19.1; 1005.17;   20.6;   80.08;   -999;   -999;-999;eor
       2437;20190620;-999;-999;-999;    3;   1.6;   4;-999;   0;  -999;  16.2; 1006.43;   17.2;   83.17;   -999;   -999;-999;eor
       2437;20190621;-999;-999;-999;    3;   0.0;   0;-999;   0;  -999;  12.4; 1014.50;   15.2;   72.71;   -999;   -999;-999;eor
       2437;20190622;-999;-999;-999;    3;   0.0;   0;-999;-999;  -999;  10.8; 1021.14;   14.3;   67.83;   -999;   -999;-999;eor
       2437;20190623;-999;-999;-999;    3;   0.0;   0;-999;-999;  -999;  13.4; 1021.07;   17.0;   70.04;   -999;   -999;-999;eor
       2437;20190624;-999;-999;-999;    3;   0.0;   0;-999;   0;  -999;  14.6; 1021.17;   19.5;   65.58;   -999;   -999;-999;eor
       2437;20190625;-999;-999;-999;    3;   0.0;   0;-999;   0;  -999;  17.5; 1017.07;   24.0;   60.08;   -999;   -999;-999;eor
       2437;20190626;-999;-999;-999;    3;   0.0;   0;-999;   0;   3.0;  17.9; 1018.18;   21.2;   71.08;   -999;   -999;-999;eor
       2437;20190627;-999;-999;-999;    3;   0.0;   0;-999;   0;  -999;  12.2; 1022.51;   14.9;   71.67;   -999;   -999;-999;eor
       2437;20190628;-999;-999;-999;    3;   0.0;   0;-999;   0;  -999;  13.0; 1022.05;   15.6;   72.71;   -999;   -999;-999;eor
       2437;20190629;-999;-999;-999;    3;   0.0;   0;-999;-999;  -999;  12.7; 1016.94;   18.8;   62.67;   -999;   -999;-999;eor
       2437;20190630;-999;-999;-999;    3;   0.0;   0;-999;-999;  -999;  15.7; 1008.43;   20.9;   66.08;   -999;   -999;-999;eor
       2437;20190701;-999;-999;-999;    3;   2.7;   4;-999;   0;  -999;  14.6; 1009.99;   16.9;   76.88;   -999;   -999;-999;eor
       2437;20190702;-999;-999;-999;    3;   0.0;   4;-999;   0;  -999;  10.4; 1016.04;   13.9;   66.79;   -999;   -999;-999;eor
       2437;20190703;-999;-999;-999;    3;   0.0;   4;-999;   0;  -999;  10.0; 1019.46;   13.6;   66.25;   -999;   -999;-999;eor
       2437;20190704;-999;-999;-999;    3;   1.6;   4;-999;   0;  -999;  12.9; 1016.82;   13.5;   82.79;   -999;   -999;-999;eor
       2437;20190705;-999;-999;-999;    3;   0.8;   4;-999;   0;  -999;  14.8; 1010.50;   14.5;   89.54;   -999;   -999;-999;eor
       2437;20190706;-999;-999;-999;    3;   0.9;   4;-999;-999;  -999;  13.7; 1004.26;   14.7;   81.83;   -999;   -999;-999;eor
       2437;20190707;-999;-999;-999;    3;   0.0;   0;-999;-999;  -999;  10.3; 1007.70;   13.1;   69.13;   -999;   -999;-999;eor
       2437;20190708;-999;-999;-999;    3;   0.0;   4;-999;   0;  -999;  11.1; 1011.77;   13.1;   74.58;   -999;   -999;-999;eor
       2437;20190709;-999;-999;-999;    3;   0.0;   0;-999;   0;  -999;  11.4; 1014.36;   13.9;   72.50;   -999;   -999;-999;eor
       2437;20190710;-999;-999;-999;    3;   0.0;   4;-999;   0;  -999;  11.2; 1014.91;   15.4;   66.08;   -999;   -999;-999;eor
       2437;20190711;-999;-999;-999;    3;  16.6;   4;-999;   0;  -999;  15.2; 1009.70;   15.3;   86.33;   -999;   -999;-999;eor
       2437;20190712;-999;-999;-999;    3;   0.7;   4;-999;   0;  -999;  17.0; 1006.90;   16.9;   89.25;   -999;   -999;-999;eor
       2437;20190713;-999;-999;-999;    3;   0.0;   0;-999;-999;  -999;  15.4; 1011.50;   15.9;   85.38;   -999;   -999;-999;eor
       2437;20190714;-999;-999;-999;    3;   0.0;   0;-999;-999;  -999;  13.3; 1014.12;   14.3;   81.63;   -999;   -999;-999;eor
       2437;20190715;-999;-999;-999;    3;   0.0;   0;-999;   0;  -999;  12.2; 1012.63;   14.3;   74.83;   -999;   -999;-999;eor
       2437;20190716;-999;-999;-999;    3;   0.0;   4;-999;   0;  -999;  -999;    -999;   15.5;-999;   -999;   -999;-999;eor
       2437;20190717;-999;-999;-999;    3;   0.0;   0;-999;   0;  -999;  13.8; 1012.01;   15.0;   81.46;   -999;   -999;-999;eor
       2437;20190718;-999;-999;-999;    3;   1.1;   4;-999;   0;  -999;  14.1; 1008.74;   17.8;   71.29;   -999;   -999;-999;eor
       2437;20190719;-999;-999;-999;    3;   0.6;   4;-999;   0;  -999;  15.6; 1009.47;   17.8;   77.50;   -999;   -999;-999;eor
       2437;20190720;-999;-999;-999;    3;  12.0;   4;-999;-999;  -999;  16.2; 1008.54;   18.8;   76.79;   -999;   -999;-999;eor
       2437;20190721;-999;-999;-999;    3;   0.0;   0;-999;-999;  -999;  16.2; 1013.85;   17.0;   83.96;   -999;   -999;-999;eor
       2437;20190722;-999;-999;-999;    3;   2.0;   4;-999;   0;  -999;  16.9; 1018.07;   15.9;   92.92;   -999;   -999;-999;eor
       2437;20190723;-999;-999;-999;    3;   0.0;   0;-999;   0;  -999;  19.2; 1017.79;   21.1;   78.29;   -999;   -999;-999;eor
       2437;20190724;-999;-999;-999;    3;   0.0;   0;-999;   0;  -999;  19.4; 1014.72;   23.5;   69.33;   -999;   -999;-999;eor
       2437;20190725;-999;-999;-999;    3;   0.0;   0;-999;   0;  -999;  19.5; 1014.40;   25.1;   63.33;   -999;   -999;-999;eor
       2437;20190726;-999;-999;-999;    3;   0.0;   0;-999;   0;  -999;  16.8; 1012.51;   22.5;   63.08;   -999;   -999;-999;eor
       2437;20190727;-999;-999;-999;    3;   0.0;   0;-999;-999;  -999;  17.9; 1006.56;   21.1;   72.42;   -999;   -999;-999;eor
       2437;20190728;-999;-999;-999;    3;   0.0;   0;-999;-999;  -999;  19.3; 1002.27;   21.3;   77.04;   -999;   -999;-999;eor
       2437;20190729;-999;-999;-999;    3;  24.1;   4;-999;   0;  -999;  21.1; 1006.55;   21.8;   81.33;   -999;   -999;-999;eor
       2437;20190730;-999;-999;-999;    3;   2.5;   4;-999;   0;  -999;  16.8; 1008.90;   19.0;   77.58;   -999;   -999;-999;eor
       2437;20190731;-999;-999;-999;    3;  20.2;   4;-999;   0;  -999;  17.7; 1011.02;   17.9;   87.21;   -999;   -999;-999;eor
       2437;20190801;-999;-999;-999;    3;   0.0;   0;-999;   0;  -999;  16.6; 1013.10;   18.5;   79.00;   -999;   -999;-999;eor
       2437;20190802;-999;-999;-999;    3;   0.1;   4;-999;   0;  -999;  17.6; 1012.09;   18.2;   85.25;   -999;   -999;-999;eor
       2437;20190803;-999;-999;-999;    3;   0.0;   0;-999;-999;  -999;  15.6; 1012.44;   17.6;   79.58;   -999;   -999;-999;eor
       2437;20190804;-999;-999;-999;    3;   0.0;   0;-999;-999;  -999;  15.0; 1012.33;   16.9;   79.04;   -999;   -999;-999;eor
       2437;20190805;-999;-999;-999;    3;   0.6;   4;-999;   0;  -999;  16.6; 1007.57;   17.3;   84.17;   -999;   -999;-999;eor
       2437;20190806;-999;-999;-999;    3;   0.0;   0;-999;   0;  -999;  16.1; 1004.67;   19.0;   75.58;   -999;   -999;-999;eor
       2437;20190807;-999;-999;-999;    3;   3.2;   4;-999;   0;  -999;  15.5; 1002.31;   17.0;   80.58;   -999;   -999;-999;eor
       2437;20190808;-999;-999;-999;    3;   0.4;   4;-999;   0;  -999;  16.2; 1004.50;   17.3;   82.92;   -999;   -999;-999;eor
       2437;20190809;-999;-999;-999;    3;   1.7;   4;-999;   0;  -999;  16.3; 1006.62;   17.6;   81.38;   -999;   -999;-999;eor
       2437;20190810;-999;-999;-999;    3;   0.6;   4;-999;-999;  -999;  17.5; 1003.24;   20.2;   74.00;   -999;   -999;-999;eor
       2437;20190811;-999;-999;-999;    3;   0.0;   0;-999;-999;  -999;  14.4; 1008.11;   18.7;   68.00;   -999;   -999;-999;eor
       2437;20190812;-999;-999;-999;    3;   6.5;   4;-999;   0;  -999;  14.7; 1008.77;   17.4;   74.75;   -999;   -999;-999;eor
       2437;20190813;-999;-999;-999;    3;   8.0;   4;-999;   0;  -999;  14.0; 1010.02;   14.1;   86.96;   -999;   -999;-999;eor
       2437;20190814;-999;-999;-999;    3;   1.7;   4;-999;   0;  -999;  12.9; 1011.65;   14.6;   78.71;   -999;   -999;-999;eor
       2437;20190815;-999;-999;-999;    3;   6.4;   4;-999;   0;  -999;  16.1; 1005.13;   15.4;   90.58;   -999;   -999;-999;eor
       2437;20190816;-999;-999;-999;    3;   0.9;   4;-999;   0;  -999;  14.7; 1009.52;   17.1;   76.79;   -999;   -999;-999;eor
       2437;20190817;-999;-999;-999;    3;  19.1;   4;-999;-999;  -999;  17.1; 1003.40;   16.6;   90.38;   -999;   -999;-999;eor
       2437;20190818;-999;-999;-999;    3;   1.0;   4;-999;-999;  -999;  16.7; 1002.26;   15.8;   93.42;   -999;   -999;-999;eor
       2437;20190819;-999;-999;-999;    3;   3.7;   4;-999;   0;  -999;  15.4; 1009.40;   15.6;   87.79;   -999;   -999;-999;eor
       2437;20190820;-999;-999;-999;    3;   0.2;   4;-999;   0;  -999;  13.8; 1017.07;   15.5;   79.29;   -999;   -999;-999;eor
       2437;20190821;-999;-999;-999;    3;   0.3;   4;-999;   0;  -999;  13.2; 1023.51;   15.1;   77.83;   -999;   -999;-999;eor
       2437;20190822;-999;-999;-999;    3;   0.0;   0;-999;   0;  -999;  12.9; 1022.37;   17.1;   68.46;   -999;   -999;-999;eor
       2437;20190823;-999;-999;-999;    3;   0.0;   4;-999;   0;  -999;  15.7; 1022.58;   17.8;   78.17;   -999;   -999;-999;eor
       2437;20190824;-999;-999;-999;    3;   0.0;   0;-999;-999;  -999;  17.1; 1021.63;   19.2;   78.83;   -999;   -999;-999;eor
       2437;20190825;-999;-999;-999;    3;   0.0;   0;-999;-999;  -999;  17.8; 1018.70;   21.0;   73.88;   -999;   -999;-999;eor
       2437;20190826;-999;-999;-999;    3;   0.0;   0;-999;   0;  -999;  18.5; 1017.15;   22.2;   72.08;   -999;   -999;-999;eor
       2437;20190827;-999;-999;-999;    3;   0.0;   0;-999;   0;  -999;  21.0; 1014.56;   22.7;   77.21;   -999;   -999;-999;eor
       2437;20190828;-999;-999;-999;    3;   3.7;   4;-999;   0;  -999;  20.8; 1010.05;   24.0;   72.38;   -999;   -999;-999;eor
       2437;20190829;-999;-999;-999;    3;   0.0;   0;-999;   0;  -999;  19.1; 1013.73;   19.4;   84.79;   -999;   -999;-999;eor
       2437;20190830;-999;-999;-999;    3;   0.0;   0;-999;   0;  -999;  15.2; 1018.47;   17.4;   78.08;   -999;   -999;-999;eor
       2437;20190831;-999;-999;-999;    3;   0.0;   0;-999;-999;  -999;  17.2; 1010.66;   21.0;   70.29;   -999;   -999;-999;eor
       2437;20190901;-999;-999;-999;    3;   2.4;   4;-999;-999;  -999;  14.9; 1008.05;   16.7;   79.38;   -999;   -999;-999;eor
       2437;20190902;-999;-999;-999;    3;   5.4;   4;-999;   0;  -999;  11.9; 1015.84;   13.8;   76.04;   -999;   -999;-999;eor
       2437;20190903;-999;-999;-999;    3;   9.7;   4;-999;   0;  -999;  15.6; 1014.85;   15.5;   88.33;   -999;   -999;-999;eor
       2437;20190904;-999;-999;-999;    3;   3.7;   4;-999;   0;  -999;  15.3; 1009.23;   15.9;   85.75;   -999;   -999;-999;eor
       2437;20190905;-999;-999;-999;    3;  10.9;   4;-999;   0;  -999;  12.2; 1009.75;   12.4;   85.46;   -999;   -999;-999;eor
       2437;20190906;-999;-999;-999;    3;   1.0;   4;-999;   0;  -999;  12.5; 1015.12;   12.8;   83.88;   -999;   -999;-999;eor
       2437;20190907;-999;-999;-999;    3;   2.4;   4;-999;-999;  -999;  13.2; 1013.14;   13.2;   87.92;   -999;   -999;-999;eor
       2437;20190908;-999;-999;-999;    3;   0.0;   0;-999;-999;  -999;  11.8; 1014.98;   12.5;   82.83;   -999;   -999;-999;eor
       2437;20190909;-999;-999;-999;    3;   4.1;   4;-999;   0;  -999;  13.5; 1010.92;   13.3;   88.96;   -999;   -999;-999;eor
       2437;20190910;-999;-999;-999;    3;   1.4;   4;-999;   0;  -999;  14.2; 1010.46;   13.8;   90.17;   -999;   -999;-999;eor
       2437;20190911;-999;-999;-999;    3;   3.0;   4;-999;   0;  -999;  13.9; 1013.99;   13.6;   89.38;   -999;   -999;-999;eor
       2437;20190912;-999;-999;-999;    3;   0.8;   4;-999;   0;  -999;  14.7; 1019.89;   15.4;   84.58;   -999;   -999;-999;eor
       2437;20190913;-999;-999;-999;    3;   0.0;   0;-999;   0;  -999;  13.0; 1025.44;   15.0;   77.54;   -999;   -999;-999;eor
       2437;20190914;-999;-999;-999;    3;   0.0;   0;-999;-999;  -999;  10.8; 1028.23;   11.9;   78.75;   -999;   -999;-999;eor
       2437;20190915;-999;-999;-999;    3;   0.7;   4;-999;-999;  -999;  12.7; 1014.98;   13.7;   80.42;   -999;   -999;-999;eor
       2437;20190916;-999;-999;-999;    3;   1.1;   4;-999;   0;  -999;  10.4; 1014.38;   11.8;   76.54;   -999;   -999;-999;eor
       2437;20190917;-999;-999;-999;    3;   3.9;   4;-999;   0;  -999;  10.0; 1011.08;   10.3;   79.88;   -999;   -999;-999;eor
       2437;20190918;-999;-999;-999;    3;   0.2;   4;-999;   0;  -999;   9.4; 1019.15;   10.4;   75.79;   -999;   -999;-999;eor
       2437;20190919;-999;-999;-999;    3;   0.0;   0;-999;   0;  -999;   9.2; 1024.63;    9.8;   77.75;   -999;   -999;-999;eor
       2437;20190920;-999;-999;-999;    3;   0.1;   4;-999;   0;  -999;  13.2; 1023.58;   13.0;   87.88;   -999;   -999;-999;eor
       2437;20190921;-999;-999;-999;    3;   0.0;   0;-999;-999;  -999;  13.7; 1017.97;   13.8;   87.83;   -999;   -999;-999;eor
       2437;20190922;-999;-999;-999;    3;   0.0;   0;-999;-999;  -999;  12.5; 1009.65;   14.4;   78.50;   -999;   -999;-999;eor
       2437;20190923;-999;-999;-999;    3;   0.0;   4;-999;   0;  -999;  14.8; 1009.88;   15.2;   86.25;   -999;   -999;-999;eor
       2437;20190924;-999;-999;-999;    3;   0.0;   0;-999;   0;  -999;  15.0; 1007.72;   15.5;   86.46;   -999;   -999;-999;eor
       2437;20190925;-999;-999;-999;    3;   1.7;   4;-999;   0;  -999;  14.9; 1002.62;   14.0;   93.08;   -999;   -999;-999;eor
       2437;20190926;-999;-999;-999;    3;  13.3;   4;-999;   0;  -999;  15.5; 1004.37;   14.2;   95.38;   -999;   -999;-999;eor
       2437;20190927;-999;-999;-999;    3;   2.1;   4;-999;   0;  -999;  14.9; 1002.37;   15.2;   86.50;   -999;   -999;-999;eor
       2437;20190928;-999;-999;-999;    3;  14.7;   4;-999;-999;  -999;  13.3; 1001.47;   14.3;   82.42;   -999;   -999;-999;eor
       2437;20190929;-999;-999;-999;    3;  17.0;   4;-999;-999;  -999;  14.5;  993.47;   13.4;   93.71;   -999;   -999;-999;eor
       2437;20190930;-999;-999;-999;    3;   3.2;   4;-999;   0;   6.0;  12.2;  995.53;   12.8;   82.54;   -999;   -999;-999;eor
       2437;20191001;-999;-999;-999;    3;   0.6;   4;-999;   0;   7.0;  10.8;  997.06;    9.5;   91.83;   -999;   -999;-999;eor
       2437;20191002;-999;-999;-999;    3;   4.7;   4;-999;   0;  -999;   9.0; 1000.94;    8.4;   82.70;   -999;   -999;-999;eor
       2437;20191003;-999;-999;-999;    3;   0.0;   0;-999;-999;  -999;   9.1; 1010.44;    8.2;   83.63;   -999;   -999;-999;eor
       2437;20191004;-999;-999;-999;    3;   0.0;   0;-999;-999;  -999;  10.0; 1005.84;    8.3;   90.50;   -999;   -999;-999;eor
       2437;20191005;-999;-999;-999;    3;   0.0;   0;-999;-999;  -999;   9.2; 1014.86;    8.7;   82.75;   -999;   -999;-999;eor
       2437;20191006;-999;-999;-999;    3;   0.0;   0;-999;-999;  -999;   8.1; 1017.35;    7.6;   78.67;   -999;   -999;-999;eor
       2437;20191007;-999;-999;-999;    3;   3.0;   4;-999;   0;   5.7;   8.0; 1015.72;    7.6;   77.50;   -999;   -999;-999;eor
       2437;20191008;-999;-999;-999;    3;   7.3;   4;-999;   0;   6.7;  11.8;  999.33;   11.2;   87.58;   -999;   -999;-999;eor
       2437;20191009;-999;-999;-999;    3;  17.3;   4;-999;   0;  -999;  11.6;  998.42;   11.3;   87.33;   -999;   -999;-999;eor
       2437;20191010;-999;-999;-999;    3;   9.2;   4;-999;   0;   6.0;  11.4; 1001.86;   10.6;   88.42;   -999;   -999;-999;eor
       2437;20191011;-999;-999;-999;    3;  12.5;   4;-999;   0;  -999;  13.6; 1000.67;   13.0;   89.92;   -999;   -999;-999;eor
       2437;20191012;-999;-999;-999;    3;   2.0;   4;-999;-999;  -999;  12.9; 1002.93;   12.6;   88.71;   -999;   -999;-999;eor
       2437;20191013;-999;-999;-999;    3;   1.1;   4;-999;-999;  -999;  14.4; 1004.57;   13.2;   93.17;   -999;   -999;-999;eor
       2437;20191014;-999;-999;-999;    3;   5.3;   4;-999;   0;   6.3;  12.7; 1008.69;   13.7;   81.83;   -999;   -999;-999;eor
       2437;20191015;-999;-999;-999;    3;   9.9;   4;-999;   0;   6.3;  14.0; 1003.23;   13.8;   88.00;   -999;   -999;-999;eor
       2437;20191016;-999;-999;-999;    3;   1.3;   4;-999;   0;   6.0;  13.6; 1003.64;   12.5;   93.92;   -999;   -999;-999;eor
       2437;20191017;-999;-999;-999;    3;   2.6;   4;-999;   0;   7.7;  13.6; 1005.02;   12.7;   92.38;   -999;   -999;-999;eor
       2437;20191018;-999;-999;-999;    3;   3.8;   4;-999;   0;  -999;  12.4; 1001.25;   12.0;   88.58;   -999;   -999;-999;eor
       2437;20191019;-999;-999;-999;    3;   0.9;   4;-999;-999;  -999;  11.2; 1001.46;   11.1;   84.50;   -999;   -999;-999;eor
       2437;20191020;-999;-999;-999;    1;   0.5;   4;-999;-999;  -999;  12.0; 1006.99;   10.8;   92.92;   -999;   -999;-999;eor
       2437;20191021;-999;-999;-999;    1;   0.5;   4;-999;   0;   7.7;  12.9; 1013.60;   11.6;   94.08;   -999;   -999;-999;eor
       2437;20191022;-999;-999;-999;    1;   1.5;   4;-999;   0;   7.3;  12.1; 1017.72;   11.3;   89.88;   -999;   -999;-999;eor
       2437;20191023;-999;-999;-999;    1;   0.0;   4;-999;   0;   7.3;  12.2; 1014.75;   11.1;   92.08;   -999;   -999;-999;eor
       2437;20191024;-999;-999;-999;    1;   0.0;   0;-999;   0;   7.0;  13.4; 1004.57;   12.5;   92.17;   -999;   -999;-999;eor
       2437;20191025;-999;-999;-999;    1;   0.0;   0;-999;   0;  -999;  12.2; 1009.63;   12.8;   82.71;   -999;   -999;-999;eor
       2437;20191026;-999;-999;-999;    1;   2.0;   4;-999;-999;  -999;  13.3; 1004.15;   15.0;   77.63;   -999;   -999;-999;eor
       2437;20191027;-999;-999;-999;    1;   3.8;   4;-999;-999;  -999;   9.7; 1008.80;   10.2;   78.13;   -999;   -999;-999;eor
       2437;20191028;-999;-999;-999;    1;   2.2;   4;-999;   0;   1.7;   8.5; 1015.55;    7.1;   84.33;   -999;   -999;-999;eor
       2437;20191029;-999;-999;-999;    1;   0.0;   0;-999;   0;   1.7;   6.8; 1023.48;    4.3;   83.33;   -999;   -999;-999;eor
       2437;20191030;-999;-999;-999;    1;   0.0;   0;-999;   0;   1.7;   5.8; 1027.29;    2.1;   83.17;   -999;   -999;-999;eor
       2437;20191031;-999;-999;-999;    1;   0.0;   0;-999;-999;  -999;   5.6; 1023.05;    1.3;   84.46;   -999;   -999;-999;eor
       2437;20191101;-999;-999;-999;    1;   0.5;   4;-999;-999;  -999;   6.2; 1005.78;    2.1;   86.42;   -999;   -999;-999;eor
       2437;20191102;-999;-999;-999;    1;   4.1;   4;-999;-999;  -999;  10.8;  985.44;    9.0;   92.21;   -999;   -999;-999;eor
       2437;20191103;-999;-999;-999;    1;   0.6;   4;-999;-999;  -999;  10.8;  984.19;    9.6;   90.58;   -999;   -999;-999;eor
       2437;20191104;-999;-999;-999;    1;   9.3;   4;-999;   0;   8.0;  11.5;  985.30;    9.7;   95.21;   -999;   -999;-999;eor
       2437;20191105;-999;-999;-999;    1;   2.1;   4;-999;   0;   8.0;  10.0;  992.33;    7.6;   95.54;   -999;   -999;-999;eor
       2437;20191106;-999;-999;-999;    1;   0.0;   0;-999;   0;  -999;   8.2;  997.23;    5.4;   91.71;   -999;   -999;-999;eor
       2437;20191107;-999;-999;-999;    1;   3.1;   4;-999;   0;   7.3;   7.7;  998.41;    3.7;   95.88;   -999;   -999;-999;eor
       2437;20191108;-999;-999;-999;    1;   0.0;   0;-999;   0;  -999;   8.2; 1003.03;    5.8;   90.13;   -999;   -999;-999;eor
       2437;20191109;-999;-999;-999;    1;   0.0;   0;-999;-999;  -999;   7.4; 1003.90;    3.5;   95.21;   -999;   -999;-999;eor
       2437;20191110;-999;-999;-999;    1;   0.9;   4;-999;-999;  -999;   7.3; 1007.95;    3.9;   90.04;   -999;   -999;-999;eor
       2437;20191111;-999;-999;-999;    1;   0.0;   0;-999;   0;  -999;   6.9; 1002.74;    3.6;   86.67;   -999;   -999;-999;eor
       2437;20191112;-999;-999;-999;    1;   1.1;   4;-999;   0;  -999;   7.3;  996.38;    5.1;   83.17;   -999;   -999;-999;eor
       2437;20191113;-999;-999;-999;    1;   0.0;   0;-999;   0;  -999;   7.1;  995.35;    3.6;   88.96;   -999;   -999;-999;eor
       2437;20191114;-999;-999;-999;    1;   0.0;   0;-999;   0;  -999;   7.4; 1003.61;    4.3;   89.46;   -999;   -999;-999;eor
       2437;20191115;-999;-999;-999;    1;   0.0;   0;-999;   0;  -999;   8.1; 1004.46;    6.2;   84.88;   -999;   -999;-999;eor
       2437;20191116;-999;-999;-999;    1;   6.2;   4;-999;-999;  -999;   9.3; 1001.03;    6.8;   93.29;   -999;   -999;-999;eor
       2437;20191117;-999;-999;-999;    1;   0.1;   4;-999;-999;  -999;   7.1; 1009.64;    3.8;   88.33;   -999;   -999;-999;eor
       2437;20191118;-999;-999;-999;    1;   5.4;   4;-999;   0;   8.0;   9.7; 1000.87;    7.4;   93.58;   -999;   -999;-999;eor
       2437;20191119;-999;-999;-999;    1;   0.1;   4;-999;   0;   7.3;   8.6; 1006.00;    6.2;   90.04;   -999;   -999;-999;eor
       2437;20191120;-999;-999;-999;    1;   5.7;   4;-999;   0;  -999;   7.4; 1015.11;    3.0;   97.38;   -999;   -999;-999;eor
       2437;20191121;-999;-999;-999;    1;   5.0;   4;-999;   0;   6.0;   8.7; 1009.35;    5.2;   96.00;   -999;   -999;-999;eor
       2437;20191122;-999;-999;-999;    1;   0.0;   0;-999;   0;  -999;   9.4; 1005.16;    7.1;   92.21;   -999;   -999;-999;eor
       2437;20191123;-999;-999;-999;    1;   0.0;   0;-999;-999;  -999;   9.0; 1005.02;    7.3;   87.88;   -999;   -999;-999;eor
       2437;20191124;-999;-999;-999;    1;   0.0;   0;-999;-999;  -999;   7.8; 1007.48;    4.9;   90.54;   -999;   -999;-999;eor
       2437;20191125;-999;-999;-999;    1;   0.7;   4;-999;   0;   8.0;   8.2; 1007.76;    5.1;   93.13;   -999;   -999;-999;eor
       2437;20191126;-999;-999;-999;    1;   0.0;   0;-999;   0;  -999;   9.0; 1000.90;    5.9;   96.17;   -999;   -999;-999;eor
       2437;20191127;-999;-999;-999;    1;   3.0;   4;-999;   0;   7.7;   9.9;  989.03;    7.9;   93.04;   -999;   -999;-999;eor
       2437;20191128;-999;-999;-999;    1;   5.6;   4;-999;   0;   8.0;  10.2;  981.30;    8.3;   92.78;   -999;   -999;-999;eor
       2437;20191129;-999;-999;-999;    1;   0.0;   0;-999;   0;  -999;   5.7; 1000.17;    2.7;   78.17;   -999;   -999;-999;eor
       2437;20191130;-999;-999;-999;    1;   0.2;   4;-999;-999;  -999;   6.1; 1016.53;    1.0;   93.17;   -999;   -999;-999;eor
       2437;20191201;-999;-999;-999;    1;   0.4;   4;-999;-999;  -999;   6.3; 1017.73;    0.6;   97.96;   -999;   -999;-999;eor
       2437;20191202;-999;-999;-999;    1;   0.0;   4;-999;   0;   3.3;   6.4; 1017.07;    2.0;   90.83;   -999;   -999;-999;eor
       2437;20191203;-999;-999;-999;    1;   0.1;   4;-999;   0;   7.7;   8.3; 1019.71;    4.7;   95.38;   -999;   -999;-999;eor
       2437;20191204;-999;-999;-999;    1;   0.0;   0;-999;   0;   8.0;   8.6; 1016.57;    6.0;   92.17;   -999;   -999;-999;eor
       2437;20191205;-999;-999;-999;    1;   0.9;   4;-999;   0;  -999;   7.4; 1011.15;    3.9;   91.50;   -999;   -999;-999;eor
       2437;20191206;-999;-999;-999;    1;   3.7;   4;-999;   0;  -999;   9.0;  997.76;    6.2;   94.13;   -999;   -999;-999;eor
       2437;20191207;-999;-999;-999;    1;   0.7;   4;-999;-999;  -999;   9.6;  999.29;    7.8;   90.21;   -999;   -999;-999;eor
       2437;20191208;-999;-999;-999;    1;   5.2;   4;-999;-999;  -999;   9.1;  990.59;    7.9;   85.33;   -999;   -999;-999;eor
       2437;20191209;-999;-999;-999;    1;   0.4;   4;-999;   0;   5.0;   7.6;  992.95;    5.7;   82.71;   -999;   -999;-999;eor
       2437;20191210;-999;-999;-999;    1;   0.6;   4;-999;   0;   5.0;   6.4; 1012.92;    3.4;   81.17;   -999;   -999;-999;eor
       2437;20191211;-999;-999;-999;    1;   0.6;   4;-999;   0;   8.0;   8.0; 1001.83;    5.2;   89.58;   -999;   -999;-999;eor
       2437;20191212;-999;-999;-999;    1;   0.0;   0;-999;   0;  -999;   7.4;  993.89;    4.0;   91.17;   -999;   -999;-999;eor
       2437;20191213;-999;-999;-999;    1;   0.6;   4;-999;   0;  -999;   5.8;  979.32;    1.5;   85.67;   -999;   -999;-999;eor
       2437;20191214;-999;-999;-999;    1;   4.5;   4;-999;-999;  -999;   7.1;  979.62;    3.5;   90.13;   -999;   -999;-999;eor
       2437;20191215;-999;-999;-999;    1;   5.0;   4;-999;-999;  -999;   7.2;  989.70;    5.2;   81.08;   -999;   -999;-999;eor
       2437;20191216;-999;-999;-999;    1;   2.9;   4;-999;   0;  -999;   7.8; 1000.73;    5.4;   86.83;   -999;   -999;-999;eor
       2437;20191217;-999;-999;-999;    1;   2.4;   4;-999;   0;  -999;   9.5;  997.32;    8.1;   87.88;   -999;   -999;-999;eor
       2437;20191218;-999;-999;-999;    1;   0.0;   0;-999;   0;  -999;   8.4; 1008.77;    6.2;   89.61;   -999;   -999;-999;eor
       2437;20191219;-999;-999;-999;    1;   0.0;   0;-999;   0;  -999;   8.1; 1007.49;    6.4;   84.08;   -999;   -999;-999;eor
       2437;20191220;-999;-999;-999;    1;   5.8;   4;-999;   0;  -999;   8.4;  988.66;    6.7;   85.79;   -999;   -999;-999;eor
       2437;20191221;-999;-999;-999;    1;   0.1;   4;-999;-999;  -999;   8.4;  985.88;    6.5;   87.67;   -999;   -999;-999;eor
       2437;20191222;-999;-999;-999;    1;   0.2;   4;-999;-999;  -999;   7.4;  983.01;    4.1;   90.04;   -999;   -999;-999;eor
       2437;20191223;-999;-999;-999;    1;   4.3;   4;-999;-999;  -999;   8.9;  995.33;    6.5;   91.42;   -999;   -999;-999;eor
       2437;20191224;-999;-999;-999;    1;   2.7;   4;-999;-999;  -999;   8.4; 1003.36;    5.6;   92.71;   -999;   -999;-999;eor
       2437;20191225;-999;-999;-999;    1;   0.1;   4;-999;-999;  -999;   7.9; 1011.70;    4.7;   91.83;   -999;   -999;-999;eor
       2437;20191226;-999;-999;-999;    1;   0.3;   4;-999;-999;  -999;   7.6; 1019.10;    3.8;   94.42;   -999;   -999;-999;eor
       2437;20191227;-999;-999;-999;    1;   0.0;   0;-999;-999;  -999;   5.7; 1028.80;    1.4;   85.17;   -999;   -999;-999;eor
       2437;20191228;-999;-999;-999;    1;   0.0;   0;-999;-999;  -999;   5.1; 1037.81;   -0.6;   87.00;   -999;   -999;-999;eor
       2437;20191229;-999;-999;-999;    1;   0.0;   0;-999;-999;  -999;   5.3; 1031.05;    0.8;   81.04;   -999;   -999;-999;eor
       2437;20191230;-999;-999;-999;    1;   0.0;   0;-999;-999;  -999;   6.1; 1020.33;    5.1;   68.50;   -999;   -999;-999;eor
       2437;20191231;-999;-999;-999;    1;   0.0;   0;-999;-999;  -999;   7.5; 1025.29;    5.1;   85.71;   -999;   -999;-999;eor
