STATIONS_ID;MESS_DATUM;QN_3;  FX;  FM;QN_4; RSK;RSKF; SDK;SHK_TAG;  NM; VPM;  PM; TMK; UPM; TXK; TNK; TGK;eor
       2925;20180628;   10;  12.4;   4.0;    3;   0.0;   0;   10.167;-999;   3.8;  12.5;  980.11;   19.5;   57.79;   26.2;    9.5;    7.1;eor
       2925;20180629;   10;   9.2;   3.2;    3;   0.0;   0;   14.400;-999;   2.0;  12.6;  976.01;   21.4;   51.42;   27.4;   14.8;   13.7;eor
       2925;20180630;   10;  12.7;   5.3;    3;   0.0;   0;   15.167;-999;   0.1;   9.1;  976.76;   17.4;   48.88;   22.6;   11.3;    9.5;eor
       2925;20180701;   10;  12.9;   4.6;    3;   0.0;   0;   15.200;-999;   0.0;   7.7;  978.18;   15.8;   45.17;   21.5;    9.0;    6.8;eor
       2925;20180702;   10;   8.1;   2.5;    3;   0.0;   0;   15.217;-999;   0.2;   7.7;  976.55;   16.7;   43.17;   23.4;    8.8;    5.0;eor
       2925;20180703;   10;   7.0;   1.7;    3;   0.0;   0;   15.167;-999;   0.3;   7.9;  975.87;   18.9;   39.63;   27.5;    7.7;    5.2;eor
       2925;20180704;   10;   7.6;   1.6;    3;   0.0;   0;   10.133;-999;   2.9;  10.6;  973.32;   22.1;   42.42;   29.4;   10.1;    7.6;eor
       2925;20180705;   10;  13.0;   2.9;    3;  12.3;   6;    7.983;-999;   3.6;  15.8;  971.59;   20.7;   66.42;   27.8;   13.9;   12.2;eor
       2925;20180706;   10;   9.6;   3.5;    3;   0.0;   0;    4.867;-999;   4.4;  12.4;  976.95;   16.6;   67.08;   22.0;   13.0;   11.1;eor
       2925;20180707;   10;  10.5;   3.9;    3;   0.0;   0;   14.450;-999;   1.0;  10.6;  980.33;   16.9;   56.88;   23.3;   10.0;    7.4;eor
       2925;20180708;   10;   9.1;   3.8;    3;   0.0;   0;   11.883;-999;   2.1;  11.9;  980.59;   17.6;   60.67;   24.1;   11.1;    9.9;eor
       2925;20180709;   10;  12.0;   3.7;    3;   0.1;   6;    8.483;-999;   4.0;  12.2;  979.09;   16.6;   65.17;   22.6;   11.5;   10.6;eor
       2925;20180710;   10;   8.2;   2.6;    3;   2.4;   6;    1.617;-999;   7.5;  11.8;  974.43;   13.5;   76.88;   16.3;   11.2;   10.4;eor
       2925;20180711;   10;   9.2;   2.4;    3;   0.0;   6;    3.083;-999;   7.4;  13.1;  973.80;   14.0;   83.13;   19.3;   10.8;    9.1;eor
       2925;20180712;   10;  12.2;   3.2;    3;  16.4;   6;    2.383;-999;   7.2;  15.3;  975.39;   15.8;   85.88;   22.9;   11.4;   11.2;eor
       2925;20180713;   10;   9.3;   3.3;    3;   0.0;   0;   13.350;-999;   2.0;  14.1;  978.04;   18.6;   69.13;   25.8;   12.3;   10.5;eor
       2925;20180714;   10;   9.2;   2.4;    3;   0.0;   0;   13.700;-999;   2.1;  13.8;  977.99;   19.0;   65.54;   25.9;   10.8;    8.4;eor
       2925;20180715;   10;   7.0;   2.1;    3;   0.0;   0;   13.350;-999;   1.5;  12.0;  975.67;   19.4;   56.38;   26.0;   11.9;   10.6;eor
       2925;20180716;   10;   6.8;   1.9;    3;   0.0;   0;   10.983;-999;   1.3;  12.1;  972.84;   20.9;   51.13;   28.2;   13.6;   10.8;eor
       2925;20180717;   10;  11.2;   2.7;    3;   0.0;   0;   12.833;-999;   2.3;  12.5;  972.63;   22.3;   49.71;   29.0;   12.6;   10.7;eor
       2925;20180718;   10;  12.4;   4.0;    3;   0.0;   0;   13.083;-999;   1.9;  12.7;  976.11;   20.2;   55.58;   25.1;   16.1;   13.7;eor
       2925;20180719;   10;   9.0;   2.9;    3;   0.0;   0;   14.567;-999;   0.3;  10.4;  976.78;   19.2;   49.42;   25.6;   10.7;    8.1;eor
       2925;20180720;   10;   7.4;   2.0;    3;   0.0;   0;   12.317;-999;   3.2;  11.0;  973.15;   21.8;   44.21;   28.3;   13.6;   10.4;eor
       2925;20180721;   10;   8.6;   3.1;    3;   1.3;   6;    5.150;-999;   4.5;  13.5;  970.92;   21.0;   54.92;   25.0;   16.5;   15.2;eor
       2925;20180722;   10;   8.8;   1.9;    3;   0.0;   6;    2.267;-999;   6.9;  16.6;  973.32;   18.9;   77.29;   25.7;   14.6;   12.8;eor
       2925;20180723;   10;  11.7;   2.0;    3;   0.0;   0;   11.900;-999;   1.9;  14.7;  975.70;   21.1;   62.75;   28.3;   13.5;   11.6;eor
       2925;20180724;   10;   6.7;   1.6;    3;   0.0;   0;   13.150;-999;   1.0;  13.7;  974.63;   24.0;   49.54;   31.9;   13.4;   12.2;eor
       2925;20180725;   10;  10.8;   2.2;    3;   0.0;   6;   10.400;-999;   2.0;  15.1;  974.64;   25.9;   46.58;   32.7;   19.4;   16.0;eor
       2925;20180726;   10;  13.0;   3.2;    3;   0.0;   0;   13.883;-999;   0.8;  13.4;  975.60;   26.0;   42.29;   32.5;   17.1;   13.7;eor
       2925;20180727;   10;  11.3;   2.8;    3;   1.1;   6;   10.100;-999;   2.1;  14.4;  973.39;   24.8;   47.50;   32.3;   16.8;   13.6;eor
       2925;20180728;   10;  15.3;   3.0;    3;   0.0;   6;    8.217;-999;   4.0;  16.0;  969.00;   23.7;   57.33;   31.7;   16.4;   14.9;eor
       2925;20180729;   10;   8.5;   2.3;    3;   0.0;   0;    7.517;-999;   6.4;  15.1;  974.23;   22.6;   59.46;   29.8;   15.1;   13.3;eor
       2925;20180730;   10;   7.0;   1.5;    3;   0.0;   0;   10.000;-999;   3.0;  13.4;  975.00;   26.3;   42.21;   33.3;   17.2;   14.6;eor
       2925;20180731;   10;  11.8;   2.8;    3;   0.0;   0;   12.400;-999;   1.9;  13.8;  975.24;   28.0;   39.00;   35.7;   19.7;   15.4;eor
       2925;20180801;   10;  11.1;   3.6;    3;   0.5;   6;-999;-999;   5.0;  15.4;  979.09;   25.0;   50.38;   31.4;   18.6;   17.8;eor
       2925;20180802;   10;   7.8;   2.3;    3;   0.0;   0;-999;-999;   2.9;  19.0;  981.29;   23.6;   67.21;   30.3;   19.3;   16.7;eor
       2925;20180803;   10;   6.9;   1.7;    3;   0.0;   0;-999;-999;   0.9;  17.4;  980.21;   25.4;   56.67;   32.5;   16.5;   14.8;eor
       2925;20180804;   10;   9.0;   2.7;    3;   0.0;   0;-999;-999;   1.0;  16.2;  977.17;   25.4;   52.00;   32.0;   17.6;   15.4;eor
       2925;20180805;   10;  10.8;   4.2;    3;   0.0;   0;-999;-999;   1.0;  14.0;  979.58;   20.7;   58.71;   25.4;   13.0;   11.2;eor
       2925;20180806;   10;  11.4;   2.2;    3;   0.0;   0;-999;-999;   0.5;  11.1;  976.86;   22.0;   45.63;   29.7;   12.4;    9.1;eor
       2925;20180807;   10;  13.9;   2.4;    3;   0.0;   0;-999;-999;   3.6;  12.4;  970.93;   27.3;   35.17;   35.4;   18.2;   14.9;eor
       2925;20180808;   10;  13.4;   3.2;    3;   0.0;   6;-999;-999;   2.4;  15.3;  971.26;   26.0;   46.58;   32.0;   19.0;   17.5;eor
       2925;20180809;   10;  23.7;   4.2;    3;   1.1;   8;-999;-999;   4.0;  16.6;  972.30;   23.1;   61.63;   33.1;   15.7;   14.2;eor
       2925;20180810;   10;  14.1;   4.3;    3;   0.0;   0;-999;-999;   4.7;  10.4;  979.32;   18.3;   50.88;   23.5;   13.6;    9.4;eor
       2925;20180811;   10;  12.0;   3.6;    3;   0.0;   6;-999;-999;   4.0;   8.9;  979.74;   16.9;   47.21;   22.5;    9.5;    7.0;eor
       2925;20180812;   10;   8.5;   2.1;    3;   0.0;   0;-999;-999;   3.3;   7.6;  975.22;   18.8;   38.46;   26.7;    9.0;    6.6;eor
       2925;20180813;   10;  11.9;   2.5;    3;   6.7;   6;-999;-999;   5.0;  13.1;  968.07;   17.8;   64.46;   24.8;   12.5;    9.7;eor
       2925;20180814;   10;  12.6;   3.6;    3;   0.2;   6;-999;-999;   4.4;  14.9;  971.82;   17.1;   76.96;   21.9;   12.0;   10.1;eor
       2925;20180815;   10;   7.9;   2.4;    3;   0.0;   0;-999;-999;   6.2;  13.5;  978.03;   17.8;   67.42;   22.8;   12.5;   10.9;eor
       2925;20180816;   10;   9.5;   1.9;    3;   0.0;   0;-999;-999;   1.5;  13.3;  975.62;   21.2;   56.08;   29.2;   12.2;    9.8;eor
       2925;20180817;   10;  12.1;   3.5;    3;   0.0;   6;-999;-999;   4.1;  15.1;  975.08;   20.4;   64.63;   27.4;   14.1;   12.1;eor
       2925;20180818;   10;   8.8;   1.9;    3;   0.0;   0;-999;-999;   4.5;  13.0;  979.97;   20.0;   57.92;   26.2;   13.6;   10.5;eor
       2925;20180819;   10;  10.1;   2.2;    3;   0.0;   0;   12.800;-999;   0.4;  10.5;  978.82;   21.3;   45.50;   29.7;   10.9;    9.2;eor
       2925;20180820;   10;   8.5;   3.0;    3;   0.0;   6;    0.167;-999;   6.3;  15.8;  977.71;   19.7;   68.50;   22.9;   15.7;   13.1;eor
       2925;20180821;   10;   5.8;   1.4;    3;   0.0;   6;    0.600;-999;   6.3;  15.8;  979.71;   18.7;   73.67;   23.1;   14.7;   11.3;eor
       2925;20180822;   10;   6.9;   1.6;    3;   0.0;   0;    9.567;-999;   2.2;  13.1;  976.70;   21.5;   54.00;   29.1;   12.7;   10.1;eor
       2925;20180823;   10;  10.6;   2.5;    3;   0.0;   6;   11.250;-999;   1.9;  14.3;  971.11;   23.7;   51.04;   31.8;   15.0;   13.2;eor
       2925;20180824;   10;  12.9;   3.0;    3;   0.6;   6;    1.400;-999;   6.7;  12.7;  969.54;   17.2;   64.25;   20.7;   12.1;   10.2;eor
       2925;20180825;   10;  11.9;   3.4;    3;   2.0;   6;    3.500;-999;   6.0;   9.7;  969.70;   12.4;   68.25;   16.2;    7.9;    6.0;eor
       2925;20180826;   10;   8.7;   3.0;    3;   0.0;   6;    8.500;-999;   3.4;   8.4;  974.40;   12.9;   59.96;   18.9;    7.4;    6.0;eor
       2925;20180827;   10;  13.9;   3.7;    3;   0.1;   6;    1.900;-999;   7.2;  11.6;  971.99;   15.4;   64.50;   19.1;   11.0;    7.9;eor
       2925;20180828;   10;   6.1;   2.2;    3;   0.0;   0;    8.300;-999;   3.8;  10.8;  977.95;   17.0;   57.54;   22.7;   11.6;    8.2;eor
       2925;20180829;   10;  11.8;   2.7;    3;   9.4;   6;   11.017;-999;   2.1;  12.4;  973.02;   19.9;   55.96;   28.7;   10.9;    7.4;eor
       2925;20180830;   10;  12.3;   4.4;    3;   1.9;   6;    2.300;-999;   6.9;  14.9;  975.80;   15.3;   86.21;   18.6;   11.1;    9.3;eor
       2925;20180831;   10;   9.7;   2.3;    3;   0.0;   0;    4.917;-999;   5.0;  10.5;  980.39;   12.9;   72.79;   17.6;    7.7;    5.0;eor
       2925;20180901;   10;   7.7;   2.5;    3;   0.0;   0;    8.267;-999;   1.7;   9.9;  983.32;   13.3;   68.08;   20.9;    5.8;    3.5;eor
       2925;20180902;   10;  13.3;   3.9;    3;   2.3;   6;    0.717;-999;   6.4;  12.9;  982.48;   14.4;   78.08;   17.2;    9.7;    8.1;eor
       2925;20180903;   10;   6.4;   1.5;    3;   2.2;   6;    0.017;-999;   7.2;  17.3;  976.26;   16.3;   93.13;   20.0;   13.8;   12.6;eor
       2925;20180904;   10;  10.4;   1.4;    3;   1.3;   6;    5.200;-999;   5.4;  16.6;  975.29;   18.2;   80.92;   26.0;   13.7;   11.1;eor
       2925;20180905;   10;   6.1;   1.9;    3;   0.0;   0;   11.833;-999;   0.9;  13.2;  976.12;   18.8;   63.58;   25.7;   11.5;    9.0;eor
       2925;20180906;   10;  12.5;   1.9;    3;   7.5;   8;    5.067;-999;   4.6;  14.4;  971.25;   17.4;   74.21;   25.3;   12.9;   10.3;eor
       2925;20180907;   10;  10.9;   2.8;    3;   3.0;   6;    5.483;-999;   5.5;  13.9;  972.13;   15.3;   80.29;   20.7;    9.3;    6.3;eor
       2925;20180908;   10;   7.4;   2.0;    3;   0.0;   0;   10.450;-999;   3.0;   9.9;  978.52;   13.7;   65.21;   19.1;    7.6;    3.4;eor
       2925;20180909;   10;   7.1;   1.6;    3;   0.0;   0;    3.500;-999;   6.2;  11.2;  979.88;   16.6;   60.00;   22.6;   11.2;    8.1;eor
       2925;20180910;   10;   8.1;   2.3;    3;   0.0;   0;    2.700;-999;   5.7;  11.7;  980.18;   17.6;   59.71;   24.2;   10.0;    7.1;eor
       2925;20180911;   10;  11.4;   3.4;    3;   0.0;   0;   11.833;-999;   2.4;  12.4;  980.28;   19.3;   57.00;   25.5;   14.1;   11.4;eor
       2925;20180912;   10;  14.3;   3.4;    3;   0.3;   6;   11.267;-999;   1.7;  13.1;  978.73;   19.2;   61.29;   26.9;   12.4;   10.7;eor
       2925;20180913;   10;   6.4;   2.7;    3;   0.5;   6;    0.000;-999;   7.9;  14.0;  978.73;   13.1;   92.42;   13.9;   11.6;   11.7;eor
       2925;20180914;   10;   4.7;   1.5;    3;   0.0;   6;    2.500;-999;   6.5;  12.3;  978.70;   13.0;   83.54;   18.6;    9.0;    6.9;eor
       2925;20180915;   10;   8.1;   2.9;    3;   0.0;   0;    5.650;-999;   5.1;  10.5;  981.42;   13.9;   67.21;   19.0;    9.2;    7.0;eor
       2925;20180916;   10;   5.8;   1.3;    3;   0.0;   0;   10.217;-999;   2.3;  10.1;  981.58;   15.1;   61.71;   22.2;    7.0;    4.5;eor
       2925;20180917;   10;   8.1;   1.5;    3;   0.0;   0;   10.567;-999;   1.8;   9.7;  978.30;   18.0;   49.63;   25.5;    8.6;    5.5;eor
       2925;20180918;   10;  10.6;   2.4;    3;   0.0;   0;   11.167;-999;   1.5;  11.3;  974.47;   21.6;   45.50;   29.7;   11.5;    7.8;eor
       2925;20180919;   10;  11.1;   2.7;    3;   0.0;   0;   10.950;-999;   1.5;  13.7;  976.94;   21.7;   54.33;   28.3;   13.1;   10.0;eor
       2925;20180920;   10;  10.8;   2.6;    3;   0.0;   0;    9.483;-999;   1.7;  12.9;  975.83;   20.4;   56.46;   27.3;   12.3;   10.0;eor
       2925;20180921;   10;  19.1;   4.2;    3;   7.9;   6;    3.033;-999;   3.8;  12.0;  968.82;   15.9;   67.92;   25.7;   10.0;    8.2;eor
       2925;20180922;   10;  11.2;   4.5;    3;   0.5;   6;    1.383;-999;   6.5;   9.2;  976.76;   11.5;   68.75;   15.1;    8.7;    7.0;eor
       2925;20180923;   10;  15.0;   3.5;    3;  21.1;   6;    0.000;-999;   7.7;  10.7;  970.82;    8.9;   93.54;   10.8;    6.2;    5.6;eor
       2925;20180924;   10;  15.5;   5.3;    3;   2.3;   6;    4.683;-999;   6.3;   8.5;  986.27;    7.7;   81.33;   12.9;    4.9;    2.8;eor
       2925;20180925;   10;   7.3;   2.3;    3;   0.0;   6;    6.317;-999;   3.6;   8.0;  995.11;    7.4;   78.92;   12.9;    4.2;    0.8;eor
       2925;20180926;   10;   9.1;   2.4;    3;   0.0;   0;    9.317;-999;   3.0;   6.6;  991.30;   10.2;   55.25;   16.3;    3.3;    0.4;eor
       2925;20180927;   10;   7.2;   2.5;    3;   0.0;   0;    9.567;-999;   2.4;   7.9;  985.08;   15.6;   45.71;   22.6;   10.8;    6.6;eor
       2925;20180928;   10;   8.8;   3.5;    3;   0.0;   6;    1.683;-999;   3.7;   8.2;  982.14;   10.3;   65.92;   13.6;    4.7;    1.8;eor
       2925;20180929;   10;   5.4;   1.5;    3;   0.0;   0;   10.933;-999;   0.1;   6.5;  985.55;    7.2;   67.46;   13.8;   -0.1;   -2.5;eor
       2925;20180930;   10;   7.3;   1.7;    3;   0.0;   0;   10.900;-999;   0.6;   6.2;  975.53;   10.3;   53.29;   18.0;    3.5;   -0.3;eor
       2925;20181001;   10;  15.9;   3.8;    3;   0.5;   6;    1.983;-999;   5.9;   7.9;  973.43;    6.9;   79.38;   12.9;    2.8;    0.1;eor
       2925;20181002;   10;  14.8;   4.7;    3;   2.2;   6;    0.000;   0;   7.7;   8.7;  975.11;    6.6;   88.46;   10.1;    3.7;    2.7;eor
       2925;20181003;   10;  14.9;   5.8;    3;   0.0;   0;    3.617;   0;   5.9;   8.3;  979.82;   10.2;   66.92;   13.6;    7.7;    5.8;eor
       2925;20181004;   10;   5.0;   1.9;    3;   0.0;   6;    0.117;   0;   5.3;   9.5;  984.48;    9.3;   80.75;   13.7;    4.7;    0.9;eor
       2925;20181005;   10;   5.8;   1.4;    3;   0.0;   0;   10.583;   0;   0.4;  10.1;  978.78;   12.4;   72.71;   19.7;    5.4;    1.7;eor
       2925;20181006;   10;   9.0;   2.5;    3;   0.0;   0;    8.150;-999;   3.0;  11.8;  969.98;   16.2;   64.63;   22.6;    9.3;    4.6;eor
       2925;20181007;   10;   9.2;   3.3;    3;   0.0;   6;    0.000;   0;   5.6;  10.6;  975.49;   10.3;   83.50;   15.6;    4.9;    1.9;eor
       2925;20181008;   10;   5.1;   1.2;    3;   0.0;   0;    7.617;   0;   2.5;   9.3;  980.08;    9.3;   80.29;   16.0;    3.9;    0.6;eor
       2925;20181009;   10;   4.7;   1.3;    3;   0.1;   4;    7.317;   0;   1.5;  12.1;  980.86;   12.5;   84.13;   20.4;    5.5;    3.5;eor
       2925;20181010;   10;  10.6;   3.0;    3;   0.0;   4;    8.933;   0;   1.8;  12.5;  978.55;   14.6;   77.04;   21.0;    6.9;    4.5;eor
       2925;20181011;   10;   7.4;   2.0;    3;   0.0;   0;   10.033;   0;   0.5;  10.3;  974.57;   15.7;   60.54;   22.6;    9.6;    5.8;eor
       2925;20181012;   10;   7.5;   2.0;    3;   0.0;   0;    9.983;   0;   1.8;  11.8;  980.32;   18.1;   56.71;   24.1;   11.6;    7.9;eor
       2925;20181013;   10;   6.0;   1.8;    3;   0.0;   0;   10.117;   0;   0.1;  11.7;  980.31;   17.8;   59.71;   24.6;   12.3;    7.3;eor
       2925;20181014;   10;   6.0;   1.6;    3;   0.0;   0;   10.017;   0;   0.2;  10.6;  973.03;   15.5;   62.04;   22.7;    9.2;    5.1;eor
       2925;20181015;   10;   4.4;   1.0;    3;   0.0;   0;    9.967;   0;   0.2;   9.8;  973.35;   15.9;   57.13;   23.9;    8.1;    5.2;eor
       2925;20181016;   10;   7.9;   1.9;    3;   0.0;   0;    2.350;   0;   5.5;  11.2;  977.18;   13.5;   73.00;   20.4;    7.9;    5.3;eor
       2925;20181017;   10;   5.0;   1.3;    3;   0.0;   0;    8.267;   0;   1.3;  11.5;  977.80;   13.2;   78.04;   20.6;    6.5;    4.7;eor
       2925;20181018;   10;   7.8;   2.0;    3;   0.0;   0;    4.183;   0;   4.5;  11.3;  980.36;   11.0;   86.42;   15.3;    6.2;    4.6;eor
       2925;20181019;   10;   5.7;   2.0;    3;   0.0;   0;    1.217;   0;   6.9;   9.6;  982.83;   10.7;   74.92;   14.3;    5.2;    1.4;eor
       2925;20181020;   10;   6.7;   2.0;    3;   0.0;   0;    7.950;   0;   2.0;   7.7;  986.61;    7.2;   77.00;   12.5;    0.6;   -1.4;eor
       2925;20181021;   10;   4.3;   1.3;    3;   0.0;   0;    2.133;   0;   5.0;   8.6;  986.34;    8.8;   76.71;   13.7;    4.8;    1.4;eor
       2925;20181022;   10;   9.6;   2.1;    3;   1.7;   6;    1.300;   0;   4.0;   8.4;  986.58;    6.5;   86.13;   10.3;    2.3;   -0.2;eor
       2925;20181023;   10;  17.7;   6.1;    3;  12.6;   6;    0.000;   0;   6.3;   9.0;  978.40;    7.5;   85.58;   10.0;    2.4;    0.7;eor
       2925;20181024;   10;  15.4;   5.8;    3;   8.0;   6;    1.133;   0;   7.6;  11.3;  976.09;   10.1;   90.58;   11.3;    8.9;    8.9;eor
       2925;20181025;   10;  13.1;   5.3;    3;   1.2;   6;    0.000;   0;   7.8;  10.8;  974.18;   10.0;   88.00;   11.0;    8.6;    8.4;eor
       2925;20181026;   10;  11.6;   4.2;    3;   0.0;   6;    0.817;   0;   7.9;   9.0;  966.00;    8.3;   82.42;    9.8;    5.6;    4.8;eor
       2925;20181027;   10;   9.1;   3.4;    3;   0.2;   6;    1.317;   0;   7.6;   7.1;  965.62;    5.5;   78.92;    7.3;    2.6;    0.9;eor
       2925;20181028;   10;  12.7;   5.8;    3;   0.9;   6;    0.000;   0;   7.7;   6.5;  970.69;    3.2;   84.13;    4.1;    2.2;    1.4;eor
       2925;20181029;   10;  13.8;   7.7;    3;   0.2;   6;    0.000;   0;   7.8;   7.0;  961.57;    2.7;   94.33;    3.5;    2.1;    2.0;eor
       2925;20181030;   10;  21.7;   7.1;    3;   1.1;   6;    0.717;   0;   7.6;   7.7;  952.80;    5.3;   87.00;    7.9;    3.2;    2.9;eor
       2925;20181031;   10;  12.4;   3.5;    3;   0.0;   0;    6.367;   0;   4.8;   7.3;  973.31;    7.2;   72.25;   10.5;    3.1;    1.3;eor
       2925;20181101;   10;   8.4;   1.9;    3;   0.0;   6;    1.367;   0;   3.7;   8.1;  970.90;    6.8;   81.13;   10.1;    3.6;   -0.1;eor
       2925;20181102;   10;   8.3;   2.9;    3;   0.0;   0;    5.600;   0;   6.0;   8.5;  979.55;    8.4;   77.08;   12.5;    4.4;    2.2;eor
       2925;20181103;   10;   5.4;   2.0;    3;   0.0;   0;    5.000;   0;   5.7;   7.9;  985.55;    6.6;   80.88;    9.8;    5.1;    3.4;eor
       2925;20181104;   10;   6.6;   2.4;    3;   0.1;   6;    0.000;   0;   8.0;   9.8;  976.53;    7.8;   91.96;    9.2;    6.4;    6.3;eor
       2925;20181105;   10;   7.2;   2.7;    3;   0.0;   0;    1.767;   0;   5.2;  10.8;  969.04;    9.1;   93.33;   11.4;    5.8;    3.4;eor
       2925;20181106;   10;   5.0;   1.3;    3;   0.0;   0;    5.000;   0;   3.1;  10.5;  967.95;    9.9;   86.42;   14.9;    4.8;    2.5;eor
       2925;20181107;   10;   6.5;   1.4;    3;   0.0;   6;    8.100;   0;   2.0;   9.4;  970.20;   10.3;   76.75;   15.7;    6.2;    3.1;eor
       2925;20181108;   10;   6.4;   2.0;    3;   0.5;   6;    2.000;   0;   7.5;  10.2;  978.34;   10.0;   83.00;   12.9;    8.5;    6.7;eor
       2925;20181109;   10;   7.7;   2.7;    3;   0.0;   0;    2.450;   0;   6.7;  10.4;  974.13;    9.0;   90.17;   10.8;    7.5;    6.5;eor
       2925;20181110;   10;   8.7;   3.3;    3;   0.0;   6;    0.517;   0;   7.3;   9.4;  967.56;    8.9;   83.00;   11.0;    5.4;    3.7;eor
       2925;20181111;   10;  12.2;   4.1;    3;   1.8;   6;    2.783;   0;   6.5;  10.2;  969.38;   10.1;   82.42;   12.5;    7.5;    6.4;eor
       2925;20181112;   10;  10.9;   3.0;    3;   3.8;   6;    0.317;   0;   7.3;  11.1;  974.41;   12.1;   79.58;   15.4;    9.1;    7.9;eor
       2925;20181113;   10;  13.1;   3.5;    3;   1.1;   6;    2.250;   0;   5.0;  10.2;  981.28;    9.9;   83.13;   12.1;    5.9;    2.4;eor
       2925;20181114;   10;   5.0;   1.8;    3;   0.0;   0;    7.217;   0;   4.6;   8.4;  987.15;    6.2;   88.42;   10.4;    3.3;    0.7;eor
       2925;20181115;   10;   5.1;   1.7;    3;   0.0;   0;    1.550;   0;   7.2;   7.2;  985.62;    3.0;   95.29;    5.4;    0.4;   -1.2;eor
       2925;20181116;   10;   8.4;   2.5;    3;   0.0;   0;    7.150;   0;   2.4;   6.3;  988.48;    2.0;   89.04;    7.1;   -1.6;   -2.8;eor
       2925;20181117;   10;   9.5;   4.2;    3;   0.0;   0;    7.750;   0;   0.0;   5.6;  990.53;    0.9;   85.25;    4.1;   -1.6;   -2.8;eor
       2925;20181118;   10;   8.3;   3.9;    3;   0.5;   8;    4.433;   0;   4.0;   4.1;  986.10;    0.3;   66.08;    3.6;   -2.5;   -3.8;eor
       2925;20181119;   10;  17.5;   8.2;    3;   0.5;   8;    0.000;   0;   7.8;   5.9;  976.46;    1.5;   86.79;    2.4;   -0.3;   -0.4;eor
       2925;20181120;   10;  19.3;   9.0;    3;   2.7;   8;    0.000;   0;   7.8;   5.3;  970.60;   -0.3;   88.50;    0.1;   -0.7;   -0.8;eor
       2925;20181121;   10;  10.5;   5.7;    3;   0.7;   4;    0.000;   2;   7.9;   5.6;  975.38;   -0.5;   94.75;   -0.2;   -0.8;   -0.8;eor
       2925;20181122;   10;   7.5;   3.2;    3;   0.0;   4;    0.000;   0;   7.8;   5.9;  978.66;   -0.2;   97.33;    0.8;   -1.0;   -1.0;eor
       2925;20181123;   10;   4.6;   1.9;    3;   0.0;   0;    0.000;   0;   7.7;   6.2;  976.99;    0.4;   98.63;    1.1;   -1.1;   -0.8;eor
       2925;20181124;   10;   4.3;   1.5;    3;   0.2;   4;    0.000;   0;   7.9;   6.5;  970.42;    1.1;   98.00;    3.9;   -1.6;   -1.7;eor
       2925;20181125;   10;   7.8;   2.4;    3;   0.0;   4;    2.683;   0;   7.6;   7.7;  968.68;    4.5;   91.67;    6.7;    2.8;    0.4;eor
       2925;20181126;   10;   8.5;   4.7;    3;   0.0;   4;    0.000;   0;   8.0;   6.7;  969.73;    2.3;   92.17;    3.8;    0.6;    0.5;eor
       2925;20181127;   10;   7.2;   3.4;    3;   0.0;   0;    0.783;   0;   7.3;   4.8;  977.72;   -0.8;   82.50;    0.6;   -2.8;   -2.6;eor
       2925;20181128;   10;   9.3;   3.3;    3;   0.0;   4;    4.067;   0;   6.8;   4.7;  981.42;   -0.8;   80.21;    1.5;   -3.7;   -4.7;eor
       2925;20181129;   10;  10.5;   3.5;    3;   0.0;   4;    0.333;   0;   7.7;   5.1;  976.14;    2.7;   69.46;    5.2;    0.2;   -0.2;eor
       2925;20181130;   10;   9.0;   3.1;    3;   0.5;   4;    0.000;   0;   7.8;   6.1;  971.66;    3.4;   78.13;    4.2;    2.4;    2.2;eor
       2925;20181201;   10;  13.8;   3.6;    3;   0.0;   4;    0.650;   0;   7.6;   7.8;  971.74;    5.3;   87.88;    7.5;    3.3;    2.2;eor
       2925;20181202;   10;  12.4;   4.5;    3;  11.3;   4;    0.000;   0;   7.9;   9.8;  961.13;    8.3;   88.71;   12.0;    6.0;    5.5;eor
       2925;20181203;   10;  10.7;   3.5;    3;   7.6;   6;    1.533;   0;   7.1;  11.0;  959.76;   10.4;   86.63;   12.2;    8.8;    6.8;eor
       2925;20181204;   10;  13.3;   3.8;    3;   0.0;   6;    1.183;   0;   5.0;   7.3;  974.63;    4.6;   85.33;    9.6;   -0.5;   -2.9;eor
       2925;20181205;   10;   5.2;   1.3;    3;   0.6;   6;    4.617;   0;   5.3;   5.7;  982.27;    0.7;   88.54;    3.0;   -1.3;   -4.5;eor
       2925;20181206;   10;  10.2;   3.8;    3;   0.0;   6;    0.000;   0;   7.9;   8.4;  974.33;    5.8;   89.08;   10.1;    2.5;    1.4;eor
       2925;20181207;   10;  18.7;   6.2;    3;   2.5;   6;    0.000;   0;   7.9;  10.2;  965.08;    9.3;   86.33;   10.9;    4.7;    3.8;eor
       2925;20181208;   10;  16.4;   7.0;    3;  19.6;   8;    0.000;   0;   6.9;   7.4;  960.42;    5.2;   82.71;    7.6;    3.6;    2.2;eor
       2925;20181209;   10;  17.1;   6.4;    3;   6.4;   8;    0.000;   0;   7.6;   7.7;  956.11;    5.4;   85.75;    7.8;    3.2;    2.0;eor
       2925;20181210;   10;  16.4;   6.0;    3;   4.1;   8;    0.967;   0;   7.4;   6.2;  972.40;    2.2;   86.54;    3.5;    0.8;    0.1;eor
       2925;20181211;   10;  13.4;   5.2;    3;   0.1;   8;    1.100;   0;   7.5;   6.3;  976.31;    2.5;   86.08;    3.5;    1.5;    1.1;eor
       2925;20181212;   10;   8.6;   3.3;    3;   0.6;   8;    0.000;   0;   7.7;   6.2;  980.91;    1.2;   93.13;    2.0;    0.0;   -0.5;eor
       2925;20181213;   10;   8.4;   4.3;    3;   0.6;   8;    0.000;   0;   7.1;   5.1;  979.12;   -0.9;   89.96;    0.0;   -1.9;   -2.9;eor
       2925;20181214;   10;   8.9;   4.7;    3;   0.0;   8;    0.000;   0;   7.3;   4.7;  980.20;   -1.1;   82.58;   -0.8;   -2.0;   -2.9;eor
       2925;20181215;   10;   9.4;   3.6;    3;   0.0;   7;    0.000;   0;   8.0;   4.1;  982.04;   -1.9;   77.58;   -1.3;   -3.1;   -3.1;eor
       2925;20181216;   10;   8.7;   3.0;    3;   0.8;   7;    0.000;   0;   7.6;   4.3;  971.43;   -2.6;   83.71;   -1.0;   -3.5;   -4.1;eor
       2925;20181217;   10;   8.4;   2.7;    3;   0.8;   6;    0.000;   1;   8.0;   6.4;  977.13;    1.5;   94.08;    3.2;   -1.0;   -1.1;eor
       2925;20181218;   10;   7.4;   2.6;    3;   0.0;   0;    0.000;   0;   6.5;   6.5;  981.03;    2.6;   87.88;    4.5;   -0.5;   -3.2;eor
       2925;20181219;   10;   8.3;   2.5;    3;   0.1;   6;    0.000;   0;   7.4;   6.1;  973.07;    1.4;   89.79;    3.3;   -0.9;   -2.7;eor
       2925;20181220;   10;   9.1;   3.2;    3;   4.1;   6;    0.000;   0;   7.8;   7.4;  971.70;    4.0;   91.33;    5.6;    1.8;    1.6;eor
       2925;20181221;   10;  17.7;   6.5;    3;  11.3;   6;    0.000;   0;   7.5;   8.7;  963.93;    7.2;   85.96;   10.9;    5.0;    4.2;eor
       2925;20181222;   10;  14.7;   4.9;    3;  12.0;   6;    0.000;   0;   7.6;   8.6;  968.50;    6.7;   88.08;    9.3;    5.1;    4.5;eor
       2925;20181223;   10;   9.3;   3.3;    3;  15.8;   6;    0.000;   0;   7.2;   7.9;  974.68;    5.2;   89.71;    6.8;    2.5;    2.3;eor
       2925;20181224;   10;  11.3;   4.1;    3;   0.3;   8;    0.400;   0;   7.5;   6.2;  982.57;    1.5;   90.08;    3.5;   -0.5;   -1.2;eor
       2925;20181225;   10;  12.1;   4.6;    3;   0.0;   8;    0.350;   0;   7.7;   6.1;  989.19;    2.5;   83.71;    3.7;    1.3;    0.7;eor
       2925;20181226;   10;  12.1;   4.6;    3;   0.0;   0;    0.000;   0;   8.0;   6.3;  987.39;    2.0;   89.63;    2.8;    0.9;    0.7;eor
       2925;20181227;   10;   5.7;   2.0;    3;   0.0;   0;    4.950;   0;   5.3;   5.6;  983.61;    3.2;   73.83;    5.9;    0.5;   -1.9;eor
       2925;20181228;   10;   7.8;   3.0;    3;   0.0;   6;    0.850;   0;   6.3;   5.7;  984.53;    1.3;   84.75;    2.8;   -0.8;   -2.5;eor
       2925;20181229;   10;  12.9;   4.2;    3;   7.0;   8;    0.000;   0;   7.9;   7.0;  984.54;    2.6;   94.50;    5.0;    1.5;    1.4;eor
       2925;20181230;   10;  14.3;   5.1;    3;   0.7;   6;    0.000;   0;   7.7;   7.6;  985.02;    5.0;   87.25;    5.7;    4.5;    4.0;eor
       2925;20181231;   10;   7.0;   2.6;    3;   1.3;   6;    0.000;   0;   7.8;   9.0;  988.18;    6.0;   96.08;    7.3;    4.6;    4.4;eor
       2925;20190101;   10;  16.3;   6.7;    3;   4.5;   8;    0.000;   0;   7.4;   7.5;  980.83;    4.7;   87.25;    6.7;   -0.3;   -0.6;eor
       2925;20190102;   10;  14.1;   5.6;    3;   0.0;   0;    2.567;   0;   5.8;   4.6;  985.91;    1.0;   70.17;    2.1;   -1.7;   -3.8;eor
       2925;20190103;   10;   8.9;   3.6;    3;   0.2;   7;    0.950;   0;   4.7;   4.7;  991.95;   -1.3;   84.08;    0.3;   -3.7;   -6.4;eor
       2925;20190104;   10;  13.1;   5.5;    3;   4.2;   8;    0.000;   1;   7.7;   5.9;  988.29;    0.3;   93.58;    2.8;   -1.9;   -2.8;eor
       2925;20190105;   10;  14.5;   5.7;    3;  11.7;   8;    0.000;   0;   7.6;   8.3;  981.15;    4.8;   95.42;    6.1;    2.7;    2.3;eor
       2925;20190106;   10;  10.1;   3.6;    3;   2.2;   6;    0.000;   0;   7.9;   8.1;  985.35;    4.7;   95.00;    5.2;    4.1;    3.7;eor
       2925;20190107;   10;  12.7;   4.4;    3;   2.5;   6;    0.000;   0;   7.8;   7.3;  984.51;    3.6;   92.13;    4.5;    3.0;    2.7;eor
       2925;20190108;   10;  18.0;   7.3;    3;   7.0;   8;    0.000;   0;   7.7;   6.9;  965.77;    3.5;   87.75;    4.8;    0.8;    0.2;eor
       2925;20190109;   10;  15.2;   5.8;    3;   2.5;   8;    0.000;   2;   7.8;   5.3;  969.35;   -0.3;   88.88;    1.7;   -0.9;   -1.0;eor
       2925;20190110;   10;  12.2;   3.6;    3;   0.6;   8;    0.000;   3;   7.8;   4.7;  980.19;   -1.6;   86.79;   -0.8;   -2.5;   -3.6;eor
       2925;20190111;   10;  11.4;   4.5;    3;   1.1;   8;    0.000;   3;   7.8;   6.2;  977.32;    0.8;   94.50;    4.4;   -1.8;   -2.0;eor
       2925;20190112;   10;  11.4;   5.4;    3;   8.0;   8;    0.000;   0;   7.8;   7.1;  971.78;    3.5;   90.38;    4.0;    3.1;    2.6;eor
       2925;20190113;   10;  18.2;   5.9;    3;   9.8;   8;    0.000;   0;   7.8;   7.9;  959.47;    5.0;   90.46;    7.1;    3.4;    2.9;eor
       2925;20190114;   10;  17.0;   5.9;    3;   2.6;   8;    0.567;   0;   6.5;   5.4;  965.12;    1.4;   80.42;    4.5;   -1.0;   -2.2;eor
       2925;20190115;   10;  14.9;   5.9;    3;   0.1;   8;    0.000;   1;   7.8;   6.0;  972.32;    2.4;   82.42;    4.7;   -0.1;   -1.7;eor
       2925;20190116;   10;  11.4;   4.6;    3;   0.0;   6;    0.000;   0;   7.4;   6.5;  966.71;    3.4;   82.63;    4.7;    1.7;    0.1;eor
       2925;20190117;   10;  14.8;   5.7;    3;   3.4;   8;    1.150;   0;   7.5;   6.1;  960.09;    2.6;   83.17;    5.6;   -0.8;   -0.8;eor
       2925;20190118;   10;  11.2;   3.0;    3;   0.0;   0;    7.667;   1;   1.9;   4.3;  974.57;   -1.8;   80.29;    0.8;   -5.9;   -7.8;eor
       2925;20190119;   10;   6.4;   1.8;    3;   0.0;   0;    7.400;   0;   2.9;   3.7;  975.44;   -3.6;   78.96;    0.1;   -6.3;   -8.6;eor
       2925;20190120;   10;   6.8;   1.6;    3;   0.0;   0;    7.883;   0;   0.4;   3.3;  974.92;   -5.0;   78.92;   -1.0;   -7.7;  -11.5;eor
       2925;20190121;   10;   4.7;   1.0;    3;   0.0;   0;    7.867;   0;   0.0;   3.2;  978.08;   -6.3;   84.21;   -1.8;  -10.2;  -13.0;eor
       2925;20190122;   10;   8.6;   2.3;    3;   0.0;   0;    6.500;   0;   0.9;   3.1;  967.44;   -6.7;   82.96;   -2.4;   -9.9;  -12.5;eor
       2925;20190123;   10;   8.1;   3.1;    3;   0.0;   7;    0.867;   0;   6.3;   3.2;  959.29;   -6.4;   84.92;   -4.0;   -8.4;   -9.8;eor
       2925;20190124;   10;   7.4;   2.8;    3;   0.1;   7;    0.000;   0;   7.9;   3.4;  967.16;   -6.0;   88.29;   -4.4;   -8.7;   -8.4;eor
       2925;20190125;   10;  11.7;   2.8;    3;   3.8;   8;    0.333;   0;   7.5;   3.7;  970.51;   -4.6;   84.29;   -1.3;   -6.2;   -6.4;eor
       2925;20190126;   10;  11.1;   4.7;    3;   3.5;   6;    0.000;   3;   7.8;   6.7;  961.73;    2.1;   93.63;    4.0;   -1.6;   -1.6;eor
       2925;20190127;   10;  12.1;   5.6;    3;   5.3;   8;    0.233;   0;   7.7;   7.0;  947.68;    3.3;   89.88;    5.1;    0.3;    0.1;eor
       2925;20190128;   10;  11.8;   4.7;    3;   4.9;   8;    0.100;   0;   7.6;   5.8;  950.21;    0.6;   91.17;    1.2;   -0.9;   -2.4;eor
       2925;20190129;   10;   9.6;   3.2;    3;   0.0;   7;    3.200;   4;   5.3;   5.0;  961.48;   -0.7;   85.75;    2.5;   -5.3;  -10.0;eor
       2925;20190130;   10;   9.3;   3.5;    3;   0.0;   8;    0.000;   3;   6.2;   4.4;  953.91;   -2.1;   83.63;    0.2;   -5.4;   -8.3;eor
       2925;20190131;   10;   9.4;   3.0;    3;   0.0;   7;    7.467;   3;   4.0;   4.3;  955.63;   -0.7;   74.38;    2.0;   -4.8;   -9.4;eor
       2925;20190201;   10;   8.8;   2.6;    3;   0.8;   8;    0.600;   3;   6.8;   4.9;  950.99;   -0.8;   85.08;    2.2;   -3.3;   -5.4;eor
       2925;20190202;   10;   6.9;   1.6;    3;   0.0;   7;    0.000;   1;   7.8;   5.9;  955.43;    0.1;   95.25;    1.0;   -0.7;   -0.8;eor
       2925;20190203;   10;  12.6;   3.9;    3;   0.0;   8;    0.000;   1;   7.7;   5.1;  972.94;   -0.4;   86.79;    0.8;   -1.4;   -3.7;eor
       2925;20190204;   10;   9.7;   3.2;    3;   0.0;   7;    4.433;   1;   5.2;   4.8;  983.89;    0.1;   78.38;    2.7;   -2.9;   -7.3;eor
       2925;20190205;   10;   9.7;   2.8;    3;   0.0;   7;    0.217;   0;   7.3;   5.1;  983.80;    0.7;   79.54;    3.0;   -1.1;   -5.1;eor
       2925;20190206;   10;  10.7;   3.2;    3;   0.0;   0;    4.083;-999;   4.7;   5.0;  981.41;    1.0;   76.92;    4.3;   -2.4;   -6.0;eor
       2925;20190207;   10;  11.7;   3.4;    3;   0.0;   6;    0.150;-999;   7.6;   5.3;  970.88;    1.2;   79.04;    3.0;   -0.6;   -2.5;eor
       2925;20190208;   10;  12.6;   5.8;    3;   1.4;   6;    0.717;-999;   7.2;   6.7;  970.60;    4.4;   80.04;    6.0;    2.3;    0.7;eor
       2925;20190209;   10;  19.4;   7.7;    3;   0.5;   6;    3.117;-999;   6.7;   6.6;  963.88;    6.3;   69.67;    8.4;    4.0;    3.0;eor
       2925;20190210;   10;  18.3;   6.7;    3;  19.9;   8;    0.000;-999;   7.2;   7.8;  955.74;    5.4;   86.21;    7.7;    0.8;    0.4;eor
       2925;20190211;   10;  13.4;   5.7;    3;   1.7;   8;    1.417;-999;   6.7;   6.0;  970.32;    2.3;   82.83;    3.9;    0.7;    0.3;eor
       2925;20190212;   10;  11.6;   4.2;    3;   1.9;   8;    0.267;-999;   7.8;   5.8;  987.48;    2.0;   82.08;    3.7;    0.4;    0.1;eor
       2925;20190213;   10;   9.0;   3.6;    3;   0.0;   0;    0.000;   0;   7.5;   6.6;  991.69;    4.0;   80.33;    6.8;    1.4;   -1.8;eor
       2925;20190214;   10;   6.2;   1.6;    3;   0.0;   0;    7.883;   0;   3.1;   5.8;  992.96;    4.5;   70.17;   11.0;   -1.2;   -2.9;eor
       2925;20190215;   10;   8.4;   1.5;    3;   0.0;   0;    9.317;   0;   0.2;   5.9;  990.62;    7.0;   61.08;   14.6;   -0.3;   -3.2;eor
       2925;20190216;   10;   9.5;   3.4;    3;   0.0;   0;    9.400;   0;   0.3;   5.4;  984.55;    8.9;   47.71;   14.9;    4.2;   -1.6;eor
       2925;20190217;   10;   8.3;   2.2;    3;   0.0;   0;    9.267;   0;   2.0;   6.1;  981.47;    8.4;   56.54;   15.1;    1.7;   -2.6;eor
       2925;20190218;   10;   6.2;   1.9;    3;   0.0;   0;    9.250;   0;   0.3;   6.0;  977.13;    8.4;   55.08;   14.9;    1.6;   -2.5;eor
       2925;20190219;   10;  10.4;   3.5;    3;   0.3;   6;    2.850;   0;   5.6;   6.4;  975.35;    6.3;   66.92;    9.2;    3.7;   -1.6;eor
       2925;20190220;   10;   8.7;   3.1;    3;   0.0;   0;    3.883;   0;   6.9;   6.5;  980.24;    5.8;   71.50;    8.6;    3.1;    1.2;eor
       2925;20190221;   10;  10.9;   3.2;    3;   0.7;   6;    0.617;   0;   7.6;   7.8;  983.43;    6.8;   78.75;    9.5;    3.5;    0.8;eor
       2925;20190222;   10;   9.0;   4.1;    3;   0.0;   0;    0.000;   0;   7.5;   7.9;  992.53;    4.9;   89.92;    7.7;   -1.0;   -2.0;eor
       2925;20190223;   10;   6.2;   2.3;    3;   0.0;   0;    7.583;   0;   1.5;   4.4;  997.57;    0.9;   69.00;    6.1;   -3.0;   -4.5;eor
       2925;20190224;   10;   4.3;   1.1;    3;   0.0;   0;    9.883;   0;   0.4;   3.7;  995.73;    4.9;   45.67;   12.8;   -2.1;   -4.3;eor
       2925;20190225;   10;   4.2;   1.3;    3;   0.0;   0;    9.867;   0;   0.6;   5.1;  995.02;    6.8;   53.79;   15.4;   -0.1;   -3.1;eor
       2925;20190226;   10;   7.2;   2.5;    3;   0.0;   0;    9.883;   0;   0.9;   4.6;  991.50;    8.0;   47.08;   14.6;    1.2;   -2.4;eor
       2925;20190227;   10;   6.4;   1.5;    3;   0.0;   0;   10.050;   0;   0.2;   4.2;  984.02;    8.8;   40.04;   17.1;   -0.5;   -4.0;eor
       2925;20190228;   10;  12.0;   4.6;    3;   0.5;   6;    6.533;   0;   3.0;   7.5;  972.47;    9.5;   62.67;   13.3;    6.7;    0.9;eor
       2925;20190301;   10;   9.0;   3.6;    3;   1.3;   6;    0.217;   0;   7.8;   8.6;  970.83;    6.1;   90.79;    9.5;    2.1;    2.0;eor
       2925;20190302;   10;   8.7;   2.6;    3;   0.1;   6;    0.000;   0;   7.9;   7.1;  972.73;    4.0;   87.25;    7.2;    1.7;    1.6;eor
       2925;20190303;   10;  15.0;   6.5;    3;   0.8;   6;    0.000;   0;   7.6;   8.8;  965.75;    8.4;   79.79;    9.6;    7.0;    5.9;eor
       2925;20190304;   10;  25.1;   8.2;    3;   3.8;   8;    1.917;   0;   6.5;   7.4;  953.97;    7.8;   69.21;   11.7;    2.8;    1.2;eor
       2925;20190305;   10;  15.9;   5.7;    3;   0.7;   6;    1.500;   0;   4.8;   6.3;  963.18;    4.0;   77.63;    6.8;    1.5;   -1.0;eor
       2925;20190306;   10;  12.3;   3.7;    3;   0.0;   6;    1.467;   0;   6.3;   7.2;  964.00;    6.8;   74.58;   10.7;    1.0;   -2.2;eor
       2925;20190307;   10;  18.9;   6.7;    3;   2.1;   6;    3.383;   0;   5.7;   7.4;  955.86;    9.2;   63.25;   11.7;    4.5;    3.8;eor
       2925;20190308;   10;  19.8;   6.4;    3;   2.8;   6;    2.233;   0;   6.4;   6.7;  966.76;    5.7;   73.25;    7.7;    3.6;   -0.2;eor
       2925;20190309;   10;  23.6;   7.6;    3;   9.6;   8;    3.550;   0;   6.6;   7.3;  966.76;    6.6;   74.92;   11.5;    3.9;    2.5;eor
       2925;20190310;   10;  26.3;   5.7;    3;   8.9;   8;    0.233;   0;   7.4;   7.1;  963.27;    4.9;   81.58;    9.6;    0.1;    0.1;eor
       2925;20190311;   10;  12.8;   5.3;    3;   6.1;   8;    0.317;   0;   7.0;   5.9;  971.30;    1.4;   87.63;    2.7;    0.3;   -0.3;eor
       2925;20190312;   10;  17.9;   5.8;    3;   0.5;   8;    4.100;   0;   7.3;   5.5;  972.63;    4.3;   67.79;    7.8;    1.0;    0.0;eor
       2925;20190313;   10;  17.4;   7.2;    3;   1.9;   6;    1.317;   0;   7.2;   6.1;  961.69;    4.4;   73.13;    7.5;    2.2;    0.9;eor
       2925;20190314;   10;  16.6;   6.9;    3;   8.5;   6;    0.050;   0;   7.3;   7.0;  958.85;    4.3;   84.33;    6.0;    3.0;    2.4;eor
       2925;20190315;   10;  14.1;   5.7;    3;   8.8;   6;    0.000;   0;   7.5;   8.0;  960.88;    6.2;   83.46;   10.3;    4.5;    3.5;eor
       2925;20190316;   10;  15.8;   6.1;    3;   1.3;   6;    0.133;   0;   7.6;   7.8;  964.78;    7.1;   77.13;   10.0;    3.5;    3.2;eor
       2925;20190317;   10;  16.4;   5.4;    3;   3.2;   8;    1.917;   0;   7.0;   7.2;  961.06;    6.3;   74.75;    9.7;    1.9;    0.3;eor
       2925;20190318;   10;  14.3;   5.1;    3;   0.5;   8;    4.033;   0;   4.7;   5.8;  972.63;    3.2;   76.08;    7.3;    1.1;   -0.4;eor
       2925;20190319;   10;   9.2;   3.5;    3;   0.0;   0;    2.017;   0;   5.3;   5.3;  984.35;    2.7;   73.00;    7.0;   -1.6;   -4.2;eor
       2925;20190320;   10;   7.4;   2.0;    3;   0.0;   0;   10.367;   0;   2.7;   6.0;  990.50;    5.6;   66.21;   11.3;   -2.7;   -5.0;eor
       2925;20190321;   10;   4.9;   1.2;    3;   0.0;   0;   11.333;   0;   1.3;   7.5;  991.33;    8.5;   69.79;   15.4;    0.9;   -1.4;eor
       2925;20190322;   10;   7.8;   1.9;    3;   0.0;   0;   11.217;   0;   1.3;   9.1;  988.24;   11.0;   70.38;   17.3;    4.1;    0.8;eor
       2925;20190323;   10;  11.3;   2.8;    3;   0.0;   0;   10.900;   0;   1.4;   8.6;  985.47;    8.7;   77.04;   14.1;    4.6;    0.8;eor
       2925;20190324;   10;   6.2;   2.1;    3;   0.5;   8;    1.333;   0;   6.1;   7.5;  982.61;    6.1;   79.13;   10.0;    2.2;    0.3;eor
       2925;20190325;   10;  14.2;   4.2;    3;   5.5;   8;    1.933;   0;   6.3;   6.3;  976.42;    3.1;   82.67;    5.6;    1.3;   -0.1;eor
       2925;20190326;   10;  12.3;   4.5;    3;   1.7;   6;    1.317;   0;   7.7;   6.8;  984.83;    4.1;   82.63;    6.6;    2.6;    2.0;eor
       2925;20190327;   10;   8.9;   3.1;    3;   0.8;   6;    2.867;   0;   7.6;   7.1;  988.79;    6.1;   76.38;    9.6;    3.3;    2.8;eor
       2925;20190328;   10;   6.8;   2.7;    3;   0.2;   6;    0.283;   0;   6.8;   8.5;  991.33;    7.3;   83.33;   10.5;    4.3;    2.0;eor
       2925;20190329;   10;   7.4;   1.5;    3;   0.0;   0;    6.950;   0;   4.1;   8.3;  988.80;    9.0;   73.79;   13.8;    3.9;    0.1;eor
       2925;20190330;   10;  10.2;   2.4;    3;   0.0;   0;   10.950;   0;   1.2;   7.7;  980.63;   10.9;   62.13;   18.1;    4.0;   -0.6;eor
       2925;20190331;   10;   9.2;   2.8;    3;   0.0;   0;    3.250;   0;   4.9;   7.3;  980.82;    6.3;   76.21;    9.6;    1.8;   -0.5;eor
       2925;20190401;   10;  10.8;   5.0;    3;   0.0;   0;   12.017;   0;   0.4;   4.9;  980.50;    5.1;   56.92;   10.6;   -0.8;   -2.2;eor
       2925;20190402;   10;   8.8;   2.7;    3;   0.0;   6;    7.100;   0;   3.7;   6.6;  968.41;    9.1;   57.00;   15.8;    0.7;   -2.9;eor
       2925;20190403;   10;  19.3;   2.9;    3;   7.8;   8;    1.300;   0;   6.2;   9.0;  961.10;    9.8;   75.13;   13.6;    3.9;    2.7;eor
       2925;20190404;   10;   8.8;   3.1;    3;   0.2;   4;    0.483;   0;   7.7;   8.4;  958.04;    5.8;   91.04;    8.5;    3.5;    3.1;eor
       2925;20190405;   10;   5.7;   2.1;    3;   0.0;   4;    0.000;   0;   6.5;   8.9;  963.54;    5.8;   95.96;    8.6;    3.5;    1.2;eor
       2925;20190406;   10;   8.9;   3.2;    3;   0.0;   0;    9.100;   0;   3.2;   9.3;  964.63;   10.3;   76.13;   17.4;    2.4;    1.4;eor
       2925;20190407;   10;  11.0;   3.8;    3;   0.0;   0;   11.200;   0;   0.7;   8.8;  965.47;   11.5;   66.13;   16.5;    6.0;    1.4;eor
       2925;20190408;   10;   9.4;   2.1;    3;   0.0;   0;    6.983;   0;   2.9;   7.7;  968.16;   11.6;   58.58;   17.9;    4.7;    1.9;eor
       2925;20190409;   10;   8.6;   3.8;    3;   0.0;   0;   10.417;   0;   2.7;   7.4;  970.87;    7.2;   73.21;   10.8;    3.0;    0.5;eor
       2925;20190410;   10;  12.8;   4.9;    3;   0.0;   0;   10.600;   0;   1.4;   5.3;  973.84;    4.3;   65.04;    9.3;    0.1;   -2.5;eor
       2925;20190411;   10;  10.9;   4.8;    3;   0.0;   7;    6.367;   0;   4.5;   4.1;  980.00;    2.6;   57.33;    6.8;   -2.4;   -5.9;eor
       2925;20190412;   10;   7.8;   4.0;    3;   0.3;   8;    0.000;   0;   7.3;   4.9;  981.62;    0.9;   74.83;    2.0;   -0.5;   -1.0;eor
       2925;20190413;   10;   8.3;   2.9;    3;   1.0;   8;    1.317;   0;   7.0;   5.4;  980.07;    0.6;   85.00;    3.6;   -1.1;   -2.1;eor
       2925;20190414;   10;   8.5;   2.7;    3;   1.1;   8;    2.467;   0;   5.5;   5.9;  981.54;    1.4;   86.92;    3.8;   -2.3;   -6.0;eor
       2925;20190415;   10;  11.1;   3.7;    3;   0.0;   0;    9.800;   0;   2.6;   5.9;  982.76;    6.3;   65.08;   12.9;   -0.6;   -2.7;eor
       2925;20190416;   10;   9.7;   4.2;    3;   0.0;   0;   12.700;   0;   0.4;   5.5;  978.41;    8.5;   51.46;   14.9;    1.9;   -1.5;eor
       2925;20190417;   10;   9.7;   4.3;    3;   0.0;   0;   12.667;   0;   0.5;   5.9;  982.24;   10.4;   48.42;   16.7;    3.1;   -1.4;eor
       2925;20190418;   10;  15.4;   4.2;    3;   0.0;   0;   12.833;   0;   0.3;   6.8;  985.78;   12.2;   50.54;   18.0;    4.1;    0.0;eor
       2925;20190419;   10;  11.9;   3.4;    3;   0.0;   0;   13.017;   0;   0.2;   7.1;  988.29;   13.8;   46.21;   20.4;    6.5;    0.4;eor
       2925;20190420;   10;   7.8;   2.5;    3;   0.0;   0;   13.017;   0;   0.4;   7.1;  987.19;   14.1;   45.46;   21.2;    6.5;    1.8;eor
       2925;20190421;   10;   8.0;   2.4;    3;   0.0;   0;   13.100;   0;   0.4;   6.6;  980.03;   13.9;   43.00;   20.4;    5.7;    1.1;eor
       2925;20190422;   10;  15.7;   6.1;    3;   0.0;   0;   13.083;   0;   0.6;   6.7;  971.83;   12.9;   46.33;   18.5;    7.2;    2.8;eor
       2925;20190423;   10;  15.8;   7.4;    3;   0.0;   6;   11.583;   0;   2.4;   8.8;  962.52;   12.7;   59.96;   18.3;    6.7;    5.8;eor
       2925;20190424;   10;  16.7;   4.1;    3;   1.7;   6;   11.033;   0;   4.8;  10.7;  962.53;   15.7;   62.38;   23.4;    9.1;    7.9;eor
       2925;20190425;   10;  11.1;   3.4;    3;   0.0;   0;   11.450;   0;   2.5;   8.8;  968.07;   15.2;   54.21;   22.3;    6.4;    2.7;eor
       2925;20190426;   10;   9.9;   3.8;    3;   9.1;   6;    3.100;   0;   5.9;  10.0;  970.35;    9.9;   82.04;   14.8;    7.3;    7.0;eor
       2925;20190427;   10;  11.0;   3.1;    3;  12.9;   6;    5.467;   0;   4.8;   9.5;  971.56;    8.5;   85.96;   14.6;    4.1;    1.9;eor
       2925;20190428;   10;   7.2;   2.5;    3;   0.0;   6;    2.550;   0;   5.1;   8.0;  976.38;    7.1;   81.00;   12.2;    1.8;    0.4;eor
       2925;20190429;   10;  14.0;   4.0;    3;   3.9;   6;    0.850;   0;   7.0;   8.8;  978.86;    6.0;   93.50;    9.2;    1.0;   -0.6;eor
       2925;20190430;   10;  10.1;   4.4;    3;   0.0;   6;   12.683;   0;   1.7;   8.9;  977.55;    9.8;   74.38;   15.1;    3.7;    2.3;eor
       2925;20190501;   10;   9.9;   3.4;    3;   0.0;   6;    9.367;-999;   3.8;   9.8;  973.30;   11.7;   72.04;   16.9;    6.9;    4.5;eor
       2925;20190502;   10;  10.5;   4.2;    3;   1.0;   6;    8.383;-999;   4.5;   9.5;  967.10;   10.1;   77.33;   14.3;    6.9;    5.5;eor
       2925;20190503;   10;   9.4;   3.6;    3;   8.5;   8;    2.783;-999;   7.4;   6.8;  967.87;    6.7;   69.29;    9.2;    4.0;    3.9;eor
       2925;20190504;   10;  10.0;   2.9;    3;   2.2;   8;    2.650;-999;   5.4;   6.4;  966.52;    3.1;   84.83;    7.2;    0.8;    0.0;eor
       2925;20190505;   10;   7.4;   2.9;    3;   0.0;   6;    5.983;-999;   4.6;   5.7;  974.89;    4.5;   68.25;    8.4;   -0.6;   -2.2;eor
       2925;20190506;   10;   8.2;   3.1;    3;   0.8;   6;    1.767;-999;   6.2;   6.2;  976.76;    5.0;   71.38;    8.5;    0.9;   -1.0;eor
       2925;20190507;   10;   6.8;   2.2;    3;   0.0;   6;    3.067;-999;   6.8;   6.8;  975.25;    6.6;   70.21;   10.5;    3.5;    0.0;eor
       2925;20190508;   10;  11.5;   3.0;    3;   4.1;   6;    0.300;-999;   6.1;   8.9;  963.42;    8.1;   80.88;   11.7;    2.8;   -0.3;eor
       2925;20190509;   10;  11.0;   3.4;    3;   0.0;   6;    4.500;-999;   7.0;   9.6;  958.88;   10.7;   74.79;   15.4;    7.3;    5.9;eor
       2925;20190510;   10;  10.0;   2.9;    3;   2.2;   6;    3.000;-999;   6.1;   9.6;  967.28;    9.3;   82.54;   13.9;    4.6;    3.3;eor
       2925;20190511;   10;   9.9;   3.3;    3;  14.0;   6;    0.000;-999;   7.0;   9.7;  971.76;    7.4;   93.67;    9.3;    5.5;    4.6;eor
       2925;20190512;   10;  11.9;   5.0;    3;   0.0;   0;   10.433;-999;   3.3;   6.9;  987.54;    7.4;   69.21;   12.2;    3.5;    2.2;eor
       2925;20190513;   10;  10.2;   3.6;    3;   0.0;   0;   13.100;-999;   0.9;   6.1;  993.41;    7.5;   61.75;   13.3;    0.5;   -2.5;eor
       2925;20190514;   10;  10.6;   4.2;    3;   0.0;   0;    9.517;-999;   3.6;   6.3;  989.13;    7.5;   62.33;   12.5;    0.9;   -1.6;eor
       2925;20190515;   10;  11.0;   3.9;    3;   0.0;   6;    6.300;-999;   5.2;   5.7;  983.29;    7.2;   56.25;   10.6;    0.7;   -1.8;eor
       2925;20190516;   10;   8.0;   2.5;    3;   4.8;   6;    0.083;-999;   7.9;   8.2;  974.40;    6.5;   84.63;    7.3;    5.6;    5.9;eor
       2925;20190517;   10;   8.5;   3.4;    3;   0.0;   0;    2.400;-999;   6.1;   9.8;  968.00;    9.9;   81.21;   14.6;    5.8;    4.0;eor
       2925;20190518;   10;   5.5;   1.6;    3;   0.0;   0;   13.083;-999;   1.0;  10.5;  965.34;   13.9;   68.04;   20.8;    4.6;    2.7;eor
       2925;20190519;   10;   7.8;   1.8;    3;   0.0;   0;    8.383;-999;   4.9;  11.9;  963.62;   15.5;   69.17;   22.3;    7.9;    5.0;eor
       2925;20190520;   10;  16.3;   3.4;    3;  43.1;   6;    3.133;-999;   6.2;  14.0;  962.16;   14.5;   84.96;   20.9;    9.5;    7.2;eor
       2925;20190521;   10;  10.9;   4.3;    3;   1.1;   6;    0.950;-999;   7.7;  14.5;  965.83;   13.6;   92.50;   16.5;   12.0;   11.8;eor
       2925;20190522;   10;  10.1;   3.4;    3;   0.6;   6;    2.100;-999;   5.8;  11.1;  975.07;   10.5;   87.29;   13.7;    5.2;    2.7;eor
       2925;20190523;   10;   6.7;   1.5;    3;   0.0;   0;   11.950;-999;   3.1;  10.0;  976.82;   12.5;   71.71;   19.2;    3.6;    1.8;eor
       2925;20190524;   10;   7.0;   2.0;    3;   0.0;   0;   10.533;-999;   5.8;  11.0;  973.31;   15.6;   62.54;   20.1;    9.0;    5.4;eor
       2925;20190525;   10;   7.8;   2.5;    3;   0.0;   0;    5.383;-999;   4.9;  10.5;  974.47;   11.0;   79.96;   14.2;    6.8;    3.4;eor
       2925;20190526;   10;  11.3;   2.8;    3;   0.0;   0;    8.883;-999;   4.4;  10.8;  972.12;   14.7;   66.17;   20.6;    6.0;    2.7;eor
       2925;20190527;   10;  10.0;   2.0;    3;   5.3;   6;    0.033;-999;   7.7;  13.4;  967.30;   14.2;   82.75;   16.1;   10.8;    9.5;eor
       2925;20190528;   10;   7.4;   2.1;    3;   2.1;   6;    1.267;-999;   6.9;  11.2;  967.06;   11.3;   84.92;   15.9;    8.6;    8.2;eor
       2925;20190529;   10;   7.8;   2.5;    3;   0.0;   0;   11.467;-999;   2.6;   8.3;  979.05;   10.5;   67.21;   15.2;    6.2;    3.2;eor
       2925;20190530;   10;  10.5;   3.1;    3;   0.0;   6;    6.550;-999;   4.4;  10.6;  982.19;   13.7;   67.54;   18.3;    6.3;    2.8;eor
       2925;20190531;   10;   6.3;   1.9;    3;   0.0;   0;    4.467;-999;   4.7;  14.6;  982.53;   16.6;   77.75;   22.4;   10.8;    8.0;eor
       2925;20190601;   10;   6.4;   1.4;    3;   0.0;   0;   12.983;-999;   2.0;  14.6;  980.51;   18.4;   71.75;   25.0;    9.6;    8.1;eor
       2925;20190602;   10;   8.2;   2.3;    3;   0.0;   0;   14.800;-999;   0.8;  14.9;  975.85;   22.3;   57.21;   28.5;   14.7;   11.1;eor
       2925;20190603;   10;  11.8;   2.4;    3;  18.2;   6;    8.967;-999;   3.1;  15.8;  973.02;   20.1;   69.71;   28.8;   13.5;   11.8;eor
       2925;20190604;   10;   6.2;   1.9;    3;   0.0;   4;   14.333;-999;   1.8;  16.3;  970.88;   20.3;   71.04;   26.7;   11.3;   10.8;eor
       2925;20190605;   10;   6.2;   2.1;    3;   0.0;   0;   12.417;-999;   3.2;  16.3;  966.65;   23.4;   57.92;   29.8;   16.6;   14.4;eor
       2925;20190606;   10;  10.0;   3.2;    3;   0.0;   6;    3.033;-999;   5.1;  13.6;  969.84;   15.2;   78.71;   20.9;    9.1;    7.3;eor
       2925;20190607;   10;  14.6;   3.3;    3;   7.8;   8;    8.667;-999;   3.9;  13.4;  972.20;   14.9;   79.63;   21.7;    6.8;    4.9;eor
       2925;20190608;   10;  16.2;   4.6;    3;   0.0;   0;    9.867;-999;   3.8;   9.8;  978.43;   13.7;   63.13;   17.6;    9.2;    6.1;eor
       2925;20190609;   10;   6.6;   2.2;    3;   0.0;   6;   11.400;-999;   4.3;  11.0;  980.90;   15.9;   61.71;   21.6;    7.4;    5.4;eor
       2925;20190610;   10;   5.4;   1.7;    3;   4.9;   6;    3.483;-999;   6.2;  15.1;  972.01;   18.1;   73.46;   23.6;   13.2;   11.2;eor
       2925;20190611;   10;  11.4;   2.6;    3;  23.0;   8;    1.367;-999;   7.0;  15.7;  969.82;   16.2;   85.63;   19.8;   12.9;   11.9;eor
       2925;20190612;   10;   7.7;   2.2;    3;   4.7;   6;    3.450;-999;   5.3;  15.3;  969.04;   14.6;   91.50;   18.5;   11.2;    9.3;eor
       2925;20190613;   10;  13.4;   2.2;    3;   1.0;   6;    8.967;-999;   4.3;  13.2;  973.38;   16.4;   72.13;   22.5;   11.2;    8.9;eor
       2925;20190614;   10;   8.3;   2.0;    3;   0.0;   6;    7.300;-999;   3.4;  14.4;  974.85;   19.2;   66.54;   25.5;   10.3;    7.5;eor
       2925;20190615;   10;  12.6;   3.2;    3;   0.0;   6;    9.717;-999;   3.3;  15.6;  971.13;   19.6;   69.04;   24.6;   11.4;    9.8;eor
       2925;20190616;   10;   6.2;   1.2;    3;   3.2;   6;    0.100;-999;   6.4;  14.7;  979.04;   14.9;   87.00;   19.7;   10.5;    9.5;eor
       2925;20190617;   10;   6.4;   1.9;    3;   0.0;   0;   13.483;-999;   1.2;  14.2;  979.65;   18.3;   69.75;   24.2;   10.4;    8.9;eor
       2925;20190618;   10;  11.3;   1.6;    3;   0.0;   0;   13.500;-999;   2.5;  15.1;  974.62;   21.4;   60.71;   27.0;   14.3;   10.8;eor
       2925;20190619;   10;  12.0;   2.0;    3;   1.6;   6;   12.050;-999;   4.1;  16.3;  968.99;   22.2;   63.29;   29.5;   14.7;   13.3;eor
       2925;20190620;   10;   7.8;   2.2;    3;   5.2;   6;    3.150;-999;   5.6;  16.4;  970.80;   17.9;   81.25;   23.5;   14.1;   13.1;eor
       2925;20190621;   10;   7.0;   2.2;    3;   0.0;   0;    7.250;-999;   4.8;  14.2;  976.90;   16.8;   75.25;   21.2;   11.0;    9.4;eor
       2925;20190622;   10;  10.3;   4.0;    3;   0.0;   0;   11.400;-999;   2.9;  14.0;  979.28;   17.6;   70.54;   23.7;   10.2;    8.5;eor
       2925;20190623;   10;  11.9;   4.5;    3;   0.0;   0;   14.867;-999;   2.0;  13.3;  979.62;   20.1;   58.38;   25.0;   14.3;   13.2;eor
       2925;20190624;   10;   9.4;   3.5;    3;   0.0;   0;   15.000;-999;   0.6;  13.0;  981.06;   21.5;   52.21;   27.3;   14.8;   12.3;eor
       2925;20190625;   10;   8.1;   1.8;    3;   0.0;   0;   14.983;-999;   0.8;  16.3;  979.83;   24.4;   53.54;   31.4;   16.6;   12.4;eor
       2925;20190626;   10;  11.7;   3.5;    3;   0.0;   0;   14.650;-999;   0.2;  20.7;  981.31;   25.8;   62.71;   30.8;   16.8;   16.2;eor
       2925;20190627;   10;  10.7;   4.1;    3;   0.0;   0;   14.217;-999;   1.1;  12.9;  984.07;   17.0;   67.92;   21.6;   11.2;   10.2;eor
       2925;20190628;   10;   6.4;   2.2;    3;   0.0;   0;   10.883;-999;   2.2;  11.9;  983.30;   15.3;   70.13;   21.6;    8.4;    6.9;eor
       2925;20190629;   10;   6.1;   1.4;    3;   0.0;   0;   14.983;-999;   0.3;  11.8;  979.52;   21.1;   50.83;   29.3;   10.6;    7.8;eor
       2925;20190630;   10;   9.8;   2.7;    3;   0.0;   6;   14.583;-999;   0.4;  15.8;  973.64;   25.8;   47.75;   33.7;   15.4;   11.2;eor
       2925;20190701;   10;  11.1;   3.2;    3;   0.0;   6;    9.750;-999;   3.3;  13.4;  975.09;   19.8;   59.25;   25.2;   13.8;   12.2;eor
       2925;20190702;   10;  11.2;   3.7;    3;   0.0;   0;    9.700;-999;   2.5;  10.6;  979.71;   15.0;   62.67;   19.3;    9.0;    7.5;eor
       2925;20190703;   10;  10.7;   2.8;    3;   0.0;   0;   10.167;-999;   3.7;   9.6;  981.93;   13.6;   63.63;   18.8;    7.7;    5.8;eor
       2925;20190704;   10;   6.8;   2.0;    3;   0.0;   0;   13.200;-999;   1.8;   9.4;  981.14;   14.4;   59.54;   20.9;    5.4;    3.7;eor
       2925;20190705;   10;  12.0;   3.8;    3;   0.0;   0;    9.267;-999;   5.0;  11.4;  974.88;   18.2;   56.08;   23.9;   12.1;   10.6;eor
       2925;20190706;   10;  12.1;   3.8;    3;   1.8;   6;    8.117;-999;   5.3;  13.1;  969.50;   18.1;   64.63;   26.3;   11.7;    9.0;eor
       2925;20190707;   10;  10.8;   3.6;    3;   0.0;   0;    3.733;-999;   7.1;  10.2;  971.83;   13.1;   68.54;   17.2;   10.2;    9.5;eor
       2925;20190708;   10;   8.6;   3.2;    3;   0.1;   6;    0.600;-999;   7.5;  10.2;  975.85;   11.8;   73.67;   15.3;    8.0;    6.6;eor
       2925;20190709;   10;   7.8;   2.9;    3;   0.2;   6;    0.617;-999;   6.3;  10.4;  977.53;   11.5;   77.33;   15.2;    7.4;    5.4;eor
       2925;20190710;   10;   7.4;   2.4;    3;   2.7;   6;    7.900;-999;   6.5;  10.8;  977.35;   13.7;   70.63;   19.6;    6.7;    5.5;eor
       2925;20190711;   10;   6.8;   1.6;    3;   6.2;   6;    0.067;-999;   7.5;  14.6;  972.87;   14.5;   88.17;   18.9;   11.7;   11.6;eor
       2925;20190712;   10;   9.2;   2.4;    3;   8.0;   6;    3.433;-999;   6.4;  15.2;  970.23;   15.0;   89.08;   21.9;   11.4;    9.9;eor
       2925;20190713;   10;   8.8;   3.3;    3;   2.7;   6;    0.250;-999;   7.6;  15.1;  973.78;   14.1;   93.33;   16.8;   12.3;   12.3;eor
       2925;20190714;   10;   7.4;   2.8;    3;   0.3;   6;    0.050;-999;   7.2;  13.0;  976.54;   12.8;   87.50;   15.4;    8.7;    7.1;eor
       2925;20190715;   10;   7.6;   2.6;    3;   0.0;   6;    0.000;-999;   7.2;  11.8;  976.65;   12.1;   83.63;   15.0;    8.7;    7.2;eor
       2925;20190716;   10;   7.5;   3.3;    3;   0.0;   6;    0.000;-999;   7.5;  12.3;  975.96;   12.1;   86.50;   14.3;    9.4;    8.1;eor
       2925;20190717;   10;   5.7;   1.8;    3;   0.0;   6;    2.417;-999;   5.9;  13.3;  973.86;   14.6;   81.04;   20.0;    9.6;    7.4;eor
       2925;20190718;   10;   9.9;   1.6;    3;   0.5;   6;   10.617;-999;  -999;  12.8;  971.30;   17.4;   67.71;   24.8;    7.4;    5.6;eor
       2925;20190719;   10;   5.9;   1.9;    3;   1.7;   6;    3.550;-999;   7.7;  15.5;  973.28;   17.7;   77.13;   22.5;   13.6;   11.5;eor
       2925;20190720;   10;  14.9;   2.2;    3;   3.9;   6;    8.433;-999;   7.5;  16.4;  972.73;   20.3;   71.83;   28.5;   13.7;   10.4;eor
       2925;20190721;   10;   9.4;   3.0;    3;   0.0;   0;    9.917;-999;   6.4;  14.8;  978.50;   19.0;   69.33;   24.3;   12.8;   10.7;eor
       2925;20190722;   10;   8.3;   2.5;    3;   0.0;   0;    8.917;-999;   6.7;  13.7;  981.99;   19.7;   62.79;   26.6;   10.9;    9.3;eor
       2925;20190723;   10;   5.5;   1.4;    3;   0.0;   0;   14.500;-999;   0.8;  15.0;  980.50;   23.2;   56.42;   31.2;   12.7;   11.5;eor
       2925;20190724;   10;   6.1;   1.6;    3;   0.0;   0;   14.467;-999;   0.1;  14.6;  976.54;   26.8;   44.21;   34.2;   17.5;   14.0;eor
       2925;20190725;   10;   7.1;   2.1;    3;   0.0;   0;   13.950;-999;   1.6;  13.7;  975.96;   28.0;   39.21;   36.0;   19.5;   14.8;eor
       2925;20190726;   10;  10.5;   4.4;    3;   0.0;   0;   14.117;-999;   5.5;  14.2;  971.34;   25.6;   44.71;   32.1;   19.2;   17.1;eor
       2925;20190727;   10;  12.3;   5.5;    3;   0.2;   6;   12.417;-999;   4.3;  12.8;  963.93;   23.1;   47.08;   28.8;   16.0;   14.9;eor
       2925;20190728;   10;   8.6;   2.9;    3;   8.2;   6;    2.483;-999;   7.5;  16.2;  961.68;   22.0;   61.75;   27.8;   17.6;   15.8;eor
       2925;20190729;   10;   7.0;   2.6;    3;   7.2;   6;    0.033;-999;   6.9;  18.5;  969.47;   18.3;   87.83;   20.5;   15.9;   14.5;eor
       2925;20190730;   10;   7.8;   2.2;    3;   7.6;   8;    7.433;-999;   4.8;  16.3;  971.39;   22.0;   64.54;   28.7;   16.4;   15.9;eor
       2925;20190731;   10;   8.5;   2.5;    3;   0.1;   6;    6.117;-999;   6.0;  14.7;  974.35;   19.2;   67.88;   25.3;   13.6;   11.6;eor
       2925;20190801;    3;   6.4;   1.8;    3;   0.0;   0;    4.417;-999;   5.6;  12.5;  975.94;   17.8;   63.67;   23.3;   10.5;    9.4;eor
       2925;20190802;    3;   8.0;   1.9;    3;   1.4;   6;    5.200;-999;   7.5;  14.3;  973.73;   18.1;   69.83;   24.2;   13.7;   13.3;eor
       2925;20190803;    3;   9.7;   2.5;    3;   0.2;   6;    5.850;-999;   5.7;  15.1;  974.45;   17.0;   79.17;   22.7;   12.9;   11.2;eor
       2925;20190804;    3;   6.4;   1.9;    3;   0.1;   6;    6.367;-999;   5.4;  14.2;  975.17;   17.4;   73.33;   24.3;   11.1;    9.9;eor
       2925;20190805;    3;   7.4;   2.1;    3;   2.8;   6;    1.567;-999;   7.8;  15.4;  971.05;   18.8;   71.96;   25.7;   14.5;   12.6;eor
       2925;20190806;    3;  11.1;   2.9;    3;   0.0;   6;    5.367;-999;   7.8;  15.8;  969.53;   20.0;   68.50;   25.9;   14.0;   12.0;eor
       2925;20190807;    3;   8.0;   2.7;    3;   0.2;   6;    0.883;-999;   7.3;  15.6;  967.19;   18.9;   72.67;   22.6;   15.4;   13.6;eor
       2925;20190808;    3;  12.9;   3.6;    3;   0.0;   6;   10.417;-999;   4.0;  12.9;  970.77;   18.8;   61.92;   25.1;   13.4;   11.1;eor
       2925;20190809;    3;   7.9;   2.0;    3;   5.0;   6;    4.383;-999;   6.5;  16.0;  970.43;   20.2;   69.63;   27.1;   12.5;   10.9;eor
       2925;20190810;    3;  13.9;   4.2;    3;   0.0;   0;    5.667;-999;   5.5;  15.6;  971.33;   20.3;   66.71;   25.0;   15.7;   11.4;eor
       2925;20190811;    3;  10.6;   2.7;    3;   3.4;   6;    8.067;-999;   4.5;  12.0;  974.16;   19.4;   55.17;   26.1;   13.0;    9.3;eor
       2925;20190812;    3;   9.2;   2.9;    3;   1.3;   6;    9.817;-999;   6.2;  12.5;  974.26;   16.5;   69.79;   22.6;   11.3;    9.8;eor
       2925;20190813;    3;  11.8;   3.5;    3;   0.0;   6;    5.600;-999;   6.3;  11.1;  975.45;   14.7;   68.58;   19.7;   11.0;    9.8;eor
       2925;20190814;    3;   7.8;   2.1;    3;   1.7;   6;   10.017;-999;   3.5;   9.5;  976.35;   14.8;   59.42;   20.8;    8.0;    5.8;eor
       2925;20190815;    3;  11.4;   2.6;    3;  12.4;   6;    1.633;-999;   7.9;  13.5;  971.49;   15.0;   78.63;   19.7;   11.3;   10.6;eor
       2925;20190816;    3;   8.9;   2.7;    3;   0.0;   6;    7.367;-999;   6.2;  12.8;  974.90;   16.2;   71.67;   21.5;   12.1;    9.9;eor
       2925;20190817;    3;  12.5;   3.2;    3;   1.2;   6;    1.467;-999;   7.8;  14.0;  969.86;   17.8;   68.63;   23.1;   13.9;   11.3;eor
       2925;20190818;    3;  16.4;   3.8;    3;   8.0;   6;    3.383;-999;   7.8;  17.6;  967.32;   19.1;   81.33;   26.6;   14.6;   13.7;eor
       2925;20190819;    3;  10.3;   2.7;    3;   0.0;   0;    9.767;-999;   5.6;  12.1;  975.24;   17.0;   65.00;   22.8;   10.9;    7.9;eor
       2925;20190820;    3;   7.3;   1.7;    3;   0.0;   0;    4.100;-999;   7.1;  11.0;  981.10;   15.5;   63.92;   20.2;    8.5;    6.4;eor
       2925;20190821;    3;   8.7;   2.3;    3;   0.0;   0;   11.333;-999;   3.0;  10.4;  986.25;   15.5;   61.46;   21.8;    7.8;    5.6;eor
       2925;20190822;    3;   6.8;   1.3;    3;   0.0;   0;   13.000;-999;   1.0;   9.8;  985.15;   17.8;   50.63;   24.9;   11.0;    6.4;eor
       2925;20190823;    3;   6.7;   1.7;    3;   0.0;   0;   13.017;-999;   0.0;  10.2;  984.12;   19.9;   47.21;   27.2;   10.7;    7.4;eor
       2925;20190824;    3;  12.2;   2.9;    3;   0.0;   0;   12.933;-999;   0.0;  12.6;  981.09;   20.7;   53.00;   27.5;   11.0;    8.0;eor
       2925;20190825;    3;   7.7;   1.9;    3;   0.0;   0;   11.833;-999;   0.1;  16.5;  978.68;   23.4;   58.71;   30.7;   15.2;   13.2;eor
       2925;20190826;    3;   9.7;   2.1;    3;   0.0;   0;   11.183;-999;   1.1;  16.5;  978.05;   24.0;   57.79;   31.2;   17.4;   13.9;eor
       2925;20190827;    3;   6.6;   1.4;    3;   0.0;   0;    5.750;-999;   3.8;  17.5;  976.23;   22.6;   65.29;   30.5;   15.8;   14.5;eor
       2925;20190828;    3;  10.5;   1.7;    3;   0.0;   6;    7.483;-999;   7.3;  15.6;  974.36;   24.5;   54.00;   31.7;   17.5;   15.3;eor
       2925;20190829;    3;   8.4;   1.6;    3;   1.2;   6;    6.017;-999;   6.5;  17.4;  977.34;   21.4;   68.92;   29.1;   16.1;   14.3;eor
       2925;20190830;    3;   8.2;   1.4;    3;   0.0;   0;    7.500;-999;   5.9;  17.8;  980.60;   21.6;   70.29;   27.6;   17.3;   15.3;eor
       2925;20190831;    3;   7.4;   1.2;    3;   0.0;   0;   11.467;-999;   0.5;  16.9;  974.20;   23.5;   61.04;   30.5;   15.4;   13.7;eor
       2925;20190901;    3;  12.3;   3.0;    3;   0.1;   6;    1.083;-999;   6.8;  14.3;  972.25;   17.8;   69.96;   22.5;   11.9;    8.8;eor
       2925;20190902;    3;  10.1;   2.6;    3;   0.0;   0;   10.067;-999;   1.2;   9.7;  980.42;   13.8;   63.88;   19.2;    8.5;    5.4;eor
       2925;20190903;    3;  10.9;   2.5;    3;   0.0;   0;    6.550;-999;   5.7;   9.8;  981.49;   15.2;   58.29;   22.0;    8.7;    5.7;eor
       2925;20190904;    3;  10.8;   2.2;    3;   0.3;   6;   11.750;-999;   5.0;  11.7;  974.99;   17.1;   62.50;   24.2;    9.2;    7.4;eor
       2925;20190905;    3;  12.9;   3.8;    3;   0.3;   6;    6.117;-999;   5.7;  10.8;  976.53;   13.8;   69.29;   19.5;    8.9;    6.5;eor
       2925;20190906;    3;   6.2;   1.4;    3;   0.0;   0;   11.900;-999;   3.8;   8.0;  981.14;   12.4;   59.50;   19.0;    4.5;    2.1;eor
       2925;20190907;    3;   6.3;   1.2;    3;   0.0;   6;    0.250;-999;   7.7;   9.4;  976.86;   12.5;   65.25;   15.6;    8.3;    7.1;eor
       2925;20190908;    3;   5.6;   1.1;    3;   0.1;   6;    2.167;-999;   7.1;  10.3;  975.81;   12.4;   72.58;   17.1;    5.8;    4.5;eor
       2925;20190909;    3;   8.0;   2.2;    3;   0.0;   6;    0.467;-999;   7.0;  11.2;  972.55;   12.0;   80.42;   15.3;    9.4;    6.9;eor
       2925;20190910;    3;   9.4;   2.2;    3;   0.0;   0;    9.783;-999;   1.4;   8.6;  975.97;   12.5;   61.54;   18.8;    6.0;    3.8;eor
       2925;20190911;    3;  11.1;   2.6;    3;   0.8;   4;    9.317;-999;   3.6;   9.3;  980.72;   14.3;   59.58;   21.3;    5.0;    3.0;eor
       2925;20190912;    3;   8.9;   2.5;    3;   0.0;   4;    4.650;-999;   5.5;  13.8;  985.70;   16.6;   74.42;   22.3;   12.8;   10.5;eor
       2925;20190913;    3;   9.7;   2.5;    3;   0.8;   6;    0.550;-999;   6.8;  14.2;  989.02;   15.5;   80.21;   20.9;    8.9;    6.4;eor
       2925;20190914;    3;   6.9;   1.2;    3;   0.0;   0;   10.917;-999;   2.2;   9.3;  990.24;   12.8;   65.46;   19.3;    4.6;    2.3;eor
       2925;20190915;    3;   9.0;   2.5;    3;   0.5;   6;   10.683;-999;   4.9;   9.1;  980.99;   16.8;   50.13;   22.7;    7.7;    5.0;eor
       2925;20190916;    3;   9.1;   1.9;    3;   7.7;   6;    0.000;-999;   7.5;  13.5;  977.87;   12.5;   92.79;   15.3;    9.6;    8.4;eor
       2925;20190917;    3;  15.6;   4.3;    3;   0.4;   6;    2.767;-999;   6.4;  10.3;  977.01;   10.9;   79.08;   15.4;    7.1;    5.6;eor
       2925;20190918;    3;  10.4;   3.5;    3;   0.0;   6;    6.833;-999;   5.9;   8.4;  982.57;   10.1;   69.33;   14.8;    5.9;    4.7;eor
       2925;20190919;    3;   8.8;   2.1;    3;   0.0;   0;    9.150;-999;   5.9;   7.4;  986.70;    8.5;   69.33;   14.8;    3.0;    1.0;eor
       2925;20190920;    3;   5.6;   0.9;    3;   0.0;   0;   10.867;-999;   3.8;   7.3;  986.31;    9.4;   65.46;   16.9;    1.4;    0.1;eor
       2925;20190921;    3;   6.3;   1.5;    3;   0.0;   0;   11.417;-999;   0.0;   8.3;  979.84;   13.8;   55.83;   21.8;    5.3;    2.3;eor
       2925;20190922;    3;   6.3;   1.4;    3;   0.0;   0;   11.350;-999;   3.1;   9.6;  971.21;   16.4;   54.08;   24.2;    8.2;    5.0;eor
       2925;20190923;    3;   8.8;   2.1;    3;   0.0;   6;    0.000;-999;   8.0;  12.9;  972.43;   14.2;   79.13;   16.6;   10.6;    8.6;eor
       2925;20190924;    3;   6.5;   1.5;    3;   0.6;   6;    5.250;-999;   7.5;  12.5;  970.83;   15.1;   74.38;   19.9;   11.9;   10.8;eor
       2925;20190925;    3;   9.1;   1.8;    3;   1.9;   6;    0.783;-999;   7.5;  13.2;  965.67;   13.6;   84.79;   17.2;   11.8;    9.8;eor
       2925;20190926;    3;  10.1;   2.4;    3;   5.2;   6;    1.583;-999;   7.5;  14.5;  969.50;   14.7;   86.71;   18.5;   12.4;   11.3;eor
       2925;20190927;    3;   8.6;   2.9;    3;   4.5;   6;    4.000;-999;   5.6;  14.0;  968.82;   14.2;   86.04;   16.5;   12.2;   10.9;eor
       2925;20190928;    3;  14.6;   4.3;    3;   3.0;   6;    4.117;-999;   6.1;  12.5;  970.58;   13.7;   80.04;   16.3;   12.2;   10.6;eor
       2925;20190929;    3;  15.3;   4.8;    3;   4.0;   6;    0.750;-999;   7.8;  12.6;  962.72;   14.2;   77.67;   16.5;   11.5;   10.7;eor
       2925;20190930;    3;  19.5;   5.6;    3;   1.4;   6;    1.967;-999;   6.9;  11.8;  964.50;   12.7;   80.38;   15.0;    9.3;    7.1;eor
       2925;20191001;    3;  13.6;   3.6;    3;   9.3;   6;    0.400;-999;   7.8;  13.0;  961.60;   13.8;   82.46;   16.9;   10.7;    9.9;eor
       2925;20191002;    3;  11.8;   3.6;    3;   0.5;   6;    2.933;-999;   5.6;   9.7;  965.31;    8.9;   83.42;   13.9;    6.2;    5.1;eor
       2925;20191003;    3;  10.6;   3.4;    3;   1.9;   6;    0.367;-999;   7.7;  10.2;  973.05;    8.9;   89.13;   11.3;    7.4;    6.8;eor
       2925;20191004;    3;  12.4;   2.1;    3;   8.5;   6;    0.000;-999;   7.5;  10.0;  966.05;    8.3;   90.75;   10.5;    7.3;    6.7;eor
       2925;20191005;    3;  15.0;   3.4;    3;   0.3;   6;    0.583;-999;   7.2;   8.9;  971.95;    7.2;   87.75;   10.1;    3.8;    1.4;eor
       2925;20191006;    3;  11.5;   3.3;    3;   0.0;   6;    0.450;-999;   7.8;   7.8;  975.39;    5.8;   84.88;    8.4;    2.9;    0.9;eor
       2925;20191007;    3;   6.5;   1.9;    3;   0.4;   6;    8.483;-999;   5.0;   7.5;  976.23;    6.8;   76.46;   11.5;    1.5;   -0.9;eor
       2925;20191008;    3;  11.2;   3.0;    3;   2.7;   6;    0.000;-999;   7.4;  11.7;  966.95;   10.7;   91.04;   12.2;    8.1;    6.2;eor
       2925;20191009;    3;  10.5;   3.3;    3;   2.8;   6;    3.333;-999;   6.9;  10.6;  966.26;   10.4;   83.92;   12.5;    8.9;    7.1;eor
       2925;20191010;    3;   9.9;   3.3;    3;   0.9;   6;    1.983;-999;   6.5;   9.5;  970.46;    9.5;   80.04;   12.2;    7.9;    7.0;eor
       2925;20191011;    3;  13.7;   4.0;    3;   0.0;   6;    2.567;-999;   7.2;  11.1;  972.65;   11.9;   79.63;   14.4;    8.7;    7.4;eor
       2925;20191012;    3;  11.8;   3.9;    3;   0.0;   0;    8.200;-999;   4.6;  12.6;  970.24;   15.7;   70.75;   19.1;   12.0;   10.5;eor
       2925;20191013;    3;  12.4;   3.9;    3;   0.0;   6;    7.800;-999;   3.8;  15.2;  971.15;   18.9;   70.00;   22.7;   15.5;   13.7;eor
       2925;20191014;    3;   7.9;   1.7;    3;   0.0;   0;    9.250;-999;   4.3;  13.9;  971.98;   18.1;   67.08;   23.0;   13.2;   10.2;eor
       2925;20191015;    3;  11.5;   1.4;    3;   8.2;   6;    6.917;-999;   6.5;  14.4;  965.86;   17.1;   74.33;   23.1;   13.4;    9.6;eor
       2925;20191016;    3;  12.0;   3.8;    3;   1.2;   6;    2.433;-999;   7.6;  11.7;  969.21;   11.9;   84.38;   14.3;   10.0;    9.4;eor
       2925;20191017;    3;  12.4;   3.4;    3;   4.9;   6;    3.067;-999;   7.7;  12.1;  970.70;   13.8;   77.13;   16.4;   12.5;   11.6;eor
       2925;20191018;    1;  12.0;   3.3;    1;   1.8;   6;    2.383;-999;   6.9;  11.8;  968.63;   12.5;   80.50;   17.2;    8.2;    6.0;eor
       2925;20191019;    1;  11.0;   2.2;    1;   0.0;   6;    0.800;-999;   7.9;  11.1;  967.42;   11.5;   81.17;   15.1;    8.1;    6.4;eor
       2925;20191020;    1;   5.3;   1.6;    1;   0.8;   6;    0.517;-999;   7.9;  13.7;  968.26;   13.6;   87.79;   15.9;   12.0;   11.2;eor
       2925;20191021;    1;   7.1;   1.4;    1;   0.0;   6;    0.767;-999;   7.0;  13.1;  976.06;   14.1;   80.96;   17.7;   10.7;    8.5;eor
       2925;20191022;    1;   6.2;   1.5;    1;   0.0;   0;    6.450;   0;   6.5;  10.8;  981.88;   11.1;   82.08;   15.4;    6.1;    5.3;eor
       2925;20191023;    1;   6.3;   2.4;    1;   0.0;   0;    0.150;   0;   7.9;  11.9;  976.01;   10.4;   94.08;   13.4;    6.7;    5.9;eor
       2925;20191024;    1;   8.6;   1.9;    1;   0.0;   0;    1.983;   0;   7.6;  12.7;  969.49;   12.2;   89.17;   15.5;    9.8;    9.6;eor
       2925;20191025;    1;   9.0;   2.6;    1;   0.0;   0;    6.800;   0;   7.2;  11.5;  977.45;   12.7;   78.29;   15.8;   10.8;    7.9;eor
       2925;20191026;    1;  16.0;   3.6;    1;   0.0;   0;    6.800;   0;   7.5;  11.5;  975.21;   13.7;   73.54;   17.6;   10.4;    7.4;eor
       2925;20191027;    1;  12.2;   3.7;    1;   2.0;   6;    0.000;   0;   7.1;   9.4;  976.07;    9.6;   78.46;   15.1;    4.6;    3.1;eor
       2925;20191028;    1;   7.6;   2.5;    1;   0.0;   6;    1.167;   0;   4.8;   7.9;  979.77;    5.4;   88.04;    9.1;    2.4;    1.1;eor
       2925;20191029;    1;   5.1;   1.2;    1;   0.0;   0;    3.450;   0;   6.0;   7.2;  982.20;    4.5;   85.17;    7.9;    1.7;   -1.3;eor
       2925;20191030;    1;   8.1;   2.2;    1;   0.0;   0;    5.283;   0;   3.5;   6.4;  985.75;    3.0;   84.92;    7.1;   -0.1;   -2.7;eor
       2925;20191031;    1;   9.4;   2.3;    1;   0.0;   0;    5.833;   0;   5.5;   5.4;  982.20;    1.3;   81.00;    6.2;   -1.1;   -3.3;eor
       2925;20191101;    1;   8.3;   2.0;    1;   1.1;   6;    0.000;   0;   7.5;   6.5;  968.83;    1.6;   93.46;    6.6;   -1.4;   -3.6;eor
       2925;20191102;    1;  12.7;   3.8;    1;   2.2;   6;    1.817;   0;   7.6;  11.6;  952.67;   11.7;   84.42;   15.2;    6.6;    6.3;eor
       2925;20191103;    1;   8.2;   2.6;    1;   1.1;   6;    0.600;   0;   7.8;  10.9;  947.96;   10.3;   86.46;   13.4;    8.5;    6.5;eor
       2925;20191104;    1;   9.5;   2.8;    1;   0.3;   6;    1.700;   0;   7.6;  10.2;  949.53;    9.4;   86.58;   11.6;    7.1;    4.3;eor
       2925;20191105;    1;   9.8;   2.7;    1;   0.0;   6;    2.217;   0;   7.3;   8.9;  955.09;    7.8;   83.54;   10.3;    5.3;    3.4;eor
       2925;20191106;    1;   8.3;   1.7;    1;   3.2;   6;    0.000;   0;   7.9;   8.8;  959.55;    6.4;   91.08;    8.6;    5.2;    3.5;eor
       2925;20191107;    1;  11.7;   2.6;    1;   0.4;   6;    1.833;   0;   7.5;   8.7;  960.28;    7.2;   85.54;   10.2;    4.9;    2.9;eor
       2925;20191108;    1;   5.1;   1.6;    1;   8.7;   6;    0.000;   0;   7.9;   7.9;  964.55;    4.9;   91.04;    6.9;    2.7;    0.5;eor
       2925;20191109;    1;   6.8;   2.0;    1;   0.7;   6;    1.017;   0;   5.8;   7.3;  966.16;    4.2;   87.75;    6.9;    1.8;   -1.3;eor
       2925;20191110;    1;   4.5;   0.9;    1;   0.0;   6;    4.033;   0;   4.0;   6.4;  970.76;    1.9;   91.58;    4.9;   -0.6;   -2.7;eor
       2925;20191111;    1;   8.8;   2.6;    1;   0.0;   6;    1.700;   0;   7.6;   5.8;  967.57;    1.8;   84.00;    4.5;    0.3;   -0.1;eor
       2925;20191112;    1;   9.9;   3.7;    1;   0.0;   6;    0.367;   0;   7.4;   6.3;  962.25;    4.1;   77.54;    6.5;    2.1;    1.3;eor
       2925;20191113;    1;   8.1;   2.2;    1;   0.0;   6;    1.200;   0;   7.9;   6.4;  960.67;    3.4;   81.79;    5.9;    1.5;   -1.5;eor
       2925;20191114;    1;  10.5;   3.3;    1;   0.0;   0;    7.433;   0;   5.9;   6.4;  963.36;    3.7;   80.92;    6.0;    1.8;    0.2;eor
       2925;20191115;    1;  10.9;   3.5;    1;  12.9;   8;    0.000;   0;   8.0;   7.1;  960.91;    3.5;   90.29;    5.5;    1.2;    0.7;eor
       2925;20191116;    1;   9.7;   2.5;    1;   0.0;   6;    2.083;   0;   5.3;   6.7;  966.33;    2.8;   89.21;    5.3;    0.2;   -2.1;eor
       2925;20191117;    1;   6.8;   1.4;    1;   0.4;   6;    0.000;   0;   8.0;   6.8;  967.51;    1.9;   96.29;    4.6;   -0.9;   -2.1;eor
       2925;20191118;    1;  15.9;   3.3;    1;   3.0;   6;    0.000;   0;   7.8;   7.5;  964.01;    4.1;   91.79;    5.0;    2.0;    1.5;eor
       2925;20191119;    1;  13.7;   2.9;    1;   0.0;   6;    1.383;   0;   7.3;   6.4;  973.05;    3.0;   84.88;    5.3;   -0.3;   -2.0;eor
       2925;20191120;    1;   6.1;   1.5;    1;   0.3;   6;    1.383;   0;   7.0;   6.2;  975.00;    1.7;   89.58;    4.4;   -1.2;   -2.4;eor
       2925;20191121;    1;   5.1;   2.0;    1;   0.3;   6;    0.000;   0;   8.0;   7.7;  968.45;    3.5;   97.00;    4.5;    2.4;    2.3;eor
       2925;20191122;    1;   5.7;   1.9;    1;   0.0;   0;    0.000;   0;   7.4;   7.3;  966.73;    3.4;   93.75;    5.3;    1.9;   -0.7;eor
       2925;20191123;    1;  10.7;   4.2;    1;   0.0;   0;    4.983;   0;   7.3;   7.6;  962.25;    4.0;   93.21;    6.5;    1.8;    0.7;eor
       2925;20191124;    1;   5.7;   2.1;    1;   0.0;   0;    0.000;   0;   8.0;   7.3;  966.04;    2.7;   98.58;    3.9;    1.7;    0.9;eor
       2925;20191125;    1;   4.7;   1.2;    1;   0.0;   4;    0.000;   0;   8.0;   7.1;  968.25;    2.2;   98.00;    3.8;    0.2;    0.3;eor
       2925;20191126;    1;  10.0;   2.6;    1;   0.1;   4;    0.017;   0;   7.8;   8.8;  964.65;    6.3;   91.75;    7.9;    3.6;    3.6;eor
       2925;20191127;    1;  15.2;   3.8;    1;   0.3;   4;    0.033;   0;   7.5;   9.1;  954.10;    7.3;   88.21;    9.5;    4.7;    4.5;eor
       2925;20191128;    1;  16.3;   6.4;    1;   4.3;   4;    0.133;   0;   7.5;   8.8;  951.18;    8.6;   78.17;    9.8;    7.5;    6.6;eor
       2925;20191129;    1;  13.4;   4.6;    1;   0.7;   4;    3.733;   0;   6.5;   6.7;  964.80;    3.9;   81.88;    7.6;    1.7;    0.9;eor
       2925;20191130;    1;   8.0;   2.4;    1;   0.0;   0;    2.067;   0;   5.0;   6.0;  979.36;    1.7;   86.83;    4.2;   -2.2;   -4.1;eor
       2925;20191201;    1;   2.2;   0.6;    1;   0.0;   0;    1.500;   0;   7.5;   5.1;  978.45;   -1.7;   93.83;    0.2;   -4.1;   -4.5;eor
       2925;20191202;    1;-999;-999;    1;   1.0;   4;    0.000;   0;   7.8;   6.1;  980.28;    1.0;   92.17;    2.6;   -1.4;   -1.4;eor
       2925;20191203;    1;-999;-999;    1;   0.0;   6;    0.000;   0;   7.7;   7.0;  984.27;    3.3;   90.92;    4.5;    2.3;    0.0;eor
       2925;20191204;    1;   3.6;   0.8;    1;   0.0;   0;    5.667;   0;   2.3;   5.8;  980.70;    0.9;   88.29;    2.7;   -1.4;   -3.2;eor
       2925;20191205;    1;  11.2;   2.3;    1;   0.0;   0;    7.117;   0;   1.3;   5.1;  977.24;    0.5;   80.00;    3.4;   -2.1;   -4.1;eor
       2925;20191206;    1;  14.9;   5.3;    1;   4.1;   4;    0.000;   0;   7.6;   5.5;  969.60;    0.9;   82.54;    4.5;   -1.5;   -2.9;eor
       2925;20191207;    1;  15.1;   5.4;    1;   0.4;   6;    0.767;   0;   7.8;   7.8;  968.28;    6.4;   80.88;    8.1;    4.4;    3.4;eor
       2925;20191208;    1;  18.5;   5.8;    1;   2.0;   6;    0.000;   0;   7.7;   8.0;  962.20;    7.6;   76.17;    9.2;    6.2;    4.7;eor
       2925;20191209;    1;  15.1;   5.4;    1;   4.3;   4;    1.750;   0;   6.6;   7.1;  959.96;    5.0;   81.42;    7.1;    2.6;    1.5;eor
       2925;20191210;    1;  10.4;   3.7;    1;   0.0;   4;    6.167;   0;   3.8;   5.6;  979.11;    1.9;   80.54;    4.8;    0.3;   -1.4;eor
       2925;20191211;    1;  10.5;   2.3;    1;   3.0;   4;    0.000;   0;   7.9;   5.1;  967.95;    1.3;   76.04;    2.3;   -0.1;   -0.2;eor
       2925;20191212;    1;   8.5;   2.5;    1;   0.0;   4;    0.000;   0;   7.0;   6.1;  958.98;    1.5;   90.25;    2.9;    0.2;   -1.0;eor
       2925;20191213;    1;-999;-999;    1;   3.1;   4;    0.000;   0;   7.0;   5.6;  941.11;    0.8;   86.79;    2.5;   -1.0;   -2.3;eor
       2925;20191214;    1;-999;-999;    1;   3.2;   4;    0.017;   0;   7.5;   6.4;  949.06;    3.5;   81.88;    5.3;    1.0;    0.5;eor
       2925;20191215;    1;-999;-999;    1;   4.2;   4;    1.767;   0;   7.7;   6.8;  960.21;    5.5;   75.29;    8.8;    3.2;   -1.0;eor
       2925;20191216;    1;   9.5;   2.0;    1;   0.0;   6;    0.000;   0;   8.0;   8.6;  966.11;    6.2;   89.79;    8.5;    2.4;   -0.9;eor
       2925;20191217;    1;  11.6;   2.9;    1;   0.7;   6;    4.000;   0;   7.3;   8.2;  964.10;   10.0;   66.67;   13.0;    6.1;    3.7;eor
       2925;20191218;    1;  13.9;   2.0;    1;   0.0;   6;    1.933;   0;   5.5;   8.4;  973.80;    7.0;   84.25;   11.4;    1.9;   -1.0;eor
       2925;20191219;    1;-999;-999;    1;   0.0;   0;    2.783;   0;   5.3;   7.5;  971.65;    3.8;   93.46;    6.5;    1.4;   -0.6;eor
       2925;20191220;    1;-999;-999;    1;   0.0;   6;    3.183;   0;   5.8;   7.5;  953.62;    5.6;   82.21;    9.7;    1.1;   -0.9;eor
       2925;20191221;    1;-999;-999;    1;   0.0;   6;    4.133;   0;   5.1;   7.4;  951.48;    5.5;   82.04;    8.2;    2.5;    0.0;eor
       2925;20191222;    1;-999;   2.5;    1;   0.7;   6;    0.017;   0;   7.8;   7.7;  946.49;    5.1;   87.17;    7.0;    2.2;    0.1;eor
       2925;20191223;    1;-999;-999;    1;   1.2;   6;    1.183;   0;   7.5;   7.7;  962.38;    5.5;   84.71;    6.8;    4.5;    3.1;eor
       2925;20191224;    1;-999;-999;    1;   6.7;   6;    0.000;   0;   7.8;   7.5;  968.18;    5.1;   86.00;    6.9;    3.5;    1.3;eor
       2925;20191225;    1;-999;-999;    1;   9.0;   6;    0.000;   0;   7.8;   7.9;  973.80;    4.8;   91.96;    5.9;    3.5;    2.7;eor
       2925;20191226;    1;-999;-999;    1;   0.0;   6;    0.050;   0;   7.9;   6.6;  981.42;    3.2;   86.04;    4.3;    1.1;   -1.0;eor
       2925;20191227;    1;-999;-999;    1;   0.0;   0;    5.117;   0;   6.0;   5.5;  986.01;    1.2;   82.04;    4.0;   -1.1;   -3.3;eor
       2925;20191228;    1;-999;-999;    1;   0.0;   0;    0.233;   0;   7.8;   4.7;  997.07;   -1.1;   82.71;   -0.1;   -3.5;   -5.0;eor
       2925;20191229;    1;-999;-999;    1;   0.0;   0;    3.483;   0;   7.4;   4.1;  994.93;   -0.9;   72.88;    3.0;   -4.9;   -6.1;eor
