STATIONS_ID;MESS_DATUM;QN_3;  FX;  FM;QN_4; RSK;RSKF; SDK;SHK_TAG;  NM; VPM;  PM; TMK; UPM; TXK; TNK; TGK;eor
       2953;20180626;-999;-999;-999;    3;   0.0;   0;    7.000;-999;  -999;  11.4;    -999;   14.2;   71.96;   20.5;    6.1;    1.9;eor
       2953;20180627;-999;-999;-999;    3;   0.0;   0;   13.383;-999;  -999;  10.5;    -999;   15.3;   62.92;   21.5;    7.8;    3.5;eor
       2953;20180628;-999;-999;-999;    3;   0.2;   4;    6.233;-999;  -999;  11.3;    -999;   13.6;   72.83;   18.2;    6.3;    1.8;eor
       2953;20180629;-999;-999;-999;    3;   0.0;   0;    3.250;-999;  -999;  15.0;    -999;   16.3;   82.08;   22.7;   12.3;    8.8;eor
       2953;20180630;-999;-999;-999;    3;   0.0;   0;   10.067;-999;  -999;  14.8;    -999;   19.7;   67.88;   27.3;   11.0;    7.9;eor
       2953;20180701;-999;-999;-999;    3;   0.0;   0;   14.850;-999;  -999;  13.4;    -999;   18.9;   63.33;   25.8;   11.7;    7.7;eor
       2953;20180702;-999;-999;-999;    3;   0.0;   0;    9.233;-999;  -999;  12.9;    -999;   19.0;   59.92;   27.6;    9.7;    6.5;eor
       2953;20180703;-999;-999;-999;    3;   9.4;   4;    3.600;-999;  -999;  16.0;    -999;   16.4;   85.58;   21.8;   12.2;    9.7;eor
       2953;20180704;-999;-999;-999;    3;   6.3;   4;    5.417;-999;  -999;  16.1;    -999;   16.8;   84.79;   23.2;   12.5;    9.7;eor
       2953;20180705;-999;-999;-999;    3;   6.8;   4;    1.733;-999;  -999;  15.4;    -999;   15.0;   90.42;   19.2;   12.3;    9.7;eor
       2953;20180706;-999;-999;-999;    3;   0.3;   4;    4.683;-999;  -999;  14.8;    -999;   15.6;   84.79;   20.8;   12.1;   11.0;eor
       2953;20180707;-999;-999;-999;    3;   0.0;   0;    6.467;-999;  -999;  13.7;    -999;   16.2;   75.67;   22.3;    9.9;    6.5;eor
       2953;20180708;-999;-999;-999;    3;   0.0;   0;   12.267;-999;  -999;  13.2;    -999;   17.4;   68.92;   23.8;   10.5;    8.1;eor
       2953;20180709;-999;-999;-999;    3;   0.0;   0;    9.983;-999;  -999;  11.0;    -999;   17.5;   57.13;   24.4;    9.1;    6.5;eor
       2953;20180710;-999;-999;-999;    3;   0.1;   4;    3.950;-999;  -999;  12.1;    -999;   14.4;   74.46;   19.1;    7.9;    5.6;eor
       2953;20180711;-999;-999;-999;    3;   0.0;   0;    8.600;-999;  -999;   9.9;    -999;   11.9;   72.79;   18.2;    5.6;    3.3;eor
       2953;20180712;-999;-999;-999;    3;   0.0;   0;    8.267;-999;  -999;  11.2;    -999;   14.2;   70.63;   20.9;    4.8;    2.2;eor
       2953;20180713;-999;-999;-999;    3;   0.0;   0;   12.017;-999;  -999;  11.8;    -999;   17.5;   62.38;   24.6;    8.7;    6.3;eor
       2953;20180714;-999;-999;-999;    3;   5.0;   4;   10.800;-999;  -999;  12.6;    -999;   19.3;   58.38;   25.1;   12.1;   10.2;eor
       2953;20180715;-999;-999;-999;    3;  13.9;   4;    5.400;-999;  -999;  14.9;    -999;   16.0;   82.71;   24.0;   11.5;   11.3;eor
       2953;20180716;-999;-999;-999;    3;   0.5;   4;    8.950;-999;  -999;  13.8;    -999;   16.8;   74.71;   23.8;   11.0;   10.0;eor
       2953;20180717;-999;-999;-999;    3;   0.1;   4;   10.033;-999;  -999;  13.2;    -999;   17.2;   69.75;   23.9;   10.3;    7.9;eor
       2953;20180718;-999;-999;-999;    3;   0.0;   0;   11.583;-999;  -999;  13.6;    -999;   18.6;   65.88;   25.2;   10.8;    8.1;eor
       2953;20180719;-999;-999;-999;    3;   0.0;   0;    9.617;-999;  -999;  12.4;    -999;   19.0;   59.00;   25.8;   11.0;    8.6;eor
       2953;20180720;-999;-999;-999;    3;   1.0;   4;    6.233;-999;  -999;  13.9;    -999;   18.7;   66.25;   25.3;   12.1;    9.9;eor
       2953;20180721;-999;-999;-999;    3;   0.4;   4;    0.133;-999;  -999;  14.9;    -999;   15.9;   82.67;   19.3;   13.0;   12.0;eor
       2953;20180722;-999;-999;-999;    3;   3.4;   4;    0.500;-999;  -999;  14.7;    -999;   15.2;   86.29;   21.0;   11.3;    9.6;eor
       2953;20180723;-999;-999;-999;    3;   0.0;   0;    7.517;-999;  -999;  15.3;    -999;   17.3;   79.04;   22.9;   12.7;   10.3;eor
       2953;20180724;-999;-999;-999;    3;   0.0;   0;   12.733;-999;  -999;  14.3;    -999;   19.4;   67.38;   26.9;   11.3;    9.0;eor
       2953;20180725;-999;-999;-999;    3;   0.0;   0;   11.183;-999;  -999;  13.5;    -999;   20.4;   60.50;   28.3;   12.7;   10.5;eor
       2953;20180726;-999;-999;-999;    3;   0.0;   0;   13.917;-999;  -999;  12.8;    -999;   21.0;   55.42;   27.9;   13.0;   10.5;eor
       2953;20180727;-999;-999;-999;    3;   0.0;   0;   11.567;-999;  -999;  13.1;    -999;   20.6;   57.29;   28.0;   11.9;    8.7;eor
       2953;20180728;-999;-999;-999;    3;   1.2;   4;    2.200;-999;  -999;  14.8;    -999;   18.0;   72.42;   23.0;   12.6;   10.7;eor
       2953;20180729;-999;-999;-999;    3;   0.0;   0;   12.983;-999;  -999;  13.8;    -999;   19.8;   64.63;   28.1;   10.9;    8.2;eor
       2953;20180730;-999;-999;-999;    3;   0.0;   0;   10.900;-999;  -999;  13.1;    -999;   21.7;   54.33;   29.4;   12.9;   10.5;eor
       2953;20180731;-999;-999;-999;    3;   0.0;   0;   10.917;-999;  -999;  13.9;    -999;   23.0;   53.33;   31.2;   13.2;   10.3;eor
       2953;20180801;-999;-999;-999;    3;   2.7;   4;    7.383;-999;  -999;  16.3;    -999;   21.9;   63.50;   29.9;   15.4;   13.0;eor
       2953;20180802;-999;-999;-999;    3;   0.0;   0;   11.500;-999;  -999;  15.8;    -999;   21.1;   66.33;   28.2;   13.6;   11.6;eor
       2953;20180803;-999;-999;-999;    3;   0.0;   0;    9.667;-999;  -999;  16.7;    -999;   22.9;   63.00;   30.0;   15.0;   12.5;eor
       2953;20180804;-999;-999;-999;    3;  30.5;   4;    8.433;-999;  -999;  18.8;    -999;   20.1;   81.08;   29.1;   15.4;   13.0;eor
       2953;20180805;-999;-999;-999;    3;   0.1;   4;    8.000;-999;  -999;  17.0;    -999;   20.8;   72.08;   28.2;   14.1;   12.7;eor
       2953;20180806;-999;-999;-999;    3;  26.6;   4;    8.517;-999;  -999;  16.7;    -999;   20.4;   72.79;   29.5;   14.4;   12.5;eor
       2953;20180807;-999;-999;-999;    3;  10.3;   4;    8.400;-999;  -999;  17.6;    -999;   20.1;   77.71;   28.4;   14.4;   13.4;eor
       2953;20180808;-999;-999;-999;    3;   0.5;   4;    6.400;-999;  -999;  17.2;    -999;   19.8;   76.42;   27.6;   15.1;   13.5;eor
       2953;20180809;-999;-999;-999;    3;   1.2;   4;    9.317;-999;  -999;  15.4;    -999;   18.9;   72.75;   28.3;   13.5;   12.1;eor
       2953;20180810;-999;-999;-999;    3;   0.0;   0;    8.517;-999;  -999;  10.8;    -999;   15.5;   62.71;   21.2;   11.0;    8.8;eor
       2953;20180811;-999;-999;-999;    3;   0.0;   0;   11.500;-999;  -999;   9.8;    -999;   14.6;   61.25;   21.1;    8.7;    5.9;eor
       2953;20180812;-999;-999;-999;    3;   0.0;   0;   13.517;-999;  -999;   9.8;    -999;   17.0;   56.63;   26.8;    6.5;    3.9;eor
       2953;20180813;-999;-999;-999;    3;   0.7;   4;    5.400;-999;  -999;  14.0;    -999;   16.3;   75.04;   21.5;   11.3;    8.8;eor
       2953;20180814;-999;-999;-999;    3;   0.0;   0;    9.483;-999;  -999;  13.1;    -999;   16.1;   73.04;   20.9;   10.8;    7.9;eor
       2953;20180815;-999;-999;-999;    3;   0.0;   0;    8.917;-999;  -999;  12.3;    -999;   15.9;   70.58;   22.6;    8.6;    6.6;eor
       2953;20180816;-999;-999;-999;    3;   0.0;   0;   12.400;-999;  -999;  12.1;    -999;   18.1;   62.71;   27.2;    9.2;    6.9;eor
       2953;20180817;-999;-999;-999;    3;   4.3;   4;    4.767;-999;  -999;  14.7;    -999;   17.2;   75.79;   25.1;   11.7;    8.7;eor
       2953;20180818;-999;-999;-999;    3;   0.0;   0;    4.683;-999;  -999;  15.8;    -999;   17.5;   79.88;   22.7;   13.1;   12.1;eor
       2953;20180819;-999;-999;-999;    3;   0.0;   0;   10.050;-999;  -999;  15.0;    -999;   19.1;   69.75;   25.4;   13.3;   11.8;eor
       2953;20180820;-999;-999;-999;    3;   0.0;   0;   12.300;-999;  -999;  13.7;    -999;   19.0;   65.13;   26.4;   11.5;    9.0;eor
       2953;20180821;-999;-999;-999;    3;   0.2;   4;    8.867;-999;  -999;  15.3;    -999;   19.1;   72.46;   27.2;   11.9;    9.7;eor
       2953;20180822;-999;-999;-999;    3;  10.8;   4;   10.233;-999;  -999;  16.0;    -999;   19.4;   73.71;   26.9;   13.4;   11.0;eor
       2953;20180823;-999;-999;-999;    3;  18.5;   4;    6.250;-999;  -999;  17.2;    -999;   17.9;   84.33;   24.8;   14.3;   13.6;eor
       2953;20180824;-999;-999;-999;    3;   0.5;   4;    5.283;-999;  -999;  13.9;    -999;   14.3;   85.29;   19.9;    7.6;    5.9;eor
       2953;20180825;-999;-999;-999;    3;   0.9;   4;    0.133;-999;  -999;   9.6;    -999;    8.9;   84.83;   12.1;    4.6;    2.7;eor
       2953;20180826;-999;-999;-999;    3;   0.0;   0;   11.133;-999;  -999;   7.6;    -999;    9.3;   68.50;   15.3;    2.1;    0.2;eor
       2953;20180827;-999;-999;-999;    3;   0.0;   0;    3.433;-999;  -999;  11.4;    -999;   14.5;   70.13;   20.9;    8.2;    7.3;eor
       2953;20180828;-999;-999;-999;    3;   0.0;   0;    9.317;-999;  -999;  13.8;    -999;   16.0;   78.33;   23.9;    9.2;    6.7;eor
       2953;20180829;-999;-999;-999;    3;  13.3;   4;    7.383;-999;  -999;  14.4;    -999;   16.7;   77.21;   24.2;    9.9;    6.7;eor
       2953;20180830;-999;-999;-999;    3;   0.1;   4;    2.483;-999;  -999;  13.0;    -999;   13.8;   83.21;   17.3;   10.5;    8.7;eor
       2953;20180831;-999;-999;-999;    3;  19.6;   4;    0.000;-999;  -999;  12.0;    -999;   11.1;   90.88;   12.9;   10.2;    9.8;eor
       2953;20180901;-999;-999;-999;    3;   0.0;   0;    0.300;   0;  -999;  11.5;    -999;   11.2;   86.75;   13.0;    9.6;    8.8;eor
       2953;20180902;-999;-999;-999;    3;   1.9;   4;    0.000;   0;  -999;  11.9;    -999;   10.8;   91.83;   12.0;    9.3;    9.3;eor
       2953;20180903;-999;-999;-999;    3;   0.0;   0;    0.250;   0;  -999;  12.7;    -999;   12.6;   87.75;   16.6;   10.1;    8.0;eor
       2953;20180904;-999;-999;-999;    3;   0.0;   0;    8.650;   0;  -999;  12.6;    -999;   14.0;   80.33;   20.0;    7.8;    5.9;eor
       2953;20180905;-999;-999;-999;    3;   0.0;   0;    9.183;   0;  -999;  13.0;    -999;   14.9;   78.88;   23.0;    8.3;    6.3;eor
       2953;20180906;-999;-999;-999;    3;   2.3;   4;    4.100;   0;  -999;  13.6;    -999;   14.7;   81.42;   21.7;    9.2;    6.3;eor
       2953;20180907;-999;-999;-999;    3;   0.0;   0;    6.850;   0;  -999;  12.0;    -999;   13.4;   79.38;   19.1;    7.6;    5.7;eor
       2953;20180908;-999;-999;-999;    3;   0.0;   4;    8.400;   0;  -999;  11.5;    -999;   12.6;   80.21;   20.3;    6.8;    4.6;eor
       2953;20180909;-999;-999;-999;    3;   0.0;   0;   11.450;   0;  -999;  11.5;    -999;   14.4;   73.04;   23.8;    6.8;    4.3;eor
       2953;20180910;-999;-999;-999;    3;   0.0;   0;   11.583;   0;  -999;  10.0;    -999;   15.6;   61.71;   24.6;    7.4;    3.8;eor
       2953;20180911;-999;-999;-999;    3;   0.0;   0;   12.267;   0;  -999;  11.1;    -999;   16.7;   62.17;   25.2;    9.0;    5.7;eor
       2953;20180912;-999;-999;-999;    3;   0.0;   0;   11.533;   0;  -999;  12.3;    -999;   18.0;   62.79;   26.9;    9.4;    5.9;eor
       2953;20180913;-999;-999;-999;    3;  13.8;   4;    5.483;   0;  -999;  15.0;    -999;   15.8;   84.13;   23.0;   11.6;    9.1;eor
       2953;20180914;-999;-999;-999;    3;   0.0;   4;    2.500;   0;  -999;  14.0;    -999;   14.2;   87.38;   19.5;   10.4;    8.0;eor
       2953;20180915;-999;-999;-999;    3;   0.0;   0;    9.917;   0;  -999;  10.8;    -999;   12.5;   76.75;   19.4;    6.2;    3.1;eor
       2953;20180916;-999;-999;-999;    3;   0.0;   0;    9.317;   0;  -999;  12.0;    -999;   12.9;   80.63;   21.6;    4.5;    2.4;eor
       2953;20180917;-999;-999;-999;    3;   0.0;   0;   11.883;   0;  -999;  11.7;    -999;   15.1;   72.21;   23.8;    7.4;    4.3;eor
       2953;20180918;-999;-999;-999;    3;   5.2;   4;    8.400;   0;  -999;  13.4;    -999;   15.9;   76.58;   24.9;    9.6;    6.4;eor
       2953;20180919;-999;-999;-999;    3;   0.5;   4;    8.933;   0;  -999;  15.0;    -999;   15.5;   84.54;   23.6;    9.0;    7.1;eor
       2953;20180920;-999;-999;-999;    3;   0.0;   0;   10.933;   0;  -999;  13.7;    -999;   17.0;   73.79;   25.1;   10.8;    7.9;eor
       2953;20180921;-999;-999;-999;    3;   1.2;   4;    3.517;   0;  -999;  12.1;    -999;   14.4;   75.92;   22.2;    7.1;    5.5;eor
       2953;20180922;-999;-999;-999;    3;   0.5;   4;    5.300;   0;  -999;   8.6;    -999;   10.2;   71.08;   15.8;    4.3;    2.6;eor
       2953;20180923;-999;-999;-999;    3;  18.3;   4;    0.550;   0;  -999;  13.7;    -999;   14.6;   81.50;   19.7;    7.6;    7.4;eor
       2953;20180924;-999;-999;-999;    3;   0.0;   0;    5.283;   0;  -999;   7.3;    -999;    6.0;   78.92;   10.7;    0.4;   -2.0;eor
       2953;20180925;-999;-999;-999;    3;   0.0;   0;    9.667;   0;  -999;   6.2;    -999;    5.0;   72.96;   10.9;   -1.0;   -2.7;eor
       2953;20180926;-999;-999;-999;    3;   0.0;   0;   11.200;   0;  -999;   8.2;    -999;    7.8;   77.04;   17.2;   -1.8;   -4.2;eor
       2953;20180927;-999;-999;-999;    3;   0.0;   0;   11.233;   0;  -999;   9.5;    -999;   11.7;   72.63;   21.3;    2.0;   -0.9;eor
       2953;20180928;-999;-999;-999;    3;   0.0;   0;   10.850;   0;  -999;  10.3;    -999;   12.5;   72.88;   19.1;    6.0;    2.7;eor
       2953;20180929;-999;-999;-999;    3;   0.0;   0;   10.200;   0;  -999;   8.7;    -999;    9.2;   75.92;   14.6;    3.6;    1.1;eor
       2953;20180930;-999;-999;-999;    3;  11.9;   4;    8.100;   0;  -999;   9.6;    -999;   10.9;   75.42;   20.5;    1.3;   -0.9;eor
       2953;20181001;-999;-999;-999;    3;   0.8;   4;    1.033;   0;  -999;   8.5;    -999;    6.6;   86.08;   10.4;    3.7;    2.3;eor
       2953;20181002;-999;-999;-999;    3;   0.0;   0;    4.600;   0;  -999;   6.9;    -999;    5.7;   77.04;   10.0;    0.7;   -1.2;eor
       2953;20181003;-999;-999;-999;    3;   0.2;   4;    1.783;   0;  -999;   9.7;    -999;    9.1;   84.25;   13.5;    5.7;    3.5;eor
       2953;20181004;-999;-999;-999;    3;   0.0;   0;    8.767;   0;  -999;   9.2;    -999;    8.8;   82.96;   15.8;    3.3;    0.8;eor
       2953;20181005;-999;-999;-999;    3;   0.0;   4;   10.300;   0;  -999;  10.7;    -999;   10.6;   83.88;   20.0;    2.5;    0.4;eor
       2953;20181006;-999;-999;-999;    3;   0.0;   0;    1.617;   0;  -999;  11.5;    -999;   12.4;   81.42;   20.0;    6.4;    3.5;eor
       2953;20181007;-999;-999;-999;    3;   0.0;   0;    7.517;   0;  -999;  11.4;    -999;   12.2;   81.25;   17.7;    5.7;    4.1;eor
       2953;20181008;-999;-999;-999;    3;   0.0;   0;    9.800;   0;  -999;  11.0;    -999;   11.4;   83.54;   18.8;    5.3;    3.1;eor
       2953;20181009;-999;-999;-999;    3;   0.0;   4;    6.183;   0;  -999;  11.3;    -999;   10.8;   87.88;   16.8;    5.5;    2.6;eor
       2953;20181010;-999;-999;-999;    3;   0.0;   0;    5.217;   0;  -999;  11.4;    -999;   10.7;   89.75;   18.3;    6.9;    3.7;eor
       2953;20181011;-999;-999;-999;    3;   0.0;   0;    3.267;   0;  -999;  10.9;    -999;   10.8;   84.58;   16.9;    4.8;    2.3;eor
       2953;20181012;-999;-999;-999;    3;   0.0;   0;   10.217;   0;  -999;  11.0;    -999;   13.0;   76.42;   21.5;    7.1;    4.3;eor
       2953;20181013;-999;-999;-999;    3;   0.0;   4;   10.217;   0;  -999;  11.4;    -999;   12.6;   80.71;   20.4;    7.0;    4.0;eor
       2953;20181014;-999;-999;-999;    3;   0.0;   0;   10.150;   0;  -999;   8.8;    -999;   11.8;   69.54;   21.7;    5.5;    2.0;eor
       2953;20181015;-999;-999;-999;    3;   0.0;   0;   10.050;   0;  -999;   7.6;    -999;   10.4;   64.04;   19.6;    3.6;    0.5;eor
       2953;20181016;-999;-999;-999;    3;   0.0;   0;    9.333;   0;  -999;   7.7;    -999;   10.3;   65.13;   19.1;    3.4;    0.3;eor
       2953;20181017;-999;-999;-999;    3;   0.0;   0;    9.967;   0;  -999;   8.6;    -999;   10.7;   69.88;   18.6;    3.8;    0.4;eor
       2953;20181018;-999;-999;-999;    3;   0.0;   0;    7.783;   0;  -999;   9.8;    -999;   10.8;   77.54;   16.4;    5.1;    2.2;eor
       2953;20181019;-999;-999;-999;    3;   0.0;   0;    9.150;   0;  -999;   9.7;    -999;    9.3;   84.46;   15.7;    4.1;    1.5;eor
       2953;20181020;-999;-999;-999;    3;   0.0;   0;    5.517;   0;  -999;   9.3;    -999;    7.7;   89.13;   14.9;    2.6;    1.3;eor
       2953;20181021;-999;-999;-999;    3;   0.0;   0;    8.350;   0;  -999;   7.5;    -999;    5.7;   82.83;   13.0;   -0.3;   -3.0;eor
       2953;20181022;-999;-999;-999;    3;   0.0;   0;    9.767;   0;  -999;   6.1;    -999;    4.8;   72.88;   11.6;   -2.0;   -5.4;eor
       2953;20181023;-999;-999;-999;    3;   0.0;   0;    4.967;   0;  -999;   6.0;    -999;    7.0;   63.88;   12.3;   -0.5;   -3.1;eor
       2953;20181024;-999;-999;-999;    3;   0.0;   0;    0.300;   0;  -999;   9.4;    -999;    9.3;   80.08;   11.9;    7.0;    4.1;eor
       2953;20181025;-999;-999;-999;    3;   0.0;   0;    9.450;   0;  -999;   9.7;    -999;    8.9;   85.71;   17.2;    3.1;    0.1;eor
       2953;20181026;-999;-999;-999;    3;   2.3;   4;    8.033;   0;  -999;   5.5;    -999;    6.5;   64.42;   16.1;   -0.2;   -2.4;eor
       2953;20181027;-999;-999;-999;    3;  19.2;   4;    0.000;   0;  -999;   6.6;    -999;    2.1;   92.00;    5.5;    0.1;    0.1;eor
       2953;20181028;-999;-999;-999;    3;   3.1;   4;    0.000;  12;  -999;   5.7;    -999;   -0.3;   95.75;    0.4;   -0.9;   -0.8;eor
       2953;20181029;-999;-999;-999;    3;  12.7;   4;    0.000;  12;  -999;   6.1;    -999;    0.2;   98.79;    2.0;   -0.8;   -0.7;eor
       2953;20181030;-999;-999;-999;    3;   4.0;   4;    0.100;   5;  -999;   5.9;    -999;    2.1;   82.67;    4.1;   -0.1;   -0.5;eor
       2953;20181031;-999;-999;-999;    3;   0.0;   0;    0.317;   4;  -999;   6.3;    -999;    1.9;   89.79;    6.8;   -1.7;   -3.1;eor
       2953;20181101;-999;-999;-999;    3;   4.4;   4;    4.417;   0;  -999;   7.5;    -999;    5.0;   87.08;   10.9;    0.6;   -0.7;eor
       2953;20181102;-999;-999;-999;    3;   0.0;   0;    0.000;   0;  -999;   8.3;    -999;    5.0;   94.46;    9.1;    0.7;   -0.4;eor
       2953;20181103;-999;-999;-999;    3;   0.0;   0;    1.117;   0;  -999;   8.6;    -999;    6.6;   87.71;    8.9;    5.4;    5.2;eor
       2953;20181104;-999;-999;-999;    3;   0.0;   0;    1.300;   0;  -999;   9.0;    -999;    6.6;   92.50;   11.0;    3.9;    2.7;eor
       2953;20181105;-999;-999;-999;    3;   0.0;   0;    7.267;   0;  -999;   8.7;    -999;    7.0;   87.42;   16.4;    1.8;    0.6;eor
       2953;20181106;-999;-999;-999;    3;   0.0;   0;    0.233;   0;  -999;   8.5;    -999;    7.4;   83.04;   12.5;    2.8;    0.5;eor
       2953;20181107;-999;-999;-999;    3;   0.9;   4;    7.033;   0;  -999;   8.2;    -999;    6.7;   83.63;   13.0;    0.8;   -1.1;eor
       2953;20181108;-999;-999;-999;    3;   0.0;   0;    1.800;   0;  -999;   9.0;    -999;    7.4;   88.00;    9.3;    5.4;    4.7;eor
       2953;20181109;-999;-999;-999;    3;   0.0;   0;    5.467;   0;  -999;   8.2;    -999;    5.7;   89.67;   11.9;    1.6;   -0.5;eor
       2953;20181110;-999;-999;-999;    3;   5.2;   4;    1.733;   0;  -999;   8.9;    -999;    6.2;   93.04;   10.9;    1.0;   -0.9;eor
       2953;20181111;-999;-999;-999;    3;   2.7;   4;    2.217;   0;  -999;  10.2;    -999;    8.1;   94.33;   11.8;    4.6;    2.6;eor
       2953;20181112;-999;-999;-999;    3;   0.1;   4;    1.667;   0;  -999;  10.3;    -999;    7.7;   96.00;   13.8;    2.7;    1.2;eor
       2953;20181113;-999;-999;-999;    3;   1.3;   4;    0.200;   0;  -999;   8.8;    -999;    6.8;   88.50;   12.0;   -0.7;   -3.3;eor
       2953;20181114;-999;-999;-999;    3;   0.0;   0;    7.850;   0;  -999;   7.0;    -999;    2.7;   93.08;   10.8;   -1.5;   -3.8;eor
       2953;20181115;-999;-999;-999;    3;   0.0;   0;    2.567;   0;  -999;   6.5;    -999;    0.8;   98.71;    4.5;   -2.9;   -3.4;eor
       2953;20181116;-999;-999;-999;    3;   0.0;   0;    2.583;   0;  -999;   6.1;    -999;    0.3;   97.29;    3.5;   -2.1;   -4.8;eor
       2953;20181117;-999;-999;-999;    3;   0.0;   0;    3.017;   0;  -999;   5.1;    -999;    0.1;   84.04;    3.7;   -1.8;   -4.5;eor
       2953;20181118;-999;-999;-999;    3;   0.0;   0;    5.150;   0;  -999;   4.5;    -999;   -1.3;   80.75;    2.5;   -5.3;   -7.8;eor
       2953;20181119;-999;-999;-999;    3;   0.5;   4;    0.000;   0;  -999;   4.3;    -999;   -2.6;   85.83;   -0.9;   -3.4;   -3.3;eor
       2953;20181120;-999;-999;-999;    3;   0.0;   0;    0.000;   2;  -999;   4.4;    -999;   -3.0;   90.21;   -2.0;   -4.5;   -6.3;eor
       2953;20181121;-999;-999;-999;    3;   0.0;   0;    7.300;   1;  -999;   4.8;    -999;   -2.1;   91.71;    3.3;   -5.9;   -8.2;eor
       2953;20181122;-999;-999;-999;    3;   0.0;   0;    7.333;   0;  -999;   5.8;    -999;    0.7;   90.88;    7.9;   -3.0;   -5.7;eor
       2953;20181123;-999;-999;-999;    3;   2.2;   4;    3.400;   0;  -999;   6.2;    -999;    1.0;   93.42;    5.9;   -3.1;   -5.9;eor
       2953;20181124;-999;-999;-999;    3;   0.0;   0;    2.917;   0;  -999;   6.6;    -999;    3.1;   86.58;    7.3;   -2.1;   -4.7;eor
       2953;20181125;-999;-999;-999;    3;   0.8;   4;    7.333;   0;  -999;   5.8;    -999;    0.6;   91.00;    6.8;   -3.4;   -5.8;eor
       2953;20181126;-999;-999;-999;    3;   2.6;   4;    0.000;   1;  -999;   6.2;    -999;    0.4;   97.83;    1.4;   -0.3;   -0.3;eor
       2953;20181127;-999;-999;-999;    3;   0.1;   4;    0.000;   2;  -999;   5.9;    -999;    0.2;   94.38;    1.0;   -0.3;   -1.1;eor
       2953;20181128;-999;-999;-999;    3;   0.1;   4;    1.083;   0;  -999;   6.0;    -999;    0.4;   95.04;    2.1;   -0.8;   -1.4;eor
       2953;20181129;-999;-999;-999;    3;   0.0;   0;    2.067;   0;  -999;   6.6;    -999;    1.5;   96.08;    4.5;   -0.7;   -2.0;eor
       2953;20181130;-999;-999;-999;    3;   1.2;   4;    0.000;   0;  -999;   7.1;    -999;    2.8;   93.88;    6.9;   -0.7;   -2.1;eor
       2953;20181201;-999;-999;-999;    3;   0.3;   4;    3.583;   0;  -999;   6.6;    -999;    2.4;   90.42;    6.7;   -0.7;   -1.7;eor
       2953;20181202;-999;-999;-999;    3;  24.8;   4;    0.000;   0;  -999;   9.1;    -999;    6.9;   89.58;    9.3;    1.1;    0.8;eor
       2953;20181203;-999;-999;-999;    3;  23.8;   4;    0.117;   0;  -999;  10.2;    -999;    9.1;   88.08;   10.2;    6.8;    5.2;eor
       2953;20181204;-999;-999;-999;    3;   1.6;   4;    0.350;   0;  -999;   7.5;    -999;    4.7;   87.38;    7.3;    1.2;    0.0;eor
       2953;20181205;-999;-999;-999;    3;   1.9;   4;    0.000;   0;  -999;   7.8;    -999;    3.6;   98.08;    6.2;    1.6;    1.0;eor
       2953;20181206;-999;-999;-999;    3;   1.5;   4;    0.117;   0;  -999;   9.1;    -999;    6.9;   91.46;    8.7;    3.4;    2.7;eor
       2953;20181207;-999;-999;-999;    3;   8.1;   4;    0.167;   0;  -999;   8.6;    -999;    7.0;   84.96;    8.4;    0.9;    0.3;eor
       2953;20181208;-999;-999;-999;    3;  23.9;   4;    0.000;   0;  -999;   6.5;    -999;    2.7;   86.71;    5.9;    0.9;    0.1;eor
       2953;20181209;-999;-999;-999;    3;  18.8;   4;    0.000;   0;  -999;   7.0;    -999;    3.9;   85.75;    6.6;    2.2;    1.6;eor
       2953;20181210;-999;-999;-999;    3;   3.5;   4;    1.467;   0;  -999;   5.5;    -999;    1.4;   81.42;    2.6;    0.1;   -0.6;eor
       2953;20181211;-999;-999;-999;    3;   0.0;   0;    4.050;   1;  -999;   4.3;    -999;   -1.7;   79.04;    1.6;   -6.8;  -10.4;eor
       2953;20181212;-999;-999;-999;    3;   0.0;   0;    1.917;   0;  -999;   4.0;    -999;   -4.3;   89.58;   -1.2;   -8.2;  -12.1;eor
       2953;20181213;-999;-999;-999;    3;   0.0;   0;    0.000;   0;  -999;   4.0;    -999;   -3.4;   83.42;   -2.5;   -5.2;   -6.3;eor
       2953;20181214;-999;-999;-999;    3;   0.0;   0;    0.000;   0;  -999;   3.5;    -999;   -5.0;   84.33;   -4.3;   -5.8;   -5.5;eor
       2953;20181215;-999;-999;-999;    3;   2.7;   4;    0.000;   0;  -999;   3.3;    -999;   -6.4;   87.71;   -5.2;   -9.0;  -11.3;eor
       2953;20181216;-999;-999;-999;    3;   0.2;   4;    1.250;   3;  -999;   5.1;    -999;   -1.6;   91.83;    4.5;   -6.5;   -6.4;eor
       2953;20181217;-999;-999;-999;    3;   0.1;   4;    2.517;   0;  -999;   5.3;    -999;   -0.7;   91.63;    3.7;   -4.4;   -6.8;eor
       2953;20181218;-999;-999;-999;    3;   0.1;   4;    5.983;   0;  -999;   5.1;    -999;   -1.8;   94.25;    2.7;   -4.7;   -6.9;eor
       2953;20181219;-999;-999;-999;    3;   9.4;   4;    0.000;   0;  -999;   6.1;    -999;    0.9;   93.00;    5.0;   -3.9;   -3.9;eor
       2953;20181220;-999;-999;-999;    3;   6.5;   4;    0.017;   0;  -999;   6.5;    -999;    2.6;   87.75;    3.5;    1.0;    0.6;eor
       2953;20181221;-999;-999;-999;    3;  51.6;   4;    0.000;   0;  -999;   8.1;    -999;    5.6;   88.33;    8.9;    2.3;    1.4;eor
       2953;20181222;-999;-999;-999;    3;   4.4;   4;    0.150;   0;  -999;   8.3;    -999;    7.1;   81.42;    8.8;    5.5;    3.5;eor
       2953;20181223;-999;-999;-999;    3;  29.2;   4;    0.000;   0;  -999;   8.3;    -999;    6.9;   82.50;    9.0;    5.1;    3.6;eor
       2953;20181224;-999;-999;-999;    3;   6.5;   4;    0.033;   0;  -999;   7.2;    -999;    3.0;   93.13;    9.3;   -1.8;   -3.6;eor
       2953;20181225;-999;-999;-999;    3;   0.0;   0;    7.017;   0;  -999;   5.2;    -999;   -1.4;   94.63;    3.2;   -4.1;   -5.4;eor
       2953;20181226;-999;-999;-999;    3;   0.0;   0;    7.233;   0;  -999;   4.3;    -999;   -2.9;   86.67;    4.2;   -6.5;   -9.5;eor
       2953;20181227;-999;-999;-999;    3;   0.0;   0;    5.767;   0;  -999;   4.0;    -999;   -1.3;   71.71;    6.0;   -5.5;   -8.0;eor
       2953;20181228;-999;-999;-999;    3;   0.0;   0;    6.167;   0;  -999;   4.0;    -999;   -0.4;   67.04;    7.7;   -4.9;   -7.9;eor
       2953;20181229;-999;-999;-999;    3;   0.0;   4;    2.817;   0;  -999;   4.3;    -999;   -3.7;   90.17;    2.1;   -7.4;   -9.7;eor
       2953;20181230;-999;-999;-999;    3;   0.8;   4;    0.000;   0;  -999;   6.1;    -999;    1.6;   89.79;    2.5;    0.5;   -0.1;eor
       2953;20181231;-999;-999;-999;    3;   0.1;   4;    0.000;   0;  -999;   7.1;    -999;    2.6;   95.92;    4.9;    0.5;    0.3;eor
       2953;20190101;-999;-999;-999;    3;   3.2;   4;    0.867;   0;  -999;   6.4;    -999;    1.7;   92.29;    4.0;    0.8;    0.0;eor
       2953;20190102;-999;-999;-999;    3;   0.4;   4;    0.983;   0;  -999;   4.4;    -999;   -1.5;   80.42;    1.4;   -5.6;   -9.9;eor
       2953;20190103;-999;-999;-999;    3;   0.5;   4;    3.333;   1;  -999;   3.5;    -999;   -4.9;   82.63;   -1.1;   -9.6;  -12.3;eor
       2953;20190104;-999;-999;-999;    3;   0.0;   0;    3.533;   3;  -999;   4.1;    -999;   -2.5;   80.67;    1.1;   -4.8;   -8.6;eor
       2953;20190105;-999;-999;-999;    3;   1.7;   4;    0.000;   3;  -999;   5.2;    -999;   -0.7;   89.58;    0.7;   -2.5;   -2.6;eor
       2953;20190106;-999;-999;-999;    3;   0.1;   4;    0.000;   4;  -999;   5.5;    -999;    0.0;   89.67;    0.5;   -0.7;   -1.4;eor
       2953;20190107;-999;-999;-999;    3;   1.0;   4;    0.000;   4;  -999;   5.0;    -999;   -0.7;   86.50;    0.7;   -1.9;   -3.2;eor
       2953;20190108;-999;-999;-999;    3;  13.2;   4;    0.050;   4;  -999;   5.4;    -999;    0.4;   85.67;    1.7;   -0.7;   -1.0;eor
       2953;20190109;-999;-999;-999;    3;   5.8;   4;    0.000;  14;  -999;   4.5;    -999;   -2.2;   87.13;   -0.2;   -4.1;   -7.1;eor
       2953;20190110;-999;-999;-999;    3;   0.3;   4;    0.000;  24;  -999;   4.1;    -999;   -3.6;   87.29;   -1.9;   -6.6;   -9.1;eor
       2953;20190111;-999;-999;-999;    3;   1.4;   4;    0.083;  25;  -999;   3.6;    -999;   -5.3;   86.67;   -1.7;   -9.5;  -12.3;eor
       2953;20190112;-999;-999;-999;    3;   9.6;   4;    0.017;  25;  -999;   5.5;    -999;   -0.1;   90.38;    1.4;   -1.6;   -2.2;eor
       2953;20190113;-999;-999;-999;    3;  29.1;   4;    0.000;  27;  -999;   6.5;    -999;    2.2;   91.04;    4.2;    0.3;   -0.1;eor
       2953;20190114;-999;-999;-999;    3;   9.2;   4;    0.050;  10;  -999;   5.8;    -999;    0.9;   88.92;    4.2;   -1.5;   -1.5;eor
       2953;20190115;-999;-999;-999;    3;   0.0;   0;    3.517;  16;  -999;   4.8;    -999;   -1.3;   86.42;    3.0;   -5.2;   -9.5;eor
       2953;20190116;-999;-999;-999;    3;   0.0;   0;    7.517;  16;  -999;   4.5;    -999;   -2.1;   86.08;    5.5;   -8.2;  -11.9;eor
       2953;20190117;-999;-999;-999;    3;   6.1;   4;    0.000;  14;  -999;   5.7;    -999;    2.0;   79.75;    4.1;   -2.3;   -3.0;eor
       2953;20190118;-999;-999;-999;    3;   0.0;   0;    1.333;  16;  -999;   3.6;    -999;   -4.4;   81.79;   -1.7;   -9.3;  -11.9;eor
       2953;20190119;-999;-999;-999;    3;   0.0;   0;    4.450;  16;  -999;   3.1;    -999;   -7.7;   88.58;   -2.2;  -10.8;  -14.2;eor
       2953;20190120;-999;-999;-999;    3;   0.0;   0;    0.433;  16;  -999;   4.1;    -999;   -4.4;   89.17;    0.4;  -10.8;  -12.8;eor
       2953;20190121;-999;-999;-999;    3;   0.0;   0;    0.567;  15;  -999;   4.8;    -999;   -2.0;   90.33;    0.0;   -3.1;   -3.5;eor
       2953;20190122;-999;-999;-999;    3;   0.0;   0;    2.883;  13;  -999;   3.6;    -999;   -5.5;   87.25;   -2.6;  -10.9;  -12.3;eor
       2953;20190123;-999;-999;-999;    3;   0.2;   4;    0.117;  13;  -999;   3.3;    -999;   -6.8;   86.75;   -2.6;  -12.9;  -14.3;eor
       2953;20190124;-999;-999;-999;    3;   1.0;   4;    0.000;  13;  -999;   3.4;    -999;   -6.2;   86.67;   -4.7;   -7.6;   -9.3;eor
       2953;20190125;-999;-999;-999;    3;   0.1;   4;    0.900;  15;  -999;   3.1;    -999;   -6.4;   83.00;   -2.8;  -10.9;  -17.0;eor
       2953;20190126;-999;-999;-999;    3;   0.8;   4;    1.317;  15;  -999;   5.3;    -999;    0.8;   81.71;    3.4;   -2.9;   -3.3;eor
       2953;20190127;-999;-999;-999;    3;  15.3;   4;    0.150;  11;  -999;   5.8;    -999;    1.5;   85.96;    3.0;   -1.8;   -1.3;eor
       2953;20190128;-999;-999;-999;    3;   3.6;   4;    0.000;  23;  -999;   4.6;    -999;   -1.9;   86.88;   -1.2;   -2.6;   -3.9;eor
       2953;20190129;-999;-999;-999;    3;   0.3;   4;    4.800;  30;  -999;   3.8;    -999;   -4.2;   85.00;    0.9;  -10.2;  -13.0;eor
       2953;20190130;-999;-999;-999;    3;   3.1;   4;    0.050;  30;  -999;   3.7;    -999;   -4.0;   82.29;   -1.2;   -9.8;  -14.8;eor
       2953;20190131;-999;-999;-999;    3;   3.3;   4;    2.933;  32;  -999;   3.8;    -999;   -5.2;   90.67;   -1.4;  -10.8;  -15.2;eor
       2953;20190201;-999;-999;-999;    3;   6.9;   4;    0.000;  29;  -999;   5.5;    -999;   -1.1;   97.04;    1.0;   -3.3;   -4.0;eor
       2953;20190202;-999;-999;-999;    3;   0.6;   4;    6.217;  28;  -999;   6.1;    -999;    1.4;   90.50;    6.3;   -0.5;   -1.9;eor
       2953;20190203;-999;-999;-999;    3;   2.8;   4;    0.000;  27;  -999;   4.9;    -999;   -1.3;   88.42;    1.1;   -4.4;   -6.8;eor
       2953;20190204;-999;-999;-999;    3;   0.0;   0;    8.233;  31;  -999;   3.5;    -999;   -5.6;   86.50;   -1.2;  -11.4;  -15.4;eor
       2953;20190205;-999;-999;-999;    3;   0.0;   0;    8.933;  31;  -999;   3.4;    -999;   -5.1;   81.42;    3.3;  -10.6;  -16.1;eor
       2953;20190206;-999;-999;-999;    3;   0.0;   0;    9.000;  31;  -999;   3.1;    -999;   -3.6;   70.04;    6.4;   -9.9;  -14.9;eor
       2953;20190207;-999;-999;-999;    3;   2.7;   4;    0.100;  31;  -999;   5.3;    -999;   -0.9;   86.83;    5.1;   -9.3;  -12.1;eor
       2953;20190208;-999;-999;-999;    3;   2.0;   4;    6.300;  21;  -999;   5.5;    -999;    1.7;   80.71;    5.6;   -2.3;   -5.0;eor
       2953;20190209;-999;-999;-999;    3;   0.4;   4;    1.250;  18;  -999;   5.8;    -999;    5.1;   66.46;    7.1;    3.3;    1.7;eor
       2953;20190210;-999;-999;-999;    3;  25.9;   4;    1.000;  17;  -999;   6.0;    -999;    4.6;   71.58;    9.9;    0.3;    0.1;eor
       2953;20190211;-999;-999;-999;    3;   3.1;   4;    2.417;  14;  -999;   4.9;    -999;   -0.3;   82.63;    1.9;   -1.5;   -5.4;eor
       2953;20190212;-999;-999;-999;    3;   0.0;   0;    2.767;  17;  -999;   4.5;    -999;   -1.5;   82.96;    1.4;   -6.8;   -9.7;eor
       2953;20190213;-999;-999;-999;    3;   0.0;   0;    9.333;  17;  -999;   3.8;    -999;   -2.0;   74.67;    8.2;   -8.2;  -11.8;eor
       2953;20190214;-999;-999;-999;    3;   0.0;   0;    9.350;  16;  -999;   4.4;    -999;    0.9;   69.88;   10.8;   -5.3;   -8.7;eor
       2953;20190215;-999;-999;-999;    3;   0.0;   0;    9.533;  15;  -999;   4.3;    -999;    1.9;   67.38;   11.3;   -3.8;   -7.3;eor
       2953;20190216;-999;-999;-999;    3;   0.0;   0;    9.567;  13;  -999;   4.5;    -999;    2.6;   64.17;   13.3;   -4.8;   -9.3;eor
       2953;20190217;-999;-999;-999;    3;   0.0;   0;    9.633;  11;  -999;   4.1;    -999;    3.2;   56.29;   15.8;   -3.0;   -8.0;eor
       2953;20190218;-999;-999;-999;    3;   0.0;   0;    9.700;  10;  -999;   4.4;    -999;    3.3;   59.79;   12.1;   -3.0;   -7.5;eor
       2953;20190219;-999;-999;-999;    3;   0.0;   0;    6.950;   9;  -999;   5.7;    -999;    3.3;   74.83;    9.6;   -3.0;   -6.0;eor
       2953;20190220;-999;-999;-999;    3;   0.0;   0;    3.783;   8;  -999;   6.0;    -999;    2.0;   86.63;    8.8;   -2.7;   -4.8;eor
       2953;20190221;-999;-999;-999;    3;   0.0;   0;    9.417;   8;  -999;   5.7;    -999;    4.3;   72.58;   12.6;   -1.8;   -4.9;eor
       2953;20190222;-999;-999;-999;    3;   0.0;   0;    0.400;   0;  -999;   6.8;    -999;    4.2;   83.33;    8.3;   -0.3;   -2.6;eor
       2953;20190223;-999;-999;-999;    3;   0.0;   0;    8.633;   0;  -999;   4.2;    -999;    2.7;   60.00;    8.0;   -0.8;   -3.2;eor
       2953;20190224;-999;-999;-999;    3;   0.0;   0;    9.967;   0;  -999;   2.8;    -999;    3.0;   37.58;   11.8;   -3.4;   -6.1;eor
       2953;20190225;-999;-999;-999;    3;   0.0;   0;   10.017;   0;  -999;   5.1;    -999;    4.2;   62.33;   12.6;   -2.4;   -4.9;eor
       2953;20190226;-999;-999;-999;    3;   0.0;   0;    9.550;   0;  -999;   5.9;    -999;    4.8;   72.83;   14.0;   -1.0;   -4.3;eor
       2953;20190227;-999;-999;-999;    3;   0.0;   0;   10.117;   0;  -999;   5.4;    -999;    6.0;   63.71;   16.3;   -0.8;   -3.4;eor
       2953;20190228;-999;-999;-999;    3;   9.4;   4;   10.000;   0;  -999;   6.0;    -999;    7.5;   60.33;   14.2;    0.8;   -2.3;eor
       2953;20190301;-999;-999;-999;    3;  13.3;   4;    0.467;   0;  -999;   7.3;    -999;    3.8;   90.38;    5.9;    2.0;    1.6;eor
       2953;20190302;-999;-999;-999;    3;   0.1;   4;    1.633;   0;  -999;   6.8;    -999;    3.9;   84.63;    7.0;    1.5;    1.2;eor
       2953;20190303;-999;-999;-999;    3;   0.0;   0;    4.067;   0;  -999;   6.7;    -999;    7.0;   67.83;   10.2;    4.5;    2.4;eor
       2953;20190304;-999;-999;-999;    3;  20.8;   4;    1.083;   0;  -999;   5.7;    -999;    4.5;   70.25;   12.9;    0.5;   -0.9;eor
       2953;20190305;-999;-999;-999;    3;   0.1;   4;    5.150;   0;  -999;   5.7;    -999;    3.1;   74.71;    5.4;    0.5;   -1.4;eor
       2953;20190306;-999;-999;-999;    3;   3.8;   4;    4.867;   0;  -999;   5.5;    -999;    4.2;   69.75;   11.7;   -2.6;   -4.3;eor
       2953;20190307;-999;-999;-999;    3;  12.1;   4;    1.717;   0;  -999;   6.6;    -999;    4.1;   80.63;    7.8;    1.8;    0.6;eor
       2953;20190308;-999;-999;-999;    3;   0.5;   4;    4.767;   0;  -999;   5.9;    -999;    4.1;   72.29;    7.1;    1.7;   -0.4;eor
       2953;20190309;-999;-999;-999;    3;   8.0;   4;    0.583;   0;  -999;   7.3;    -999;    5.7;   79.04;    8.1;    3.4;    2.4;eor
       2953;20190310;-999;-999;-999;    3;  26.1;   4;    0.567;   0;  -999;   8.0;    -999;    6.8;   79.25;    9.2;    2.2;    0.6;eor
       2953;20190311;-999;-999;-999;    3;   5.1;   4;    2.750;   0;  -999;   4.4;    -999;    0.2;   71.88;    2.3;   -2.8;   -6.5;eor
       2953;20190312;-999;-999;-999;    3;   2.1;   4;    6.983;   3;  -999;   3.9;    -999;    1.9;   57.83;    9.3;   -4.9;  -10.4;eor
       2953;20190313;-999;-999;-999;    3;   6.0;   4;    3.683;   0;  -999;   5.4;    -999;    1.8;   77.13;    4.7;   -0.1;   -0.7;eor
       2953;20190314;-999;-999;-999;    3;  31.5;   4;    0.000;   2;  -999;   6.0;    -999;    1.4;   87.88;    3.3;    0.2;    0.0;eor
       2953;20190315;-999;-999;-999;    3;   9.1;   4;    0.000;   0;  -999;   8.0;    -999;    5.4;   88.79;    8.0;    1.2;    0.4;eor
       2953;20190316;-999;-999;-999;    3;   0.0;   0;    7.750;   0;  -999;   6.9;    -999;    8.5;   64.38;   12.7;    5.7;    2.6;eor
       2953;20190317;-999;-999;-999;    3;   5.2;   4;    5.567;   0;  -999;   5.2;    -999;    7.0;   56.46;   12.4;   -0.8;   -3.1;eor
       2953;20190318;-999;-999;-999;    3;   0.7;   4;    4.683;   2;  -999;   5.1;    -999;    0.3;   82.42;    4.5;   -3.1;   -5.3;eor
       2953;20190319;-999;-999;-999;    3;   0.0;   0;    3.467;   0;  -999;   4.6;    -999;   -0.3;   79.33;    5.7;   -4.9;   -7.0;eor
       2953;20190320;-999;-999;-999;    3;   0.0;   0;   11.567;   0;  -999;   4.4;    -999;    0.8;   71.08;    7.4;   -5.0;   -7.2;eor
       2953;20190321;-999;-999;-999;    3;   0.0;   0;   11.667;   0;  -999;   4.1;    -999;    3.1;   58.46;   11.1;   -3.9;   -6.3;eor
       2953;20190322;-999;-999;-999;    3;   0.0;   0;   11.800;   0;  -999;   5.5;    -999;    5.3;   64.13;   14.5;   -2.7;   -5.5;eor
       2953;20190323;-999;-999;-999;    3;   0.0;   0;   11.767;   0;  -999;   5.7;    -999;    7.1;   61.33;   16.8;   -1.1;   -4.1;eor
       2953;20190324;-999;-999;-999;    3;   0.0;   0;   11.233;   0;  -999;   6.3;    -999;    6.8;   68.00;   15.2;   -0.5;   -3.3;eor
       2953;20190325;-999;-999;-999;    3;   3.8;   4;    5.550;   0;  -999;   5.5;    -999;    2.6;   75.04;    5.7;   -0.9;   -3.2;eor
       2953;20190326;-999;-999;-999;    3;   0.0;   0;    2.767;   4;  -999;   4.9;    -999;    0.8;   76.08;    4.7;   -1.9;   -3.9;eor
       2953;20190327;-999;-999;-999;    3;   0.0;   0;    1.750;   0;  -999;   5.2;    -999;    0.7;   80.88;    5.8;   -3.7;   -5.6;eor
       2953;20190328;-999;-999;-999;    3;   0.0;   0;   11.283;   0;  -999;   5.3;    -999;    3.9;   68.83;   11.1;   -3.5;   -6.1;eor
       2953;20190329;-999;-999;-999;    3;   0.0;   0;   11.883;   0;  -999;   6.6;    -999;    6.6;   70.71;   13.8;    0.7;   -2.2;eor
       2953;20190330;-999;-999;-999;    3;   0.0;   0;   11.883;   0;  -999;   5.6;    -999;    7.0;   61.38;   16.3;   -1.3;   -4.2;eor
       2953;20190331;-999;-999;-999;    3;   0.0;   0;   11.217;   0;  -999;   5.7;    -999;    7.5;   59.79;   15.8;   -0.6;   -3.7;eor
       2953;20190401;-999;-999;-999;    3;   0.0;   0;   11.100;   0;  -999;   7.0;    -999;    7.1;   71.04;   14.6;    0.1;   -2.8;eor
       2953;20190402;-999;-999;-999;    3;   8.5;   4;    9.667;   0;  -999;   6.2;    -999;    9.3;   59.58;   17.2;    0.7;   -2.3;eor
       2953;20190403;-999;-999;-999;    3;   6.0;   4;    1.133;   0;  -999;   7.2;    -999;    4.5;   85.17;   10.4;    0.5;    0.2;eor
       2953;20190404;-999;-999;-999;    3;   8.5;   4;    0.000;   2;  -999;   5.8;    -999;    0.3;   93.29;    1.6;   -0.7;   -1.2;eor
       2953;20190405;-999;-999;-999;    3;   0.0;   0;    0.100;   4;  -999;   5.9;    -999;    0.6;   91.83;    3.9;   -2.0;   -3.7;eor
       2953;20190406;-999;-999;-999;    3;   0.0;   0;    8.133;   0;  -999;   6.7;    -999;    4.1;   82.29;   11.7;   -3.1;   -4.8;eor
       2953;20190407;-999;-999;-999;    3;   0.0;   0;    0.650;   0;  -999;   7.8;    -999;    5.5;   86.58;    9.5;    1.3;   -0.9;eor
       2953;20190408;-999;-999;-999;    3;   1.8;   4;    0.367;   0;  -999;   7.9;    -999;    6.5;   82.13;    9.3;    2.9;    1.5;eor
       2953;20190409;-999;-999;-999;    3;   4.3;   4;    0.600;   0;  -999;   8.7;    -999;    5.9;   93.46;    8.6;    4.2;    3.7;eor
       2953;20190410;-999;-999;-999;    3;   6.9;   4;    0.000;   0;  -999;   8.2;    -999;    4.9;   95.04;    6.9;    2.6;    2.5;eor
       2953;20190411;-999;-999;-999;    3;   0.1;   4;    0.817;   0;  -999;   6.7;    -999;    4.3;   80.08;    7.7;   -0.6;   -2.7;eor
       2953;20190412;-999;-999;-999;    3;   0.0;   0;    3.400;   0;  -999;   5.1;    -999;    2.2;   73.00;    7.6;   -3.0;   -5.3;eor
       2953;20190413;-999;-999;-999;    3;   1.4;   4;    0.850;   0;  -999;   5.4;    -999;    1.3;   80.63;    4.1;   -1.1;   -2.0;eor
       2953;20190414;-999;-999;-999;    3;   1.9;   4;    0.000;   3;  -999;   5.5;    -999;    0.3;   87.83;    2.2;   -1.5;   -1.8;eor
       2953;20190415;-999;-999;-999;    3;   0.0;   0;    9.917;   0;  -999;   6.6;    -999;    4.0;   81.46;   11.4;   -2.3;   -4.2;eor
       2953;20190416;-999;-999;-999;    3;   2.2;   4;    4.817;   0;  -999;   7.4;    -999;    6.6;   78.08;   13.3;   -1.1;   -3.5;eor
       2953;20190417;-999;-999;-999;    3;   0.0;   4;    7.183;   0;  -999;   9.1;    -999;    8.6;   82.88;   14.2;    2.9;    0.0;eor
       2953;20190418;-999;-999;-999;    3;   0.0;   0;   12.117;   0;  -999;   7.0;    -999;    9.1;   63.92;   18.2;    0.1;   -2.2;eor
       2953;20190419;-999;-999;-999;    3;   0.0;   0;   11.583;   0;  -999;   7.3;    -999;   10.2;   63.21;   18.8;    1.9;   -0.6;eor
       2953;20190420;-999;-999;-999;    3;   0.0;   0;   13.300;   0;  -999;   6.8;    -999;   11.2;   55.75;   19.5;    2.6;   -0.7;eor
       2953;20190421;-999;-999;-999;    3;   0.0;   0;    9.383;   0;  -999;   6.7;    -999;   11.5;   52.71;   19.0;    3.7;    0.5;eor
       2953;20190422;-999;-999;-999;    3;   0.0;   0;   10.567;   0;  -999;   6.7;    -999;   12.2;   50.25;   19.5;    2.8;   -0.2;eor
       2953;20190423;-999;-999;-999;    3;   0.0;   0;    8.700;   0;  -999;   7.8;    -999;   12.3;   57.46;   19.7;    5.0;    2.7;eor
       2953;20190424;-999;-999;-999;    3;   0.0;   4;    8.400;   0;  -999;   7.9;    -999;   10.7;   65.33;   20.9;    2.0;   -0.5;eor
       2953;20190425;-999;-999;-999;    3;   5.0;   4;   12.233;   0;  -999;   7.3;    -999;   10.7;   62.50;   20.2;    0.3;   -2.1;eor
       2953;20190426;-999;-999;-999;    3;   2.6;   4;    0.133;   0;  -999;   7.5;    -999;    4.9;   86.79;    7.6;    1.5;   -0.7;eor
       2953;20190427;-999;-999;-999;    3;   8.0;   4;    1.350;   0;  -999;   7.3;    -999;    4.4;   87.13;    8.9;   -0.4;   -1.5;eor
       2953;20190428;-999;-999;-999;    3;   0.0;   4;    6.200;   0;  -999;   6.1;    -999;    3.1;   81.33;    7.9;   -0.4;   -1.4;eor
       2953;20190429;-999;-999;-999;    3;   0.0;   0;    1.967;   0;  -999;   6.6;    -999;    4.3;   79.54;    7.4;   -1.1;   -2.9;eor
       2953;20190430;-999;-999;-999;    3;   0.0;   0;    1.417;   0;  -999;   8.1;    -999;    6.6;   83.79;   11.7;    1.9;   -0.8;eor
       2953;20190501;-999;-999;-999;    3;   0.0;   0;   12.250;   0;  -999;   6.9;    -999;    7.8;   69.29;   15.3;   -1.0;   -2.6;eor
       2953;20190502;-999;-999;-999;    3;   5.8;   4;    6.367;   0;  -999;   8.0;    -999;    8.6;   73.33;   15.6;    2.1;   -0.3;eor
       2953;20190503;-999;-999;-999;    3;   6.1;   4;    1.567;   0;  -999;   8.2;    -999;    6.2;   86.42;   10.1;    3.8;    3.3;eor
       2953;20190504;-999;-999;-999;    3;   3.5;   4;    3.367;   0;  -999;   6.5;    -999;    2.5;   88.08;    9.1;   -0.7;   -1.8;eor
       2953;20190505;-999;-999;-999;    3;   0.0;   0;    1.300;   2;  -999;   5.0;    -999;    0.5;   80.00;    4.1;   -2.2;   -4.1;eor
       2953;20190506;-999;-999;-999;    3;   0.2;   4;    1.150;   0;  -999;   5.4;    -999;    1.8;   78.54;    6.3;   -2.8;   -4.4;eor
       2953;20190507;-999;-999;-999;    3;   0.8;   4;    9.350;   0;  -999;   5.5;    -999;    5.0;   66.75;   11.9;   -2.5;   -5.1;eor
       2953;20190508;-999;-999;-999;    3;  19.0;   4;    0.000;   0;  -999;   8.6;    -999;    6.6;   87.71;    9.1;    4.3;    3.3;eor
       2953;20190509;-999;-999;-999;    3;  10.2;   4;    4.317;   0;  -999;   8.5;    -999;    7.2;   83.04;   10.8;    4.3;    2.2;eor
       2953;20190510;-999;-999;-999;    3;   3.3;   4;    2.817;   0;  -999;   8.8;    -999;    8.4;   80.83;   12.9;    4.4;    3.5;eor
       2953;20190511;-999;-999;-999;    3;   5.9;   4;    4.400;   0;  -999;   8.7;    -999;    8.5;   79.00;   12.9;    2.9;    2.7;eor
       2953;20190512;-999;-999;-999;    3;   0.0;   0;    6.600;   0;  -999;   6.2;    -999;    5.5;   69.88;   10.1;    1.4;   -0.4;eor
       2953;20190513;-999;-999;-999;    3;   0.0;   0;    8.100;   0;  -999;   5.5;    -999;    6.4;   58.54;   10.8;    1.3;   -1.3;eor
       2953;20190514;-999;-999;-999;    3;   0.0;   0;   10.433;   0;  -999;   4.6;    -999;    5.6;   51.75;   10.1;   -0.5;   -3.3;eor
       2953;20190515;-999;-999;-999;    3;   0.0;   0;    5.417;   0;  -999;   5.5;    -999;    4.8;   64.58;    8.0;    0.4;   -2.4;eor
       2953;20190516;-999;-999;-999;    3;   0.0;   0;    4.100;   0;  -999;   6.8;    -999;    4.9;   78.08;    9.6;   -2.5;   -4.3;eor
       2953;20190517;-999;-999;-999;    3;   0.8;   4;    7.100;   0;  -999;   8.4;    -999;    8.6;   76.38;   16.4;   -0.3;   -3.5;eor
       2953;20190518;-999;-999;-999;    3;  10.3;   4;    4.017;   0;  -999;  10.1;    -999;   10.6;   80.29;   16.2;    5.7;    3.9;eor
       2953;20190519;-999;-999;-999;    3;  28.3;   4;    1.983;   0;  -999;  11.2;    -999;   10.2;   90.29;   15.3;    7.5;    7.5;eor
       2953;20190520;-999;-999;-999;    3;  19.2;   4;    0.000;   0;  -999;  11.3;    -999;    9.8;   93.08;   13.1;    8.4;    7.9;eor
       2953;20190521;-999;-999;-999;    3;   1.8;   4;    0.000;   0;  -999;  10.4;    -999;    9.0;   90.92;   11.1;    7.9;    7.5;eor
       2953;20190522;-999;-999;-999;    3;   0.0;   0;   12.983;   0;  -999;   8.5;    -999;   10.3;   69.58;   15.5;    3.2;    0.0;eor
       2953;20190523;-999;-999;-999;    3;   0.0;   0;   14.533;   0;  -999;   8.0;    -999;   10.7;   66.08;   18.7;    2.0;   -1.2;eor
       2953;20190524;-999;-999;-999;    3;   0.0;   0;   10.433;   0;  -999;  10.2;    -999;   12.3;   72.96;   18.6;    4.5;    0.6;eor
       2953;20190525;-999;-999;-999;    3;   8.0;   4;    2.033;   0;  -999;  11.4;    -999;   10.9;   87.54;   17.0;    6.6;    3.7;eor
       2953;20190526;-999;-999;-999;    3;   0.0;   0;    6.683;   0;  -999;  10.4;    -999;   11.6;   78.08;   17.1;    5.0;    1.6;eor
       2953;20190527;-999;-999;-999;    3;   1.3;   4;    4.467;   0;  -999;  10.8;    -999;   11.8;   78.83;   16.6;    6.2;    2.8;eor
       2953;20190528;-999;-999;-999;    3;   1.5;   4;    1.350;   0;  -999;   9.6;    -999;    9.2;   82.79;   12.8;    4.8;    3.0;eor
       2953;20190529;-999;-999;-999;    3;   3.8;   4;    1.617;   0;  -999;   9.2;    -999;    7.9;   86.79;   13.2;    3.6;    0.4;eor
       2953;20190530;-999;-999;-999;    3;   0.0;   0;    6.350;   0;  -999;   8.9;    -999;   10.1;   73.92;   16.1;    2.2;   -1.0;eor
       2953;20190531;-999;-999;-999;    3;   0.0;   0;    3.267;   0;  -999;  10.9;    -999;   13.1;   74.08;   19.8;    6.9;    3.6;eor
       2953;20190601;-999;-999;-999;    3;   0.0;   0;   14.217;-999;  -999;  11.2;    -999;   15.8;   66.29;   23.6;    6.9;    2.3;eor
       2953;20190602;-999;-999;-999;    3;   0.0;   0;   15.017;-999;  -999;  11.1;    -999;   18.4;   58.46;   27.1;    8.1;    3.8;eor
       2953;20190603;-999;-999;-999;    3;   0.0;   0;   11.250;-999;  -999;  13.3;    -999;   18.5;   65.54;   27.3;   11.3;    7.3;eor
       2953;20190604;-999;-999;-999;    3;   0.0;   0;   13.683;-999;  -999;  12.6;    -999;   19.2;   61.38;   27.1;   10.4;    6.7;eor
       2953;20190605;-999;-999;-999;    3;   0.0;   0;   11.200;-999;  -999;  11.7;    -999;   21.0;   47.00;   26.5;   13.1;   10.2;eor
       2953;20190606;-999;-999;-999;    3;   0.3;   4;    0.000;-999;  -999;  10.1;    -999;    9.8;   83.46;   13.2;    6.8;    3.6;eor
       2953;20190607;-999;-999;-999;    3;   3.9;   4;   10.100;-999;  -999;  10.3;    -999;   13.0;   71.25;   24.3;    4.5;    0.7;eor
       2953;20190608;-999;-999;-999;    3;   0.0;   0;   13.183;-999;  -999;   7.5;    -999;   12.6;   54.46;   19.0;    5.4;    2.1;eor
       2953;20190609;-999;-999;-999;    3;   3.9;   4;    4.617;-999;  -999;  10.8;    -999;   11.2;   80.79;   17.3;    4.4;    0.8;eor
       2953;20190610;-999;-999;-999;    3;  32.9;   4;    0.533;-999;  -999;  13.7;    -999;   12.7;   92.92;   16.7;   10.1;    8.6;eor
       2953;20190611;-999;-999;-999;    3;   1.4;   4;    1.417;-999;  -999;  12.2;    -999;   11.5;   90.17;   13.8;    9.3;    9.0;eor
       2953;20190612;-999;-999;-999;    3;   1.8;   4;    8.300;-999;  -999;  11.3;    -999;   13.0;   77.50;   17.7;    8.8;    8.1;eor
       2953;20190613;-999;-999;-999;    3;   0.0;   0;   11.283;-999;  -999;   9.6;    -999;   15.0;   59.92;   21.5;    7.8;    2.8;eor
       2953;20190614;-999;-999;-999;    3;   0.0;   0;    9.250;-999;  -999;  11.5;    -999;   16.6;   62.54;   22.9;    6.6;    2.7;eor
       2953;20190615;-999;-999;-999;    3;  17.2;   4;    5.533;-999;  -999;  13.4;    -999;   15.6;   76.54;   20.6;   12.0;    8.8;eor
       2953;20190616;-999;-999;-999;    3;   0.0;   4;    5.200;-999;  -999;  12.5;    -999;   13.6;   81.92;   18.7;    9.0;    5.7;eor
       2953;20190617;-999;-999;-999;    3;   0.0;   0;   13.600;-999;  -999;  12.7;    -999;   15.7;   73.46;   22.7;    7.4;    4.0;eor
       2953;20190618;-999;-999;-999;    3;   0.0;   0;   10.833;-999;  -999;  13.3;    -999;   18.5;   66.33;   26.7;   10.0;    5.8;eor
       2953;20190619;-999;-999;-999;    3;   4.1;   4;   13.550;-999;  -999;  12.8;    -999;   19.9;   58.92;   27.5;   10.4;    6.9;eor
       2953;20190620;-999;-999;-999;    3;   0.2;   4;    3.650;-999;  -999;  13.9;    -999;   15.9;   77.75;   21.5;   11.2;    8.6;eor
       2953;20190621;-999;-999;-999;    3;   9.6;   4;    5.433;-999;  -999;  14.5;    -999;   14.7;   86.54;   19.2;   10.2;    7.8;eor
       2953;20190622;-999;-999;-999;    3;   2.0;   4;    0.883;-999;  -999;  15.2;    -999;   14.7;   90.67;   17.5;   12.4;   11.4;eor
       2953;20190623;-999;-999;-999;    3;   0.0;   0;    6.967;-999;  -999;  15.3;    -999;   16.6;   81.83;   22.2;   12.6;   10.2;eor
       2953;20190624;-999;-999;-999;    3;   0.0;   0;   14.250;-999;  -999;  15.7;    -999;   19.7;   71.33;   27.7;   10.8;    8.5;eor
       2953;20190625;-999;-999;-999;    3;   0.0;   0;   14.200;-999;  -999;  17.4;    -999;   22.9;   65.88;   31.4;   13.5;   10.8;eor
       2953;20190626;-999;-999;-999;    3;   0.0;   0;   14.400;-999;  -999;  16.7;    -999;   25.1;   56.04;   33.8;   15.3;   12.9;eor
       2953;20190627;-999;-999;-999;    3;   0.0;   0;   12.267;-999;  -999;  19.1;    -999;   24.5;   61.63;   31.7;   15.3;   12.0;eor
       2953;20190628;-999;-999;-999;    3;   0.0;   0;   15.333;-999;  -999;  11.8;    -999;   21.0;   50.83;   27.9;   13.2;   10.3;eor
       2953;20190629;-999;-999;-999;    3;   0.0;   0;   15.317;-999;  -999;  12.3;    -999;   20.8;   54.92;   28.9;   11.1;    7.7;eor
       2953;20190630;-999;-999;-999;    3;   0.0;   0;   15.033;-999;  -999;  14.3;    -999;   24.1;   51.71;   32.8;   13.5;   10.3;eor
       2953;20190701;-999;-999;-999;    3;   0.0;   0;   12.383;-999;  -999;  17.0;    -999;   24.3;   56.54;   30.7;   17.8;   16.6;eor
       2953;20190702;-999;-999;-999;    3;   0.0;   0;    7.017;-999;  -999;  13.8;    -999;   19.3;   61.71;   23.9;   14.1;   11.9;eor
       2953;20190703;-999;-999;-999;    3;   0.0;   0;    8.700;-999;  -999;  12.1;    -999;   17.6;   60.33;   23.6;   10.8;    8.8;eor
       2953;20190704;-999;-999;-999;    3;   0.0;   0;   14.000;-999;  -999;  11.3;    -999;   17.7;   58.04;   25.8;    9.2;    5.9;eor
       2953;20190705;-999;-999;-999;    3;   0.0;   0;   14.900;-999;  -999;  10.8;    -999;   19.5;   52.58;   26.4;   11.2;    7.7;eor
       2953;20190706;-999;-999;-999;    3;   2.7;   4;    9.633;-999;  -999;  12.7;    -999;   19.3;   59.13;   28.3;   10.2;    6.4;eor
       2953;20190707;-999;-999;-999;    3;   0.1;   4;    9.150;-999;  -999;  13.8;    -999;   17.6;   70.00;   22.4;   13.1;   11.1;eor
       2953;20190708;-999;-999;-999;    3;   0.6;   4;    0.683;-999;  -999;  13.1;    -999;   14.2;   80.88;   17.3;   10.5;    8.3;eor
       2953;20190709;-999;-999;-999;    3;   0.0;   0;    8.317;-999;  -999;   9.7;    -999;   13.4;   63.92;   19.6;    7.9;    6.2;eor
       2953;20190710;-999;-999;-999;    3;   0.0;   0;   14.900;-999;  -999;   8.4;    -999;   13.7;   56.63;   20.6;    6.1;    3.9;eor
       2953;20190711;-999;-999;-999;    3;   2.5;   4;    3.333;-999;  -999;  11.3;    -999;   14.2;   70.54;   19.7;    8.6;    7.0;eor
       2953;20190712;-999;-999;-999;    3;  14.5;   4;    2.683;-999;  -999;  13.8;    -999;   13.9;   86.67;   20.2;   10.3;    8.1;eor
       2953;20190713;-999;-999;-999;    3;   0.0;   4;   11.650;-999;  -999;  11.3;    -999;   13.7;   74.04;   18.6;    8.5;    6.5;eor
       2953;20190714;-999;-999;-999;    3;   0.6;   4;    5.000;-999;  -999;  11.7;    -999;   12.4;   82.25;   18.5;    6.6;    4.3;eor
       2953;20190715;-999;-999;-999;    3;   0.0;   0;    3.817;-999;  -999;  12.1;    -999;   13.6;   78.63;   19.3;    9.6;    6.9;eor
       2953;20190716;-999;-999;-999;    3;   0.0;   0;   12.417;-999;  -999;  11.7;    -999;   15.6;   68.83;   23.1;    7.0;    4.7;eor
       2953;20190717;-999;-999;-999;    3;   0.0;   0;   13.367;-999;  -999;  11.4;    -999;   17.0;   62.42;   23.8;    8.6;    5.9;eor
       2953;20190718;-999;-999;-999;    3;   0.0;   0;    8.817;-999;  -999;  11.0;    -999;   17.7;   57.63;   24.4;   10.0;    7.6;eor
       2953;20190719;-999;-999;-999;    3;   0.0;   0;   11.117;-999;  -999;  12.6;    -999;   18.6;   61.29;   24.8;   12.5;    9.8;eor
       2953;20190720;-999;-999;-999;    3;   1.3;   4;    9.850;-999;  -999;  12.5;    -999;   20.0;   58.21;   28.0;   10.7;    8.1;eor
       2953;20190721;-999;-999;-999;    3;   0.0;   0;    9.200;-999;  -999;  15.3;    -999;   19.9;   68.25;   25.9;   13.7;   11.6;eor
       2953;20190722;-999;-999;-999;    3;   0.0;   0;   10.133;-999;  -999;  14.3;    -999;   20.1;   64.00;   27.9;   12.2;    9.7;eor
       2953;20190723;-999;-999;-999;    3;   0.0;   0;   14.717;-999;  -999;  12.8;    -999;   21.7;   54.92;   30.2;   12.3;    9.9;eor
       2953;20190724;-999;-999;-999;    3;   0.0;   0;   14.367;-999;  -999;  12.3;    -999;   24.1;   46.21;   32.8;   14.5;   11.1;eor
       2953;20190725;-999;-999;-999;    3;   0.0;   0;   13.217;-999;  -999;  13.7;    -999;   24.7;   47.04;   32.7;   14.7;   10.6;eor
       2953;20190726;-999;-999;-999;    3;   0.5;   4;    9.150;-999;  -999;  15.8;    -999;   23.2;   58.38;   32.1;   17.1;   14.4;eor
       2953;20190727;-999;-999;-999;    3;  16.2;   4;    2.017;-999;  -999;  16.6;    -999;   18.1;   81.33;   24.4;   14.8;   14.4;eor
       2953;20190728;-999;-999;-999;    3;   1.3;   4;    0.067;-999;  -999;  15.6;    -999;   15.0;   91.38;   17.0;   13.0;   12.7;eor
       2953;20190729;-999;-999;-999;    3;   0.0;   0;    4.350;-999;  -999;  13.8;    -999;   16.8;   73.21;   21.8;   11.1;   10.0;eor
       2953;20190730;-999;-999;-999;    3;   2.9;   4;    8.083;-999;  -999;  14.6;    -999;   18.9;   68.63;   24.7;   13.5;   13.3;eor
       2953;20190731;-999;-999;-999;    3;   0.0;   0;    5.783;-999;  -999;  12.8;    -999;   15.3;   75.46;   20.4;    8.9;    6.5;eor
       2953;20190801;-999;-999;-999;    3;   0.0;   0;   12.750;-999;  -999;  10.9;    -999;   16.4;   61.25;   24.4;    7.8;    5.3;eor
       2953;20190802;-999;-999;-999;    3;   0.3;   4;    6.650;-999;  -999;  11.5;    -999;   16.8;   61.75;   23.4;    9.9;    7.5;eor
       2953;20190803;-999;-999;-999;    3;   0.0;   0;   12.367;-999;  -999;  11.5;    -999;   16.3;   63.92;   22.1;   10.5;    7.7;eor
       2953;20190804;-999;-999;-999;    3;   0.0;   0;    9.900;-999;  -999;  12.5;    -999;   17.3;   66.33;   24.1;    8.8;    6.4;eor
       2953;20190805;-999;-999;-999;    3;  16.6;   4;    9.017;-999;  -999;  13.1;    -999;   20.6;   57.33;   27.5;   13.0;   12.5;eor
       2953;20190806;-999;-999;-999;    3;   3.3;   4;    4.033;-999;  -999;  17.7;    -999;   18.4;   84.42;   24.3;   14.6;   13.5;eor
       2953;20190807;-999;-999;-999;    3;  12.0;   4;    0.667;-999;  -999;  16.3;    -999;   15.4;   92.92;   17.9;   11.3;    9.5;eor
       2953;20190808;-999;-999;-999;    3;   0.0;   0;   10.400;-999;  -999;  13.9;    -999;   16.5;   76.92;   24.8;    9.5;    8.8;eor
       2953;20190809;-999;-999;-999;    3;  12.5;   4;   10.267;-999;  -999;  15.6;    -999;   21.3;   64.33;   29.7;   11.2;    8.8;eor
       2953;20190810;-999;-999;-999;    3;   1.0;   4;    7.283;-999;  -999;  14.8;    -999;   17.7;   74.17;   22.3;   11.2;    8.9;eor
       2953;20190811;-999;-999;-999;    3;   9.2;   4;   10.083;-999;  -999;  14.1;    -999;   15.9;   80.25;   25.0;    9.8;    7.8;eor
       2953;20190812;-999;-999;-999;    3;   3.2;   4;    2.550;-999;  -999;  13.6;    -999;   13.3;   89.67;   18.3;    8.4;    6.1;eor
       2953;20190813;-999;-999;-999;    3;   0.0;   0;    6.717;-999;  -999;  10.5;    -999;   11.7;   77.83;   16.6;    6.5;    4.4;eor
       2953;20190814;-999;-999;-999;    3;   0.0;   4;    6.583;-999;  -999;   9.6;    -999;   11.9;   71.25;   18.5;    5.0;    2.6;eor
       2953;20190815;-999;-999;-999;    3;   6.5;   4;    2.417;-999;  -999;  12.0;    -999;   12.4;   83.00;   18.7;    6.8;    4.3;eor
       2953;20190816;-999;-999;-999;    3;   0.0;   0;    9.317;-999;  -999;  12.0;    -999;   14.4;   75.13;   20.8;    8.2;    6.4;eor
       2953;20190817;-999;-999;-999;    3;   0.0;   0;    0.117;-999;  -999;  13.1;    -999;   15.7;   74.58;   20.5;    9.3;    7.5;eor
       2953;20190818;-999;-999;-999;    3;  13.9;   4;   12.067;-999;  -999;  14.8;    -999;   20.1;   67.08;   29.5;   11.5;    9.1;eor
       2953;20190819;-999;-999;-999;    3;   6.5;   4;    0.983;-999;  -999;  15.7;    -999;   15.2;   91.21;   19.6;   12.2;   11.6;eor
       2953;20190820;-999;-999;-999;    3;  10.9;   4;    0.000;-999;  -999;  13.1;    -999;   12.1;   93.13;   13.8;    8.9;    7.3;eor
       2953;20190821;-999;-999;-999;    3;   0.0;   4;    7.600;-999;  -999;  11.1;    -999;   12.0;   80.38;   17.3;    7.1;    5.8;eor
       2953;20190822;-999;-999;-999;    3;   0.0;   0;   10.500;-999;  -999;  13.0;    -999;   13.7;   83.25;   21.4;    6.2;    3.6;eor
       2953;20190823;-999;-999;-999;    3;   0.0;   0;    8.567;-999;  -999;  13.2;    -999;   14.4;   82.58;   21.8;    7.7;    5.7;eor
       2953;20190824;-999;-999;-999;    3;   0.0;   4;    5.750;-999;  -999;  15.4;    -999;   16.0;   85.33;   23.4;    9.6;    6.8;eor
       2953;20190825;-999;-999;-999;    3;   0.0;   0;   11.617;-999;  -999;  15.4;    -999;   18.2;   76.33;   26.0;   10.1;    7.0;eor
       2953;20190826;-999;-999;-999;    3;   1.9;   4;   10.533;-999;  -999;  15.5;    -999;   18.3;   76.42;   26.9;   10.5;    7.6;eor
       2953;20190827;-999;-999;-999;    3;   0.0;   0;   12.417;-999;  -999;  14.7;    -999;   19.4;   69.92;   27.3;   11.7;    8.4;eor
       2953;20190828;-999;-999;-999;    3;   0.0;   0;    5.667;-999;  -999;  14.9;    -999;   20.3;   64.46;   27.0;   15.0;   12.8;eor
       2953;20190829;-999;-999;-999;    3;  13.0;   4;    4.800;-999;  -999;  17.0;    -999;   17.0;   87.67;   24.8;   13.6;   12.2;eor
       2953;20190830;-999;-999;-999;    3;   0.0;   0;   10.617;-999;  -999;  17.0;    -999;   18.4;   81.79;   25.3;   12.1;   11.1;eor
       2953;20190831;-999;-999;-999;    3;   0.0;   4;   12.433;-999;  -999;  15.7;    -999;   19.3;   73.75;   27.0;   11.9;    9.4;eor
       2953;20190901;-999;-999;-999;    3;   0.8;   4;    1.933;   0;  -999;  14.6;    -999;   17.6;   72.54;   21.2;   13.9;   13.1;eor
       2953;20190902;-999;-999;-999;    3;   0.3;   4;    0.317;   0;  -999;  12.1;    -999;   12.2;   85.79;   14.8;    6.6;    4.0;eor
       2953;20190903;-999;-999;-999;    3;   0.0;   0;   12.067;   0;  -999;  10.3;    -999;   12.5;   74.58;   21.1;    5.1;    2.3;eor
       2953;20190904;-999;-999;-999;    3;   0.0;   0;   12.833;   0;  -999;  10.5;    -999;   14.2;   68.08;   23.2;    6.3;    3.6;eor
       2953;20190905;-999;-999;-999;    3;   0.3;   4;    2.933;   0;  -999;   9.9;    -999;   10.6;   78.21;   14.2;    7.1;    5.2;eor
       2953;20190906;-999;-999;-999;    3;   0.0;   4;    0.000;   0;  -999;  10.0;    -999;   10.4;   79.67;   13.6;    7.2;    5.9;eor
       2953;20190907;-999;-999;-999;    3;   1.9;   4;    2.583;   0;  -999;  10.1;    -999;   10.7;   79.38;   15.7;    6.4;    4.7;eor
       2953;20190908;-999;-999;-999;    3;  17.4;   4;    0.000;   0;  -999;  10.1;    -999;    8.2;   93.13;    9.5;    7.4;    6.9;eor
       2953;20190909;-999;-999;-999;    3;   0.0;   0;    3.250;   0;  -999;   9.3;    -999;    8.6;   83.58;   12.5;    5.0;    3.6;eor
       2953;20190910;-999;-999;-999;    3;   0.0;   0;    8.217;   0;  -999;   9.6;    -999;   10.3;   78.29;   17.8;    3.6;    1.2;eor
       2953;20190911;-999;-999;-999;    3;   0.3;   4;    5.333;   0;  -999;  10.4;    -999;   11.2;   79.75;   17.8;    4.8;    2.0;eor
       2953;20190912;-999;-999;-999;    3;   0.0;   0;   12.300;   0;  -999;  11.1;    -999;   14.7;   68.67;   21.9;    8.6;    5.8;eor
       2953;20190913;-999;-999;-999;    3;   0.0;   0;   11.233;   0;  -999;  13.5;    -999;   15.8;   76.92;   24.2;    7.7;    4.8;eor
       2953;20190914;-999;-999;-999;    3;   0.0;   0;   10.017;   0;  -999;  14.3;    -999;   15.1;   84.29;   22.8;    8.7;    6.8;eor
       2953;20190915;-999;-999;-999;    3;   0.0;   4;   10.917;   0;  -999;  14.3;    -999;   16.6;   78.38;   25.4;    9.3;    5.9;eor
       2953;20190916;-999;-999;-999;    3;   0.0;   0;    9.233;   0;  -999;  13.8;    -999;   17.3;   73.04;   24.9;    9.7;    7.1;eor
       2953;20190917;-999;-999;-999;    3;   0.0;   0;   10.333;   0;  -999;  12.0;    -999;   14.0;   74.96;   19.2;    6.5;    3.9;eor
       2953;20190918;-999;-999;-999;    3;   0.0;   0;   10.900;   0;  -999;   8.4;    -999;    9.3;   72.96;   15.3;    3.4;    0.3;eor
       2953;20190919;-999;-999;-999;    3;   0.0;   0;   11.417;   0;  -999;   6.9;    -999;    7.9;   66.75;   14.3;    1.7;   -1.0;eor
       2953;20190920;-999;-999;-999;    3;   0.0;   0;   11.517;   0;  -999;   6.2;    -999;    7.6;   64.58;   16.4;   -0.3;   -3.1;eor
       2953;20190921;-999;-999;-999;    3;   0.0;   0;   11.683;   0;  -999;   9.3;    -999;   10.8;   73.58;   20.9;    1.6;   -1.4;eor
       2953;20190922;-999;-999;-999;    3;  15.0;   4;    5.333;   0;  -999;  12.2;    -999;   15.2;   73.58;   22.7;    7.6;    5.1;eor
       2953;20190923;-999;-999;-999;    3;   2.2;   4;    3.367;   0;  -999;  11.3;    -999;   10.8;   87.92;   15.2;    5.3;    2.9;eor
       2953;20190924;-999;-999;-999;    3;   4.8;   4;    1.983;   0;  -999;  10.5;    -999;    9.5;   88.33;   14.1;    2.9;    1.2;eor
       2953;20190925;-999;-999;-999;    3;   3.8;   4;    4.333;   0;  -999;  11.2;    -999;   11.5;   82.54;   13.6;    9.4;    8.1;eor
       2953;20190926;-999;-999;-999;    3;   0.6;   4;    1.300;   0;  -999;  13.0;    -999;   12.9;   87.54;   17.4;    9.5;    9.3;eor
       2953;20190927;-999;-999;-999;    3;   7.2;   4;    4.183;   0;  -999;  12.5;    -999;   13.7;   79.83;   18.5;   10.8;    9.6;eor
       2953;20190928;-999;-999;-999;    3;   1.1;   4;    4.883;   0;  -999;  10.4;    -999;   11.2;   78.46;   14.8;    5.9;    3.5;eor
       2953;20190929;-999;-999;-999;    3;   2.9;   4;    9.783;   0;  -999;   9.3;    -999;   13.0;   67.29;   21.6;    2.9;    1.2;eor
       2953;20190930;-999;-999;-999;    3;   0.0;   0;    9.133;   0;  -999;  10.1;    -999;   11.6;   74.58;   15.2;    4.6;    2.3;eor
       2953;20191001;-999;-999;-999;    3;   7.7;   4;    5.700;   0;  -999;  11.3;    -999;   12.0;   81.38;   19.7;    4.2;    2.2;eor
       2953;20191002;-999;-999;-999;    3;   6.7;   4;    4.100;   0;  -999;  10.2;    -999;    9.4;   86.21;   14.4;    3.3;    1.7;eor
       2953;20191003;-999;-999;-999;    3;   0.0;   0;    8.267;   0;  -999;   7.5;    -999;    6.0;   81.96;   11.9;    2.4;    1.1;eor
       2953;20191004;-999;-999;-999;    3;   8.4;   4;    0.000;   0;  -999;   8.7;    -999;    7.0;   86.17;   10.0;    2.6;    0.9;eor
       2953;20191005;-999;-999;-999;    3;   8.6;   4;    0.200;   0;  -999;  10.6;    -999;    8.8;   93.46;   11.8;    6.4;    6.6;eor
       2953;20191006;-999;-999;-999;    3;   9.0;   4;    0.000;   0;  -999;  10.4;    -999;    8.3;   94.58;   10.9;    5.9;    5.0;eor
       2953;20191007;-999;-999;-999;    3;   0.2;   4;    1.733;   0;  -999;   8.9;    -999;    6.8;   90.00;   10.7;    2.3;    1.0;eor
       2953;20191008;-999;-999;-999;    3;   7.5;   4;    3.767;   0;  -999;  11.6;    -999;   12.0;   81.58;   17.1;    5.3;    4.0;eor
       2953;20191009;-999;-999;-999;    3;  19.6;   4;    0.000;   0;  -999;  10.0;    -999;    8.4;   90.04;   12.6;    7.2;    5.9;eor
       2953;20191010;-999;-999;-999;    3;   7.0;   4;    1.167;   0;  -999;   9.1;    -999;    7.7;   86.71;   10.6;    3.2;    1.3;eor
       2953;20191011;-999;-999;-999;    3;   0.0;   0;    8.100;   0;  -999;   8.9;    -999;    7.9;   85.67;   17.2;    1.2;    0.0;eor
       2953;20191012;-999;-999;-999;    3;   0.0;   0;    8.000;   0;  -999;  11.5;    -999;   12.3;   80.83;   20.9;    5.4;    2.7;eor
       2953;20191013;-999;-999;-999;    3;   0.0;   0;    9.533;   0;  -999;  12.4;    -999;   13.9;   81.21;   23.6;    6.9;    5.2;eor
       2953;20191014;-999;-999;-999;    3;   0.0;   0;   10.133;   0;  -999;  11.9;    -999;   12.7;   83.21;   21.2;    7.1;    4.3;eor
       2953;20191015;-999;-999;-999;    3;   6.6;   4;    1.817;   0;  -999;  10.3;    -999;    9.7;   86.96;   15.0;    5.5;    3.7;eor
       2953;20191016;-999;-999;-999;    1;   0.0;   0;    9.317;   0;  -999;   8.4;    -999;    8.6;   76.92;   15.4;    3.3;    1.5;eor
       2953;20191017;-999;-999;-999;    1;   3.3;   4;    4.350;   0;  -999;  10.2;    -999;   10.3;   82.29;   17.0;    3.7;    2.4;eor
       2953;20191018;-999;-999;-999;    1;  21.2;   4;    2.350;   0;  -999;  11.5;    -999;   10.7;   89.92;   15.3;    8.3;    7.1;eor
       2953;20191019;-999;-999;-999;    1;   9.0;   4;    0.000;   0;  -999;  11.5;    -999;    9.5;   96.42;   11.0;    8.3;    7.8;eor
       2953;20191020;-999;-999;-999;    1;   3.0;   4;    7.633;   0;  -999;  12.1;    -999;   11.4;   90.17;   18.2;    6.4;    4.4;eor
       2953;20191021;-999;-999;-999;    1;   3.3;   4;    0.033;   0;  -999;  12.6;    -999;   11.3;   94.29;   13.2;   10.1;    8.6;eor
       2953;20191022;-999;-999;-999;    1;   0.0;   0;    0.133;   0;  -999;  12.3;    -999;   10.8;   94.54;   13.0;    9.3;    8.1;eor
       2953;20191023;-999;-999;-999;    1;   0.0;   0;    6.217;   0;  -999;  11.8;    -999;   11.2;   89.04;   17.9;    6.0;    6.1;eor
       2953;20191024;-999;-999;-999;    1;   0.0;   0;    2.283;   0;  -999;  10.9;    -999;   11.6;   80.75;   15.8;    8.2;    6.9;eor
       2953;20191025;-999;-999;-999;    1;   0.0;   0;    7.767;   0;  -999;   9.9;    -999;    9.4;   85.17;   16.1;    4.3;    2.0;eor
       2953;20191026;-999;-999;-999;    1;   0.0;   0;    9.017;   0;  -999;   8.9;    -999;    9.6;   78.67;   20.4;    1.9;    0.5;eor
       2953;20191027;-999;-999;-999;    1;   2.0;   4;    6.583;   0;  -999;  10.8;    -999;   13.2;   72.08;   17.7;    6.1;    3.4;eor
       2953;20191028;-999;-999;-999;    1;   4.1;   4;    0.000;   0;  -999;   9.9;    -999;    7.2;   97.50;   10.7;    5.3;    5.7;eor
       2953;20191029;-999;-999;-999;    1;   3.2;   4;    0.000;   0;  -999;   8.1;    -999;    4.3;   96.96;    5.3;    2.9;    3.1;eor
       2953;20191030;-999;-999;-999;    1;  12.7;   4;    0.000;   0;  -999;   7.7;    -999;    3.5;   97.50;    4.4;    3.0;    3.3;eor
       2953;20191031;-999;-999;-999;    1;   0.0;   4;    0.000;   0;  -999;   8.1;    -999;    4.0;   99.13;    5.4;    2.8;    3.1;eor
       2953;20191101;-999;-999;-999;    1;   8.9;   4;    0.283;   0;  -999;   9.6;    -999;    7.4;   92.88;   10.4;    3.9;    4.1;eor
       2953;20191102;-999;-999;-999;    1;  11.5;   4;    0.550;   0;  -999;  11.3;    -999;   11.0;   86.38;   13.0;    8.6;    7.3;eor
       2953;20191103;-999;-999;-999;    1;  18.4;   4;    0.000;   0;  -999;   9.7;    -999;    7.6;   92.54;    9.6;    5.9;    4.9;eor
       2953;20191104;-999;-999;-999;    1;  16.0;   4;    1.350;   0;  -999;   8.8;    -999;    7.0;   86.79;    9.0;    5.0;    4.1;eor
       2953;20191105;-999;-999;-999;    1;   1.6;   4;    2.417;   0;  -999;   7.5;    -999;    5.3;   84.96;    8.8;    2.4;    1.4;eor
       2953;20191106;-999;-999;-999;    1;   0.6;   4;    1.383;   0;  -999;   7.5;    -999;    4.7;   87.88;    6.6;    2.8;    2.5;eor
       2953;20191107;-999;-999;-999;    1;   3.8;   4;    1.117;   0;  -999;   6.9;    -999;    3.0;   90.71;    5.6;    0.2;   -1.3;eor
       2953;20191108;-999;-999;-999;    1;   9.1;   4;    0.000;   0;  -999;   6.3;    -999;    1.1;   96.21;    2.1;    0.4;   -0.1;eor
       2953;20191109;-999;-999;-999;    1;   0.0;   0;    0.667;   0;  -999;   6.0;    -999;    0.5;   94.38;    4.6;   -2.7;   -3.5;eor
       2953;20191110;-999;-999;-999;    1;   0.0;   0;    2.883;   0;  -999;   5.9;    -999;    0.3;   95.08;    5.3;   -1.8;   -3.3;eor
       2953;20191111;-999;-999;-999;    1;   1.4;   4;    0.017;   0;  -999;   5.6;    -999;   -0.8;   97.00;    1.8;   -4.6;   -6.3;eor
       2953;20191112;-999;-999;-999;    1;   0.4;   4;    1.350;   0;  -999;   5.7;    -999;    1.3;   85.42;    3.5;   -1.4;   -4.1;eor
       2953;20191113;-999;-999;-999;    1;   0.0;   0;    3.233;   1;  -999;   5.2;    -999;   -0.1;   87.17;    3.0;   -3.0;   -6.4;eor
       2953;20191114;-999;-999;-999;    1;   0.0;   0;    4.467;   0;  -999;   5.0;    -999;    0.2;   81.92;    7.1;   -4.7;   -6.5;eor
       2953;20191115;-999;-999;-999;    1;   0.0;   0;    1.083;   0;  -999;   5.7;    -999;    1.5;   84.13;    5.7;   -2.0;   -3.1;eor
       2953;20191116;-999;-999;-999;    1;   0.0;   0;    2.450;   0;  -999;   6.4;    -999;    1.8;   91.21;    5.4;   -0.2;   -1.9;eor
       2953;20191117;-999;-999;-999;    1;   2.3;   4;    0.000;   0;  -999;   6.1;    -999;    0.6;   95.04;    2.6;   -1.0;   -1.6;eor
       2953;20191118;-999;-999;-999;    1;   0.9;   4;    1.533;   0;  -999;   5.5;    -999;    0.5;   86.67;    1.5;   -0.5;   -1.9;eor
       2953;20191119;-999;-999;-999;    1;   0.0;   0;    0.350;   0;  -999;   5.7;    -999;    0.1;   91.71;    3.9;   -3.2;   -5.8;eor
       2953;20191120;-999;-999;-999;    1;   0.0;   0;    0.000;   0;  -999;   6.0;    -999;    1.0;   90.96;    2.6;   -0.2;   -0.2;eor
       2953;20191121;-999;-999;-999;    1;   0.0;   0;    1.950;   0;  -999;   6.7;    -999;    2.3;   92.63;    7.3;   -0.8;   -1.9;eor
       2953;20191122;-999;-999;-999;    1;   0.0;   0;    4.300;   0;  -999;   6.2;    -999;    0.8;   95.67;    5.2;   -1.3;   -1.9;eor
       2953;20191123;-999;-999;-999;    1;   0.0;   0;    0.383;   0;  -999;   6.9;    -999;    2.3;   94.71;    5.6;   -1.0;   -2.6;eor
       2953;20191124;-999;-999;-999;    1;   0.0;   0;    1.800;   0;  -999;   7.2;    -999;    4.3;   86.50;   10.2;    0.8;   -1.0;eor
       2953;20191125;-999;-999;-999;    1;   0.0;   0;    4.000;   0;  -999;   7.4;    -999;    3.6;   93.38;    8.9;    0.4;   -0.7;eor
       2953;20191126;-999;-999;-999;    1;   1.2;   4;    2.583;   0;  -999;   7.7;    -999;    4.6;   90.88;   11.1;    1.0;   -0.7;eor
       2953;20191127;-999;-999;-999;    1;   9.4;   4;    2.083;   0;  -999;   8.0;    -999;    6.1;   85.13;    9.0;    1.6;    0.4;eor
       2953;20191128;-999;-999;-999;    1;  23.2;   4;    0.000;   0;  -999;   7.8;    -999;    5.4;   86.83;    6.8;    3.9;    3.3;eor
       2953;20191129;-999;-999;-999;    1;   9.2;   4;    0.450;   0;  -999;   7.1;    -999;    3.4;   91.29;    5.6;    0.6;    0.3;eor
       2953;20191130;-999;-999;-999;    1;   0.2;   4;    4.883;   0;  -999;   5.3;    -999;   -0.5;   90.79;    2.2;   -3.4;   -4.9;eor
       2953;20191201;-999;-999;-999;    1;   0.0;   4;    0.133;   0;  -999;   5.6;    -999;   -0.4;   94.13;    2.1;   -3.3;   -4.3;eor
       2953;20191202;-999;-999;-999;    1;   0.0;   0;    0.167;   0;  -999;   4.8;    -999;   -1.6;   87.75;    1.3;   -5.2;   -7.2;eor
       2953;20191203;-999;-999;-999;    1;   0.0;   0;    7.517;   0;  -999;   4.0;    -999;   -2.1;   77.21;    0.8;   -5.6;   -8.0;eor
       2953;20191204;-999;-999;-999;    1;   0.0;   0;    7.483;   0;  -999;   3.8;    -999;   -4.3;   85.92;    0.9;   -7.7;   -9.6;eor
       2953;20191205;-999;-999;-999;    1;   0.0;   0;    7.400;   0;  -999;   4.0;    -999;   -4.0;   86.75;    4.1;   -8.5;  -10.8;eor
       2953;20191206;-999;-999;-999;    1;   3.8;   4;    7.233;   0;  -999;   4.9;    -999;    2.4;   68.25;    9.0;   -6.7;   -9.1;eor
       2953;20191207;-999;-999;-999;    1;   0.9;   4;    0.233;   0;  -999;   6.9;    -999;    5.0;   79.17;    6.4;    4.1;    2.8;eor
       2953;20191208;-999;-999;-999;    1;   7.9;   4;    0.633;   0;  -999;   7.4;    -999;    6.1;   77.83;    8.0;    3.2;    0.5;eor
       2953;20191209;-999;-999;-999;    1;  20.8;   4;    0.000;   0;  -999;   6.2;    -999;    2.6;   84.58;    5.7;    0.3;    0.1;eor
       2953;20191210;-999;-999;-999;    1;   0.0;   0;    4.933;   3;  -999;   4.7;    -999;   -1.5;   86.83;    2.6;   -6.7;  -12.2;eor
       2953;20191211;-999;-999;-999;    1;   1.7;   4;    0.000;   3;  -999;   4.7;    -999;   -2.6;   91.04;    1.9;   -7.5;  -12.6;eor
       2953;20191212;-999;-999;-999;    1;   3.9;   4;    1.700;   4;  -999;   4.9;    -999;   -1.4;   88.29;    0.8;   -5.2;   -8.8;eor
       2953;20191213;-999;-999;-999;    1;  13.5;   4;    0.017;  12;  -999;   5.4;    -999;    0.2;   87.50;    2.3;   -3.3;   -3.0;eor
       2953;20191214;-999;-999;-999;    1;  10.1;   4;    3.567;  11;  -999;   6.2;    -999;    3.8;   76.50;    6.8;    0.0;   -0.3;eor
       2953;20191215;-999;-999;-999;    1;  10.1;   4;    0.000;   0;  -999;   8.6;    -999;    7.1;   85.38;    8.9;    2.9;    1.8;eor
       2953;20191216;-999;-999;-999;    1;   0.0;   0;    4.150;   0;  -999;   7.5;    -999;    3.3;   95.67;    8.7;    0.9;   -0.6;eor
       2953;20191217;-999;-999;-999;    1;   0.4;   4;    1.367;   0;  -999;   7.5;    -999;    3.8;   92.46;    9.7;    1.1;   -0.8;eor
       2953;20191218;-999;-999;-999;    1;   0.1;   4;    2.917;   0;  -999;   8.3;    -999;    6.5;   85.71;   11.4;    1.0;   -1.3;eor
       2953;20191219;-999;-999;-999;    1;   0.0;   0;    5.217;   0;  -999;   7.2;    -999;    4.1;   88.13;   11.0;   -0.1;   -2.3;eor
       2953;20191220;-999;-999;-999;    1;   3.6;   4;    0.000;   0;  -999;   7.0;    -999;    3.4;   88.96;    9.2;   -1.0;   -2.6;eor
       2953;20191221;-999;-999;-999;    1;   6.7;   4;    0.550;   0;  -999;   6.6;    -999;    2.1;   92.79;    4.9;   -0.1;   -1.7;eor
       2953;20191222;-999;-999;-999;    1;  21.2;   4;    0.000;   0;  -999;   6.8;    -999;    2.8;   90.63;    4.6;    0.9;    0.6;eor
       2953;20191223;-999;-999;-999;    1;   2.8;   4;    1.400;   0;  -999;   6.4;    -999;    3.0;   84.71;    4.5;    1.6;    0.3;eor
       2953;20191224;-999;-999;-999;    1;   7.4;   4;    0.017;   0;  -999;   6.7;    -999;    3.9;   82.75;    7.3;    0.5;   -0.6;eor
       2953;20191225;-999;-999;-999;    1;   6.5;   4;    0.550;   0;  -999;   6.6;    -999;    2.9;   87.83;    4.8;   -2.2;   -3.7;eor
       2953;20191226;-999;-999;-999;    1;   1.9;   4;    0.000;   0;  -999;   5.7;    -999;   -0.2;   95.13;    2.6;   -2.5;   -3.4;eor
       2953;20191227;-999;-999;-999;    1;   1.2;   4;    0.267;   0;  -999;   7.3;    -999;    3.1;   95.13;    5.2;    1.4;    1.1;eor
