STATIONS_ID;MESS_DATUM;QN_3;  FX;  FM;QN_4; RSK;RSKF; SDK;SHK_TAG;  NM; VPM;  PM; TMK; UPM; TXK; TNK; TGK;eor
       3023;20180704;   10;   6.6;   2.2;    3;   0.0;   4;   14.167;-999;   4.6;  13.8; 1011.89;   20.2;   62.29;   30.2;   11.6;   10.4;eor
       3023;20180705;   10;   8.9;   3.0;    3;   0.0;   4;   14.433;-999;   3.9;  14.5; 1011.65;   19.1;   68.08;   26.1;   13.4;   12.7;eor
       3023;20180706;   10;  10.5;   3.3;    3;   0.0;   0;   10.217;-999;   6.2;  12.1; 1017.10;   19.6;   55.88;   26.2;   13.5;   11.7;eor
       3023;20180707;   10;  10.6;   2.7;    3;   0.0;   0;   13.817;-999;   5.3;  12.3; 1021.00;   17.8;   63.21;   26.0;   10.9;    9.5;eor
       3023;20180708;   10;   9.4;   3.0;    3;   0.0;   0;   14.350;-999;   1.2;  12.7; 1021.63;   17.7;   65.92;   25.7;   10.1;    8.5;eor
       3023;20180709;   10;   9.7;   2.9;    3;   0.5;   4;    0.750;-999;   6.3;  14.1; 1019.85;   16.5;   75.88;   24.1;   11.5;   10.0;eor
       3023;20180710;   10;  11.3;   3.1;    3;   1.1;   4;    4.950;-999;   6.2;  12.8; 1013.43;   16.2;   70.88;   22.2;   12.1;   10.5;eor
       3023;20180711;   10;  12.3;   2.2;    3;   6.7;   4;    2.033;-999;   6.1;  15.9; 1014.24;   16.1;   86.21;   21.5;   10.5;    8.8;eor
       3023;20180712;   10;   9.7;   3.0;    3;   0.0;   0;   13.500;-999;   2.9;  15.6; 1015.33;   20.0;   70.17;   27.8;   13.6;   12.4;eor
       3023;20180713;   10;   8.0;   2.6;    3;   0.0;   4;   11.050;-999;   3.4;  14.5; 1018.02;   18.8;   69.54;   26.5;   13.0;   12.0;eor
       3023;20180714;   10;   7.4;   2.0;    3;   0.0;   0;   12.200;-999;   3.1;  13.2; 1017.85;   18.9;   63.79;   25.7;   12.1;   10.9;eor
       3023;20180715;   10;   8.0;   1.7;    3;   0.0;   0;   14.717;-999;   0.0;  13.1; 1015.07;   20.6;   59.00;   29.2;   11.7;   10.3;eor
       3023;20180716;   10;   7.5;   1.9;    3;   0.0;   0;   14.567;-999;   0.6;  13.5; 1011.40;   23.0;   53.42;   31.5;   13.8;   12.2;eor
       3023;20180717;   10;  12.0;   2.4;    3;   0.0;   0;   12.167;-999;   2.5;  14.9; 1011.41;   22.7;   58.04;   31.5;   15.1;   13.2;eor
       3023;20180718;   10;   6.3;   1.8;    3;   0.0;   0;    7.533;-999;   4.1;  13.0; 1015.78;   19.7;   59.50;   27.3;   12.5;   11.2;eor
       3023;20180719;   10;   9.4;   1.5;    3;   0.0;   0;    3.417;-999;   7.1;  12.6; 1015.55;   20.8;   54.08;   28.5;   13.3;   11.0;eor
       3023;20180720;   10;   5.2;   1.8;    3;   1.4;   4;   10.983;-999;   5.6;  13.5; 1010.77;   22.1;   54.29;   30.5;   14.0;   12.5;eor
       3023;20180721;   10;   6.8;   1.3;    3;   3.0;   4;    5.617;-999;   5.9;  17.2; 1008.30;   21.8;   68.96;   31.3;   16.1;   15.8;eor
       3023;20180722;   10;   9.2;   2.6;    3;   0.0;   4;    8.683;-999;   5.7;  16.3; 1011.33;   21.9;   64.50;   28.1;   15.5;   14.5;eor
       3023;20180723;   10;   6.0;   1.4;    3;   0.0;   0;   14.383;-999;   1.0;  15.7; 1013.85;   23.8;   57.46;   32.5;   15.4;   14.1;eor
       3023;20180724;   10;   6.3;   1.7;    3;   0.0;   4;   12.867;-999;   1.9;  16.6; 1011.80;   27.0;   51.58;   35.9;   17.8;   16.1;eor
       3023;20180725;   10;  12.5;   2.6;    3;   0.0;   4;   10.550;-999;   4.5;  18.2; 1012.77;   26.6;   54.83;   35.5;   20.3;   19.1;eor
       3023;20180726;   10;   9.5;   2.0;    3;   0.0;   0;   11.167;-999;   2.6;  17.5; 1012.66;   28.5;   49.79;   37.8;   19.6;   18.8;eor
       3023;20180727;   10;   9.6;   2.0;    3;   0.0;   0;   14.033;-999;  -999;  15.0; 1009.97;   29.2;   40.42;   37.3;   21.1;   18.8;eor
       3023;20180728;   10;  16.4;   2.3;    3;   1.9;   4;    5.883;-999;   3.8;  17.3; 1005.90;   22.5;   63.88;   28.5;   13.7;   11.9;eor
       3023;20180729;   10;  12.7;   2.9;    3;   0.0;   4;    5.333;-999;   7.4;  13.6; 1010.47;   21.9;   55.75;   29.0;   13.2;   11.7;eor
       3023;20180730;   10;  11.5;   2.1;    3;   0.0;   0;    9.033;-999;   7.3;  16.3; 1011.76;   26.3;   49.58;   33.6;   20.6;   19.3;eor
       3023;20180731;   10;  11.5;   2.7;    3;   0.0;   4;    9.600;-999;   6.2;  18.1; 1013.90;   24.3;   61.29;   31.3;   17.3;   16.0;eor
       3023;20180801;   10;   4.8;   1.5;    3;   0.0;   0;    7.800;-999;   5.3;  14.9; 1018.86;   21.9;   60.04;   27.8;   14.4;   12.8;eor
       3023;20180802;   10;   8.1;   2.1;    3;   0.0;   0;   12.400;-999;   3.4;  15.4; 1019.78;   25.3;   51.29;   34.7;   16.5;   14.1;eor
       3023;20180803;   10;   7.6;   2.1;    3;   0.0;   0;   13.067;-999;   1.0;  15.9; 1018.60;   25.9;   50.83;   34.7;   16.9;   15.5;eor
       3023;20180804;   10;  10.2;   2.8;    3;   0.0;   4;   10.433;-999;   5.3;  17.6; 1017.25;   23.7;   62.21;   31.9;   18.1;   17.1;eor
       3023;20180805;   10;   8.1;   2.5;    3;   0.0;   0;   10.717;-999;   4.5;  15.0; 1019.62;   21.1;   63.17;   28.3;   16.4;   14.2;eor
       3023;20180806;   10;   7.0;   1.5;    3;   0.0;   0;   13.100;-999;   2.5;  13.4; 1013.72;   23.7;   51.54;   33.8;   13.7;   11.7;eor
       3023;20180807;   10;   8.4;   1.6;    3;   0.0;   4;   12.300;-999;   2.4;  13.8; 1006.46;   27.5;   43.54;   37.8;   16.3;   14.1;eor
       3023;20180808;   10;  12.8;   3.1;    3;   0.0;   4;    1.233;-999;   6.9;  17.1; 1008.19;   23.0;   61.04;   26.3;   16.9;   14.1;eor
       3023;20180809;   10;  15.6;   2.6;    3;  14.5;   4;    5.783;-999;   5.3;  18.4; 1008.63;   20.4;   77.17;   27.7;   14.0;   11.8;eor
       3023;20180810;   10;  14.3;   4.1;    3;   5.1;   4;    7.767;-999;   5.7;  12.4; 1015.84;   18.5;   60.67;   23.0;   13.8;   12.6;eor
       3023;20180811;   10;  13.3;   3.2;    3;   0.0;   4;   10.250;-999;   4.1;  12.5; 1017.74;   16.3;   70.17;   23.0;   11.3;   10.5;eor
       3023;20180812;   10;   8.0;   2.1;    3;   0.0;   4;    3.800;-999;   7.9;  13.5; 1011.96;   19.2;   62.79;   27.3;   11.0;    9.6;eor
       3023;20180813;   10;  11.5;   2.6;    3;   4.8;   4;    2.450;-999;   7.7;  16.0; 1003.60;   19.1;   73.21;   24.8;   15.8;   14.9;eor
       3023;20180814;   10;  11.3;   3.0;    3;   0.7;   4;    2.950;-999;   7.5;  16.6; 1009.66;   18.4;   79.17;   23.2;   15.6;   14.8;eor
       3023;20180815;   10;   8.0;   2.3;    3;   0.0;   0;    1.433;-999;   6.8;  17.4; 1015.24;   19.9;   75.83;   25.4;   15.6;   14.3;eor
       3023;20180816;   10;  11.2;   2.9;    3;   5.2;   4;   10.100;-999;   4.9;  16.7; 1013.01;   20.5;   71.13;   27.0;   16.0;   14.9;eor
       3023;20180817;   10;   6.5;   1.5;    3;   2.3;   4;    5.333;-999;   6.0;  15.4; 1015.37;   17.9;   77.71;   24.7;   12.7;   11.7;eor
       3023;20180818;   10;   9.5;   2.2;    3;   0.0;   0;    7.933;-999;   5.3;  14.2; 1018.69;   18.1;   70.67;   25.1;   10.7;    9.9;eor
       3023;20180819;   10;  10.7;   2.9;    3;   0.0;   4;    9.100;-999;   7.3;  16.0; 1016.74;   20.6;   67.58;   25.8;   16.3;   15.4;eor
       3023;20180820;   10;   8.4;   2.4;    3;   0.1;   4;    1.800;-999;   7.9;  18.6; 1016.10;   20.3;   78.38;   24.9;   17.3;   15.6;eor
       3023;20180821;   10;   3.7;   0.7;    3;   0.0;   0;    2.400;-999;   5.8;  17.6; 1017.89;   20.0;   77.21;   26.7;   14.1;   13.1;eor
       3023;20180822;   10;   7.7;   1.6;    3;   0.0;   0;    9.267;-999;   3.8;  17.5; 1013.98;   22.3;   68.67;   30.7;   15.4;   13.5;eor
       3023;20180823;   10;  11.1;   2.5;    3;   4.1;   4;    3.933;-999;   5.7;  17.4; 1009.35;   19.9;   76.50;   25.1;   15.0;   14.0;eor
       3023;20180824;   10;  14.7;   2.9;    3;   5.5;   4;    4.050;-999;   7.1;  12.8; 1007.55;   15.8;   72.46;   20.3;   11.9;   11.1;eor
       3023;20180825;   10;  12.1;   2.3;    3;   7.9;   4;    3.233;-999;   6.8;  12.2; 1007.35;   12.0;   86.88;   17.6;    9.3;    8.3;eor
       3023;20180826;   10;   9.2;   2.6;    3;   1.4;   4;    7.983;-999;   5.5;  10.2; 1011.55;   14.5;   65.88;   20.9;    8.0;    7.1;eor
       3023;20180827;   10;  14.1;   3.9;    3;   1.3;   4;    0.850;-999;   7.7;  14.8; 1007.61;   16.2;   80.25;   21.5;   12.5;   12.0;eor
       3023;20180828;   10;   4.9;   1.6;    3;   0.0;   0;    0.233;-999;   7.3;  14.9; 1015.88;   17.6;   74.50;   21.9;   14.2;   11.4;eor
       3023;20180829;   10;   8.4;   1.8;    3;  11.8;   4;    6.117;-999;   6.6;  14.9; 1010.70;   18.1;   74.04;   26.6;   12.0;    9.7;eor
       3023;20180830;   10;  11.1;   2.7;    3;   1.0;   4;    3.117;-999;   6.1;  14.8; 1016.54;   15.1;   86.21;   20.2;    9.7;    8.3;eor
       3023;20180831;   10;   6.9;   1.2;    3;   0.0;   4;    4.017;-999;   6.3;  11.8; 1020.59;   13.4;   79.08;   20.5;    8.3;    7.3;eor
       3023;20180901;   10;   7.3;   1.6;    3;   0.0;   0;    8.150;-999;   4.0;  11.7; 1024.12;   14.2;   75.00;   22.3;    6.7;    5.4;eor
       3023;20180902;   10;   7.6;   1.8;    3;   0.0;   0;   11.433;-999;   5.5;  12.8; 1022.93;   17.1;   69.46;   24.2;   10.3;    8.7;eor
       3023;20180903;   10;   7.8;   1.6;    3;   0.0;   0;    4.800;-999;   7.5;  18.0; 1015.55;   20.5;   75.46;   27.7;   15.0;   13.2;eor
       3023;20180904;   10;   5.5;   1.2;    3;   0.0;   0;    9.967;-999;   3.6;  18.0; 1014.07;   21.3;   73.63;   29.7;   15.6;   14.1;eor
       3023;20180905;   10;   6.1;   1.8;    3;   0.0;   0;    9.450;-999;   3.5;  15.1; 1014.49;   20.3;   66.83;   28.4;   13.8;   12.4;eor
       3023;20180906;   10;   4.4;   1.4;    3;   1.8;   4;    1.517;-999;   7.6;  16.8; 1009.38;   16.7;   88.00;   20.3;   12.8;   11.9;eor
       3023;20180907;   10;  11.5;   2.7;    3;   1.7;   4;    4.467;-999;   6.0;  13.1; 1009.83;   14.9;   77.46;   18.3;   11.7;    9.8;eor
       3023;20180908;   10;  11.1;   3.3;    3;   0.0;   4;    5.217;-999;   7.3;  11.5; 1015.47;   15.2;   67.63;   20.7;   10.9;    9.8;eor
       3023;20180909;   10;   8.5;   2.5;    3;   0.0;   4;    5.683;-999;   7.4;  13.3; 1016.83;   17.9;   65.58;   23.9;   13.3;   11.6;eor
       3023;20180910;   10;  10.8;   2.1;    3;   0.0;   0;    0.183;-999;   8.0;  14.7; 1017.73;   17.7;   72.79;   21.2;   15.1;   13.4;eor
       3023;20180911;   10;  13.3;   3.9;    3;   0.4;   4;    3.200;-999;   7.8;  15.7; 1016.76;   19.2;   71.21;   23.3;   14.5;   13.3;eor
       3023;20180912;   10;   7.5;   2.1;    3;   1.1;   4;    0.000;-999;   7.8;  15.4; 1017.99;   15.4;   87.92;   18.9;   12.7;   11.9;eor
       3023;20180913;   10;   5.3;   1.4;    3;   0.0;   0;    9.067;-999;   2.6;  11.5; 1018.84;   14.3;   73.54;   21.0;    8.7;    7.1;eor
       3023;20180914;   10;   7.7;   1.8;    3;   0.0;   0;    8.317;-999;   4.7;  10.7; 1017.41;   13.9;   70.75;   21.3;    6.0;    4.4;eor
       3023;20180915;   10;   8.4;   2.3;    3;   0.1;   4;    2.900;-999;   7.1;  12.2; 1019.66;   15.1;   72.13;   20.5;    9.9;    8.4;eor
       3023;20180916;   10;   8.8;   2.3;    3;   0.0;   4;    6.933;-999;   7.0;  12.1; 1018.84;   16.0;   69.38;   23.5;    9.2;    7.8;eor
       3023;20180917;   10;   7.9;   1.9;    3;   0.0;   0;   10.633;-999;  -999;  11.9; 1015.12;   16.9;   66.33;   26.2;    9.8;    7.9;eor
       3023;20180918;   10;  12.5;   3.4;    3;   0.0;   0;   10.650;-999;   1.4;  13.2; 1009.59;   21.4;   54.13;   30.6;   14.3;   11.6;eor
       3023;20180919;   10;  15.7;   3.5;    3;   0.0;   0;    8.917;-999;   5.3;  15.1; 1013.29;   20.4;   64.58;   26.7;   14.7;   12.5;eor
       3023;20180920;   10;  13.1;   3.3;    3;   0.0;   4;    7.483;-999;   7.1;  14.9; 1011.35;   20.4;   63.00;   25.7;   15.7;   13.8;eor
       3023;20180921;   10;  18.3;   4.9;    3;  10.7;   4;    3.200;-999;   7.0;  12.4; 1003.59;   16.1;   68.58;   21.3;    8.5;    8.3;eor
       3023;20180922;   10;  11.6;   2.8;    3;   8.6;   4;    0.967;-999;   7.5;  11.9; 1014.35;   11.1;   90.17;   14.8;    9.2;    7.9;eor
       3023;20180923;   10;   7.4;   1.9;    3;   8.7;   4;    0.000;-999;   7.1;  11.6; 1011.89;    9.8;   95.04;   11.4;    7.9;    6.2;eor
       3023;20180924;   10;  14.3;   3.0;    3;   1.8;   4;    7.200;-999;   3.1;   9.4; 1028.03;    9.5;   79.50;   14.8;    5.8;    3.7;eor
       3023;20180925;   10;   4.8;   1.3;    3;   0.0;   4;    7.100;-999;   4.5;   9.4; 1034.97;    9.9;   80.08;   16.6;    4.7;    2.9;eor
       3023;20180926;   10;  10.3;   3.0;    3;   0.0;   0;    8.233;-999;  -999;   9.2; 1029.49;   12.9;   64.25;   19.2;    6.3;    4.4;eor
       3023;20180927;   10;   8.3;   2.2;    3;   0.0;   4;    8.333;-999;   2.7;  10.2; 1023.10;   15.6;   61.13;   23.1;    9.3;    7.0;eor
       3023;20180928;   10;  10.7;   2.8;    3;   0.0;   0;    5.750;-999;   5.1;   9.9; 1023.65;   12.4;   69.17;   17.7;    4.4;    2.6;eor
       3023;20180929;   10;   5.0;   1.0;    3;   0.0;   0;    7.600;-999;  -999;   8.2; 1025.40;    8.5;   77.13;   17.0;    2.1;    0.7;eor
       3023;20180930;   10;   5.5;   1.6;    3;   0.0;   0;    6.183;-999;   5.4;   9.0; 1014.43;   10.0;   75.08;   18.1;    1.5;    0.3;eor
       3023;20181001;   10;  14.0;   3.0;    3;   1.8;   4;    5.717;-999;   5.2;   9.0; 1014.52;    9.2;   77.92;   13.6;    4.8;    3.1;eor
       3023;20181002;   10;  13.9;   3.7;    3;   1.2;   4;    0.250;-999;   7.5;  10.7; 1012.85;    9.9;   87.04;   15.3;    4.9;    3.4;eor
       3023;20181003;   10;  10.7;   2.8;    3;   0.1;   4;    5.650;-999;   6.6;   9.5; 1020.13;   11.8;   69.75;   16.7;    8.4;    6.0;eor
       3023;20181004;   10;   7.3;   2.5;    3;   0.0;   4;    0.450;-999;   7.0;  12.8; 1022.08;   13.6;   82.50;   17.3;   10.2;    9.2;eor
       3023;20181005;   10;   6.2;   1.9;    3;   0.0;   0;    9.417;-999;   4.7;  11.9; 1015.32;   13.7;   78.63;   22.7;    8.5;    6.5;eor
       3023;20181006;   10;   8.8;   2.1;    3;   3.1;   4;    9.017;-999;   6.8;  12.9; 1006.46;   14.9;   78.75;   24.2;    7.4;    5.2;eor
       3023;20181007;   10;  10.6;   2.1;    3;   0.0;   0;    6.567;-999;   6.0;  10.1; 1016.66;   10.6;   80.33;   16.2;    4.9;    3.1;eor
       3023;20181008;   10;   6.6;   1.5;    3;   0.0;   0;    7.533;-999;   7.7;   9.2; 1018.99;    9.4;   80.00;   16.9;    3.1;    2.0;eor
       3023;20181009;   10;   5.7;   1.6;    3;   0.0;   0;    8.433;-999;   6.4;   9.8; 1018.68;   10.9;   78.04;   19.4;    6.1;    4.3;eor
       3023;20181010;   10;   8.3;   1.6;    3;   0.0;   0;    9.250;-999;   2.7;  12.7; 1015.63;   14.9;   76.96;   24.7;    6.5;    4.2;eor
       3023;20181011;   10;   5.6;   1.8;    3;   0.0;   0;    8.117;-999;   2.9;  13.9; 1010.19;   16.9;   73.88;   24.9;    9.9;    7.1;eor
       3023;20181012;   10;  11.9;   3.2;    3;   0.0;   0;    9.100;-999;   4.5;  15.1; 1015.41;   19.3;   68.08;   24.7;   14.1;   11.6;eor
       3023;20181013;   10;   8.9;   2.8;    3;   0.0;   0;    9.067;-999;   3.5;  14.5; 1015.15;   20.5;   62.17;   28.3;   15.6;   13.7;eor
       3023;20181014;   10;  11.7;   3.2;    3;   0.0;   0;    8.567;-999;   0.8;  12.6; 1007.48;   19.4;   57.08;   26.5;   14.5;   12.4;eor
       3023;20181015;   10;   7.4;   2.0;    3;   0.0;   0;    6.200;-999;   3.7;  13.7; 1009.80;   17.7;   69.21;   25.1;   13.0;   10.5;eor
       3023;20181016;   10;   4.2;   1.4;    3;   0.0;   4;    5.533;-999;   6.8;  14.4; 1015.36;   17.6;   73.50;   25.8;   12.3;   10.3;eor
       3023;20181017;   10;   7.0;   1.8;    3;   0.0;   4;    7.650;-999;   7.8;  14.1; 1016.53;   16.2;   77.63;   23.1;   11.3;    9.1;eor
       3023;20181018;   10;   7.7;   2.0;    3;   0.6;   4;    0.850;-999;   7.4;  12.4; 1021.59;   12.6;   85.13;   16.7;    8.7;    6.3;eor
       3023;20181019;   10;   5.9;   1.5;    3;   0.0;   0;    8.083;-999;   7.0;   9.7; 1023.45;   10.2;   79.21;   16.2;    6.2;    4.5;eor
       3023;20181020;   10;   6.2;   1.3;    3;   0.0;   0;    6.283;-999;   5.5;   9.5; 1027.29;    9.0;   84.25;   16.0;    2.8;    1.4;eor
       3023;20181021;   10;   6.7;   1.8;    3;   0.2;   4;    1.133;-999;   7.2;  10.9; 1025.44;   11.6;   80.58;   16.1;    8.7;    7.1;eor
       3023;20181022;   10;  11.3;   2.9;    3;   0.0;   4;    3.883;-999;   4.9;   9.6; 1027.61;   11.0;   73.25;   15.3;    5.4;    3.1;eor
       3023;20181023;   10;  15.3;   4.4;    3;   2.6;   4;    0.000;-999;   7.8;  11.4; 1018.77;   11.0;   85.46;   13.3;    5.9;    3.9;eor
       3023;20181024;   10;  12.9;   4.3;    3;   1.4;   4;    2.333;-999;   7.3;  13.5; 1018.10;   13.1;   90.04;   15.5;   11.9;   11.6;eor
       3023;20181025;   10;   9.2;   2.6;    3;   2.6;   4;    0.150;-999;   7.6;  12.6; 1014.20;   11.8;   91.17;   13.5;    9.8;    9.2;eor
       3023;20181026;   10;  10.0;   3.2;    3;   2.3;   4;    0.000;-999;   7.3;  11.3; 1003.33;    9.6;   93.54;   11.6;    5.7;    4.3;eor
       3023;20181027;   10;  10.2;   2.6;    3;   0.6;   4;    5.067;-999;   4.3;   8.3; 1005.38;    6.2;   88.33;   12.5;    2.0;    0.3;eor
       3023;20181028;   10;   9.6;   2.6;    3;   0.0;   4;    5.900;-999;   4.1;   6.3; 1014.40;    3.4;   81.21;    8.1;   -0.9;   -2.5;eor
       3023;20181029;   10;  10.7;   3.2;    3;   9.8;   4;    0.000;-999;   7.8;   7.5; 1003.28;    4.5;   88.88;    6.4;    2.4;    1.0;eor
       3023;20181030;   10;  14.8;   4.1;    3;   2.8;   4;    0.067;-999;   7.8;   8.5;  987.48;    6.0;   90.67;    9.0;    4.3;    4.1;eor
       3023;20181031;   10;  14.9;   3.4;    3;   0.0;   4;    5.383;-999;   6.7;   8.8; 1009.13;    9.0;   77.04;   12.9;    5.8;    4.2;eor
       3023;20181101;   10;   7.8;   2.0;    3;   5.0;   4;    1.700;-999;   7.8;  10.0; 1007.90;    9.5;   84.33;   11.4;    7.2;    4.7;eor
       3023;20181102;   10;  10.5;   2.7;    3;   0.9;   4;    2.000;-999;   6.2;   9.9; 1017.54;    8.4;   88.96;   12.4;    2.1;    0.8;eor
       3023;20181103;   10;   4.8;   1.5;    3;   0.0;   0;    6.800;-999;   5.3;   7.6; 1025.21;    4.3;   91.08;   11.3;    0.6;   -1.6;eor
       3023;20181104;   10;   4.2;   0.8;    3;   0.0;   0;    0.950;-999;   4.9;   8.7; 1014.79;    5.3;   95.25;   10.2;    0.1;   -2.6;eor
       3023;20181105;   10;   5.7;   1.5;    3;   0.0;   4;    0.000;-999;   8.0;  10.9; 1006.92;    9.3;   92.92;   10.9;    7.8;    5.8;eor
       3023;20181106;   10;   5.1;   1.7;    3;   0.0;   0;    4.600;-999;   6.9;  11.5; 1004.44;   11.0;   88.29;   18.4;    7.0;    4.7;eor
       3023;20181107;   10;  10.3;   3.1;    3;   0.0;   4;    6.050;-999;   5.7;  10.7; 1005.89;   12.5;   75.13;   16.9;    8.4;    6.1;eor
       3023;20181108;   10;   7.5;   2.0;    3;   1.2;   4;    6.133;-999;   4.1;   9.7; 1016.50;    9.9;   80.00;   14.3;    3.1;    0.0;eor
       3023;20181109;   10;   7.5;   2.2;    3;   0.0;   4;    2.333;-999;   6.8;  10.7; 1010.59;    9.4;   91.00;   13.2;    3.9;    1.9;eor
       3023;20181110;   10;  11.1;   3.9;    3;   2.5;   4;    0.000;-999;   7.8;  12.1; 1000.58;   12.2;   85.29;   14.1;    9.0;    6.9;eor
       3023;20181111;   10;  12.5;   4.1;    3;   3.9;   4;    0.100;-999;   7.6;  12.1; 1003.28;   12.0;   86.67;   14.3;    9.3;    7.4;eor
       3023;20181112;   10;   5.5;   1.8;    3;   4.6;   4;    0.000;-999;   7.8;  12.4; 1011.10;   10.4;   98.54;   11.1;    8.7;    6.7;eor
       3023;20181113;   10;  11.0;   3.4;    3;   0.1;   4;    1.467;-999;   5.4;  10.6; 1018.88;   10.0;   86.92;   12.8;    8.5;    6.4;eor
       3023;20181114;   10;   7.3;   2.4;    3;   0.0;   0;    6.533;-999;   6.4;   9.9; 1024.86;    8.5;   89.50;   13.3;    5.2;    2.6;eor
       3023;20181115;   10;   4.9;   1.7;    3;   0.0;   0;    7.150;-999;   5.0;   8.1; 1023.58;    5.2;   92.21;   11.5;    1.0;   -2.1;eor
       3023;20181116;   10;   5.0;   1.2;    3;   0.0;   0;    7.217;-999;   1.0;   7.2; 1026.76;    3.6;   90.21;   10.0;   -1.4;   -3.9;eor
       3023;20181117;   10;   8.2;   2.4;    3;   0.0;   0;    7.150;-999;   0.7;   6.5; 1030.68;    3.4;   83.29;    8.0;    0.6;   -2.3;eor
       3023;20181118;   10;   7.7;   2.4;    3;   0.0;   4;    6.500;-999;   4.2;   5.5; 1028.55;    2.3;   76.71;    6.5;   -1.8;   -4.7;eor
       3023;20181119;   10;  12.6;   3.9;    3;   0.2;   4;    0.000;-999;   7.4;   7.3; 1019.63;    5.1;   82.17;    6.6;    3.6;    1.5;eor
       3023;20181120;   10;  14.5;   4.8;    3;   0.8;   4;    0.000;-999;   7.6;   6.0; 1011.04;    3.0;   79.04;    4.0;    1.0;    0.4;eor
       3023;20181121;   10;   8.7;   3.2;    3;   0.0;   4;    0.267;-999;   7.5;   6.1; 1015.47;    2.8;   82.25;    4.1;    1.5;   -0.8;eor
       3023;20181122;   10;   6.1;   2.1;    3;   0.0;   4;    0.000;-999;   8.0;   6.3; 1018.37;    2.5;   86.54;    3.1;    1.9;    1.5;eor
       3023;20181123;   10;   7.0;   1.7;    3;   0.0;   0;    6.350;-999;   4.8;   6.8; 1015.85;    3.4;   87.83;    7.4;    0.9;   -1.7;eor
       3023;20181124;   10;   8.7;   2.4;    3;   1.3;   4;    0.000;-999;   8.0;   7.0; 1010.10;    2.2;   97.63;    2.8;    1.6;    1.8;eor
       3023;20181125;   10;   8.7;   2.5;    3;   0.3;   4;    0.000;-999;   8.0;   7.5; 1009.29;    3.2;   98.17;    4.6;    2.0;    2.2;eor
       3023;20181126;   10;   8.5;   2.7;    3;   0.0;   4;    0.000;-999;   8.0;   7.1; 1011.26;    3.9;   87.96;    4.8;    2.4;    0.0;eor
       3023;20181127;   10;   6.4;   2.0;    3;   0.0;   0;    0.600;-999;   6.7;   6.0; 1017.87;    1.9;   85.75;    3.7;   -1.4;   -3.7;eor
       3023;20181128;   10;  10.2;   3.5;    3;   2.6;   4;    0.017;-999;   7.0;   6.3; 1016.41;    2.7;   83.92;    7.1;   -1.6;   -3.7;eor
       3023;20181129;   10;  12.9;   4.9;    3;   2.1;   4;    0.000;-999;   7.8;   9.9; 1008.98;    9.0;   85.92;   10.6;    7.0;    6.0;eor
       3023;20181130;   10;  11.3;   3.8;    3;   0.0;   4;    0.200;-999;   6.8;  10.0; 1007.10;   10.3;   79.17;   11.5;    7.1;    5.1;eor
       3023;20181201;   10;  13.8;   4.2;    3;   1.9;   4;    2.100;-999;   7.4;   9.2; 1007.15;    7.8;   87.42;   10.3;    5.6;    4.1;eor
       3023;20181202;   10;  10.8;   4.5;    3;   4.1;   4;    0.000;-999;   7.8;  12.6;  995.73;   11.0;   95.42;   13.1;    8.5;    7.9;eor
       3023;20181203;   10;  10.7;   3.9;    3;   1.3;   4;    0.383;-999;   7.5;  12.3;  995.73;   11.7;   89.42;   12.9;    7.6;    6.4;eor
       3023;20181204;   10;   6.6;   1.9;    3;   0.0;   4;    6.117;-999;   3.3;   7.5; 1015.67;    5.0;   86.04;    8.4;    0.7;   -1.4;eor
       3023;20181205;   10;   7.9;   2.8;    3;   0.9;   4;    1.700;-999;   7.9;   7.1; 1019.14;    3.4;   90.54;    6.6;    0.0;   -1.0;eor
       3023;20181206;   10;  11.0;   3.7;    3;   2.1;   4;    0.000;-999;   7.8;  11.8; 1010.50;   10.0;   95.79;   12.3;    6.3;    4.5;eor
       3023;20181207;   10;  19.1;   5.0;    3;   8.5;   4;    0.000;-999;   7.1;  11.9; 1000.55;   10.2;   94.71;   11.5;    5.9;    4.0;eor
       3023;20181208;   10;  15.0;   5.5;    3;  15.3;   4;    0.017;-999;   7.0;   9.3;  994.83;    7.8;   87.38;    9.5;    6.0;    3.9;eor
       3023;20181209;   10;  15.2;   4.8;    3;  13.6;   4;    1.017;-999;   6.9;   8.9;  995.69;    7.1;   87.79;    9.4;    5.1;    3.2;eor
       3023;20181210;   10;  11.0;   4.1;    3;   1.3;   4;    2.667;-999;   4.8;   7.1; 1014.74;    4.6;   83.17;    6.4;    3.7;    1.6;eor
       3023;20181211;   10;  14.2;   2.5;    3;   0.0;   4;    3.317;-999;   4.6;   7.0; 1019.39;    4.2;   85.50;    7.1;    1.1;   -1.6;eor
       3023;20181212;   10;   6.1;   1.4;    3;   0.0;   4;    0.900;-999;   6.8;   6.9; 1023.44;    3.1;   89.79;    4.8;    1.2;   -0.4;eor
       3023;20181213;   10;   8.6;   2.5;    3;   0.0;   4;    1.083;-999;   5.8;   6.1; 1021.09;    1.8;   87.92;    3.6;    0.4;   -1.2;eor
       3023;20181214;   10;   6.9;   2.4;    3;   0.2;   4;    1.233;-999;   6.8;   5.7; 1022.29;    1.2;   85.42;    2.9;   -0.2;   -2.8;eor
       3023;20181215;   10;  10.4;   3.1;    3;   0.4;   4;    0.000;-999;   7.1;   4.6; 1021.30;    0.3;   74.04;    1.5;   -1.5;   -2.2;eor
       3023;20181216;   10;  10.0;   2.9;    3;   1.3;   4;    0.000;-999;   7.9;   5.4; 1009.37;   -0.3;   89.46;    1.7;   -1.9;   -2.0;eor
       3023;20181217;   10;   7.5;   2.8;    3;   1.5;   4;    0.000;-999;   7.6;   8.3; 1014.63;    4.5;   98.17;    6.9;    1.6;    0.8;eor
       3023;20181218;   10;   9.9;   3.3;    3;   0.3;   4;    0.783;-999;   8.0;   8.1; 1017.44;    5.9;   87.21;    7.6;    4.2;    2.3;eor
       3023;20181219;   10;  10.4;   3.7;    3;   0.4;   4;    0.000;-999;   7.8;   8.4; 1008.16;    7.0;   83.33;    9.0;    4.8;    3.6;eor
       3023;20181220;   10;  10.7;   3.5;    3;   8.2;   4;    0.100;-999;   7.9;   9.3; 1007.53;    7.3;   90.83;    9.0;    5.7;    4.4;eor
       3023;20181221;   10;  17.9;   5.1;    3;  23.1;   4;    0.000;-999;   7.7;  10.9;  998.80;    8.8;   95.50;   12.0;    7.1;    6.5;eor
       3023;20181222;   10;  11.2;   2.9;    3;   5.7;   4;    0.000;-999;   7.7;  10.0; 1007.87;    7.7;   94.54;    8.8;    6.9;    6.0;eor
       3023;20181223;   10;   8.1;   2.4;    3;  10.9;   4;    0.000;-999;   7.7;   9.7; 1014.17;    7.0;   96.79;    7.8;    5.4;    5.2;eor
       3023;20181224;   10;   7.7;   2.4;    3;   0.0;   4;    4.467;-999;   5.6;   7.6; 1025.69;    4.7;   89.00;    6.0;    1.4;   -0.7;eor
       3023;20181225;   10;   8.3;   2.6;    3;   0.0;   4;    0.950;-999;   7.9;   7.5; 1030.58;    5.6;   82.21;    8.0;    4.0;    2.5;eor
       3023;20181226;   10;   7.5;   2.9;    3;   0.2;   4;    0.000;-999;   8.0;   7.7; 1027.95;    4.0;   94.38;    4.6;    3.0;    2.9;eor
       3023;20181227;   10;   5.1;   2.0;    3;   0.0;   4;    0.000;-999;   7.6;   6.1; 1023.82;    3.6;   77.71;    4.6;    1.4;   -0.4;eor
       3023;20181228;   10;   5.3;   2.0;    3;   0.0;   4;    0.000;-999;   7.7;   6.7; 1025.40;    3.2;   86.88;    4.5;    1.2;   -1.0;eor
       3023;20181229;   10;  16.2;   4.3;    3;   2.2;   4;    0.000;-999;   7.8;   9.2; 1023.97;    6.8;   93.50;    9.6;    4.5;    4.2;eor
       3023;20181230;   10;  15.8;   3.3;    3;   0.8;   4;    0.000;-999;   7.9;   9.4; 1027.53;    7.8;   88.88;    8.6;    6.8;    5.7;eor
       3023;20181231;   10;   9.7;   2.5;    3;   0.4;   4;    0.000;-999;   7.9;  10.8; 1028.90;    8.7;   95.83;    9.7;    7.7;    7.2;eor
       3023;20190101;   10;  17.9;   5.1;    3;   2.1;   4;    0.617;-999;   7.4;   8.4; 1023.70;    7.0;   83.00;    8.5;    4.0;    2.1;eor
       3023;20190102;   10;  19.3;   3.7;    3;   0.3;   4;    5.383;-999;   5.9;   5.8; 1031.34;    4.2;   70.42;    6.8;    0.4;   -2.2;eor
       3023;20190103;   10;   7.4;   2.1;    3;   0.1;   4;    0.483;-999;   7.3;   6.9; 1035.13;    3.1;   90.54;    5.9;    0.1;   -1.9;eor
       3023;20190104;   10;  10.0;   3.0;    3;   2.5;   4;    0.000;-999;   7.7;   7.7; 1031.92;    3.6;   96.92;    6.1;   -0.3;   -1.9;eor
       3023;20190105;   10;  12.5;   5.4;    3;   5.4;   4;    0.000;-999;   7.6;  10.0; 1025.74;    7.3;   97.46;    7.9;    6.1;    5.7;eor
       3023;20190106;   10;   8.6;   3.3;    3;   1.8;   4;    0.000;-999;   7.6;   9.5; 1028.63;    6.5;   98.25;    7.3;    5.1;    4.5;eor
       3023;20190107;   10;  13.4;   3.3;    3;   6.7;   4;    0.000;-999;   7.7;   9.1; 1024.33;    6.1;   96.29;    8.6;    4.3;    3.0;eor
       3023;20190108;   10;  19.4;   7.0;    3;  10.2;   4;    0.300;-999;   7.4;   8.0; 1009.10;    6.3;   83.42;    8.0;    2.9;    1.2;eor
       3023;20190109;   10;  14.9;   4.2;    3;   0.0;   0;    3.683;-999;   4.0;   6.1; 1015.49;    3.1;   80.13;    5.6;    0.5;   -1.6;eor
       3023;20190110;   10;   5.9;   1.8;    3;   3.6;   4;    0.000;-999;   7.8;   6.1; 1023.15;    1.2;   91.50;    3.1;   -0.2;   -1.1;eor
       3023;20190111;   10;  10.4;   3.3;    3;   1.3;   4;    0.000;-999;   7.9;   8.9; 1019.26;    5.5;   97.88;    7.7;    2.0;    1.8;eor
       3023;20190112;   10;  11.0;   3.9;    3;   7.6;   4;    0.000;-999;   7.7;   9.1; 1012.22;    6.4;   94.50;    7.7;    5.6;    4.7;eor
       3023;20190113;   10;  18.4;   5.1;    3;  12.4;   4;    0.000;-999;   7.6;   9.9;  999.82;    8.0;   92.33;    9.0;    6.7;    5.4;eor
       3023;20190114;   10;  13.6;   4.4;    3;   0.6;   4;    2.900;-999;   7.0;   6.5; 1008.63;    4.3;   78.00;    6.9;    2.4;    1.6;eor
       3023;20190115;   10;  11.9;   4.4;    3;   0.4;   4;    0.000;-999;   7.9;   8.0; 1012.05;    5.6;   87.29;    7.6;    2.5;    1.6;eor
       3023;20190116;   10;  13.7;   5.2;    3;   2.2;   4;    0.000;-999;   7.8;   8.2; 1003.43;    6.4;   84.96;    7.6;    4.9;    4.3;eor
       3023;20190117;   10;  11.6;   3.9;    3;   2.1;   4;    0.367;-999;   6.3;   7.1;  999.34;    3.2;   91.46;    5.0;    0.2;   -1.3;eor
       3023;20190118;   10;   7.7;   2.0;    3;   0.0;   0;    6.000;-999;   4.5;   5.3; 1015.52;    0.0;   87.79;    4.3;   -2.3;   -4.8;eor
       3023;20190119;   10;   5.4;   1.8;    3;   0.0;   0;    4.850;-999;   7.7;   4.5; 1015.20;   -1.2;   81.17;    2.4;   -3.7;   -6.9;eor
       3023;20190120;   10;   3.6;   1.1;    3;   0.0;   0;    4.850;-999;   2.1;   4.3; 1016.12;   -3.0;   87.92;    1.3;   -6.2;   -8.4;eor
       3023;20190121;   10;   5.5;   1.8;    3;   0.2;   4;    6.617;-999;   4.0;   4.1; 1018.45;   -2.7;   81.63;    2.5;   -7.8;   -9.3;eor
       3023;20190122;   10;   9.4;   3.4;    3;   0.8;   4;    2.650;-999;   7.7;   4.1; 1004.39;   -1.5;   75.17;    1.4;   -4.8;   -5.8;eor
       3023;20190123;   10;   5.6;   2.2;    3;   0.0;   4;    0.417;-999;   7.9;   4.3;  999.43;   -2.5;   84.79;   -0.6;   -4.0;   -7.5;eor
       3023;20190124;   10;   4.8;   1.7;    3;   0.0;   4;    0.000;-999;   7.9;   3.5; 1009.09;   -4.5;   80.83;   -3.9;   -5.3;   -5.2;eor
       3023;20190125;   10;   9.8;   2.7;    3;  11.6;   4;    0.133;-999;   7.9;   4.6; 1009.90;   -2.8;   87.63;    3.3;   -5.6;   -5.5;eor
       3023;20190126;   10;  11.1;   4.0;    3;  10.4;   4;    0.000;-999;   7.8;   9.2;  999.04;    6.1;   97.92;    7.0;    3.3;    2.2;eor
       3023;20190127;   10;  11.1;   4.2;    3;   4.6;   4;    0.000;-999;   7.6;   8.5;  982.63;    5.5;   93.67;    6.7;    3.1;    1.4;eor
       3023;20190128;   10;  14.8;   4.4;    3;   2.5;   4;    0.000;-999;   7.3;   7.1;  989.42;    2.9;   93.92;    5.0;    0.7;   -0.5;eor
       3023;20190129;   10;   9.0;   2.8;    3;   0.0;   4;    5.233;-999;   7.0;   5.7; 1000.05;    1.3;   85.33;    4.3;   -0.2;   -1.8;eor
       3023;20190130;   10;   7.7;   1.9;    3;   3.0;   4;    0.000;-999;   7.7;   5.3;  991.67;    0.0;   87.25;    1.3;   -0.7;   -2.1;eor
       3023;20190131;   10;   6.7;   2.2;    3;   0.0;   4;    0.183;-999;   7.8;   5.8;  993.35;    0.4;   92.00;    1.4;   -0.9;   -3.5;eor
       3023;20190201;   10;   9.3;   2.3;    3;   0.1;   4;    0.000;-999;   7.6;   5.7;  988.79;    0.9;   86.29;    2.5;   -0.4;   -4.9;eor
       3023;20190202;   10;   5.5;   2.0;    3;   3.4;   4;    0.000;-999;   7.6;   6.1;  997.25;    0.5;   95.92;    1.3;   -0.4;   -1.8;eor
       3023;20190203;   10;   6.6;   1.9;    3;   0.0;   0;    4.817;-999;   3.1;   6.1; 1015.95;    1.2;   91.42;    5.9;   -1.2;   -3.8;eor
       3023;20190204;   10;  16.9;   4.8;    3;   0.3;   4;    0.000;-999;   6.8;   5.7; 1020.97;    1.8;   82.92;    4.4;   -0.9;   -2.7;eor
       3023;20190205;   10;   8.7;   3.2;    3;   0.0;   4;    0.000;-999;   8.0;   7.4; 1023.15;    3.6;   93.54;    4.9;    2.3;    1.7;eor
       3023;20190206;   10;  10.3;   3.5;    3;  13.8;   4;    0.000;-999;   7.7;   7.7; 1018.04;    4.7;   89.58;    6.3;    3.3;    1.7;eor
       3023;20190207;   10;  15.5;   5.2;    3;   4.8;   4;    3.117;-999;   7.1;   8.5; 1005.28;    7.4;   82.79;    9.7;    5.0;    4.2;eor
       3023;20190208;   10;  16.1;   5.7;    3;   2.5;   4;    0.000;-999;   7.6;   8.7; 1004.33;    7.7;   82.71;    9.6;    5.5;    4.1;eor
       3023;20190209;   10;  19.8;   6.4;    3;   3.4;   4;    1.117;-999;   7.3;   8.2;  998.14;    8.6;   73.17;   10.8;    7.1;    5.8;eor
       3023;20190210;   10;  13.5;   4.6;    3;  10.1;   4;    0.000;-999;   7.8;   9.0;  991.04;    6.7;   90.83;    9.7;    3.9;    3.6;eor
       3023;20190211;   10;  14.7;   4.6;    3;   0.7;   4;    3.683;-999;   6.5;   7.2; 1013.39;    5.5;   79.75;    7.9;    3.1;    1.4;eor
       3023;20190212;   10;   9.9;   2.9;    3;   0.0;   0;    1.050;-999;   7.8;   7.3; 1028.93;    5.0;   84.08;    8.2;    1.7;    0.1;eor
       3023;20190213;   10;   8.8;   3.1;    3;   0.0;   0;    0.000;-999;   8.0;   7.9; 1031.57;    6.0;   83.83;    7.4;    3.7;    1.3;eor
       3023;20190214;   10;   6.0;   2.0;    3;   0.0;   0;    8.350;-999;   5.0;   6.4; 1032.25;    5.5;   73.71;   12.8;    1.4;   -1.8;eor
       3023;20190215;   10;   5.0;   2.1;    3;   0.0;   0;    9.050;-999;   0.0;   6.4; 1028.20;    7.5;   62.88;   16.2;    1.9;   -1.9;eor
       3023;20190216;   10;   7.4;   2.4;    3;   0.0;   0;    8.150;-999;   4.7;   6.7; 1022.27;    8.2;   63.46;   15.2;    2.7;   -0.7;eor
       3023;20190217;   10;   5.5;   1.9;    3;   0.0;   0;    8.533;-999;   7.8;   7.2; 1018.61;    7.6;   70.92;   15.4;    1.7;   -1.0;eor
       3023;20190218;   10;   7.0;   2.1;    3;   0.4;   4;    8.617;-999;   4.1;   6.8; 1014.31;    7.9;   66.42;   16.1;    1.7;   -1.6;eor
       3023;20190219;   10;  11.5;   3.6;    3;   0.5;   4;    2.050;-999;   7.5;   8.4; 1014.05;    7.5;   81.71;   10.2;    4.6;    1.4;eor
       3023;20190220;   10;   8.7;   3.1;    3;   0.0;   0;    1.583;-999;   8.0;   7.8; 1018.90;    8.0;   73.92;   11.0;    5.3;    3.4;eor
       3023;20190221;   10;   9.7;   3.0;    3;   0.8;   4;    0.100;-999;   7.8;   9.6; 1022.92;    8.7;   85.00;   11.4;    6.9;    4.7;eor
       3023;20190222;   10;   7.1;   1.9;    3;   0.0;   4;    0.817;-999;   7.8;  10.2; 1033.53;    8.4;   92.29;   10.2;    3.4;    1.7;eor
       3023;20190223;   10;   6.5;   2.0;    3;   0.0;   0;    8.917;-999;   5.7;   6.7; 1036.37;    5.3;   76.67;   12.2;    1.5;   -1.3;eor
       3023;20190224;   10;   3.9;   1.3;    3;   0.0;   0;    8.900;-999;   2.3;   5.0; 1035.43;    6.9;   55.75;   16.8;   -0.3;   -2.7;eor
       3023;20190225;   10;   3.9;   0.9;    3;   0.0;   0;    9.267;-999;   3.0;   5.5; 1035.23;    7.1;   61.42;   18.1;   -0.6;   -2.9;eor
       3023;20190226;   10;   3.2;   0.8;    3;   0.0;   0;    9.383;-999;  -999;   5.7; 1031.85;    7.4;   62.33;   18.7;   -0.9;   -3.3;eor
       3023;20190227;   10;   5.4;   1.7;    3;   0.0;   0;    9.767;-999;   0.0;   6.7; 1022.58;    9.3;   60.42;   20.4;    3.0;   -2.9;eor
       3023;20190228;   10;  11.5;   2.2;    3;   2.5;   4;    3.833;-999;   5.1;   8.9; 1011.97;    8.2;   82.21;   14.3;    3.6;    0.2;eor
       3023;20190301;   10;   8.7;   2.7;    3;   0.0;   4;    0.000;-999;   7.8;   8.6; 1011.59;    6.6;   86.71;    9.0;    4.7;    4.0;eor
       3023;20190302;   10;  12.6;   3.0;    3;   0.1;   4;    2.083;-999;   7.6;   8.5; 1010.64;    7.3;   82.00;   11.2;    4.2;    2.8;eor
       3023;20190303;   10;  15.6;   6.1;    3;   2.8;   4;    0.000;-999;   7.8;  11.1; 1000.03;   10.8;   85.58;   12.6;    9.5;    8.6;eor
       3023;20190304;   10;  19.7;   6.8;    3;   6.3;   4;    0.350;-999;   7.2;   8.4;  988.41;    9.3;   71.25;   13.1;    6.4;    4.7;eor
       3023;20190305;   10;  13.7;   4.2;    3;   1.6;   4;    4.550;-999;   6.4;   7.4; 1000.60;    6.8;   75.79;   10.0;    3.6;    2.5;eor
       3023;20190306;   10;  13.2;   4.9;    3;   0.4;   4;    0.167;-999;   7.7;   9.1;  997.31;    9.2;   78.96;   14.2;    5.0;    3.4;eor
       3023;20190307;   10;  20.4;   6.4;    3;  13.2;   4;    3.267;-999;   7.1;   9.2;  989.09;    9.5;   77.04;   12.0;    5.5;    2.0;eor
       3023;20190308;   10;  16.0;   4.7;    3;   3.5;   4;    3.133;-999;   7.3;   7.8; 1004.17;    7.3;   76.58;    9.9;    5.9;    4.6;eor
       3023;20190309;   10;  23.1;   5.7;    3;   1.6;   4;    1.500;-999;   6.6;   8.4; 1004.31;    7.6;   80.29;   11.0;    5.3;    3.6;eor
       3023;20190310;   10;  10.8;   3.2;    3;  21.7;   4;    0.000;-999;   7.7;   7.4; 1002.41;    3.9;   90.96;    6.5;    0.5;    0.0;eor
       3023;20190311;   10;  16.8;   4.6;    3;   5.5;   4;    0.450;-999;   7.3;   7.2; 1011.25;    3.8;   88.92;    6.8;    0.6;    0.0;eor
       3023;20190312;   10;  18.7;   5.6;    3;   1.4;   4;    0.000;-999;   7.8;   6.7; 1007.77;    5.9;   74.54;    9.9;    1.9;    0.3;eor
       3023;20190313;   10;  17.5;   6.4;    3;   7.4;   4;    0.217;-999;   7.6;   7.9;  997.30;    6.3;   82.83;    7.7;    4.6;    3.2;eor
       3023;20190314;   10;  17.2;   5.4;    3;  10.4;   4;    0.000;-999;   6.8;   8.7;  996.32;    6.8;   87.79;    8.8;    5.7;    4.5;eor
       3023;20190315;   10;  19.1;   5.3;    3;   0.7;   4;    0.367;-999;   7.5;   8.5;  999.22;    8.5;   76.63;   12.9;    6.1;    4.6;eor
       3023;20190316;   10;  16.8;   4.9;    3;   3.7;   4;    0.000;-999;   7.8;   8.8; 1001.09;    9.0;   76.21;   11.4;    5.2;    4.4;eor
       3023;20190317;   10;  15.9;   5.0;    3;   4.6;   4;    3.600;-999;   5.5;   7.8;  997.60;    7.3;   75.71;   11.1;    4.2;    2.7;eor
       3023;20190318;   10;  14.9;   4.1;    3;   0.9;   4;    5.267;-999;   5.2;   7.0; 1012.59;    5.3;   79.79;    8.9;    1.7;   -0.6;eor
       3023;20190319;   10;   6.5;   1.8;    3;   0.0;   4;    7.317;-999;   3.8;   6.5; 1024.93;    5.2;   76.38;   11.5;    0.0;   -2.2;eor
       3023;20190320;   10;   7.2;   2.6;    3;   0.1;   4;    0.000;-999;   7.0;   9.2; 1029.65;    8.0;   84.21;   10.8;    3.4;    0.9;eor
       3023;20190321;   10;   7.4;   2.2;    3;   0.0;   0;    4.667;-999;   6.6;  10.8; 1031.06;   10.7;   84.88;   15.6;    6.9;    4.2;eor
       3023;20190322;   10;   8.0;   1.9;    3;   0.0;   0;    9.050;-999;   4.7;  10.3; 1026.87;   12.2;   76.75;   20.1;    7.4;    5.2;eor
       3023;20190323;   10;   8.8;   2.5;    3;   0.5;   4;    0.750;-999;   8.0;   9.4; 1026.97;    8.1;   86.79;   11.2;    2.3;    0.4;eor
       3023;20190324;   10;   8.6;   2.1;    3;   2.0;   4;    7.067;-999;   5.5;   6.8; 1024.41;    5.4;   77.71;   11.4;   -0.3;   -1.9;eor
       3023;20190325;   10;  21.4;   5.1;    3;   3.8;   4;    3.567;-999;   5.6;   7.6; 1018.48;    5.8;   82.21;    9.4;    2.9;    1.3;eor
       3023;20190326;   10;   9.2;   2.9;    3;   0.5;   4;    0.033;-999;   7.6;   7.9; 1027.08;    6.8;   79.58;    9.0;    4.0;    2.0;eor
       3023;20190327;   10;   7.3;   2.2;    3;   0.0;   4;    1.700;-999;   8.0;   8.7; 1029.88;    8.5;   79.92;   13.0;    4.4;    3.0;eor
       3023;20190328;   10;   4.1;   1.2;    3;   0.0;   0;    0.500;-999;   8.0;   9.5; 1032.24;    9.8;   78.92;   12.7;    7.3;    6.0;eor
       3023;20190329;   10;   4.9;   1.2;    3;   0.0;   0;   11.283;-999;   0.8;   9.0; 1027.80;   10.5;   73.50;   18.3;    3.1;    0.7;eor
       3023;20190330;   10;   8.1;   2.2;    3;   0.0;   0;    7.917;-999;   2.0;   9.4; 1019.07;   11.9;   70.17;   19.3;    5.4;    2.7;eor
       3023;20190331;   10;   9.2;   2.9;    3;   0.0;   0;    8.350;-999;   3.9;   7.1; 1022.73;    7.7;   68.67;   13.1;    2.1;   -0.1;eor
       3023;20190401;   10;   9.9;   2.8;    3;   0.0;   0;   11.550;-999;   0.0;   5.5; 1020.04;    7.0;   56.88;   13.3;   -0.2;   -2.5;eor
       3023;20190402;   10;  15.5;   3.1;    3;   0.1;   4;    7.250;-999;   5.7;   8.5; 1004.22;   10.0;   67.92;   17.0;    3.9;    0.4;eor
       3023;20190403;   10;   7.0;   2.1;    3;   3.1;   4;    0.117;-999;   7.6;   9.0;  999.43;    8.3;   82.29;   10.2;    6.7;    5.6;eor
       3023;20190404;   10;   4.4;   1.5;    3;  13.4;   4;    0.000;-999;   7.9;   8.9;  998.96;    5.9;   95.13;    7.2;    4.0;    2.2;eor
       3023;20190405;   10;   5.9;   1.9;    3;   0.3;   4;    0.000;-999;   7.6;   9.3; 1004.24;    6.8;   94.50;    8.0;    5.4;    5.4;eor
       3023;20190406;   10;   7.0;   2.1;    3;   0.0;   0;    5.300;-999;   4.5;  11.1; 1003.76;   11.1;   84.08;   17.3;    7.0;    6.3;eor
       3023;20190407;   10;   9.1;   2.1;    3;   0.0;   0;   10.933;-999;   1.0;   9.5; 1004.35;   13.8;   65.17;   21.1;    6.2;    3.8;eor
       3023;20190408;   10;   9.5;   2.4;    3;   0.0;   0;   10.933;-999;   2.5;   8.6; 1008.12;   13.3;   59.54;   21.1;    5.5;    2.8;eor
       3023;20190409;   10;  11.2;   4.0;    3;   0.0;   0;   11.567;-999;   3.8;   6.5; 1011.91;    8.5;   60.04;   14.0;    4.1;    1.9;eor
       3023;20190410;   10;  10.0;   3.5;    3;   0.0;   0;   11.833;-999;   0.1;   5.4; 1016.18;    5.8;   59.96;   11.5;    0.7;   -1.3;eor
       3023;20190411;   10;  10.0;   2.8;    3;   0.0;   0;    6.883;-999;   4.0;   5.2; 1021.80;    5.7;   59.00;   11.5;   -0.3;   -2.0;eor
       3023;20190412;   10;  10.5;   2.7;    3;   0.1;   4;    1.467;-999;   7.3;   5.6; 1024.09;    4.3;   68.50;    7.0;    0.1;   -2.2;eor
       3023;20190413;   10;  11.8;   2.4;    3;   0.9;   4;    5.783;-999;   3.9;   5.7; 1023.18;    2.3;   79.04;    8.2;   -1.9;   -3.8;eor
       3023;20190414;   10;   9.2;   2.9;    3;   0.0;   4;    6.700;-999;   5.3;   6.5; 1023.99;    5.7;   72.71;   11.7;    0.2;   -1.4;eor
       3023;20190415;   10;  11.3;   3.2;    3;   0.0;   0;   11.833;-999;   3.0;   6.9; 1022.65;   10.5;   57.33;   16.3;    5.0;    3.1;eor
       3023;20190416;   10;  10.5;   3.3;    3;   0.0;   0;   11.483;-999;   1.4;   6.6; 1016.71;   11.1;   51.13;   17.9;    3.9;    1.1;eor
       3023;20190417;   10;   9.5;   2.8;    3;   0.0;   0;    7.883;-999;   5.7;   6.8; 1020.42;   13.9;   45.00;   20.5;    6.0;    2.6;eor
       3023;20190418;   10;  13.0;   3.0;    3;   0.0;   0;   11.917;-999;   4.7;   7.5; 1024.72;   15.6;   44.50;   22.2;    7.3;    4.7;eor
       3023;20190419;   10;  10.2;   2.7;    3;   0.0;   0;   11.900;-999;   0.6;   8.3; 1027.23;   16.7;   45.46;   24.6;    8.8;    5.5;eor
       3023;20190420;   10;   9.3;   2.7;    3;   0.0;   0;   11.950;-999;   0.3;   7.5; 1027.05;   16.4;   43.25;   24.4;    9.2;    5.6;eor
       3023;20190421;   10;   6.0;   1.8;    3;   0.0;   0;   11.983;-999;   0.0;   7.2; 1018.75;   15.5;   45.75;   25.0;    5.5;    3.1;eor
       3023;20190422;   10;  12.7;   3.2;    3;   0.0;   0;   11.983;-999;   2.4;   7.6; 1008.75;   16.8;   41.71;   24.5;    8.2;    5.3;eor
       3023;20190423;   10;  16.2;   4.1;    3;   0.0;   4;   11.933;-999;   1.6;   9.0;  999.56;   16.1;   49.67;   21.7;   10.2;    7.6;eor
       3023;20190424;   10;  18.5;   3.3;    3;   3.9;   4;    8.733;-999;   6.8;  12.1;  997.79;   18.8;   59.29;   27.4;   10.8;   10.7;eor
       3023;20190425;   10;  13.3;   3.8;    3;   0.3;   4;    7.983;-999;   5.6;  10.6; 1004.52;   15.0;   65.71;   22.5;    8.7;    7.5;eor
       3023;20190426;   10;   7.0;   1.9;    3;   1.3;   4;    1.433;-999;   7.5;  11.8; 1009.60;   12.4;   82.50;   16.1;    9.2;    7.0;eor
       3023;20190427;   10;  11.6;   2.6;    3;   4.9;   4;    2.117;-999;   5.7;  10.2; 1008.85;    9.6;   84.75;   14.3;    6.3;    5.0;eor
       3023;20190428;   10;   8.5;   1.7;    3;   1.7;   4;    2.900;-999;   5.9;   9.3; 1015.62;    8.9;   82.46;   14.0;    4.3;    2.8;eor
       3023;20190429;   10;   9.5;   2.8;    3;   0.0;   4;    3.583;-999;   7.5;   9.8; 1021.60;    8.6;   87.63;   13.9;    1.9;    0.8;eor
       3023;20190430;   10;   7.6;   3.0;    3;   0.0;   0;    8.250;-999;   4.9;  10.1; 1019.83;   11.6;   75.38;   18.1;    8.1;    7.2;eor
       3023;20190501;   10;   7.9;   2.6;    3;   0.0;   0;    6.917;-999;   6.1;   9.6; 1014.39;   10.3;   76.71;   14.8;    7.4;    5.7;eor
       3023;20190502;   10;  10.7;   3.2;    3;   0.1;   4;    2.483;-999;   7.8;  10.2; 1007.13;   10.6;   79.79;   14.4;    7.9;    6.5;eor
       3023;20190503;   10;  11.6;   3.3;    3;   0.1;   4;    3.900;-999;   7.2;   6.9; 1008.60;    8.2;   65.00;   12.8;    4.7;    2.7;eor
       3023;20190504;   10;  14.2;   3.1;    3;   0.9;   4;    7.883;-999;   4.3;   6.5; 1007.85;    6.3;   68.13;   12.1;    2.2;    0.0;eor
       3023;20190505;   10;  13.0;   3.2;    3;   0.0;   4;    4.567;-999;   6.2;   6.7; 1016.37;    7.2;   68.29;   13.0;    1.9;   -0.3;eor
       3023;20190506;   10;  12.4;   2.8;    3;   0.0;   4;    4.617;-999;   7.5;   7.4; 1016.58;    7.9;   71.08;   14.1;    3.5;    1.3;eor
       3023;20190507;   10;   6.3;   1.8;    3;   0.0;   4;    4.100;-999;   5.6;   7.2; 1014.34;    8.0;   69.88;   13.9;    1.1;   -1.0;eor
       3023;20190508;   10;  10.7;   2.8;    3;   2.1;   4;    1.233;-999;   7.6;   9.6;  999.30;   10.1;   77.96;   15.7;    4.8;    3.0;eor
       3023;20190509;   10;   8.2;   2.8;    3;   2.6;   4;    5.550;-999;   6.5;  11.0;  995.47;   12.7;   76.54;   18.5;    7.9;    6.6;eor
       3023;20190510;   10;   7.6;   2.2;    3;   0.0;   4;    0.583;-999;   7.3;  10.1; 1005.70;   10.8;   79.25;   14.3;    5.9;    4.3;eor
       3023;20190511;   10;  10.8;   3.3;    3;   0.0;   0;    9.117;-999;   4.6;   7.9; 1013.99;    9.9;   67.38;   17.1;    4.2;    1.9;eor
       3023;20190512;   10;  11.0;   3.2;    3;   0.0;   4;    9.033;-999;   3.2;   7.2; 1030.56;    8.9;   65.58;   16.2;    2.9;    0.6;eor
       3023;20190513;   10;  10.0;   2.6;    3;   0.0;   0;   13.717;-999;   1.5;   6.5; 1036.24;    9.3;   61.54;   17.0;    0.6;   -1.5;eor
       3023;20190514;   10;   7.9;   2.2;    3;   0.0;   0;   13.400;-999;   4.7;   7.3; 1031.23;   11.4;   59.21;   19.4;    3.5;    1.3;eor
       3023;20190515;   10;   9.5;   2.4;    3;   0.0;   0;   11.300;-999;   3.0;   6.9; 1024.77;   12.2;   52.88;   20.7;    3.9;    1.8;eor
       3023;20190516;   10;  10.7;   2.7;    3;   0.2;   4;    1.583;-999;   7.9;   8.5; 1016.06;   11.4;   63.58;   16.9;    8.0;    6.5;eor
       3023;20190517;   10;   7.4;   2.0;    3;   0.0;   4;    0.183;-999;   7.8;  11.1; 1006.63;   12.6;   76.83;   16.1;   10.0;    9.8;eor
       3023;20190518;   10;   7.3;   1.3;    3;   0.0;   4;    8.817;-999;   4.9;  11.5; 1003.65;   16.7;   65.04;   25.5;    7.8;    5.3;eor
       3023;20190519;   10;   9.1;   1.6;    3;   0.9;   4;    7.617;-999;   7.3;  13.1; 1002.68;   16.9;   70.88;   27.6;    9.0;    7.5;eor
       3023;20190520;   10;   8.7;   2.9;    3;   0.0;   4;    1.817;-999;   6.5;  15.2; 1003.93;   15.4;   87.46;   21.6;   11.5;    9.8;eor
       3023;20190521;   10;   9.8;   4.1;    3;   0.0;   4;    0.017;-999;   8.0;  13.9; 1008.73;   14.1;   86.42;   17.7;   12.2;   12.3;eor
       3023;20190522;   10;   9.3;   3.3;    3;   0.0;   0;    6.433;-999;   6.8;  10.3; 1015.62;   13.8;   67.04;   20.5;    8.0;    5.5;eor
       3023;20190523;   10;   9.2;   2.1;    3;   0.0;   0;   12.383;-999;   6.3;   9.1; 1014.93;   15.5;   56.71;   23.8;    5.3;    3.5;eor
       3023;20190524;   10;  10.9;   3.0;    3;   0.0;   4;   13.183;-999;   6.3;  10.2; 1011.80;   16.4;   58.83;   25.0;    8.5;    7.1;eor
       3023;20190525;   10;   8.0;   2.1;    3;   0.0;   0;    3.483;-999;   6.8;  10.4; 1014.36;   13.6;   68.21;   20.0;    9.0;    7.3;eor
       3023;20190526;   10;  12.5;   3.6;    3;   2.4;   4;    0.817;-999;   8.0;  12.8; 1008.77;   16.4;   70.08;   21.9;    7.9;    6.7;eor
       3023;20190527;   10;  10.4;   2.7;    3;   0.0;   4;    6.450;-999;   6.5;  11.8; 1005.50;   14.8;   71.67;   19.0;    9.2;    6.9;eor
       3023;20190528;   10;  10.3;   2.3;    3;   2.6;   4;    1.683;-999;   6.2;  10.6; 1007.51;   11.6;   77.67;   14.7;    5.9;    3.5;eor
       3023;20190529;   10;   8.6;   1.9;    3;   0.0;   4;   13.167;-999;   2.2;   8.3; 1018.40;   12.6;   61.63;   20.2;    3.0;    1.4;eor
       3023;20190530;   10;  10.3;   3.4;    3;   2.6;   4;    0.350;-999;   7.7;  14.0; 1018.46;   16.4;   73.88;   19.9;   12.7;   11.7;eor
       3023;20190531;   10;   9.3;   2.5;    3;   0.0;   0;    6.433;-999;   7.3;  15.4; 1020.33;   19.1;   71.29;   24.5;   12.7;   11.1;eor
       3023;20190601;   10;   8.6;   2.3;    3;   0.0;   0;   12.283;-999;   6.6;  14.8; 1018.32;   19.6;   67.67;   27.4;   12.0;   10.2;eor
       3023;20190602;   10;  11.5;   2.8;    3;   3.7;   4;   13.700;-999;   6.0;  15.4; 1010.93;   23.8;   56.88;   31.7;   14.4;   12.1;eor
       3023;20190603;   10;   7.1;   1.8;    3;   1.9;   4;    2.050;-999;   6.3;  16.6; 1010.15;   18.4;   79.67;   23.7;   13.2;   12.0;eor
       3023;20190604;   10;  13.0;   2.2;    3;   0.0;   4;    6.117;-999;   7.0;  17.2; 1007.06;   20.2;   74.75;   26.9;   12.4;   11.1;eor
       3023;20190605;   10;   8.6;   2.6;    3;   2.9;   4;    8.167;-999;   5.8;  16.7; 1003.82;   22.3;   63.50;   27.7;   17.5;   16.0;eor
       3023;20190606;   10;  14.0;   2.5;    3;   0.2;   4;    3.717;-999;   7.2;  14.2; 1008.02;   16.0;   78.96;   21.4;   11.3;    9.5;eor
       3023;20190607;   10;  16.4;   2.9;    3;   0.3;   4;   10.867;-999;   4.9;  12.8; 1008.45;   17.3;   68.00;   26.0;    9.6;    7.8;eor
       3023;20190608;   10;  19.4;   6.1;    3;   3.6;   4;    4.300;-999;   5.5;  11.4; 1012.14;   15.2;   66.13;   17.5;   12.6;   10.6;eor
       3023;20190609;   10;   9.3;   2.6;    3;   0.0;   4;    9.733;-999;   6.3;  10.8; 1019.16;   16.9;   58.83;   23.7;   10.6;    8.9;eor
       3023;20190610;   10;   8.6;   2.1;    3;   2.0;   4;    3.483;-999;   7.7;  15.2; 1009.92;   19.0;   70.58;   26.5;   13.3;   12.0;eor
       3023;20190611;   10;   7.6;   2.2;    3;   1.3;   4;    7.750;-999;   5.7;  15.0; 1008.48;   17.6;   76.21;   22.3;   13.7;   12.6;eor
       3023;20190612;   10;  10.5;   2.4;    3;   9.0;   4;    4.517;-999;   5.5;  15.9; 1006.75;   16.1;   86.92;   19.6;   11.9;   10.4;eor
       3023;20190613;   10;  13.6;   3.7;    3;   0.8;   4;    9.083;-999;   4.5;  12.4; 1009.18;   16.1;   70.13;   22.0;   11.5;   10.0;eor
       3023;20190614;   10;   6.5;   1.7;    3;   2.2;   4;   12.217;-999;   6.0;  13.8; 1011.50;   20.3;   61.96;   27.8;   12.0;   10.5;eor
       3023;20190615;   10;  14.2;   2.5;    3;   3.0;   4;    5.483;-999;   6.6;  17.2; 1009.93;   18.1;   83.33;   22.1;   13.6;   12.1;eor
       3023;20190616;   10;   9.1;   2.2;    3;   0.0;   4;   10.950;-999;   3.8;  14.6; 1016.74;   18.0;   73.71;   24.5;   11.5;   10.2;eor
       3023;20190617;   10;   6.8;   1.8;    3;   0.0;   0;   12.333;-999;   2.7;  14.6; 1017.07;   21.0;   62.46;   28.1;   13.6;   11.9;eor
       3023;20190618;   10;   7.4;   1.6;    3;   0.0;   4;    8.833;-999;   6.8;  15.8; 1011.32;   23.1;   58.96;   29.6;   16.0;   14.0;eor
       3023;20190619;   10;  13.8;   2.0;    3;   1.0;   4;    8.983;-999;   5.8;  17.6; 1005.03;   21.9;   69.42;   29.7;   15.8;   14.4;eor
       3023;20190620;   10;  10.5;   2.7;    3;   1.8;   4;    3.117;-999;   7.1;  16.5; 1008.50;   18.3;   79.75;   23.7;   14.0;   13.1;eor
       3023;20190621;   10;   8.0;   2.5;    3;   0.0;   4;    8.250;-999;   4.0;  13.3; 1016.01;   17.1;   70.54;   23.0;   12.0;   10.8;eor
       3023;20190622;   10;   9.4;   2.5;    3;   0.0;   0;   13.183;-999;   1.9;  13.3; 1019.47;   18.5;   65.21;   26.5;   10.7;    9.4;eor
       3023;20190623;   10;   9.4;   2.4;    3;   0.0;   0;   13.667;-999;   3.4;  14.6; 1017.45;   22.8;   56.21;   31.6;   13.9;   12.3;eor
       3023;20190624;   10;  11.0;   2.6;    3;   0.0;   0;   13.733;-999;  -999;  16.0; 1017.03;   26.1;   48.58;   33.8;   18.6;   16.7;eor
       3023;20190625;   10;   8.9;   2.4;    3;   0.0;   0;   13.000;-999;   7.2;  17.8; 1015.01;   29.0;   45.21;   36.7;   20.8;   19.2;eor
       3023;20190626;   10;  10.0;   3.6;    3;   0.0;   0;   13.500;-999;   2.2;  19.7; 1021.22;   23.2;   69.38;   29.0;   15.5;   16.2;eor
       3023;20190627;   10;   9.1;   4.0;    3;   0.0;   0;   10.533;-999;   5.2;  12.6; 1025.75;   17.0;   65.88;   22.0;   13.6;   13.4;eor
       3023;20190628;   10;   7.5;   2.2;    3;   0.0;   0;   11.700;-999;   2.9;  12.6; 1023.07;   19.4;   58.46;   28.1;   13.4;   13.8;eor
       3023;20190629;   10;   8.2;   1.7;    3;   0.0;   0;   15.133;-999;   0.0;  13.5; 1016.33;   24.7;   51.42;   36.2;   12.3;   11.0;eor
       3023;20190630;   10;  11.9;   3.4;    3;   0.0;   0;   14.117;-999;   2.8;  15.5; 1010.71;   24.0;   52.88;   31.2;   16.0;   14.2;eor
       3023;20190701;   10;  14.0;   3.6;    3;   0.0;   4;    9.900;-999;   3.0;  13.4; 1014.18;   19.1;   63.08;   24.9;   14.5;   13.4;eor
       3023;20190702;   10;  10.0;   3.2;    3;   0.0;   0;    7.750;-999;   4.2;  11.3; 1019.75;   17.1;   59.83;   22.3;   11.1;    9.4;eor
       3023;20190703;   10;  10.7;   3.1;    3;   0.0;   0;    9.267;-999;   2.9;   9.9; 1022.46;   15.3;   60.38;   21.6;    8.9;    7.6;eor
       3023;20190704;   10;   7.1;   1.9;    3;   0.0;   0;   12.450;-999;   6.0;  10.9; 1020.77;   16.8;   58.96;   24.4;    7.6;    6.3;eor
       3023;20190705;   10;  10.9;   3.0;    3;   0.0;   0;    7.167;-999;   6.1;  12.7; 1013.79;   19.4;   57.63;   25.0;   14.4;   12.9;eor
       3023;20190706;   10;  11.2;   2.6;    3;   3.1;   4;    0.183;-999;   7.2;  14.3; 1008.48;   16.3;   78.29;   22.1;   11.4;   10.2;eor
       3023;20190707;   10;  11.8;   2.9;    3;   0.0;   4;    2.567;-999;   7.2;  10.7; 1011.95;   14.4;   66.50;   18.5;   11.1;    9.8;eor
       3023;20190708;   10;   9.7;   3.1;    3;   0.0;   4;    1.517;-999;   7.6;  10.7; 1015.69;   13.9;   67.50;   17.9;   10.2;    9.0;eor
       3023;20190709;   10;   9.6;   3.2;    3;   0.0;   0;    6.117;-999;   5.5;  10.5; 1017.70;   15.4;   61.88;   22.0;    9.9;    7.8;eor
       3023;20190710;   10;   6.8;   1.5;    3;   0.2;   4;    4.667;-999;   7.8;  10.9; 1016.85;   15.0;   67.29;   21.8;    8.2;    7.1;eor
       3023;20190711;   10;   6.1;   1.9;    3;   3.2;   4;    0.583;-999;   7.7;  16.1; 1010.30;   16.4;   86.13;   23.0;   13.5;   13.0;eor
       3023;20190712;   10;  12.8;   1.9;    3;  16.3;   4;    5.150;-999;   7.3;  16.5; 1008.73;   17.0;   85.79;   23.1;   13.2;   13.3;eor
       3023;20190713;   10;   9.7;   3.4;    3;   0.0;   4;    3.783;-999;   7.1;  14.6; 1014.28;   16.9;   77.17;   22.4;   13.9;   14.0;eor
       3023;20190714;   10;   7.4;   2.9;    3;   0.0;   4;    0.217;-999;   7.8;  12.6; 1016.97;   15.4;   72.00;   19.3;   13.5;   13.6;eor
       3023;20190715;   10;   8.1;   2.7;    3;   0.0;   4;    3.883;-999;   7.4;  12.1; 1016.63;   15.5;   69.33;   21.1;   13.2;   13.2;eor
       3023;20190716;   10;   6.7;   2.3;    3;   0.0;   4;    0.000;-999;   7.9;  13.8; 1015.65;   15.2;   79.17;   17.3;   13.7;   13.8;eor
       3023;20190717;   10;   6.1;   1.6;    3;   0.0;   0;    7.867;-999;   5.8;  13.7; 1012.81;   18.3;   66.63;   25.3;   14.0;   12.0;eor
       3023;20190718;   10;   9.2;   2.5;    3;   0.0;   4;    8.133;-999;   7.8;  13.8; 1008.75;   20.2;   61.83;   26.9;   13.0;   11.1;eor
       3023;20190719;   10;   6.8;   2.0;    3;   0.0;   4;    7.000;-999;   6.9;  14.5; 1010.43;   21.1;   59.92;   27.4;   17.4;   16.4;eor
       3023;20190720;   10;  13.6;   2.7;    3;   4.1;   4;    5.050;-999;   7.0;  16.8; 1008.68;   19.8;   73.04;   27.3;   16.9;   15.1;eor
       3023;20190721;   10;  10.8;   2.8;    3;   0.0;   4;   10.617;-999;   4.6;  14.3; 1016.70;   19.4;   65.75;   24.6;   13.7;   12.4;eor
       3023;20190722;   10;  10.2;   2.2;    3;   0.0;   4;    6.767;-999;   6.3;  16.1; 1019.65;   21.2;   65.58;   28.8;   13.5;   12.4;eor
       3023;20190723;   10;   5.5;   1.4;    3;   0.0;   0;   14.333;-999;   0.6;  17.2; 1017.79;   25.7;   58.46;   35.8;   16.0;   14.4;eor
       3023;20190724;   10;   6.5;   1.7;    3;   0.0;   0;   13.083;-999;   3.3;  17.0; 1012.32;   29.1;   47.29;   39.1;   19.8;   17.2;eor
       3023;20190725;   10;   7.1;   1.5;    3;   0.0;   0;   13.383;-999;   3.0;  18.2; 1011.77;   30.9;   46.50;   42.6;   19.7;   18.5;eor
       3023;20190726;   10;  10.7;   2.4;    3;   0.0;   0;   10.067;-999;   3.8;  15.7; 1007.67;   29.2;   40.92;   37.7;   21.6;   19.5;eor
       3023;20190727;   10;  13.7;   3.1;    3;   0.0;   0;   13.400;-999;   1.5;  14.1; 1001.05;   26.5;   43.25;   34.0;   19.3;   17.6;eor
       3023;20190728;   10;   8.8;   2.6;    3;   0.0;   4;    7.650;-999;   4.6;  17.0; 1000.20;   23.6;   60.42;   32.2;   18.2;   16.9;eor
       3023;20190729;   10;   7.1;   2.1;    3;   0.0;   0;    2.250;-999;   6.8;  16.4; 1008.08;   21.9;   63.33;   26.7;   18.1;   16.8;eor
       3023;20190730;   10;   9.1;   2.0;    3;   0.0;   4;    9.267;-999;   3.3;  14.6; 1008.73;   23.7;   53.58;   32.7;   15.5;   13.5;eor
       3023;20190731;   10;  12.4;   2.6;    3;   4.6;   4;    3.500;-999;   6.1;  15.3; 1011.92;   18.9;   71.29;   24.6;   14.9;   14.0;eor
       3023;20190801;    3;   8.9;   2.3;    3;   0.6;   4;    5.117;-999;   5.6;  15.7; 1013.48;   18.7;   74.54;   26.2;   14.3;   12.6;eor
       3023;20190802;    3;   7.7;   2.0;    3;   0.0;   4;    3.683;-999;   5.0;  16.2; 1012.10;   18.9;   76.79;   25.6;   13.9;   12.9;eor
       3023;20190803;    3;   7.5;   2.4;    3;   0.0;   0;    1.250;-999;   6.8;  15.5; 1014.63;   18.4;   74.33;   22.9;   14.3;   13.0;eor
       3023;20190804;    3;   6.2;   1.3;    3;   0.0;   4;    5.067;-999;   7.2;  14.8; 1013.39;   20.5;   63.79;   27.4;   13.6;   12.4;eor
       3023;20190805;    3;  10.5;   2.1;    3;   0.2;   4;    4.100;-999;   7.1;  16.4; 1007.53;   21.2;   66.08;   27.4;   17.2;   16.5;eor
       3023;20190806;    3;  10.1;   2.7;    3;   0.1;   4;    8.067;-999;   7.0;  14.8; 1006.40;   20.5;   63.21;   25.6;   15.9;   14.2;eor
       3023;20190807;    3;  10.7;   2.5;    3;   3.2;   4;    6.267;-999;   5.3;  14.6; 1004.03;   19.3;   66.46;   23.8;   15.4;   13.7;eor
       3023;20190808;    3;  10.9;   3.0;    3;   0.0;   4;    5.950;-999;   4.4;  13.9; 1007.70;   19.1;   64.29;   25.0;   13.4;   11.8;eor
       3023;20190809;    3;   8.4;   1.8;    3;   6.5;   4;    0.133;-999;   7.1;  18.3; 1005.79;   18.8;   83.38;   24.1;   12.5;   11.1;eor
       3023;20190810;    3;  16.1;   4.7;    3;   2.0;   4;    7.100;-999;   4.0;  15.6; 1005.98;   21.0;   63.75;   24.1;   17.5;   15.8;eor
       3023;20190811;    3;  11.6;   3.5;    3;   0.0;   0;    6.500;-999;   5.3;  12.2; 1010.74;   19.6;   54.29;   24.5;   15.6;   13.5;eor
       3023;20190812;    3;  12.7;   3.2;    3;  18.4;   4;    8.833;-999;   3.3;  13.5; 1011.14;   17.6;   70.21;   24.8;   13.1;   12.3;eor
       3023;20190813;    3;  10.2;   2.6;    3;   1.2;   4;    5.033;-999;   6.2;  13.0; 1013.31;   14.5;   80.17;   19.9;   11.1;   10.0;eor
       3023;20190814;    3;   9.2;   2.4;    3;   4.3;   4;    8.983;-999;   4.2;  11.8; 1013.39;   16.2;   68.42;   22.8;    9.4;    8.5;eor
       3023;20190815;    3;  11.7;   3.1;    3;   5.8;   4;    2.350;-999;   7.0;  16.7; 1007.16;   16.8;   87.58;   21.7;   14.1;   12.9;eor
       3023;20190816;    3;   8.9;   2.8;    3;   0.4;   4;    6.183;-999;   6.1;  13.7; 1011.77;   18.1;   68.00;   22.9;   12.9;   11.7;eor
       3023;20190817;    3;  11.8;   3.5;    3;   7.1;   4;    0.017;-999;   7.8;  17.9; 1004.65;   17.9;   86.88;   19.7;   16.3;   15.3;eor
       3023;20190818;    3;   7.1;   2.1;    3;   1.4;   4;    1.083;-999;   7.4;  16.8; 1003.90;   16.6;   89.08;   19.6;   13.9;   13.5;eor
       3023;20190819;    3;  10.9;   3.3;    3;   0.6;   4;    6.800;-999;   3.6;  13.8; 1012.08;   16.8;   73.67;   21.6;   13.0;   11.7;eor
       3023;20190820;    3;   9.4;   2.4;    3;   4.4;   4;    6.300;-999;   3.3;  13.7; 1019.33;   15.8;   78.04;   23.0;   11.5;   10.2;eor
       3023;20190821;    3;   6.5;   1.6;    3;   0.0;   0;   10.800;-999;   2.5;  12.3; 1025.02;   16.3;   71.29;   24.5;    9.9;    8.8;eor
       3023;20190822;    3;   9.1;   2.0;    3;   0.0;   0;   11.717;-999;   3.0;  12.7; 1022.77;   18.7;   63.13;   26.9;   10.8;    8.9;eor
       3023;20190823;    3;   4.4;   1.3;    3;   0.0;   0;   11.767;-999;   6.6;  13.1; 1022.94;   19.7;   61.96;   28.0;   11.0;    9.6;eor
       3023;20190824;    3;   7.3;   1.7;    3;   0.0;   0;   11.767;-999;   0.0;  13.9; 1019.05;   22.2;   56.92;   32.5;   13.4;   11.2;eor
       3023;20190825;    3;   6.3;   1.4;    3;   0.0;   0;   11.600;-999;   2.5;  16.3; 1016.87;   23.7;   58.96;   33.1;   14.9;   12.8;eor
       3023;20190826;    3;   7.6;   1.7;    3;   0.0;   0;   11.600;-999;   0.8;  18.9; 1015.67;   25.5;   61.38;   34.9;   17.8;   16.6;eor
       3023;20190827;    3;   5.2;   1.2;    3;   0.0;   0;   11.400;-999;   2.6;  18.3; 1012.64;   26.4;   57.54;   35.2;   18.5;   16.4;eor
       3023;20190828;    3;   7.9;   2.2;    3;  11.3;   4;    9.000;-999;   7.4;  18.4; 1010.63;   25.7;   58.17;   33.2;   19.8;   17.9;eor
       3023;20190829;    3;   8.1;   2.1;    3;   0.0;   0;    4.817;-999;   5.8;  18.4; 1015.81;   20.5;   77.50;   25.0;   15.8;   14.1;eor
       3023;20190830;    3;   6.5;   1.5;    3;   0.0;   0;   11.000;-999;   5.1;  14.3; 1019.49;   18.6;   70.67;   26.0;   13.0;   12.0;eor
       3023;20190831;    3;  14.3;   1.9;    3;   1.9;   4;   11.100;-999;   2.4;  16.4; 1010.33;   21.6;   68.25;   31.1;   13.0;   11.7;eor
       3023;20190901;    3;  10.9;   2.3;    3;   0.0;   4;    2.650;-999;   5.8;  14.3; 1011.35;   16.8;   75.08;   21.2;   10.8;    9.3;eor
       3023;20190902;    3;   9.1;   2.1;    3;   0.2;   4;    8.500;-999;   5.3;  11.4; 1019.23;   15.1;   68.63;   21.8;   10.0;    8.3;eor
       3023;20190903;    3;  10.5;   3.0;    3;   0.2;   4;    2.050;-999;   7.5;  13.8; 1019.05;   16.6;   72.38;   20.8;   13.8;   13.2;eor
       3023;20190904;    3;  11.4;   3.3;    3;   2.8;   4;    2.117;-999;   6.7;  14.9; 1012.19;   16.3;   81.04;   21.2;   12.3;   11.0;eor
       3023;20190905;    3;  12.2;   3.5;    3;   3.0;   4;    4.950;-999;   3.7;  12.3; 1015.27;   13.8;   78.42;   17.8;    9.2;    7.7;eor
       3023;20190906;    3;  11.0;   3.2;    3;   0.5;   4;    3.317;-999;   6.8;  10.2; 1018.86;   13.7;   67.13;   18.9;    8.0;    6.8;eor
       3023;20190907;    3;   9.3;   2.0;    3;   0.1;   4;    6.450;-999;   4.7;  12.7; 1015.14;   14.6;   78.25;   20.8;   10.8;    9.1;eor
       3023;20190908;    3;   6.0;   1.7;    3;   1.0;   4;    4.833;-999;   5.8;  13.0; 1015.83;   13.4;   85.38;   17.9;    9.7;    8.8;eor
       3023;20190909;    3;   5.4;   1.4;    3;   0.0;   0;    5.900;-999;   6.0;  11.2; 1012.60;   13.3;   76.08;   19.8;    8.1;    7.1;eor
       3023;20190910;    3;   8.2;   1.8;    3;   0.0;   0;    6.583;-999;   3.0;  10.7; 1014.97;   12.8;   75.08;   20.4;    6.0;    4.7;eor
       3023;20190911;    3;  12.4;   3.2;    3;   5.2;   4;    2.817;-999;   6.2;  13.7; 1017.79;   13.3;   89.38;   18.3;    8.0;    6.5;eor
       3023;20190912;    3;   8.5;   2.5;    3;   0.6;   4;    6.300;-999;   6.2;  16.5; 1023.05;   18.9;   77.17;   23.4;   15.7;   14.9;eor
       3023;20190913;    3;   9.3;   3.0;    3;   0.1;   4;    7.083;-999;   6.3;  13.8; 1028.69;   17.2;   70.50;   21.7;    9.1;    7.3;eor
       3023;20190914;    3;   5.6;   1.0;    3;   0.0;   0;   10.267;-999;   4.5;  10.5; 1029.93;   13.4;   72.75;   22.0;    6.6;    5.4;eor
       3023;20190915;    3;   9.9;   2.5;    3;   7.0;   4;    5.300;-999;  -999;  12.6; 1019.78;   14.9;   74.92;   23.5;    8.4;    6.8;eor
       3023;20190916;    3;   4.0;   1.3;    3;   3.7;   4;    1.000;-999;   7.0;  13.7; 1017.77;   13.2;   90.00;   16.3;    9.9;    8.4;eor
       3023;20190917;    3;  15.2;   3.2;    3;   0.2;   4;    4.683;-999;   5.9;  10.8; 1017.76;   12.2;   77.08;   16.8;    9.0;    7.5;eor
       3023;20190918;    3;  10.1;   2.0;    3;   0.0;   4;    4.050;-999;   6.5;   9.8; 1023.73;   11.0;   76.00;   17.3;    6.5;    4.7;eor
       3023;20190919;    3;   6.7;   1.4;    3;   0.0;   0;    8.600;-999;   6.1;   9.0; 1027.55;   10.5;   74.42;   17.7;    4.3;    2.6;eor
       3023;20190920;    3;   4.1;   0.8;    3;   0.0;   0;   10.550;-999;   3.6;   9.6; 1025.97;   11.4;   74.54;   20.6;    4.4;    2.9;eor
       3023;20190921;    3;   7.4;   1.4;    3;   0.0;   0;   10.567;-999;   0.0;  10.3; 1017.20;   14.9;   65.58;   25.4;    6.3;    4.3;eor
       3023;20190922;    3;   7.5;   1.8;    3;   4.0;   4;    9.000;-999;   4.4;  12.1; 1007.22;   18.2;   60.88;   28.0;    8.7;    6.1;eor
       3023;20190923;    3;   6.3;   1.7;    3;   1.9;   4;    0.083;-999;   7.1;  17.0; 1010.75;   16.5;   90.79;   19.6;   12.8;   11.4;eor
       3023;20190924;    3;   8.4;   2.5;    3;   5.2;   4;    2.517;-999;   7.7;  14.3; 1007.26;   15.5;   82.79;   20.9;   11.6;   10.4;eor
       3023;20190925;    3;   8.0;   2.0;    3;   2.1;   4;    0.850;-999;   7.6;  15.0; 1002.58;   15.4;   86.21;   18.6;   13.5;   12.3;eor
       3023;20190926;    3;  10.2;   3.4;    3;   9.7;   4;    0.017;-999;   7.8;  17.1; 1004.50;   15.9;   94.33;   17.4;   13.8;   13.5;eor
       3023;20190927;    3;  11.2;   3.5;    3;   0.0;   4;    3.283;-999;   6.4;  14.3; 1004.54;   15.6;   81.42;   20.2;   12.9;   11.8;eor
       3023;20190928;    3;  12.8;   4.4;    3;  12.9;   4;    2.550;-999;   7.0;  14.1; 1005.55;   15.3;   81.17;   18.9;   14.1;   12.2;eor
       3023;20190929;    3;  11.5;   4.2;    3;  17.0;   4;    0.000;-999;   7.4;  15.4;  996.59;   14.3;   94.17;   16.0;   12.5;   12.2;eor
       3023;20190930;    3;  16.8;   3.9;    3;  10.7;   4;    5.567;-999;   5.9;  13.0; 1002.74;   14.4;   79.50;   18.5;   11.7;   10.5;eor
       3023;20191001;    3;  10.4;   3.1;    3;  44.5;   4;    0.450;-999;   7.8;  15.1;  997.36;   13.7;   95.75;   18.2;    8.9;    8.8;eor
       3023;20191002;    3;  12.2;   2.8;    3;   1.0;   4;    7.633;-999;   5.4;  10.1; 1006.30;   10.4;   81.42;   14.6;    7.5;    6.1;eor
       3023;20191003;    3;   7.5;   2.2;    3;   3.3;   4;    3.383;-999;   6.6;  11.6; 1012.62;   10.9;   89.25;   15.9;    8.5;    7.6;eor
       3023;20191004;    3;   7.5;   2.3;    3;   9.7;   4;    0.000;-999;   7.8;  11.3; 1003.43;    9.3;   96.25;   10.4;    8.0;    7.2;eor
       3023;20191005;    3;   7.6;   1.4;    3;   0.0;   0;    4.700;-999;   6.5;  10.1; 1013.60;    9.5;   86.13;   15.7;    5.2;    3.7;eor
       3023;20191006;    3;  11.8;   2.5;    3;   0.2;   4;    0.000;-999;   7.9;   9.3; 1013.19;    9.0;   81.83;   11.5;    6.5;    4.7;eor
       3023;20191007;    3;  10.0;   2.4;    3;   5.1;   4;    6.850;-999;   5.1;   9.3; 1014.47;    9.3;   79.54;   15.0;    2.9;    1.3;eor
       3023;20191008;    3;   9.2;   3.3;    3;   0.1;   4;    0.033;-999;   6.9;  13.4; 1003.20;   13.0;   89.71;   15.3;   11.1;    9.7;eor
       3023;20191009;    3;  10.0;   3.3;    3;   5.3;   4;    0.117;-999;   6.9;  11.9; 1002.22;   11.3;   89.04;   13.4;    8.7;    7.9;eor
       3023;20191010;    3;  12.8;   3.6;    3;   1.5;   4;    3.000;-999;   7.1;  11.2; 1007.01;   11.4;   83.75;   15.4;    8.5;    7.1;eor
       3023;20191011;    3;  15.1;   5.4;    3;   1.9;   4;    0.000;-999;   7.7;  13.3; 1006.71;   14.2;   81.75;   16.7;   11.9;   10.9;eor
       3023;20191012;    3;  12.3;   2.3;    3;   3.9;   4;    0.000;-999;   7.9;  13.8; 1006.14;   13.0;   92.54;   17.0;   11.3;   11.2;eor
       3023;20191013;    3;  19.2;   2.7;    3;   3.7;   4;    1.500;-999;   7.9;  16.5; 1005.40;   16.6;   87.33;   22.5;   11.2;   10.9;eor
       3023;20191014;    3;   8.2;   1.8;    3;   0.0;   0;    3.967;-999;   7.2;  15.1; 1008.52;   15.6;   85.42;   20.6;   12.4;   11.0;eor
       3023;20191015;    3;   6.3;   1.9;    3;  10.6;   4;    3.967;-999;   7.3;  15.0; 1003.47;   15.6;   85.29;   20.0;   12.5;   10.3;eor
       3023;20191016;    3;   9.3;   3.2;    3;   6.1;   4;    1.933;-999;   7.3;  14.1; 1005.41;   13.4;   92.04;   16.4;   11.8;   11.4;eor
       3023;20191017;    3;   8.1;   2.5;    3;   3.8;   4;    1.033;-999;   7.5;  14.6; 1006.28;   13.9;   92.42;   16.5;   12.2;   11.1;eor
       3023;20191018;    3;  13.4;   4.1;    3;   3.8;   4;    3.750;-999;   5.7;  12.4; 1002.76;   12.8;   83.46;   17.0;   10.7;    8.5;eor
       3023;20191019;    3;   9.7;   3.4;    3;   0.4;   4;    0.083;-999;   7.9;  12.1; 1002.43;   11.7;   87.42;   14.4;    9.1;    7.5;eor
       3023;20191020;    3;   8.0;   1.6;    3;   4.0;   4;    0.000;-999;   7.8;  12.9; 1006.77;   11.1;   96.96;   12.9;    9.8;    8.6;eor
       3023;20191021;    3;   9.6;   2.3;    3;   0.0;   4;    2.667;-999;   7.6;  12.9; 1013.36;   13.4;   84.38;   18.6;   10.8;   10.7;eor
       3023;20191022;    3;   7.8;   2.3;    3;   0.0;   4;    1.750;-999;   7.0;  12.5; 1020.00;   12.8;   84.54;   15.1;    8.9;    7.4;eor
       3023;20191023;    3;   7.3;   1.5;    3;   0.0;   0;    3.233;-999;   7.0;  13.0; 1013.55;   12.2;   91.58;   16.8;    9.5;    8.3;eor
       3023;20191024;    1;   9.7;   2.6;    1;   0.2;   4;    4.150;-999;   7.7;  13.5; 1005.25;   14.3;   83.71;   19.6;   10.1;    8.2;eor
       3023;20191025;    1;  12.5;   4.2;    1;   0.0;   0;    4.450;-999;   7.7;  12.4; 1013.15;   14.3;   76.50;   16.9;   11.8;   10.4;eor
       3023;20191026;    1;  16.0;   6.2;    1;   2.8;   4;    5.133;-999;  -999;  13.1; 1008.63;   17.2;   67.38;   20.1;   14.3;   12.7;eor
       3023;20191027;    1;  14.1;   3.1;    1;   0.0;   0;    2.900;-999;   6.1;   9.9; 1015.33;   10.1;   79.50;   16.5;    6.0;    4.1;eor
       3023;20191028;    1;   7.5;   1.7;    1;   0.0;   4;    5.100;-999;   3.2;   8.6; 1019.88;    7.2;   85.79;   13.2;    4.1;    2.2;eor
       3023;20191029;    1;   6.2;   1.3;    1;   0.0;   0;    7.250;-999;   1.9;   7.6; 1023.49;    5.6;   85.33;   12.6;    1.2;   -0.9;eor
       3023;20191030;    1;   6.6;   1.5;    1;   0.0;   0;    7.583;-999;   0.0;   6.8; 1026.35;    4.2;   84.25;   11.1;    0.4;   -2.3;eor
       3023;20191031;    1;   6.8;   1.4;    1;   0.0;   0;    7.450;-999;   0.1;   6.2; 1021.41;    3.0;   82.63;   10.2;   -1.5;   -4.1;eor
       3023;20191101;    1;   7.4;   2.4;    1;   8.8;   4;    0.000;-999;   7.1;   8.2; 1004.10;    4.7;   92.29;   10.9;   -0.5;   -3.6;eor
       3023;20191102;    1;  12.0;   4.2;    1;   4.0;   4;    1.800;-999;   7.3;  12.6;  986.12;   12.9;   84.38;   14.9;   10.9;    9.9;eor
       3023;20191103;    1;   8.8;   2.7;    1;   1.7;   4;    1.083;-999;   7.8;  11.5;  982.83;   11.6;   84.21;   14.5;    9.2;    8.5;eor
       3023;20191104;    1;   8.7;   2.2;    1;   1.4;   4;    0.850;-999;   7.1;  11.6;  985.63;   10.7;   90.38;   14.4;    8.4;    6.1;eor
       3023;20191105;    1;   4.3;   1.7;    1;   3.0;   4;    0.067;-999;   7.9;  11.3;  992.76;    9.4;   95.29;   11.3;    8.5;    7.4;eor
       3023;20191106;    1;   6.2;   1.6;    1;   0.0;   4;    0.467;-999;   7.5;   9.4;  998.71;    7.3;   91.42;   10.0;    1.9;    0.1;eor
       3023;20191107;    1;  12.7;   2.3;    1;   2.1;   4;    0.067;-999;   6.1;   9.1;  996.58;    6.6;   93.21;   10.2;    1.8;    0.1;eor
       3023;20191108;    1;   6.0;   1.7;    1;   0.0;   0;    6.333;-999;   3.6;   7.9; 1003.40;    5.6;   88.00;   11.6;    1.9;    0.2;eor
       3023;20191109;    1;  10.1;   2.8;    1;   0.0;   4;    0.417;-999;   5.3;   7.7; 1004.32;    4.5;   91.83;    8.2;    1.7;   -1.0;eor
       3023;20191110;    1;   4.8;   1.7;    1;   0.0;   0;    6.083;-999;   2.0;   6.9; 1009.67;    3.5;   88.58;    9.8;    0.2;   -2.7;eor
       3023;20191111;    1;  13.7;   4.2;    1;   0.8;   4;    0.333;-999;   7.1;   7.2; 1002.75;    4.1;   88.00;    7.6;   -0.2;   -2.7;eor
       3023;20191112;    1;  11.1;   4.4;    1;   0.6;   4;    0.183;-999;   5.5;   7.6;  997.32;    5.2;   85.42;    6.2;    2.5;    0.9;eor
       3023;20191113;    1;  11.4;   4.0;    1;   0.0;   4;    0.900;-999;   6.1;   7.9;  996.52;    5.4;   87.79;    8.9;    2.3;    0.8;eor
       3023;20191114;    1;   7.8;   2.3;    1;   0.0;   0;    0.833;-999;   7.0;   7.4; 1000.94;    4.9;   86.00;    8.6;    2.4;    0.0;eor
       3023;20191115;    1;  10.7;   2.5;    1;   0.0;   4;    0.000;-999;   8.0;   7.5; 1000.70;    4.4;   89.13;    5.7;    2.6;   -0.2;eor
       3023;20191116;    1;   6.8;   1.9;    1;   0.0;   4;    0.000;-999;   7.6;   7.3; 1004.93;    4.5;   87.42;    6.9;    3.2;    0.1;eor
       3023;20191117;    1;  10.5;   2.2;    1;   9.0;   4;    0.000;-999;   6.3;   7.0; 1008.92;    3.1;   90.96;    4.7;    0.3;   -1.8;eor
       3023;20191118;    1;  10.7;   2.9;    1;  26.4;   4;    0.000;-999;   7.6;   9.5; 1002.57;    6.4;   98.17;    7.5;    4.7;    4.4;eor
       3023;20191119;    1;   9.6;   2.5;    1;   0.2;   4;    1.583;-999;   4.9;   8.4; 1011.42;    5.5;   92.25;    8.9;   -0.3;   -2.1;eor
       3023;20191120;    1;   4.6;   1.5;    1;   0.0;   4;    0.000;-999;   7.3;   6.5; 1015.74;    0.9;   99.54;    2.0;   -0.6;   -2.3;eor
       3023;20191121;    1;   5.6;   1.8;    1;   0.0;   0;    0.000;-999;   8.0;   7.3; 1007.86;    2.8;   97.46;    5.3;    0.5;    0.1;eor
       3023;20191122;    1;   8.6;   2.3;    1;   1.5;   4;    2.517;-999;   6.9;   8.2; 1003.43;    5.1;   92.96;    9.1;    2.4;   -0.4;eor
       3023;20191123;    1;  11.5;   3.0;    1;   0.0;   0;    3.850;-999;   8.0;   8.3;  999.60;    5.7;   89.71;    8.6;    3.1;    1.0;eor
       3023;20191124;    1;   6.1;   1.6;    1;   0.0;   0;    4.317;-999;   7.7;   8.2; 1004.38;    5.2;   92.92;    8.8;    3.4;    0.4;eor
       3023;20191125;    1;   4.0;   1.2;    1;   0.0;   4;    0.000;-999;   7.8;   8.8; 1007.03;    5.4;   97.46;    7.1;    3.9;    2.1;eor
       3023;20191126;    1;   9.6;   3.0;    1;   0.5;   4;    0.000;-999;   7.2;  10.2; 1000.41;    8.3;   92.79;   11.1;    4.9;    2.1;eor
       3023;20191127;    1;  13.1;   4.0;    1;   4.1;   4;    0.617;-999;   7.7;  11.0;  987.49;   10.3;   87.54;   12.2;    9.0;    7.8;eor
       3023;20191128;    1;  13.8;   4.8;    1;   8.2;   4;    0.000;-999;   7.5;  10.8;  986.14;    9.3;   92.13;   10.8;    6.7;    5.0;eor
       3023;20191129;    1;  13.0;   2.7;    1;   0.8;   4;    1.983;-999;   3.9;   7.2; 1006.25;    4.9;   83.58;    8.1;    2.0;   -1.1;eor
       3023;20191130;    1;   3.9;   1.2;    1;   0.0;   0;    6.517;-999;   0.8;   6.5; 1020.01;    2.0;   92.38;    7.6;   -1.3;   -3.4;eor
       3023;20191201;    1;   3.5;   0.9;    1;   0.0;   4;    0.000;-999;   8.0;   6.2; 1019.72;    0.2;   98.88;    3.1;   -2.0;   -2.0;eor
       3023;20191202;    1;   6.6;   1.8;    1;   0.9;   4;    3.417;-999;   5.7;   7.5; 1021.75;    3.7;   93.71;    8.1;   -0.5;   -1.9;eor
       3023;20191203;    1;   8.4;   2.3;    1;   0.0;   0;    2.883;-999;   7.2;   8.7; 1024.18;    6.2;   91.75;    9.2;    2.9;    1.4;eor
       3023;20191204;    1;   5.6;   1.9;    1;   0.0;   0;    6.383;-999;   1.0;   6.8; 1019.88;    2.8;   91.50;    7.6;   -0.4;   -2.8;eor
       3023;20191205;    1;  12.7;   3.1;    1;   0.2;   4;    0.000;-999;   5.0;   6.3; 1015.85;    0.7;   97.67;    3.6;   -1.2;   -3.7;eor
       3023;20191206;    1;  14.5;   6.1;    1;   8.7;   4;    0.000;-999;   7.7;   8.6; 1003.93;    5.5;   95.17;    8.6;    3.7;    3.1;eor
       3023;20191207;    1;  11.4;   4.2;    1;   0.5;   4;    0.000;-999;   7.8;  10.2; 1006.10;    8.9;   89.54;    9.3;    8.2;    5.1;eor
       3023;20191208;    1;  16.4;   6.1;    1;   4.4;   4;    0.633;-999;   7.2;   9.4;  996.77;    9.2;   80.75;   10.7;    7.4;    5.7;eor
       3023;20191209;    1;  13.5;   4.1;    1;   1.6;   4;    0.217;-999;   6.0;   7.9;  998.25;    6.4;   82.46;    8.2;    3.9;    1.2;eor
       3023;20191210;    1;  15.7;   4.2;    1;   0.8;   4;    4.000;-999;   5.3;   6.2; 1016.74;    4.1;   75.46;    7.0;    0.2;   -2.0;eor
       3023;20191211;    1;  14.2;   3.8;    1;   2.2;   4;    0.000;-999;   7.8;   8.3; 1004.05;    5.8;   90.13;    7.4;    4.9;    4.2;eor
       3023;20191212;    1;  12.4;   3.8;    1;   0.1;   4;    0.800;-999;   6.2;   7.2;  994.75;    4.6;   84.67;    5.9;    2.6;    0.8;eor
       3023;20191213;    1;  11.8;   3.2;    1;   5.4;   4;    0.000;-999;   7.8;   6.7;  976.70;    3.3;   86.33;    5.6;    2.3;    0.8;eor
       3023;20191214;    1;  14.8;   4.5;    1;  12.8;   4;    1.467;-999;   5.8;   7.4;  985.04;    4.7;   86.96;    7.8;    1.0;    0.4;eor
       3023;20191215;    1;  15.4;   5.2;    1;   0.6;   4;    3.700;-999;   5.5;   7.8;  994.84;    7.1;   77.13;    9.3;    3.6;    1.3;eor
       3023;20191216;    1;   8.6;   3.1;    1;   0.1;   4;    0.000;-999;   7.9;   8.8; 1002.13;    7.3;   85.46;    9.3;    5.1;    3.1;eor
       3023;20191217;    1;  11.5;   3.6;    1;   3.9;   4;    1.217;-999;   7.8;  10.2;  998.10;   11.2;   77.22;   15.7;    5.3;    2.4;eor
       3023;20191218;    1;   7.7;   2.7;    1;   0.0;   4;    0.017;-999;   7.4;   8.8; 1011.62;    6.3;   91.50;    8.2;    4.4;    1.7;eor
       3023;20191219;    1;   9.7;   3.4;    1;   0.0;   4;    5.833;-999;   4.6;   9.3; 1005.86;    9.6;   78.58;   14.3;    5.0;    2.5;eor
       3023;20191220;    1;  14.6;   4.6;    1;   0.0;   4;    0.000;-999;   7.0;   9.3;  986.96;   10.7;   71.79;   13.5;    8.3;    4.8;eor
       3023;20191221;    1;  10.7;   3.8;    1;   1.0;   4;    2.067;-999;   6.7;   8.5;  986.24;    8.4;   77.13;    9.6;    5.6;    2.4;eor
       3023;20191222;    1;  11.9;   3.1;    1;   4.2;   4;    0.017;-999;   7.8;   9.4;  981.42;    7.5;   90.67;    9.1;    5.6;    3.2;eor
       3023;20191223;    1;   9.9;   3.5;    1;   0.6;   4;    0.033;-999;   7.2;   9.3; 1000.75;    7.5;   89.79;    9.0;    6.3;    4.1;eor
       3023;20191224;    1;  11.5;   3.5;    1;   9.0;   4;    0.000;-999;   7.4;   9.6; 1005.08;    7.3;   93.00;    8.7;    6.0;    4.2;eor
       3023;20191225;    1;   7.1;   2.2;    1;   1.8;   4;    0.150;-999;   7.5;   9.3; 1015.08;    6.7;   94.67;    8.0;    5.2;    3.2;eor
       3023;20191226;    1;   4.5;   1.5;    1;   0.0;   4;    0.733;-999;   7.9;   8.1; 1021.03;    5.3;   91.04;    7.1;    3.5;    1.2;eor
       3023;20191227;    1;   5.9;   1.9;    1;   0.0;   0;    5.217;-999;   4.9;   6.4; 1027.43;    2.7;   86.88;    6.0;   -0.8;   -2.9;eor
       3023;20191228;    1;   5.1;   1.4;    1;   0.0;   0;    2.417;-999;   8.0;   5.4; 1037.65;   -0.4;   91.42;    2.1;   -2.7;   -4.6;eor
       3023;20191229;    1;   6.4;   2.4;    1;   0.0;   0;    0.450;-999;   8.0;   5.2; 1033.93;    0.9;   80.63;    3.9;   -2.3;   -4.3;eor
       3023;20191230;    1;   8.6;   3.5;    1;   0.1;   4;    3.783;-999;   4.3;   4.2; 1025.89;    5.8;   46.25;    8.6;    3.9;    1.5;eor
       3023;20191231;    1;   6.0;   1.7;    1;   0.0;   0;    3.917;-999;   6.8;   7.7; 1030.03;    4.4;   92.67;    8.4;    1.2;    1.4;eor
       3023;20200101;    1;   4.5;   1.7;    1;   0.0;   4;    0.000;-999;   7.5;   6.0; 1029.99;   -0.3;   99.83;    1.3;   -2.9;   -4.1;eor
       3023;20200102;    1;   8.8;   3.2;    1;   0.0;   4;    0.000;-999;   7.0;   6.4; 1022.36;    0.8;   97.58;    5.7;   -2.9;   -4.9;eor
       3023;20200103;    1;  11.8;   4.4;    1;   2.6;   4;    0.000;-999;   6.8;   9.4; 1014.42;    7.2;   91.29;    9.3;    3.4;    1.3;eor
       3023;20200104;    1;  11.1;   3.4;    1;   1.6;   4;    0.000;-999;   7.2;   8.2; 1024.17;    5.4;   91.54;    7.9;    3.0;    0.4;eor
