STATIONS_ID;MESS_DATUM;QN_3;  FX;  FM;QN_4; RSK;RSKF; SDK;SHK_TAG;  NM; VPM;  PM; TMK; UPM; TXK; TNK; TGK;eor
       3244;20180704;   10;  10.4;   2.5;    3;   0.2;   4;    4.467;-999;  -999;  16.9;    -999;   18.1;   81.88;   23.7;   11.9;    9.4;eor
       3244;20180705;   10;   9.0;   2.6;    3;   4.6;   4;    1.483;-999;  -999;  15.9;    -999;   16.3;   85.92;   20.1;   10.4;    8.2;eor
       3244;20180706;   10;  10.0;   3.2;    3;  18.9;   4;    2.117;-999;  -999;  16.4;    -999;   15.6;   92.42;   20.0;   14.3;   13.5;eor
       3244;20180707;   10;   5.5;   1.7;    3;   0.0;   0;   10.000;-999;  -999;  14.6;    -999;   17.7;   74.58;   24.0;   13.1;   11.6;eor
       3244;20180708;   10;   5.6;   1.7;    3;   0.0;   0;    7.100;-999;  -999;  14.4;    -999;   17.9;   72.92;   23.6;   10.6;    8.0;eor
       3244;20180709;   10;   5.4;   1.5;    3;   0.0;   0;   11.900;-999;  -999;  13.2;    -999;   17.9;   67.71;   25.4;    9.0;    6.7;eor
       3244;20180710;   10;   7.6;   1.7;    3;   2.2;   4;    3.417;-999;  -999;  13.9;    -999;   16.0;   77.46;   21.6;   11.9;   10.4;eor
       3244;20180711;   10;   7.9;   2.0;    3;   0.0;   0;    4.100;-999;  -999;  11.7;    -999;   14.0;   74.25;   18.9;    8.0;    6.2;eor
       3244;20180712;   10;   6.6;   1.9;    3;   0.0;   0;   12.483;-999;  -999;  12.3;    -999;   15.5;   71.96;   21.7;    6.6;    5.0;eor
       3244;20180713;   10;   4.4;   1.1;    3;   0.0;   0;    9.750;-999;  -999;  13.7;    -999;   18.2;   69.21;   26.0;   11.5;    9.4;eor
       3244;20180714;   10;   9.0;   1.9;    3;   0.0;   0;    8.983;-999;  -999;  14.8;    -999;   19.8;   66.58;   25.9;   12.8;   11.0;eor
       3244;20180715;   10;  10.1;   2.4;    3;   3.4;   4;    8.717;-999;  -999;  15.3;    -999;   18.9;   71.71;   25.2;   13.3;   11.4;eor
       3244;20180716;   10;  12.1;   2.4;    3;   0.0;   0;   10.083;-999;  -999;  15.5;    -999;   18.5;   74.45;   23.9;   12.0;    8.9;eor
       3244;20180717;   10;-999;-999;    3;   7.5;   4;   10.000;-999;  -999;  -999;    -999;   18.0;-999;   25.6;   10.5;    9.3;eor
       3244;20180718;   10;-999;-999;    3;   0.0;   0;   11.600;-999;  -999;  -999;    -999;   19.2;-999;   27.2;   11.1;   10.4;eor
       3244;20180719;   10;-999;-999;    3;   0.0;   0;   12.500;-999;  -999;  -999;    -999;   19.7;-999;   26.7;   12.0;    9.0;eor
       3244;20180720;   10;-999;   1.7;    3;   3.0;   4;   10.000;-999;  -999;  15.5;    -999;   20.1;   68.86;   28.3;   11.1;    9.0;eor
       3244;20180721;   10;  10.6;-999;    3;  13.5;   4;    0.300;-999;  -999;  -999;    -999;   17.0;-999;   20.6;   14.9;   14.9;eor
       3244;20180722;   10;   7.6;   2.7;    3;   5.0;   4;    1.200;-999;  -999;  16.9;    -999;   16.9;   88.25;   21.0;   15.3;   14.6;eor
       3244;20180723;   10;-999;-999;    3;   0.0;   0;    3.800;-999;  -999;  -999;    -999;   18.3;-999;   23.8;   13.4;   11.5;eor
       3244;20180724;   10;   7.7;   2.0;    3;   0.0;   0;   14.200;-999;  -999;  15.1;    -999;   20.0;   68.63;   27.3;   11.3;   10.0;eor
       3244;20180725;   10;   9.3;   1.8;    3;   0.0;   0;   12.233;-999;  -999;  15.4;    -999;   20.8;   65.79;   28.4;   11.1;    9.3;eor
       3244;20180726;   10;   8.7;   2.1;    3;   0.0;   0;   13.850;-999;  -999;  14.8;    -999;   21.1;   63.00;   27.4;   12.3;   10.8;eor
       3244;20180727;   10;   7.9;   1.6;    3;   0.0;   0;   13.633;-999;  -999;  15.5;    -999;   21.1;   65.63;   28.2;   11.7;    9.6;eor
       3244;20180728;   10;  12.9;   3.4;    3;   0.0;   0;    5.283;-999;  -999;  16.1;    -999;   19.8;   71.08;   26.5;   13.3;   11.1;eor
       3244;20180729;   10;   5.6;   1.7;    3;   0.0;   0;   13.800;-999;  -999;  15.8;    -999;   20.9;   66.70;   29.3;   12.9;   10.6;eor
       3244;20180730;   10;   5.5;-999;    3;   0.0;   0;   13.000;-999;  -999;  -999;    -999;   22.0;-999;   31.9;   14.0;   11.0;eor
       3244;20180731;   10;   7.5;   1.6;    3;   0.0;   0;   13.600;-999;  -999;  15.1;    -999;   23.4;   58.13;   31.9;   13.4;   11.7;eor
       3244;20180801;   10;  12.0;   3.2;    3;   0.1;   4;   11.850;-999;  -999;  16.7;    -999;   23.4;   61.63;   31.6;   14.6;   12.6;eor
       3244;20180802;   10;   9.4;-999;    3;   0.0;   0;   11.300;-999;  -999;  -999;    -999;   23.5;-999;   28.7;   16.2;   13.8;eor
       3244;20180803;   10;   9.2;   2.2;    3;   0.0;   0;   13.617;-999;  -999;  18.5;    -999;   23.6;   67.23;   30.8;   14.9;   12.5;eor
       3244;20180804;   10;-999;-999;    3;   0.0;   0;    8.400;-999;  -999;  -999;    -999;   24.2;-999;   32.1;   14.4;   12.3;eor
       3244;20180805;   10;-999;-999;    3;   0.0;   0;   12.000;-999;  -999;  -999;    -999;   23.1;-999;   29.7;   15.0;   11.5;eor
       3244;20180806;   10;  10.2;   2.1;    3;   0.1;   4;   11.650;-999;  -999;  16.1;    -999;   23.1;   60.50;   30.8;   15.0;   11.9;eor
       3244;20180807;   10;   6.4;   1.9;    3;   0.1;   4;    4.083;-999;  -999;  17.7;    -999;   21.3;   71.63;   29.2;   15.0;   13.3;eor
       3244;20180808;   10;-999;   2.6;-999;-999;-999;-999;-999;  -999;  17.5;    -999;   22.0;   67.00;   29.3;   14.9;   12.4;eor
       3244;20180809;   10;  16.0;-999;    3;   2.1;   4;    8.000;-999;  -999;  -999;    -999;   22.0;-999;   32.0;   13.8;   12.0;eor
       3244;20180810;   10;   7.4;   2.6;    3;   2.1;   4;    2.767;-999;  -999;  14.3;    -999;   15.6;   81.08;   19.7;    9.7;    7.8;eor
       3244;20180811;   10;   8.4;   2.1;    3;   0.0;   0;   10.450;-999;  -999;  11.5;    -999;   16.1;   66.79;   23.4;    9.2;    6.4;eor
       3244;20180812;   10;   7.5;   1.8;    3;   0.0;   0;   13.750;-999;  -999;  12.4;    -999;   18.2;   64.21;   28.4;    6.7;    3.8;eor
       3244;20180813;   10;  10.0;   3.5;    3;   4.8;   4;    5.883;-999;  -999;  15.5;    -999;   18.8;   73.13;   26.9;   12.6;   10.1;eor
       3244;20180814;   10;   8.3;   2.6;    3;   0.4;   4;    4.133;-999;  -999;  16.0;    -999;   17.4;   81.21;   22.1;   12.7;   11.1;eor
       3244;20180815;   10;   6.4;   1.4;    3;   0.0;   0;    9.800;-999;  -999;  13.4;    -999;   17.3;   71.42;   24.3;   10.0;    7.8;eor
       3244;20180816;   10;   6.8;   1.6;    3;   0.0;   0;   13.400;-999;  -999;  12.9;    -999;   19.1;   63.83;   27.8;    8.9;    6.7;eor
       3244;20180817;   10;   7.0;   2.4;    3;   3.0;   4;    7.600;-999;  -999;  14.3;    -999;   19.7;   65.29;   28.6;   10.2;    8.0;eor
       3244;20180818;   10;   6.4;   1.6;    3;   0.0;   0;    8.933;-999;  -999;  16.9;    -999;   19.4;   76.83;   25.1;   15.2;   12.7;eor
       3244;20180819;   10;   6.2;   1.5;    3;   0.0;   0;   12.600;-999;  -999;  15.3;    -999;   20.5;   67.54;   28.4;   12.5;   10.0;eor
       3244;20180820;   10;   6.5;   1.6;    3;   0.0;   0;   10.467;-999;  -999;  14.8;    -999;   21.0;   63.83;   28.8;   13.3;   11.5;eor
       3244;20180821;   10;   7.6;   1.8;    3;   0.0;   0;   12.117;-999;  -999;  15.1;    -999;   20.5;   66.25;   28.6;   11.8;    9.8;eor
       3244;20180822;   10;   5.8;   1.4;    3;   0.0;   0;   12.600;-999;  -999;  14.7;    -999;   21.6;   62.25;   30.6;   11.6;    9.9;eor
       3244;20180823;   10;  11.8;   2.5;    3;   4.4;   4;    3.217;-999;  -999;  17.0;    -999;   20.1;   73.50;   27.8;   15.5;   13.2;eor
       3244;20180824;   10;  11.0;   3.3;    3;   2.6;   4;    1.833;-999;  -999;  15.4;    -999;   16.7;   80.71;   23.8;   11.4;    9.6;eor
       3244;20180825;   10;  10.3;   2.8;    3;   2.6;   4;    0.000;-999;  -999;  12.1;    -999;   12.1;   85.58;   15.7;    9.6;    9.1;eor
       3244;20180826;   10;   5.0;   1.4;    3;   0.0;   0;    9.150;-999;  -999;   8.9;    -999;   11.0;   71.63;   17.2;    5.1;    2.9;eor
       3244;20180827;   10;   9.2;   3.4;    3;   0.0;   0;    6.083;-999;  -999;  10.5;    -999;   15.7;   61.46;   22.7;    4.3;    2.4;eor
       3244;20180828;   10;   5.1;   1.4;    3;   0.0;   0;   10.667;-999;  -999;  14.6;    -999;   18.4;   70.58;   24.8;   12.7;    8.5;eor
       3244;20180829;   10;  15.4;   3.2;    3;  12.4;   4;    8.917;-999;  -999;  15.2;    -999;   18.6;   74.83;   28.5;   10.2;    7.2;eor
       3244;20180830;   10;   8.2;   2.2;    3;   0.5;   4;    0.567;-999;  -999;  15.1;    -999;   15.3;   86.83;   17.8;   12.1;    9.8;eor
       3244;20180831;   10;   8.4;   2.0;    3;   9.0;   4;    0.000;-999;  -999;  14.0;    -999;   13.2;   91.83;   14.9;   12.0;   11.5;eor
       3244;20180901;   10;   7.1;   2.5;    3;   2.7;   4;    0.000;-999;  -999;  12.6;    -999;   11.7;   91.33;   13.1;   10.6;   10.4;eor
       3244;20180902;   10;   4.7;   1.3;    3;   0.0;   4;    0.000;-999;  -999;  13.2;    -999;   12.1;   93.50;   13.1;   10.6;   10.5;eor
       3244;20180903;   10;   4.7;   1.3;    3;   0.0;   0;    1.000;-999;  -999;  14.0;    -999;   14.2;   87.25;   18.4;    9.5;    7.2;eor
       3244;20180904;   10;   5.8;   1.7;    3;   0.0;   0;    2.800;-999;  -999;  13.7;    -999;   13.5;   88.13;   19.7;    8.3;    6.1;eor
       3244;20180905;   10;   6.9;   1.4;    3;   0.0;   0;   11.550;-999;  -999;  13.9;    -999;   15.8;   79.67;   23.1;    7.7;    5.5;eor
       3244;20180906;   10;   8.2;   1.7;    3;  10.2;   4;    8.367;-999;  -999;  14.6;    -999;   17.0;   77.58;   23.8;    9.4;    7.1;eor
       3244;20180907;   10;   6.8;   2.2;    3;   0.8;   4;    5.417;-999;  -999;  15.4;    -999;   16.2;   83.83;   20.2;   12.9;   11.5;eor
       3244;20180908;   10;   7.8;   1.4;    3;   0.0;   0;    9.517;-999;  -999;  13.2;    -999;   14.9;   79.63;   21.5;    9.9;    7.5;eor
       3244;20180909;   10;   5.4;   1.7;    3;   0.0;   0;   12.017;-999;  -999;  13.0;    -999;   15.7;   75.75;   23.8;    7.8;    4.9;eor
       3244;20180910;   10;   5.7;   2.3;    3;   0.0;   0;   11.083;-999;  -999;  11.8;    -999;   16.6;   66.71;   25.4;    8.3;    5.4;eor
       3244;20180911;   10;   9.1;   2.9;    3;   0.0;   0;   12.083;-999;  -999;  12.7;    -999;   18.3;   63.38;   26.4;   10.4;    8.0;eor
       3244;20180912;   10;   7.4;   2.7;    3;   0.9;   4;   12.000;-999;  -999;  13.2;    -999;   18.7;   64.58;   27.7;   10.4;    8.1;eor
       3244;20180913;   10;  12.0;   2.3;    3;  18.5;   4;    5.717;-999;  -999;  16.0;    -999;   18.1;   78.58;   25.1;   13.6;   12.8;eor
       3244;20180914;   10;   4.8;   1.1;    3;   1.6;   4;    4.133;-999;  -999;  15.5;    -999;   16.1;   85.50;   21.0;   13.2;   11.1;eor
       3244;20180915;   10;   4.6;   1.3;    3;   0.0;   0;    6.450;-999;  -999;  13.4;    -999;   14.7;   81.25;   20.4;    9.3;    5.7;eor
       3244;20180916;   10;   5.2;   1.1;    3;   0.1;   4;    8.967;-999;  -999;  14.1;    -999;   14.8;   83.17;   22.4;    6.2;    3.6;eor
       3244;20180917;   10;   5.4;   1.7;    3;   0.0;   0;   11.550;-999;  -999;  14.7;    -999;   17.4;   77.00;   25.3;   10.9;    8.1;eor
       3244;20180918;   10;   8.4;   2.7;    3;   0.0;   0;    8.650;-999;  -999;  14.8;    -999;   17.5;   76.42;   25.6;   10.7;    8.2;eor
       3244;20180919;   10;   4.6;   2.0;    3;   0.0;   0;   11.100;-999;  -999;  14.2;    -999;   17.9;   72.04;   25.7;   11.6;    8.4;eor
       3244;20180920;   10;   6.8;   2.1;    3;   0.0;   0;   11.417;-999;  -999;  13.7;    -999;   17.8;   70.54;   28.1;   10.6;    8.5;eor
       3244;20180921;   10;  14.6;   4.0;    3;   2.7;   4;    6.300;-999;  -999;  13.3;    -999;   17.0;   70.46;   26.1;   10.2;    8.4;eor
       3244;20180922;   10;   7.6;   2.5;    3;   2.7;   4;    6.317;-999;  -999;   9.9;    -999;   12.1;   71.25;   16.3;    8.0;    6.0;eor
       3244;20180923;   10;  24.6;   6.0;    3;  12.1;   4;    6.950;-999;  -999;  14.0;    -999;   16.8;   74.33;   24.7;    8.6;    7.6;eor
       3244;20180924;   10;   8.1;   2.3;    3;   0.0;   0;    5.900;-999;  -999;   7.6;    -999;    7.6;   74.25;   12.0;    1.5;   -0.9;eor
       3244;20180925;   10;  10.4;   2.9;    3;   0.0;   0;   11.217;-999;  -999;   6.5;    -999;    6.0;   71.71;   11.9;    0.1;   -2.2;eor
       3244;20180926;   10;   5.9;   1.7;    3;   0.0;   0;   10.450;-999;  -999;   8.2;    -999;    8.2;   74.96;   18.0;   -1.4;   -4.1;eor
       3244;20180927;   10;   5.4;   2.0;    3;   0.0;   0;   11.183;-999;  -999;   9.5;    -999;   12.1;   71.00;   22.6;    3.4;    1.1;eor
       3244;20180928;   10;   7.9;   2.8;    3;   0.0;   0;    7.717;-999;  -999;  10.8;    -999;   13.9;   69.63;   21.0;    6.6;    3.1;eor
       3244;20180929;   10;  12.3;   3.7;    3;   0.0;   0;    6.033;-999;  -999;   8.8;    -999;    9.9;   71.96;   14.4;    4.3;    0.5;eor
       3244;20180930;   10;   7.8;   2.1;    3;  23.1;   4;    9.367;-999;  -999;  10.1;    -999;   11.5;   75.79;   20.8;    2.1;   -0.3;eor
       3244;20181001;   10;   8.1;   2.6;    3;   6.7;   4;    0.000;   0;  -999;  10.3;    -999;    8.8;   90.00;   12.3;    5.2;    4.6;eor
       3244;20181002;   10;  12.2;   3.9;    3;   0.0;   0;    5.383;   0;  -999;   7.7;    -999;    7.1;   77.42;   10.7;    2.8;    0.2;eor
       3244;20181003;   10;  11.3;   4.0;    3;   0.0;   0;    0.083;   0;  -999;  10.1;    -999;    9.7;   84.13;   13.2;    4.7;    2.3;eor
       3244;20181004;   10;   7.7;   1.9;    3;   0.0;   0;    9.317;   0;  -999;   9.4;    -999;    8.6;   85.71;   15.7;    2.4;    0.7;eor
       3244;20181005;   10;   5.2;   1.6;    3;   0.0;   0;   10.750;   0;  -999;  10.9;    -999;   11.3;   82.75;   21.3;    2.3;    0.2;eor
       3244;20181006;   10;   8.4;   2.8;    3;   0.0;   0;    5.217;   0;  -999;  11.9;    -999;   14.1;   76.17;   21.7;    7.4;    4.9;eor
       3244;20181007;   10;   6.3;   2.3;    3;   0.0;   0;    5.067;   0;  -999;  12.7;    -999;   14.3;   78.75;   19.5;    9.3;    4.1;eor
       3244;20181008;   10;   7.5;   2.1;    3;   0.0;   0;    1.467;   0;  -999;  12.8;    -999;   12.0;   90.92;   16.8;    7.3;    3.6;eor
       3244;20181009;   10;   6.1;   1.5;    3;   0.0;   0;    1.067;   0;  -999;  13.3;    -999;   13.3;   87.04;   16.4;   10.5;    6.8;eor
       3244;20181010;   10;   5.7;   2.0;    3;   0.0;   0;    6.750;   0;  -999;  13.4;    -999;   13.3;   88.67;   19.6;    8.5;    5.0;eor
       3244;20181011;   10;   5.5;   1.5;    3;   0.0;   0;    7.450;   0;  -999;  11.8;    -999;   13.2;   79.75;   23.2;    5.4;    1.7;eor
       3244;20181012;   10;   8.2;   2.3;    3;   0.0;   0;   10.033;   0;  -999;  12.1;    -999;   15.4;   71.46;   22.7;    8.4;    4.9;eor
       3244;20181013;   10;   5.9;   1.6;    3;   0.0;   0;   10.200;   0;  -999;  11.9;    -999;   13.0;   81.04;   21.2;    5.5;    2.6;eor
       3244;20181014;   10;   4.8;   1.8;    3;   0.0;   0;   10.117;   0;  -999;  10.3;    -999;   12.9;   72.58;   22.8;    4.5;    0.9;eor
       3244;20181015;   10;   4.3;   1.6;    3;   0.0;   0;   10.033;   0;  -999;   9.0;    -999;   12.2;   67.33;   23.1;    3.9;    1.1;eor
       3244;20181016;   10;   4.8;   1.7;    3;   0.0;   0;    9.950;   0;  -999;   9.0;    -999;   11.6;   69.58;   21.6;    4.5;    0.7;eor
       3244;20181017;   10;   6.1;   1.9;    3;   0.0;   0;    9.750;   0;  -999;   9.5;    -999;   11.2;   73.88;   19.4;    3.0;    0.4;eor
       3244;20181018;   10;   7.3;   1.6;    3;   0.0;   0;    8.317;   0;  -999;  10.2;    -999;   10.5;   82.29;   17.7;    4.3;    0.4;eor
       3244;20181019;   10;   5.5;   1.5;    3;   0.0;   0;    1.567;   0;  -999;  10.3;    -999;    8.0;   95.50;   12.9;    4.3;    0.6;eor
       3244;20181020;   10;   5.7;   1.5;    3;   0.0;   0;    6.250;   0;  -999;   9.5;    -999;    8.1;   89.08;   15.2;    2.0;   -0.5;eor
       3244;20181021;   10;   8.8;   2.2;    3;   0.0;   0;    7.217;   0;  -999;   7.6;    -999;    6.6;   79.33;   12.8;    1.5;   -4.7;eor
       3244;20181022;   10;   8.1;   1.8;    3;   0.0;   0;    9.200;   0;  -999;   6.8;    -999;    5.2;   78.04;   12.2;   -2.3;   -7.0;eor
       3244;20181023;   10;  10.5;   3.7;    3;   0.2;   4;    1.833;   0;  -999;   8.1;    -999;    7.8;   77.71;   11.7;    1.9;   -2.2;eor
       3244;20181024;   10;  12.3;   4.8;    3;   0.4;   4;    0.000;   0;  -999;   9.9;    -999;    9.9;   80.92;   11.2;    8.2;    6.5;eor
       3244;20181025;   10;   8.0;   2.4;    3;   0.0;   0;    5.417;   0;  -999;  10.6;    -999;   10.0;   86.83;   15.7;    3.3;    0.2;eor
       3244;20181026;   10;   7.9;   2.5;    3;   1.5;   4;    5.700;   0;  -999;   9.3;    -999;    9.1;   81.46;   14.1;    6.1;    1.5;eor
       3244;20181027;   10;   6.9;   2.4;    3;  22.9;   4;    0.000;   0;  -999;   7.4;    -999;    3.9;   90.50;    6.8;    0.1;   -0.1;eor
       3244;20181028;   10;   9.2;   3.4;    3;   5.2;   4;    0.000;   4;  -999;   6.2;    -999;    0.6;   97.08;    1.3;    0.0;   -0.1;eor
       3244;20181029;   10;  18.5;   2.9;    3;   6.6;   4;    0.000;   0;  -999;   8.0;    -999;    3.9;   98.13;   11.5;    1.3;    1.1;eor
       3244;20181030;   10;  19.3;   5.1;    3;   0.1;   4;    0.533;   0;  -999;   6.9;    -999;    5.0;   78.79;   11.5;    0.1;   -2.3;eor
       3244;20181031;   10;   5.3;   1.9;    3;   0.0;   0;    1.600;   0;  -999;   6.8;    -999;    4.0;   83.13;    9.1;   -1.4;   -3.8;eor
       3244;20181101;   10;   9.6;   2.6;    3;   0.0;   0;    5.650;   0;  -999;   8.0;    -999;    5.9;   86.54;   12.8;    2.2;   -0.1;eor
       3244;20181102;   10;   4.4;   1.7;    3;   0.0;   0;    1.317;   0;  -999;   8.8;    -999;    7.0;   87.17;   10.5;    3.1;    1.5;eor
       3244;20181103;   10;   5.9;   2.2;    3;   0.0;   0;    0.250;   0;  -999;   9.4;    -999;    8.2;   86.21;    9.5;    6.6;    5.9;eor
       3244;20181104;   10;   5.8;   2.1;    3;   0.0;   0;    0.000;   0;  -999;  10.0;    -999;    8.4;   90.75;    9.3;    7.1;    7.2;eor
       3244;20181105;   10;   4.6;   1.4;    3;   0.0;   0;    3.433;   0;  -999;  10.0;    -999;    8.1;   92.96;   15.4;    3.7;    0.6;eor
       3244;20181106;   10;   7.2;   1.8;    3;   0.0;   0;    3.633;   0;  -999;   8.5;    -999;    6.1;   89.17;   11.9;    0.6;   -1.9;eor
       3244;20181107;   10;   5.6;   1.9;    3;   0.2;   4;    5.967;   0;  -999;   9.5;    -999;    8.0;   88.46;   13.7;    2.1;   -0.3;eor
       3244;20181108;   10;   6.4;   2.1;    3;   0.1;   4;    0.233;   0;  -999;  10.5;    -999;    8.9;   91.75;   10.8;    6.5;    3.5;eor
       3244;20181109;   10;   4.8;   1.9;    3;   0.0;   0;    2.300;   0;  -999;   9.9;    -999;    8.1;   92.29;   11.1;    5.4;    2.5;eor
       3244;20181110;   10;   4.3;   1.3;    3;   0.0;   0;    3.683;   0;  -999;   8.4;    -999;    4.9;   96.25;    9.8;    1.2;    1.1;eor
       3244;20181111;   10;   6.1;   2.0;    3;   0.3;   4;    3.317;   0;  -999;   9.7;    -999;    8.3;   89.29;   15.1;    3.5;    0.5;eor
       3244;20181112;   10;   4.4;   1.8;    3;   0.0;   0;    8.100;   0;  -999;   8.9;    -999;    7.8;   83.83;   17.5;    1.1;   -1.0;eor
       3244;20181113;   10;   7.7;   2.9;    3;   0.3;   4;    0.483;   0;  -999;   8.8;    -999;    6.7;   89.63;   10.5;    0.3;   -1.7;eor
       3244;20181114;   10;   5.6;   1.7;    3;   0.0;   0;    2.667;   0;  -999;   7.7;    -999;    3.1;   99.38;    7.0;   -1.3;   -3.2;eor
       3244;20181115;   10;   5.6;   1.7;    3;   0.0;   0;    0.000;   0;  -999;   7.5;    -999;    3.2;   96.83;    4.4;    1.7;    2.5;eor
       3244;20181116;   10;   9.1;   3.2;    3;   0.0;   0;    4.350;   0;  -999;   6.6;    -999;    3.1;   86.08;    5.7;    0.5;   -2.3;eor
       3244;20181117;   10;  12.6;   4.6;    3;   0.0;   0;    7.350;   0;  -999;   5.3;    -999;    2.3;   74.08;    6.4;   -1.0;   -2.5;eor
       3244;20181118;   10;   9.6;   3.4;    3;   0.0;   0;    4.867;   0;  -999;   4.7;    -999;   -0.1;   78.42;    3.5;   -2.1;   -4.0;eor
       3244;20181119;   10;  12.1;   4.8;    3;   0.0;   4;    0.000;   0;  -999;   4.9;    -999;   -0.9;   85.58;    0.2;   -1.5;   -1.5;eor
       3244;20181120;   10;   8.9;   2.4;    3;   0.0;   0;    3.700;   0;  -999;   4.9;    -999;   -1.0;   85.50;    2.9;   -4.1;   -8.0;eor
       3244;20181121;   10;   6.1;   1.9;    3;   0.0;   0;    0.000;   0;  -999;   5.1;    -999;   -1.9;   96.21;   -0.7;   -4.7;   -8.3;eor
       3244;20181122;   10;   4.2;   1.0;    3;   0.0;   0;    3.900;   0;  -999;   5.7;    -999;    0.4;   90.88;    5.1;   -2.2;   -4.7;eor
       3244;20181123;   10;   7.8;   1.7;    3;   0.3;   4;    0.033;   0;  -999;   5.6;    -999;   -1.0;   97.42;    1.7;   -4.1;   -4.0;eor
       3244;20181124;   10;   9.8;   2.8;    3;   0.1;   4;    3.233;   0;  -999;   6.9;    -999;    2.9;   91.17;    8.6;   -2.0;   -5.1;eor
       3244;20181125;   10;   6.7;   1.7;    3;   0.6;   4;    0.000;   0;  -999;   5.7;    -999;   -0.8;   98.83;    1.8;   -3.6;   -6.1;eor
       3244;20181126;   10;   5.2;   1.9;    3;   2.7;   4;    0.000;   0;  -999;   6.7;    -999;    1.7;   96.25;    2.8;   -0.1;   -0.1;eor
       3244;20181127;   10;   3.0;   1.2;    3;   0.3;   4;    0.000;   3;  -999;   6.2;    -999;    0.6;   96.42;    1.7;   -0.1;   -0.4;eor
       3244;20181128;   10;   4.8;   1.6;    3;   0.0;   0;    6.333;   0;  -999;   5.7;    -999;    0.0;   93.88;    4.5;   -2.6;   -2.8;eor
       3244;20181129;   10;   4.5;   1.5;    3;   0.0;   0;    4.017;   0;  -999;   5.8;    -999;    0.4;   92.50;    3.6;   -2.5;   -4.7;eor
       3244;20181130;   10;   7.4;   2.6;    3;   2.1;   4;    0.250;   0;  -999;   7.5;    -999;    4.8;   86.88;    8.2;    1.0;   -1.8;eor
       3244;20181201;   10;   7.5;   3.0;    3;   0.0;   0;    2.817;   0;  -999;   7.6;    -999;    4.5;   89.71;    7.4;    0.0;   -1.7;eor
       3244;20181202;   10;  12.1;   5.4;    3;   6.6;   4;    0.100;   0;  -999;   8.3;    -999;    5.9;   88.29;    9.0;    1.1;   -0.9;eor
       3244;20181203;   10;  15.0;   6.3;    3;   4.9;   4;    0.333;   0;  -999;  10.8;    -999;    9.8;   88.79;   11.4;    8.4;    7.0;eor
       3244;20181204;   10;  13.0;   3.2;    3;   3.2;   4;    0.233;   0;  -999;   8.6;    -999;    6.5;   88.75;    8.7;    3.9;    3.1;eor
       3244;20181205;   10;   5.0;   1.1;    3;   2.1;   4;    0.617;   0;  -999;   7.9;    -999;    4.3;   95.08;    7.6;    3.0;   -0.3;eor
       3244;20181206;   10;  10.5;   3.9;    3;   0.2;   4;    0.400;   0;  -999;   9.4;    -999;    7.5;   90.63;    9.2;    4.8;    4.3;eor
       3244;20181207;   10;  16.2;   5.2;    3;   2.5;   4;    1.733;   0;  -999;   9.2;    -999;    8.8;   81.17;   11.3;    4.8;    3.9;eor
       3244;20181208;   10;  18.7;   7.8;    3;   4.8;   4;    3.150;   0;  -999;   6.5;    -999;    4.7;   76.42;    6.2;    2.7;    1.3;eor
       3244;20181209;   10;  18.8;   6.8;    3;   6.9;   4;    0.550;   0;  -999;   7.6;    -999;    5.0;   86.75;    7.3;    2.8;    1.8;eor
       3244;20181210;   10;  11.6;   3.8;    3;   2.4;   4;    2.417;   0;  -999;   6.1;    -999;    2.0;   86.29;    3.8;   -0.4;   -2.4;eor
       3244;20181211;   10;   7.8;   2.6;    3;   0.2;   4;    0.717;   2;  -999;   5.2;    -999;   -0.1;   84.96;    1.2;   -1.6;   -4.6;eor
       3244;20181212;   10;   6.8;   2.0;    3;   0.0;   0;    1.500;   2;  -999;   4.8;    -999;   -1.3;   85.88;    0.8;   -3.8;   -7.4;eor
       3244;20181213;   10;   8.4;   3.8;    3;   0.0;   0;    0.450;   2;  -999;   4.5;    -999;   -1.4;   82.17;   -0.5;   -2.6;   -2.6;eor
       3244;20181214;   10;   7.3;   2.9;    3;   0.0;   0;    0.000;   2;  -999;   3.7;    -999;   -3.1;   76.38;   -2.5;   -3.7;   -3.8;eor
       3244;20181215;   10;   6.4;   2.3;    3;   1.2;   4;    0.683;   2;  -999;   3.3;    -999;   -4.6;   75.71;   -3.1;   -8.7;  -11.6;eor
       3244;20181216;   10;  10.0;   3.3;    3;   1.7;   4;    0.217;   5;  -999;   5.2;    -999;   -1.4;   90.58;    2.7;   -7.4;   -7.6;eor
       3244;20181217;   10;   7.3;   2.6;    3;   0.0;   0;    0.000;   3;  -999;   5.8;    -999;   -0.1;   94.75;    2.6;   -4.3;   -7.9;eor
       3244;20181218;   10;   5.9;   1.9;    3;   0.0;   0;    7.600;   2;  -999;   5.1;    -999;   -0.1;   85.38;    5.5;   -6.0;   -8.0;eor
       3244;20181219;   10;   7.1;   2.6;    3;   0.6;   4;    0.000;   0;  -999;   5.4;    -999;    0.9;   82.88;    4.7;   -5.8;   -7.8;eor
       3244;20181220;   10;  11.3;   4.5;    3;   0.0;   0;    4.300;   0;  -999;   6.5;    -999;    3.6;   82.71;    6.4;    1.5;   -0.3;eor
       3244;20181221;   10;  19.1;   6.7;    3;   9.8;   4;    0.000;   0;  -999;   7.6;    -999;    5.6;   81.79;    8.9;    3.1;    1.5;eor
       3244;20181222;   10;  17.8;   6.9;    3;   4.3;   4;    0.000;   0;  -999;   9.2;    -999;    8.6;   82.00;   10.0;    7.5;    5.6;eor
       3244;20181223;   10;  18.0;   5.3;    3;  17.4;   4;    0.000;   0;  -999;   9.1;    -999;    7.5;   88.04;    9.7;    5.7;    4.6;eor
       3244;20181224;   10;  19.3;   4.0;    3;   1.6;   4;    0.617;   0;  -999;   7.6;    -999;    4.1;   90.75;    9.7;    0.4;   -1.2;eor
       3244;20181225;   10;   4.9;   1.4;    3;   0.0;   0;    0.950;   0;  -999;   5.2;    -999;   -1.6;   95.29;    0.6;   -3.9;   -7.1;eor
       3244;20181226;   10;   5.7;   1.5;    3;   0.0;   0;    7.767;   0;  -999;   4.8;    -999;   -2.2;   92.13;    3.4;   -5.6;   -8.4;eor
       3244;20181227;   10;   4.4;   1.1;    3;   0.0;   0;    2.717;   0;  -999;   4.6;    -999;   -3.1;   94.58;   -0.1;   -6.9;   -8.2;eor
       3244;20181228;   10;   5.0;   1.5;    3;   0.0;   0;    6.317;   0;  -999;   5.1;    -999;   -1.0;   89.38;    6.3;   -3.9;   -6.7;eor
       3244;20181229;   10;  11.1;   3.1;    3;   0.1;   4;    1.133;   0;  -999;   5.2;    -999;   -1.1;   92.04;    0.7;   -2.3;   -2.0;eor
       3244;20181230;   10;  11.5;   4.0;    3;   2.7;   4;    0.000;   0;  -999;   6.2;    -999;    1.5;   91.67;    2.7;   -0.3;   -0.7;eor
       3244;20181231;   10;   7.3;   3.4;    3;   2.4;   4;    0.000;   0;  -999;   6.9;    -999;    2.1;   96.17;    3.5;    0.9;   -0.3;eor
       3244;20190101;   10;  13.3;   4.4;    3;   2.6;   4;    0.133;   0;  -999;   6.7;    -999;    2.2;   94.13;    3.5;    0.4;    0.0;eor
       3244;20190102;   10;  16.4;   3.2;    3;   0.4;   4;    0.150;   2;  -999;   4.9;    -999;   -0.7;   84.50;    2.4;   -3.0;   -9.5;eor
       3244;20190103;   10;   6.5;   2.7;    3;   0.2;   4;    0.600;   2;  -999;   3.7;    -999;   -3.7;   79.46;   -2.0;   -6.4;   -9.9;eor
       3244;20190104;   10;   8.3;   2.9;    3;   0.2;   4;    0.000;   3;  -999;   4.5;    -999;   -2.3;   86.42;   -1.1;   -4.1;   -5.9;eor
       3244;20190105;   10;  13.5;   5.3;    3;   9.3;   4;    0.000;   5;  -999;   5.3;    -999;   -0.7;   90.88;    0.4;   -1.5;   -2.1;eor
       3244;20190106;   10;   8.4;   3.4;    3;   6.8;   4;    0.000;  22;  -999;   6.0;    -999;    0.5;   95.08;    0.8;    0.2;   -0.1;eor
       3244;20190107;   10;  10.5;   2.4;    3;   1.7;   4;    0.000;  17;  -999;   6.0;    -999;    0.5;   94.13;    1.2;    0.2;   -0.2;eor
       3244;20190108;   10;  14.9;   6.5;    3;   2.1;   4;    0.950;  17;  -999;   5.9;    -999;    0.9;   89.58;    2.5;   -0.2;   -1.0;eor
       3244;20190109;   10;  11.4;   3.6;    3;   7.2;   4;    0.000;  17;  -999;   5.2;    -999;   -1.0;   91.42;    0.5;   -2.5;   -1.6;eor
       3244;20190110;   10;   8.9;   3.0;    3;   4.4;   4;    0.000;  37;  -999;   4.8;    -999;   -2.3;   93.04;   -1.4;   -3.6;   -3.5;eor
       3244;20190111;   10;  11.0;   3.1;    3;   0.3;   4;    0.867;  39;  -999;   4.1;    -999;   -3.9;   88.88;   -2.1;   -9.1;  -11.8;eor
       3244;20190112;   10;  17.3;   5.8;    3;   4.1;   4;    0.000;  40;  -999;   5.4;    -999;   -0.3;   90.92;    1.3;   -2.4;   -2.8;eor
       3244;20190113;   10;  18.2;   7.1;    3;  11.2;   4;    0.000;  36;  -999;   6.5;    -999;    1.8;   93.13;    4.2;    0.2;   -0.1;eor
       3244;20190114;   10;  12.0;   3.9;    3;   2.7;   4;    0.100;  24;  -999;   6.0;    -999;    1.3;   89.25;    4.0;   -3.0;   -5.7;eor
       3244;20190115;   10;   8.9;   3.3;    3;   0.0;   0;    2.417;  22;  -999;   5.0;    -999;   -0.1;   82.96;    2.5;   -3.5;   -8.3;eor
       3244;20190116;   10;   8.8;   4.2;    3;   0.0;   0;    8.117;  17;  -999;   4.2;    -999;   -1.5;   77.46;    4.6;   -9.2;  -12.9;eor
       3244;20190117;   10;  14.3;   5.2;    3;   0.6;   4;    1.067;  17;  -999;   5.7;    -999;    2.8;   76.50;    5.9;    0.1;   -3.4;eor
       3244;20190118;   10;  11.7;   2.5;    3;   0.0;   0;    3.383;  14;  -999;   3.9;    -999;   -1.6;   72.17;    1.3;   -4.8;  -11.0;eor
       3244;20190119;   10;   4.6;   1.4;    3;   0.0;   0;    4.133;  14;  -999;   3.0;    -999;   -7.9;   88.75;   -2.8;  -15.1;  -17.5;eor
       3244;20190120;   10;   4.9;   1.8;    3;   0.0;   0;    0.267;  14;  -999;   3.3;    -999;   -6.6;   85.29;   -0.6;  -15.0;  -16.9;eor
       3244;20190121;   10;   5.5;   1.9;    3;   0.0;   0;    0.000;  14;  -999;   4.2;    -999;   -3.5;   89.33;   -2.5;   -4.5;   -4.5;eor
       3244;20190122;   10;   6.8;   1.7;    3;   0.0;   0;    5.300;  14;  -999;   3.8;    -999;   -4.6;   86.96;   -1.5;   -8.5;  -12.9;eor
       3244;20190123;   10;   5.1;   1.7;    3;   0.0;   0;    2.817;  14;  -999;   3.3;    -999;   -6.0;   84.29;   -3.8;   -8.1;  -11.6;eor
       3244;20190124;   10;   5.5;   1.9;    3;   0.1;   4;    0.567;  14;  -999;   3.6;    -999;   -4.9;   84.08;   -3.0;   -6.3;   -8.2;eor
       3244;20190125;   10;   9.1;   3.2;    3;   0.3;   4;    1.950;  16;  -999;   3.1;    -999;   -5.1;   74.33;   -2.6;   -9.0;  -14.2;eor
       3244;20190126;   10;  13.3;   5.5;    3;   0.0;   0;    0.000;  15;  -999;   5.0;    -999;    0.0;   80.83;    2.8;   -4.1;   -5.0;eor
       3244;20190127;   10;  14.2;   5.2;    3;   0.5;   4;    1.417;  12;  -999;   5.7;    -999;    2.1;   80.58;    4.5;   -0.2;   -2.9;eor
       3244;20190128;   10;  15.4;   6.3;    3;   0.3;   4;    1.083;  12;  -999;   4.9;    -999;    0.1;   79.08;    1.4;   -1.1;   -2.7;eor
       3244;20190129;   10;   6.7;   2.5;    3;   0.0;   0;    4.667;  14;  -999;   4.2;    -999;   -1.9;   79.00;    1.1;   -8.6;  -16.1;eor
       3244;20190130;   10;  14.4;   3.7;    3;   0.0;   0;    1.633;  12;  -999;   3.6;    -999;   -2.9;   72.79;    3.2;  -11.8;  -15.7;eor
       3244;20190131;   10;  10.5;   3.0;    3;   0.0;   0;    3.167;  10;  -999;   3.6;    -999;   -3.0;   72.71;    1.1;  -11.4;  -13.2;eor
       3244;20190201;   10;   7.1;   1.9;    3;   2.7;   4;    0.000;  10;  -999;   5.0;    -999;    0.4;   78.88;    3.0;   -1.3;   -2.7;eor
       3244;20190202;   10;   6.9;   2.4;    3;   1.5;   4;    4.083;  10;  -999;   6.4;    -999;    2.0;   91.08;    5.7;    0.0;   -1.7;eor
       3244;20190203;   10;   9.3;   2.8;    3;   6.7;   4;    0.000;   9;  -999;   5.7;    -999;   -0.5;   96.13;    1.5;   -2.2;   -3.5;eor
       3244;20190204;   10;   8.1;   1.8;    3;   0.0;   0;    8.217;  20;  -999;   4.1;    -999;   -4.1;   89.75;   -0.5;  -12.0;  -16.2;eor
       3244;20190205;   10;   6.5;   2.0;    3;   0.0;   0;    2.917;  20;  -999;   3.9;    -999;   -5.3;   93.29;   -1.9;  -10.5;  -15.0;eor
       3244;20190206;   10;   4.5;   1.3;    3;   0.0;   0;    8.617;  20;  -999;   3.1;    -999;   -8.2;   91.13;   -2.6;  -15.6;  -20.0;eor
       3244;20190207;   10;  11.0;   4.3;    3;   5.9;   4;    0.000;  20;  -999;   4.9;    -999;   -1.6;   87.67;    3.1;  -10.9;  -13.8;eor
       3244;20190208;   10;   8.8;   3.9;    3;   0.1;   4;    7.700;  15;  -999;   5.4;    -999;    1.2;   81.17;    5.0;   -2.7;   -7.2;eor
       3244;20190209;   10;  16.3;   5.4;    3;   0.0;   4;    3.833;  14;  -999;   6.0;    -999;    4.0;   72.83;    7.1;   -0.9;   -4.1;eor
       3244;20190210;   10;  17.4;   5.2;    3;   6.5;   4;    3.400;  10;  -999;   6.0;    -999;    4.5;   73.00;   11.4;    1.5;   -0.3;eor
       3244;20190211;   10;  13.5;   4.5;    3;   0.1;   4;    0.117;   4;  -999;   5.3;    -999;    1.6;   76.67;    2.8;    0.5;   -0.8;eor
       3244;20190212;   10;   8.1;   2.5;    3;   0.1;   4;    0.500;   4;  -999;   4.8;    -999;    0.0;   79.33;    2.8;   -5.2;   -8.0;eor
       3244;20190213;   10;   4.8;   1.7;    3;   0.0;   0;    9.467;   4;  -999;   4.0;    -999;   -0.9;   73.17;    6.7;   -7.0;   -8.9;eor
       3244;20190214;   10;   4.9;   1.6;    3;   0.0;   0;    9.167;   3;  -999;   4.9;    -999;    1.6;   72.00;   10.9;   -4.7;   -7.3;eor
       3244;20190215;   10;   5.3;   1.4;    3;   0.0;   0;    9.633;   0;  -999;   4.9;    -999;    1.5;   74.75;   10.3;   -5.1;   -7.6;eor
       3244;20190216;   10;   5.8;   2.8;    3;   0.0;   0;    9.600;   0;  -999;   4.6;    -999;    2.8;   64.63;   13.3;   -3.8;   -6.8;eor
       3244;20190217;   10;   6.8;   3.2;    3;   0.0;   0;    9.700;   0;  -999;   4.5;    -999;    3.6;   58.83;   13.8;   -2.6;   -6.1;eor
       3244;20190218;   10;   6.2;   2.7;    3;   0.0;   0;    9.867;   0;  -999;   4.5;    -999;    3.2;   61.79;   13.0;   -4.3;   -7.4;eor
       3244;20190219;   10;   9.9;   3.6;    3;   0.0;   0;    6.033;   0;  -999;   6.1;    -999;    5.6;   66.50;   10.9;   -0.7;   -4.7;eor
       3244;20190220;   10;   6.4;   2.1;    3;   0.0;   0;    7.167;   0;  -999;   6.6;    -999;    4.9;   77.46;   10.8;    0.8;   -1.8;eor
       3244;20190221;   10;   6.7;   2.9;    3;   0.2;   4;    8.117;   0;  -999;   6.2;    -999;    6.0;   67.67;   12.6;   -0.2;   -3.3;eor
       3244;20190222;   10;   6.1;   2.1;    3;   0.3;   4;    0.417;   0;  -999;   7.7;    -999;    6.3;   80.29;    9.7;    3.1;   -1.9;eor
       3244;20190223;   10;  11.5;   4.3;    3;   0.0;   0;    8.200;   0;  -999;   4.5;    -999;    2.2;   64.08;    6.2;   -3.2;   -6.1;eor
       3244;20190224;   10;   7.3;   2.5;    3;   0.0;   0;    8.300;   0;  -999;   3.6;    -999;    0.8;   56.00;    7.6;   -5.0;   -7.2;eor
       3244;20190225;   10;   9.6;   2.6;    3;   0.0;   0;   10.100;   0;  -999;   5.5;    -999;    4.1;   65.04;   12.3;   -3.5;   -5.7;eor
       3244;20190226;   10;   5.9;   1.4;    3;   0.0;   0;    9.533;   0;  -999;   6.2;    -999;    5.5;   72.58;   15.8;   -2.6;   -5.9;eor
       3244;20190227;   10;   5.5;   2.2;    3;   0.0;   0;   10.217;   0;  -999;   5.3;    -999;    6.1;   62.13;   16.0;   -2.4;   -4.8;eor
       3244;20190228;   10;  16.7;   5.3;    3;   2.0;   4;   10.167;   0;  -999;   6.5;    -999;    9.8;   54.25;   16.0;    1.2;   -2.3;eor
       3244;20190301;   10;  11.7;   4.5;    3;   8.5;   4;    0.033;   0;  -999;   8.0;    -999;    5.9;   86.63;    7.8;    4.6;    3.7;eor
       3244;20190302;   10;  10.6;   3.7;    3;   0.0;   0;    0.000;   0;  -999;   7.4;    -999;    5.6;   82.04;    8.0;    3.9;    3.0;eor
       3244;20190303;   10;  15.0;   5.0;    3;   0.0;   0;    8.067;   0;  -999;   7.0;    -999;    8.3;   65.00;   12.3;    4.2;    1.9;eor
       3244;20190304;   10;  24.2;   6.6;    3;   0.7;   4;    3.350;   0;  -999;   5.9;    -999;    6.7;   61.79;   14.3;    2.2;   -0.5;eor
       3244;20190305;   10;  15.0;   5.3;    3;   0.0;   0;    1.917;   0;  -999;   5.9;    -999;    4.9;   69.08;    7.9;    0.6;   -1.8;eor
       3244;20190306;   10;   5.7;   2.3;    3;   0.0;   0;    6.217;   0;  -999;   5.8;    -999;    6.5;   63.08;   15.0;   -1.8;   -5.5;eor
       3244;20190307;   10;  18.3;   4.7;    3;   1.6;   4;    2.967;   0;  -999;   6.9;    -999;    6.4;   71.21;   12.8;    2.4;   -1.8;eor
       3244;20190308;   10;  13.1;   5.3;    3;   0.1;   4;    4.683;   0;  -999;   6.5;    -999;    5.5;   72.83;    8.2;    2.5;    0.2;eor
       3244;20190309;   10;  18.7;   7.7;    3;   2.4;   4;    1.367;   0;  -999;   7.7;    -999;    7.5;   73.83;   10.4;    4.2;    2.6;eor
       3244;20190310;   10;  22.1;   7.3;    3;   6.7;   4;    1.367;   0;  -999;   8.7;    -999;    8.8;   76.04;   11.9;    3.8;    1.8;eor
       3244;20190311;   10;  18.0;   5.6;    3;   0.5;   4;    1.550;   0;  -999;   4.9;    -999;    1.7;   70.83;    4.1;   -0.8;   -1.5;eor
       3244;20190312;   10;  14.6;   4.7;    3;   0.4;   4;    8.317;   0;  -999;   4.6;    -999;    3.4;   61.33;    8.3;   -0.9;   -2.6;eor
       3244;20190313;   10;  19.4;   6.6;    3;   5.4;   4;    5.600;   0;  -999;   5.6;    -999;    4.2;   69.88;    8.8;    1.0;    0.1;eor
       3244;20190314;   10;  18.7;   6.8;    3;   3.2;   4;    0.000;   0;  -999;   6.5;    -999;    2.4;   89.17;    3.8;    0.8;    0.0;eor
       3244;20190315;   10;  22.0;   6.9;    3;  14.8;   4;    0.000;   0;  -999;   8.5;    -999;    6.3;   87.96;    9.1;    3.5;    2.8;eor
       3244;20190316;   10;  19.2;   6.8;    3;   0.0;   0;    5.917;   0;  -999;   7.8;    -999;   10.4;   63.08;   14.6;    6.3;    2.8;eor
       3244;20190317;   10;  15.0;   5.5;    3;   3.6;   4;    5.833;   0;  -999;   6.0;    -999;    8.2;   59.04;   15.2;    0.6;   -0.1;eor
       3244;20190318;   10;  12.1;   3.5;    3;   1.1;   4;    3.533;   0;  -999;   5.9;    -999;    1.9;   84.79;    5.6;    0.3;   -1.2;eor
       3244;20190319;   10;   6.1;   1.6;    3;   0.0;   0;    2.600;   0;  -999;   5.4;    -999;    1.7;   79.75;    6.4;   -2.8;   -6.2;eor
       3244;20190320;   10;   8.5;   2.3;    3;   0.0;   0;   11.483;   0;  -999;   4.6;    -999;    2.1;   67.79;    8.0;   -4.3;   -7.8;eor
       3244;20190321;   10;  11.3;   3.1;    3;   0.0;   0;   11.517;   0;  -999;   4.7;    -999;    4.2;   58.42;   11.1;   -3.0;   -7.6;eor
       3244;20190322;   10;   4.5;   1.4;    3;   0.0;   0;   10.600;   0;  -999;   5.9;    -999;    5.4;   67.42;   15.8;   -4.3;   -7.1;eor
       3244;20190323;   10;   6.2;   2.2;    3;   0.0;   0;   11.500;   0;  -999;   6.0;    -999;    8.6;   58.46;   17.6;   -0.1;   -3.9;eor
       3244;20190324;   10;   8.0;   2.5;    3;   0.0;   0;   10.383;   0;  -999;   7.0;    -999;    8.3;   67.54;   16.8;   -1.5;   -4.3;eor
       3244;20190325;   10;  14.8;   3.2;    3;   1.9;   4;    4.167;   0;  -999;   6.2;    -999;    4.2;   76.17;    8.0;   -0.9;   -3.1;eor
       3244;20190326;   10;   5.9;   1.9;    3;   0.0;   0;    2.667;   1;  -999;   5.3;    -999;    2.7;   73.21;    6.7;    0.2;   -0.1;eor
       3244;20190327;   10;   7.8;   2.3;    3;   0.0;   0;    1.800;   0;  -999;   6.0;    -999;    3.9;   75.33;    7.9;    1.0;   -0.1;eor
       3244;20190328;   10;  11.3;   3.6;    3;   0.0;   0;    9.900;   0;  -999;   6.4;    -999;    6.8;   66.29;   12.1;    0.2;   -3.7;eor
       3244;20190329;   10;   8.0;   2.4;    3;   0.0;   0;   10.633;   0;  -999;   7.2;    -999;    7.7;   71.46;   14.6;    1.5;   -3.4;eor
       3244;20190330;   10;   6.0;   1.9;    3;   0.0;   0;   12.117;   0;  -999;   6.2;    -999;    7.9;   62.63;   16.8;   -1.5;   -5.1;eor
       3244;20190331;   10;   9.1;   2.8;    3;   0.0;   0;   12.083;   0;  -999;   6.2;    -999;    8.9;   58.83;   16.9;   -0.7;   -3.9;eor
       3244;20190401;   10;   8.7;   2.7;    3;   0.0;   0;    9.667;   0;  -999;   7.9;    -999;    8.3;   72.79;   14.6;    1.8;   -3.2;eor
       3244;20190402;   10;  10.1;   3.0;    3;   0.0;   0;    9.750;   0;  -999;   6.7;    -999;   10.5;   57.92;   19.0;    0.0;   -3.7;eor
       3244;20190403;   10;  12.5;   2.2;    3;   0.0;   0;    8.267;   0;  -999;   7.4;    -999;    9.9;   62.29;   17.1;    4.0;    0.7;eor
       3244;20190404;   10;   8.5;   3.2;    3;   0.1;   4;    0.000;   0;  -999;   6.5;    -999;    2.8;   86.54;    5.1;    0.8;    0.4;eor
       3244;20190405;   10;   5.2;   1.7;    3;   0.0;   0;    0.117;   0;  -999;   6.6;    -999;    3.9;   82.33;    6.9;    0.8;    0.6;eor
       3244;20190406;   10;   8.3;   2.2;    3;   0.0;   0;   11.283;   0;  -999;   7.5;    -999;    7.4;   74.42;   15.0;   -2.2;   -4.5;eor
       3244;20190407;   10;   7.6;   2.5;    3;  11.5;   4;    2.350;   0;  -999;   8.8;    -999;    8.4;   80.67;   13.5;    1.7;   -1.0;eor
       3244;20190408;   10;   6.2;   2.3;    3;   1.0;   4;    0.000;   0;  -999;   9.2;    -999;    7.9;   86.50;   10.0;    6.1;    5.7;eor
       3244;20190409;   10;   6.3;   1.7;    3;  20.8;   4;    0.000;   0;  -999;  10.0;    -999;    8.3;   91.21;   10.5;    6.5;    6.2;eor
       3244;20190410;   10;   6.4;   2.0;    3;   7.5;   4;    0.000;   0;  -999;   9.6;    -999;    7.2;   94.71;    8.3;    6.2;    6.0;eor
       3244;20190411;   10;   7.2;   3.2;    3;   0.0;   0;    0.000;   0;  -999;   7.1;    -999;    5.3;   79.63;    7.8;    2.6;    0.3;eor
       3244;20190412;   10;   6.9;   2.8;    3;   0.0;   0;    6.017;   0;  -999;   5.5;    -999;    3.4;   70.54;    7.7;   -1.4;   -3.7;eor
       3244;20190413;   10;   8.4;   2.7;    3;   0.4;   4;    4.417;   0;  -999;   5.8;    -999;    3.7;   73.79;    8.3;    0.7;   -2.0;eor
       3244;20190414;   10;   9.4;   3.2;    3;   0.0;   0;    0.050;   0;  -999;   5.8;    -999;    3.8;   74.08;    7.3;    0.4;    0.4;eor
       3244;20190415;   10;  11.1;   3.3;    3;   0.0;   0;    7.950;   0;  -999;   7.0;    -999;    7.1;   70.63;   13.1;    1.8;   -2.5;eor
       3244;20190416;   10;  14.9;   2.2;    3;   0.0;   0;    9.400;   0;  -999;   7.3;    -999;    8.4;   68.42;   16.5;   -1.8;   -4.0;eor
       3244;20190417;   10;   8.9;   3.0;    3;   0.0;   0;    8.583;   0;  -999;   7.9;    -999;   11.2;   61.50;   16.9;    5.6;    0.7;eor
       3244;20190418;   10;  10.0;   2.7;    3;   0.0;   0;   13.050;   0;  -999;   7.4;    -999;   11.3;   56.17;   18.7;    2.9;   -2.0;eor
       3244;20190419;   10;   7.3;   1.7;    3;   0.0;   0;   13.167;   0;  -999;   7.5;    -999;   12.1;   57.67;   20.0;    0.8;   -1.8;eor
       3244;20190420;   10;   8.9;   2.1;    3;   0.0;   0;   13.367;   0;  -999;   7.1;    -999;   12.0;   53.42;   20.3;    1.0;   -1.5;eor
       3244;20190421;   10;   9.5;   2.4;    3;   0.0;   0;   12.667;   0;  -999;   6.3;    -999;   13.3;   44.08;   21.1;    2.4;   -2.3;eor
       3244;20190422;   10;  10.7;   3.0;    3;   0.0;   0;   10.667;   0;  -999;   6.8;    -999;   13.6;   45.58;   21.7;    2.6;   -1.5;eor
       3244;20190423;   10;   6.8;   2.3;    3;   0.0;   0;    5.717;   0;  -999;   8.8;    -999;   13.9;   56.67;   20.6;    5.3;    2.9;eor
       3244;20190424;   10;  13.0;   3.0;    3;   0.0;   0;    9.367;   0;  -999;   8.3;    -999;   14.5;   52.96;   22.8;    3.6;    0.3;eor
       3244;20190425;   10;  11.4;   2.5;    3;   0.0;   0;   10.167;   0;  -999;   8.0;    -999;   13.1;   56.92;   22.9;    3.4;   -0.8;eor
       3244;20190426;   10;   9.4;   3.6;    3;   3.5;   4;    0.750;   0;  -999;   8.0;    -999;    5.8;   86.42;    8.7;    3.6;    1.1;eor
       3244;20190427;   10;  13.1;   4.8;    3;   5.6;   4;    3.967;   0;  -999;   8.0;    -999;    6.9;   80.42;   12.0;    3.5;    3.1;eor
       3244;20190428;   10;  10.3;   3.0;    3;   0.3;   4;    4.267;   0;  -999;   6.8;    -999;    4.5;   81.04;    8.8;    0.0;   -1.5;eor
       3244;20190429;   10;   7.9;   1.8;    3;   5.4;   4;    0.700;   0;  -999;   7.7;    -999;    5.3;   85.92;    9.0;    0.5;   -1.1;eor
       3244;20190430;   10;   7.2;   2.9;    3;   1.2;   4;    0.917;   0;  -999;   9.1;    -999;    6.6;   92.96;   10.2;    3.6;    0.1;eor
       3244;20190501;   10;   5.8;   1.9;    3;   0.0;   0;   13.483;-999;  -999;   6.8;    -999;    8.6;   66.33;   17.0;   -0.1;   -1.7;eor
       3244;20190502;   10;  14.0;   4.1;    3;   4.1;   4;   10.367;-999;  -999;   8.0;    -999;   10.4;   66.46;   18.0;    1.4;   -0.8;eor
       3244;20190503;   10;   7.1;   2.4;    3;   7.0;   4;    0.033;-999;  -999;   9.5;    -999;    7.6;   90.54;    9.8;    4.4;    2.9;eor
       3244;20190504;   10;  12.7;   3.2;    3;   8.7;   4;    1.567;-999;  -999;   7.6;    -999;    4.4;   90.88;   10.3;    0.5;    0.0;eor
       3244;20190505;   10;  10.4;   3.0;    3;   0.3;   4;    1.550;-999;  -999;   5.9;    -999;    2.3;   82.79;    6.0;   -0.5;   -2.1;eor
       3244;20190506;   10;   6.6;   1.9;    3;   0.2;   4;    2.517;-999;  -999;   5.7;    -999;    3.6;   73.17;    7.4;   -1.9;   -3.6;eor
       3244;20190507;   10;   8.3;   2.0;    3;   0.0;   0;   11.500;-999;  -999;   5.9;    -999;    6.6;   64.25;   13.3;   -1.3;   -3.6;eor
       3244;20190508;   10;  10.2;   2.5;    3;   1.6;   4;    0.150;-999;  -999;   8.8;    -999;    9.1;   76.42;   14.7;    2.3;   -0.7;eor
       3244;20190509;   10;  17.2;   5.4;    3;   0.5;   4;    8.067;-999;  -999;   8.6;    -999;    9.7;   73.17;   14.8;    3.3;    0.5;eor
       3244;20190510;   10;  10.4;   3.3;    3;   3.6;   4;    5.050;-999;  -999;   9.5;    -999;   10.5;   75.25;   15.1;    7.7;    5.8;eor
       3244;20190511;   10;  15.0;   4.4;    3;   9.5;   4;    0.117;-999;  -999;  10.2;    -999;    9.2;   87.21;   11.9;    6.2;    5.8;eor
       3244;20190512;   10;  10.7;   2.7;    3;   4.9;   4;    0.283;-999;  -999;   8.0;    -999;    5.3;   89.50;    8.6;    3.8;    3.4;eor
       3244;20190513;   10;  11.2;   3.2;    3;   0.1;   4;    7.417;-999;  -999;   6.9;    -999;    7.5;   68.50;   12.3;    1.8;   -1.1;eor
       3244;20190514;   10;  11.9;   3.5;    3;   0.1;   4;    8.383;-999;  -999;   5.6;    -999;    6.3;   60.29;   11.3;    0.6;   -2.6;eor
       3244;20190515;   10;   7.8;   2.7;    3;   0.0;   0;    0.717;-999;  -999;   6.4;    -999;    6.2;   68.75;    9.5;    2.1;    0.4;eor
       3244;20190516;   10;   7.0;   2.2;    3;   0.0;   0;    0.167;-999;  -999;   7.6;    -999;    6.6;   77.38;   10.5;    1.6;   -0.8;eor
       3244;20190517;   10;  11.9;   2.2;    3;  12.2;   4;    9.100;-999;  -999;   9.0;    -999;   10.2;   75.00;   18.5;    1.6;   -2.3;eor
       3244;20190518;   10;   7.6;   2.1;    3;   0.0;   0;    8.550;-999;  -999;  10.2;    -999;   12.3;   73.75;   19.1;    3.8;    2.4;eor
       3244;20190519;   10;   9.6;   2.6;    3;  16.4;   4;    4.117;-999;  -999;  11.2;    -999;   12.9;   77.25;   19.4;    8.7;    6.2;eor
       3244;20190520;   10;   8.2;   2.8;    3;  45.5;   4;    0.000;-999;  -999;  12.5;    -999;   11.0;   94.92;   12.0;   10.3;    9.9;eor
       3244;20190521;   10;  11.9;   4.4;    3;  28.9;   4;    0.000;-999;  -999;  11.5;    -999;   10.0;   93.79;   10.6;    9.2;    8.9;eor
       3244;20190522;   10;   6.3;   2.1;    3;   2.2;   4;    0.700;-999;  -999;  11.6;    -999;   11.7;   84.54;   15.4;    8.7;    5.8;eor
       3244;20190523;   10;   5.7;   1.7;    3;   0.0;   0;   11.867;-999;  -999;   9.9;    -999;   12.2;   72.46;   18.4;    5.5;    3.0;eor
       3244;20190524;   10;   6.6;   1.6;    3;   0.0;   0;   12.500;-999;  -999;   9.9;    -999;   13.8;   66.38;   20.4;    4.5;    1.6;eor
       3244;20190525;   10;  10.4;   1.8;    3;   1.5;   4;    3.750;-999;  -999;  11.6;    -999;   12.9;   79.63;   20.2;    7.0;    4.7;eor
       3244;20190526;   10;   5.6;   1.9;    3;   0.0;   0;    8.983;-999;  -999;  11.5;    -999;   13.8;   75.63;   20.2;    8.2;    5.2;eor
       3244;20190527;   10;   5.1;   1.9;    3;  12.3;   4;    3.000;-999;  -999;  12.2;    -999;   13.7;   79.08;   18.7;    7.6;    5.5;eor
       3244;20190528;   10;   9.0;   3.1;    3;   5.7;   4;    0.233;-999;  -999;  11.9;    -999;   11.0;   90.04;   13.4;    8.4;    7.8;eor
       3244;20190529;   10;   7.7;   2.6;    3;   2.2;   4;    1.983;-999;  -999;  10.2;    -999;    9.7;   85.33;   14.3;    7.2;    5.4;eor
       3244;20190530;   10;   4.8;   1.5;    3;   0.0;   0;    6.500;-999;  -999;   9.6;    -999;   12.0;   71.71;   18.1;    4.8;    2.8;eor
       3244;20190531;   10;   6.4;   1.8;    3;   0.0;   0;    7.767;-999;  -999;  11.5;    -999;   15.1;   68.50;   21.6;   10.3;    6.8;eor
       3244;20190601;   10;   7.1;   1.7;    3;   0.0;   0;   14.733;-999;  -999;  12.3;    -999;   17.2;   66.21;   24.0;    7.8;    5.1;eor
       3244;20190602;   10;   5.1;   1.3;    3;   0.0;   0;   14.933;-999;  -999;  12.9;    -999;   18.7;   63.96;   27.0;    8.8;    6.0;eor
       3244;20190603;   10;  14.1;   2.6;    3;   0.0;   0;   13.267;-999;  -999;  13.7;    -999;   19.0;   65.88;   28.0;   10.5;    7.2;eor
       3244;20190604;   10;   7.5;   2.0;    3;   0.0;   0;   14.183;-999;  -999;  14.0;    -999;   20.2;   62.92;   27.4;   10.9;    8.4;eor
       3244;20190605;   10;   9.1;   2.5;    3;   0.0;   0;   14.683;-999;  -999;  14.7;    -999;   21.1;   61.83;   27.8;   11.5;    8.7;eor
       3244;20190606;   10;  10.1;   3.0;    3;   0.8;   4;    1.500;-999;  -999;  12.4;    -999;   13.9;   78.71;   20.1;    8.3;    6.1;eor
       3244;20190607;   10;  10.9;   2.7;    3;   0.0;   0;   12.817;-999;  -999;  12.2;    -999;   16.8;   67.00;   27.4;    6.7;    5.1;eor
       3244;20190608;   10;  11.4;   3.1;    3;   0.0;   0;    9.283;-999;  -999;   9.1;    -999;   14.5;   56.75;   20.5;    8.7;    4.9;eor
       3244;20190609;   10;   7.7;   1.5;    3;   0.7;   4;    6.167;-999;  -999;  12.2;    -999;   14.5;   74.00;   21.8;    6.1;    3.5;eor
       3244;20190610;   10;   9.2;   2.0;    3;  17.3;   4;    3.783;-999;  -999;  15.1;    -999;   14.9;   89.63;   21.2;   11.2;    9.0;eor
       3244;20190611;   10;   8.9;   2.6;    3;   0.1;   4;    2.967;-999;  -999;  14.2;    -999;   14.2;   87.83;   17.3;    9.9;    9.1;eor
       3244;20190612;   10;  12.3;   2.1;    3;   0.3;   4;    4.433;-999;  -999;  13.8;    -999;   14.1;   86.00;   18.5;   11.9;   12.0;eor
       3244;20190613;   10;   6.7;   1.4;    3;   0.0;   0;    9.700;-999;  -999;  12.9;    -999;   17.0;   69.21;   22.9;   10.9;    7.2;eor
       3244;20190614;   10;   8.8;   2.3;    3;   0.0;   4;   11.817;-999;  -999;  14.5;    -999;   19.4;   67.21;   26.8;    9.1;    5.7;eor
       3244;20190615;   10;  14.9;   3.8;    3;  19.1;   4;    8.400;-999;  -999;  15.4;    -999;   18.7;   73.00;   23.2;   12.6;   11.9;eor
       3244;20190616;   10;   7.7;   2.6;    3;   0.0;   0;    4.450;-999;  -999;  13.7;    -999;   15.1;   80.79;   19.1;   11.5;    8.0;eor
       3244;20190617;   10;   9.4;   2.6;    3;   0.0;   0;    9.217;-999;  -999;  14.7;    -999;   17.4;   76.17;   24.1;    8.7;    7.3;eor
       3244;20190618;   10;  11.1;   2.1;    3;  21.8;   4;   13.167;-999;  -999;  14.9;    -999;   19.9;   68.42;   27.9;   10.6;    8.5;eor
       3244;20190619;   10;  15.9;   2.9;    3;   3.1;   4;   13.083;-999;  -999;  14.4;    -999;   21.1;   61.63;   28.4;   14.0;   12.5;eor
       3244;20190620;   10;   7.7;   2.6;    3;   2.3;   4;    4.333;-999;  -999;  15.7;    -999;   17.2;   80.42;   21.5;   13.5;   12.4;eor
       3244;20190621;   10;   6.8;   2.1;    3;   0.0;   0;    3.267;-999;  -999;  15.6;    -999;   17.4;   79.46;   21.4;   12.7;   11.5;eor
       3244;20190622;   10;   8.7;   2.2;    3;  13.6;   4;    1.317;-999;  -999;  16.2;    -999;   17.0;   84.54;   22.8;   14.7;   13.9;eor
       3244;20190623;   10;   7.0;   1.9;    3;   0.5;   4;    6.500;-999;  -999;  17.1;    -999;   18.4;   82.29;   23.1;   15.1;   12.1;eor
       3244;20190624;   10;   8.5;   2.2;    3;   0.0;   0;   14.517;-999;  -999;  17.3;    -999;   21.1;   71.25;   27.4;   13.2;   10.2;eor
       3244;20190625;   10;   4.7;   1.2;    3;   0.0;   0;   15.000;-999;  -999;  18.9;    -999;   23.7;   68.29;   31.9;   13.7;   11.1;eor
       3244;20190626;   10;   4.3;   1.4;    3;   0.0;   0;   14.467;-999;  -999;  19.6;    -999;   25.1;   65.46;   33.8;   15.6;   13.3;eor
       3244;20190627;   10;   8.1;   2.4;    3;   0.0;   0;   14.283;-999;  -999;  20.9;    -999;   24.9;   67.25;   30.7;   17.3;   13.7;eor
       3244;20190628;   10;   7.0;   2.1;    3;   0.0;   0;   15.017;-999;  -999;  13.2;    -999;   20.9;   55.79;   26.9;   13.3;    9.3;eor
       3244;20190629;   10;   8.8;   2.3;    3;   0.0;   0;   15.017;-999;  -999;  14.2;    -999;   21.0;   60.63;   28.3;   11.3;    7.8;eor
       3244;20190630;   10;   9.7;   3.1;    3;   0.0;   0;   14.983;-999;  -999;  16.7;    -999;   24.2;   59.46;   32.7;   12.7;    9.9;eor
       3244;20190701;   10;  13.5;   3.5;    3;  10.8;   4;   11.783;-999;  -999;  18.2;    -999;   23.8;   63.75;   31.5;   17.6;   15.6;eor
       3244;20190702;   10;  16.6;   2.2;    3;   0.0;   0;    8.967;-999;  -999;  16.3;    -999;   19.5;   72.75;   23.9;   14.9;   11.8;eor
       3244;20190703;   10;   6.7;   2.3;    3;   0.0;   0;   13.000;-999;  -999;  12.6;    -999;   17.7;   63.42;   22.8;   12.0;    8.8;eor
       3244;20190704;   10;   6.8;   1.9;    3;   0.0;   0;   14.983;-999;  -999;  11.6;    -999;   17.4;   61.25;   24.2;    9.5;    5.7;eor
       3244;20190705;   10;   8.5;   2.4;    3;   0.0;   0;   13.883;-999;  -999;  13.3;    -999;   20.1;   61.00;   28.2;   11.0;    8.8;eor
       3244;20190706;   10;  16.5;   4.0;    3;   0.7;   4;    9.783;-999;  -999;  14.2;    -999;   20.3;   62.04;   28.5;   11.0;    9.0;eor
       3244;20190707;   10;  15.1;   3.0;    3;   4.9;   4;    3.317;-999;  -999;  16.3;    -999;   17.0;   84.38;   22.4;   13.8;   12.3;eor
       3244;20190708;   10;   6.4;   1.4;    3;   0.3;   4;    0.217;-999;  -999;  13.6;    -999;   14.3;   83.13;   16.6;   12.5;   11.1;eor
       3244;20190709;   10;   7.3;   2.4;    3;   0.0;   0;    8.900;-999;  -999;  10.4;    -999;   14.6;   63.75;   19.1;    8.6;    4.8;eor
       3244;20190710;   10;   6.3;   1.7;    3;   0.0;   0;   14.717;-999;  -999;   9.4;    -999;   13.5;   64.38;   20.4;    6.2;    2.5;eor
       3244;20190711;   10;   4.9;   1.7;    3;   3.0;   4;    1.033;-999;  -999;  12.5;    -999;   13.2;   82.42;   17.9;    7.4;    5.7;eor
       3244;20190712;   10;  12.7;   3.2;    3;  21.0;   4;    0.950;-999;  -999;  14.7;    -999;   14.5;   89.29;   18.7;   12.1;   11.2;eor
       3244;20190713;   10;   7.8;   2.4;    3;   0.2;   4;    3.700;-999;  -999;  13.5;    -999;   14.7;   81.42;   19.7;   11.4;   10.2;eor
       3244;20190714;   10;  10.9;   2.6;    3;   0.0;   0;   10.267;-999;  -999;  13.4;    -999;   16.2;   74.33;   21.2;   12.1;   11.5;eor
       3244;20190715;   10;   8.9;   3.0;    3;   2.4;   4;    8.750;-999;  -999;  13.2;    -999;   15.7;   76.04;   21.3;   11.0;    8.0;eor
       3244;20190716;   10;   6.7;   1.4;    3;   0.0;   0;   12.800;-999;  -999;  12.8;    -999;   16.7;   70.50;   24.4;    8.8;    6.3;eor
       3244;20190717;   10;  10.3;   1.9;    3;   0.6;   4;   10.567;-999;  -999;  13.9;    -999;   17.6;   72.96;   26.1;    9.6;    7.5;eor
       3244;20190718;   10;   9.5;   2.2;    3;   0.0;   0;   11.100;-999;  -999;  13.1;    -999;   18.5;   66.71;   25.9;   10.1;    8.7;eor
       3244;20190719;   10;   9.6;   2.7;    3;   0.0;   0;   10.117;-999;  -999;  14.1;    -999;   20.4;   61.67;   27.0;   14.4;   11.3;eor
       3244;20190720;   10;  11.6;   3.0;    3;  13.2;   4;   12.333;-999;  -999;  15.1;    -999;   21.3;   64.21;   29.7;   11.4;    9.9;eor
       3244;20190721;   10;  12.8;   2.6;    3;   3.5;   4;    4.683;-999;  -999;  19.0;    -999;   19.0;   86.67;   23.7;   15.5;   13.5;eor
       3244;20190722;   10;   7.0;   1.5;    3;   0.0;   0;   13.383;-999;  -999;  16.7;    -999;   21.2;   70.54;   28.3;   13.5;   11.9;eor
       3244;20190723;   10;   8.1;   1.9;    3;   0.0;   0;   14.533;-999;  -999;  16.0;    -999;   22.4;   62.92;   29.8;   12.7;   11.1;eor
       3244;20190724;   10;   9.0;   2.1;    3;   0.0;   0;   14.533;-999;  -999;  17.2;    -999;   23.9;   63.46;   33.0;   13.3;   11.5;eor
       3244;20190725;   10;   7.9;   2.2;    3;   0.0;   0;   13.483;-999;  -999;  17.1;    -999;   25.0;   58.04;   32.4;   15.8;   13.8;eor
       3244;20190726;   10;   8.6;   2.1;    3;   0.4;   4;   12.617;-999;  -999;  18.1;    -999;   24.0;   62.67;   32.0;   15.9;   13.5;eor
       3244;20190727;   10;  15.3;   2.9;    3;   1.6;   4;    6.617;-999;  -999;  17.6;    -999;   20.7;   73.63;   25.7;   15.7;   14.9;eor
       3244;20190728;   10;   9.5;   2.5;    3;  39.4;   4;    0.467;-999;  -999;  18.0;    -999;   17.5;   90.04;   20.9;   14.5;   14.3;eor
       3244;20190729;   10;   6.3;   2.3;    3;   0.0;   0;    2.850;-999;  -999;  16.7;    -999;   17.1;   86.13;   21.7;   14.1;   13.9;eor
       3244;20190730;   10;   7.8;   2.2;    3;  10.7;   4;   10.083;-999;  -999;  17.7;    -999;   20.8;   73.75;   26.6;   15.5;   14.0;eor
       3244;20190731;   10;   5.7;   2.2;    3;   1.9;   4;    4.233;-999;  -999;  16.1;    -999;   16.8;   85.42;   21.3;   12.7;   10.8;eor
       3244;20190801;    3;   4.8;   1.4;    3;   0.0;   0;   10.433;-999;  -999;  14.2;    -999;   17.5;   73.54;   23.9;   10.9;    9.1;eor
       3244;20190802;    3;  10.0;   2.3;    3;   4.2;   4;    6.533;-999;  -999;  14.8;    -999;   16.9;   78.50;   22.7;   12.1;   10.4;eor
       3244;20190803;    3;  11.2;   3.0;    3;   0.0;   0;    7.700;-999;  -999;  14.0;    -999;   16.9;   74.67;   22.4;   11.7;   10.2;eor
       3244;20190804;    3;   4.5;   1.3;    3;   0.0;   0;   13.233;-999;  -999;  13.4;    -999;   17.4;   71.08;   24.8;    9.8;    8.4;eor
       3244;20190805;    3;  10.3;   2.9;    3;   7.9;   4;    6.133;-999;  -999;  15.6;    -999;   20.1;   69.17;   27.4;   12.5;   10.4;eor
       3244;20190806;    3;  12.0;   4.6;    3;   0.0;   4;    5.217;-999;  -999;  17.8;    -999;   19.0;   81.38;   23.4;   16.4;   14.9;eor
       3244;20190807;    3;  12.9;   3.6;    3;   8.5;   4;    0.767;-999;  -999;  17.2;    -999;   17.6;   85.50;   21.6;   14.9;   14.6;eor
       3244;20190808;    3;   6.9;   2.3;    3;   0.0;   0;    9.867;-999;  -999;  16.1;    -999;   18.6;   77.58;   25.2;   12.0;    9.9;eor
       3244;20190809;    3;  10.7;   2.5;    3;   1.2;   4;   13.283;-999;  -999;  17.0;    -999;   21.9;   67.88;   30.4;   11.3;    9.9;eor
       3244;20190810;    3;   8.8;   3.2;    3;   8.3;   4;    2.767;-999;  -999;  18.4;    -999;   18.4;   86.46;   22.0;   13.7;   11.7;eor
       3244;20190811;    3;  20.9;   2.8;    3;   9.1;   4;   12.233;-999;  -999;  16.2;    -999;   19.0;   76.13;   26.0;   11.5;    9.9;eor
       3244;20190812;    3;   5.9;   1.9;    3;  16.6;   4;    0.917;-999;  -999;  15.5;    -999;   14.4;   94.04;   18.5;   12.4;   12.8;eor
       3244;20190813;    3;   7.0;   2.2;    3;   1.6;   4;    4.317;-999;  -999;  14.0;    -999;   14.5;   85.46;   18.7;   11.1;    8.9;eor
       3244;20190814;    3;   5.4;   1.8;    3;   0.0;   0;   12.083;-999;  -999;  11.7;    -999;   14.0;   76.17;   20.2;    8.2;    6.2;eor
       3244;20190815;    3;  11.4;   3.4;    3;  12.9;   4;    4.550;-999;  -999;  13.5;    -999;   13.8;   85.08;   19.0;    7.8;    6.1;eor
       3244;20190816;    3;   8.3;   2.2;    3;   0.0;   0;   11.567;-999;  -999;  13.3;    -999;   16.0;   75.67;   21.9;   10.3;    8.4;eor
       3244;20190817;    3;   7.4;   2.5;    3;   0.1;   4;    3.550;-999;  -999;  15.1;    -999;   17.0;   78.75;   22.8;   10.1;    8.4;eor
       3244;20190818;    3;  11.9;   2.9;    3;  12.8;   4;   11.667;-999;  -999;  16.1;    -999;   22.6;   61.75;   30.6;   14.8;   12.8;eor
       3244;20190819;    3;   8.4;   2.6;    3;   3.1;   4;    2.200;-999;  -999;  17.7;    -999;   18.0;   86.04;   22.9;   15.1;   14.5;eor
       3244;20190820;    3;   7.3;   2.0;    3;  25.2;   4;    0.000;-999;  -999;  16.2;    -999;   14.7;   96.00;   16.6;   11.7;   11.6;eor
       3244;20190821;    3;   9.1;   2.6;    3;   0.0;   0;    2.867;-999;  -999;  13.2;    -999;   14.5;   80.96;   17.6;   11.6;   11.0;eor
       3244;20190822;    3;   9.7;   2.2;    3;   0.0;   4;    0.000;-999;  -999;  13.8;    -999;   13.9;   86.50;   17.9;   10.1;    6.7;eor
       3244;20190823;    3;   9.4;   2.1;    3;   0.0;   0;    4.650;-999;  -999;  14.9;    -999;   16.0;   82.21;   21.5;    8.2;    5.9;eor
       3244;20190824;    3;   4.3;   1.1;    3;   0.0;   0;   10.267;-999;  -999;  17.5;    -999;   18.9;   81.50;   26.2;   13.1;   10.4;eor
       3244;20190825;    3;   7.0;   1.8;    3;   0.0;   0;   12.533;-999;  -999;  16.7;    -999;   19.4;   77.50;   27.4;   12.3;   10.4;eor
       3244;20190826;    3;   6.7;   1.6;    3;   0.0;   0;   12.500;-999;  -999;  17.4;    -999;   19.6;   78.29;   26.2;   13.1;   11.6;eor
       3244;20190827;    3;   8.2;   2.2;    3;   0.0;   0;   12.067;-999;  -999;  16.8;    -999;   20.0;   74.79;   27.8;   13.1;   11.1;eor
       3244;20190828;    3;   5.7;   2.3;    3;   8.7;   4;    9.883;-999;  -999;  17.3;    -999;   21.0;   71.46;   27.7;   14.9;   13.3;eor
       3244;20190829;    3;   7.0;   2.7;    3;  30.2;   4;    5.300;-999;  -999;  18.3;    -999;   18.5;   86.58;   23.5;   14.4;   12.7;eor
       3244;20190830;    3;   6.3;   1.7;    3;   0.0;   0;   12.533;-999;  -999;  17.1;    -999;   19.5;   78.17;   26.6;   12.4;   11.1;eor
       3244;20190831;    3;   6.1;   1.6;    3;   0.0;   0;   11.200;-999;  -999;  17.7;    -999;   19.8;   78.54;   27.6;   12.6;    9.8;eor
       3244;20190901;    3;  10.5;   3.1;    3;  16.5;   4;    1.917;-999;  -999;  16.2;    -999;   18.4;   77.21;   22.0;   14.2;   14.0;eor
       3244;20190902;    3;   6.1;   2.1;    3;   0.2;   4;    0.350;-999;  -999;  13.3;    -999;   13.3;   87.13;   16.2;    7.2;    5.8;eor
       3244;20190903;    3;   5.2;   1.7;    3;   0.0;   0;   12.417;-999;  -999;  10.9;    -999;   12.7;   77.46;   20.3;    5.4;    4.1;eor
       3244;20190904;    3;   7.5;   2.2;    3;   0.0;   0;   12.467;-999;  -999;  12.5;    -999;   14.8;   75.88;   23.2;    6.6;    5.0;eor
       3244;20190905;    3;   7.4;   2.2;    3;   6.5;   4;    2.483;-999;  -999;  12.4;    -999;   12.0;   88.63;   15.8;    9.5;    7.4;eor
       3244;20190906;    3;   7.2;   2.0;    3;   5.9;   4;    0.217;-999;  -999;  12.2;    -999;   11.5;   90.25;   14.1;    9.8;    9.4;eor
       3244;20190907;    3;   6.8;   2.1;    3;   0.5;   4;    0.583;-999;  -999;  12.1;    -999;   11.4;   90.17;   14.8;    7.7;    6.4;eor
       3244;20190908;    3;   6.9;   1.8;    3;   5.0;   4;    0.000;-999;  -999;  11.1;    -999;    9.1;   95.46;   10.9;    6.3;    4.7;eor
       3244;20190909;    3;   7.7;   2.0;    3;   0.7;   4;    2.833;-999;  -999;  10.8;    -999;    9.6;   91.00;   14.1;    6.4;    4.6;eor
       3244;20190910;    3;   6.9;   1.7;    3;   0.0;   0;   10.117;-999;  -999;  10.9;    -999;   11.6;   81.71;   18.4;    5.6;    3.8;eor
       3244;20190911;    3;   7.1;   1.4;    3;   0.4;   4;    9.450;-999;  -999;  12.4;    -999;   13.8;   79.96;   20.5;    6.6;    4.3;eor
       3244;20190912;    3;   6.1;   2.1;    3;   0.0;   0;   10.367;-999;  -999;  13.2;    -999;   16.0;   74.88;   22.1;   10.5;    8.3;eor
       3244;20190913;    3;   4.6;   1.7;    3;   0.0;   0;   12.000;-999;  -999;  14.4;    -999;   16.3;   78.96;   23.5;    8.6;    6.5;eor
       3244;20190914;    3;   7.0;   1.6;    3;   0.0;   4;    9.917;-999;  -999;  15.3;    -999;   16.0;   85.79;   22.3;   10.2;    8.1;eor
       3244;20190915;    3;   7.6;   2.3;    3;   0.0;   0;   10.683;-999;  -999;  15.7;    -999;   16.8;   83.42;   25.0;    8.9;    7.6;eor
       3244;20190916;    3;   9.9;   2.5;    3;   0.0;   0;    9.850;-999;  -999;  16.5;    -999;   18.3;   79.42;   25.4;   11.3;    9.0;eor
       3244;20190917;    3;   7.9;   1.9;    3;   0.0;   0;    8.250;-999;  -999;  14.0;    -999;   15.4;   80.96;   20.1;    9.9;    6.7;eor
       3244;20190918;    3;   8.6;   2.5;    3;   0.0;   0;   11.567;-999;  -999;   9.1;    -999;   10.5;   72.71;   15.3;    5.0;    2.0;eor
       3244;20190919;    3;   9.7;   2.6;    3;   0.0;   0;   10.883;-999;  -999;   7.6;    -999;    8.7;   69.67;   14.6;    2.4;    0.3;eor
       3244;20190920;    3;   9.3;   2.7;    3;   0.0;   0;   11.417;-999;  -999;   7.5;    -999;    8.6;   68.92;   15.0;    1.4;   -1.0;eor
       3244;20190921;    3;   6.2;   1.3;    3;   0.0;   0;   11.483;-999;  -999;   9.8;    -999;   10.6;   77.29;   19.6;    1.1;   -0.8;eor
       3244;20190922;    3;   4.9;   1.0;    3;  12.4;   4;    4.850;-999;  -999;  13.1;    -999;   13.3;   86.08;   22.0;    5.4;    3.9;eor
       3244;20190923;    3;  10.4;   3.3;    3;   9.2;   4;    0.000;-999;  -999;  13.1;    -999;   11.8;   94.67;   15.1;    7.3;    5.2;eor
       3244;20190924;    3;   8.5;   2.3;    3;   2.2;   4;    6.067;-999;  -999;  11.8;    -999;   11.6;   86.17;   17.1;    4.7;    2.4;eor
       3244;20190925;    3;  12.3;   4.2;    3;   0.4;   4;    4.967;-999;  -999;  12.5;    -999;   13.4;   82.04;   16.9;   10.8;    9.3;eor
       3244;20190926;    3;   9.7;   3.8;    3;   0.2;   4;    0.000;-999;  -999;  13.9;    -999;   13.1;   92.00;   15.1;   10.9;    9.6;eor
       3244;20190927;    3;  14.3;   3.6;    3;  15.1;   4;    4.967;-999;  -999;  14.3;    -999;   15.3;   82.50;   19.8;   12.1;   10.6;eor
       3244;20190928;    3;  12.2;   3.7;    3;   0.0;   0;    6.967;-999;  -999;  12.5;    -999;   13.5;   81.54;   17.1;    9.1;    6.8;eor
       3244;20190929;    3;  13.6;   3.8;    3;   0.1;   4;    9.300;-999;  -999;  11.4;    -999;   14.4;   71.46;   20.6;    6.2;    4.7;eor
       3244;20190930;    3;  20.9;   4.6;    3;   0.0;   0;    4.800;-999;  -999;  11.6;    -999;   14.0;   73.50;   17.9;    7.1;    4.7;eor
       3244;20191001;    3;  10.2;   4.2;    3;   7.7;   4;    9.367;   0;  -999;  12.6;    -999;   14.3;   78.63;   20.9;    6.3;    4.8;eor
       3244;20191002;    3;  12.5;   4.4;    3;  12.1;   4;    2.750;   0;  -999;  11.7;    -999;   10.9;   89.04;   16.1;    5.2;    3.6;eor
       3244;20191003;    3;   7.3;   2.3;    3;   0.0;   0;    6.733;   0;  -999;   7.7;    -999;    5.9;   84.00;   11.0;    1.9;   -0.5;eor
       3244;20191004;    3;  15.2;   4.1;    3;   2.5;   4;    0.267;   0;  -999;   9.2;    -999;    7.3;   89.46;   10.4;    1.7;   -0.5;eor
       3244;20191005;    3;  11.7;   3.6;    3;   9.0;   4;    0.000;   0;  -999;  10.5;    -999;    9.1;   90.71;   11.0;    4.1;    0.6;eor
       3244;20191006;    3;  11.3;   1.7;    3;  11.2;   4;    0.000;   0;  -999;  10.6;    -999;    8.3;   95.42;   11.8;    3.0;    0.4;eor
       3244;20191007;    3;   8.2;   3.3;    3;   0.0;   0;    5.683;   0;  -999;   9.9;    -999;    9.2;   85.96;   13.5;    5.9;    3.6;eor
       3244;20191008;    3;  13.7;   4.8;    3;   7.1;   4;    1.700;   0;  -999;  10.2;    -999;   11.5;   75.92;   15.7;    6.7;    5.3;eor
       3244;20191009;    3;  12.9;   4.1;    3;  11.2;   4;    0.000;   0;  -999;  11.2;    -999;   10.0;   91.00;   13.9;    8.2;    6.7;eor
       3244;20191010;    3;  15.5;   4.6;    3;   5.3;   4;    2.683;   0;  -999;  10.0;    -999;    9.3;   85.25;   12.6;    5.2;    2.3;eor
       3244;20191011;    3;   9.3;   3.8;    3;   0.0;   0;    9.950;   0;  -999;   9.4;    -999;    9.6;   79.46;   16.7;    3.5;    1.8;eor
       3244;20191012;    3;   9.2;   4.1;    3;   0.0;   0;    9.850;   0;  -999;  10.7;    -999;   12.8;   72.33;   21.1;    5.1;    2.4;eor
       3244;20191013;    3;  11.7;   3.2;    3;   0.0;   0;   10.000;   0;  -999;  12.5;    -999;   14.3;   77.13;   22.8;    8.2;    5.2;eor
       3244;20191014;    3;   8.1;   2.3;    3;   0.0;   0;   10.083;   0;  -999;  12.2;    -999;   14.0;   78.67;   22.6;    6.2;    4.0;eor
       3244;20191015;    3;  14.5;   3.6;    3;   4.7;   4;    6.217;   0;  -999;  11.5;    -999;   12.0;   82.92;   21.8;    5.1;    2.8;eor
       3244;20191016;    3;  13.1;   5.1;    3;   0.0;   0;   10.050;   0;  -999;   9.2;    -999;    9.6;   78.21;   15.0;    4.9;    2.3;eor
       3244;20191017;    3;   9.2;   4.1;    3;   0.0;   0;    6.033;   0;  -999;   9.7;    -999;   11.2;   74.42;   18.6;    4.4;    2.6;eor
       3244;20191018;    3;  12.3;   4.2;    3;   0.1;   4;    3.117;   0;  -999;  11.6;    -999;   12.3;   81.67;   17.6;    7.4;    4.7;eor
       3244;20191019;    3;   9.6;   2.9;    3;   1.5;   4;    1.817;   0;  -999;  12.0;    -999;   11.4;   89.33;   14.2;    7.6;    4.5;eor
       3244;20191020;    3;  10.6;   2.4;    3;   0.1;   4;    3.433;   0;  -999;  12.1;    -999;   10.7;   93.13;   17.4;    5.4;    3.9;eor
       3244;20191021;    3;  12.5;   2.9;    3;   0.7;   4;    2.150;   0;  -999;  12.9;    -999;   12.3;   90.33;   16.6;    8.2;    5.7;eor
       3244;20191022;    3;   5.2;   2.0;    3;   0.0;   0;    2.117;   0;  -999;  12.4;    -999;   11.4;   91.92;   16.1;    6.6;    4.7;eor
       3244;20191023;    3;   4.9;   1.9;    3;   0.0;   0;    5.583;   0;  -999;  12.4;    -999;   11.6;   91.17;   15.9;    8.9;    8.3;eor
       3244;20191024;    1;   6.2;   1.9;    1;   0.1;   4;    2.233;   0;  -999;  12.5;    -999;   11.6;   91.54;   16.1;    7.2;    6.2;eor
       3244;20191025;    1;   6.6;   2.1;    1;   0.0;   0;    4.817;   0;  -999;  12.0;    -999;   12.1;   85.67;   16.6;    5.6;    2.6;eor
       3244;20191026;    1;   7.3;   3.1;    1;   0.0;   0;    9.483;   0;  -999;  10.9;    -999;   11.2;   82.83;   18.7;    4.6;    1.8;eor
       3244;20191027;    1;   9.0;   3.5;    1;   2.5;   4;    8.917;   0;  -999;  11.4;    -999;   13.3;   75.46;   19.2;    7.5;    5.6;eor
       3244;20191028;    1;   6.4;   2.5;    1;   3.2;   4;    0.000;   0;  -999;  10.2;    -999;    7.8;   94.96;   11.8;    5.9;    5.2;eor
       3244;20191029;    1;   7.5;   2.6;    1;   7.1;   4;    0.000;   0;  -999;   8.8;    -999;    5.8;   94.83;    7.0;    5.2;    4.7;eor
       3244;20191030;    1;   9.6;   3.2;    1;   6.4;   4;    0.750;   0;  -999;   7.8;    -999;    4.9;   89.54;    6.1;    3.6;    3.4;eor
       3244;20191031;    1;   5.5;   2.2;    1;   0.0;   0;    0.000;   0;  -999;   7.8;    -999;    3.6;   97.71;    4.7;    2.4;    2.8;eor
       3244;20191101;    1;   7.8;   2.3;    1;   2.5;   4;    0.100;   0;  -999;  10.3;    -999;    8.0;   94.83;   11.4;    4.1;    4.3;eor
       3244;20191102;    1;  12.4;   4.1;    1;   3.7;   4;    3.850;   0;  -999;  11.9;    -999;   11.6;   87.17;   15.6;    9.0;    6.9;eor
       3244;20191103;    1;  14.5;   3.1;    1;   5.0;   4;    0.000;   0;  -999;  10.9;    -999;    9.6;   91.33;   11.3;    7.7;    6.3;eor
       3244;20191104;    1;  12.6;   4.6;    1;   6.2;   4;    3.883;   0;  -999;   9.3;    -999;    9.1;   80.67;   13.1;    6.2;    4.2;eor
       3244;20191105;    1;   6.6;   2.6;    1;   0.0;   0;    1.233;   0;  -999;   8.8;    -999;    6.6;   90.33;    9.4;    2.5;    0.0;eor
       3244;20191106;    1;   7.8;   3.0;    1;   1.4;   4;    0.117;   0;  -999;   8.3;    -999;    5.3;   93.13;    8.0;    2.7;    0.1;eor
       3244;20191107;    1;   4.9;   1.9;    1;   2.0;   4;    3.883;   0;  -999;   7.4;    -999;    4.6;   87.21;    8.7;   -0.7;   -3.0;eor
       3244;20191108;    1;   7.8;   2.2;    1;   1.9;   4;    0.000;   0;  -999;   7.5;    -999;    3.5;   95.63;    5.0;    1.9;    0.6;eor
       3244;20191109;    1;   5.5;   2.0;    1;   0.0;   0;    1.317;   0;  -999;   6.8;    -999;    2.7;   90.96;    6.9;   -2.1;   -5.3;eor
       3244;20191110;    1;   3.6;   1.1;    1;   0.0;   0;    0.000;   0;  -999;   5.5;    -999;   -1.5;   99.46;   -0.1;   -4.0;   -6.8;eor
       3244;20191111;    1;   8.4;   1.9;    1;   2.3;   4;    0.000;   0;  -999;   5.9;    -999;   -0.2;   97.50;    2.8;   -1.9;   -1.4;eor
       3244;20191112;    1;   7.8;   3.2;    1;   0.0;   0;    0.383;   0;  -999;   6.7;    -999;    2.7;   89.75;    4.7;    1.0;   -1.6;eor
       3244;20191113;    1;   8.8;   2.8;    1;   0.0;   0;    2.550;   0;  -999;   6.1;    -999;    2.3;   85.08;    5.7;   -1.4;   -4.9;eor
       3244;20191114;    1;   6.0;   1.6;    1;   0.0;   0;    3.417;   0;  -999;   5.5;    -999;    0.5;   86.13;    4.8;   -3.5;   -7.3;eor
       3244;20191115;    1;  10.0;   2.4;    1;   6.5;   4;    0.467;   0;  -999;   6.6;    -999;    2.1;   91.83;    6.4;   -1.7;   -3.0;eor
       3244;20191116;    1;   4.7;   1.4;    1;   0.3;   4;    1.317;   0;  -999;   7.2;    -999;    2.9;   95.88;    7.0;    0.4;   -0.9;eor
       3244;20191117;    1;   8.8;   2.2;    1;   0.1;   4;    0.000;   0;  -999;   7.4;    -999;    3.0;   97.17;    3.6;    1.7;    1.4;eor
       3244;20191118;    1;  13.1;   3.5;    1;   0.0;   0;    2.017;   0;  -999;   6.3;    -999;    3.1;   82.33;    6.0;    0.2;   -1.6;eor
       3244;20191119;    1;   4.6;   1.3;    1;   0.0;   0;    0.367;   0;  -999;   6.2;    -999;    1.4;   91.79;    3.5;   -2.2;   -4.6;eor
       3244;20191120;    1;   5.8;   1.9;    1;   0.0;   0;    0.000;   0;  -999;   6.7;    -999;    2.9;   88.92;    4.1;    2.1;    1.8;eor
       3244;20191121;    1;   3.9;   1.2;    1;   0.0;   0;    3.767;   0;  -999;   6.4;    -999;    2.3;   89.29;    5.6;   -1.5;   -4.0;eor
       3244;20191122;    1;   7.1;   1.7;    1;   0.0;   0;    0.000;   0;  -999;   6.5;    -999;    1.0;   98.83;    2.9;   -1.3;   -0.9;eor
       3244;20191123;    1;   3.7;   1.2;    1;   0.0;   0;    2.217;   0;  -999;   7.4;    -999;    3.1;   95.42;    7.9;   -0.8;   -1.4;eor
       3244;20191124;    1;   4.4;   1.2;    1;   0.0;   0;    1.733;   0;  -999;   7.8;    -999;    4.3;   94.13;   11.6;    0.5;   -1.4;eor
       3244;20191125;    1;   4.8;   1.2;    1;   0.1;   4;    0.000;   0;  -999;   7.5;    -999;    2.8;   99.42;    5.0;   -1.0;   -2.8;eor
       3244;20191126;    1;   4.3;   1.4;    1;   0.4;   4;    4.883;   0;  -999;   8.7;    -999;    5.9;   93.75;   11.2;    0.9;   -0.5;eor
       3244;20191127;    1;  10.8;   3.8;    1;   1.1;   4;    2.267;   0;  -999;   8.1;    -999;    5.7;   88.96;   10.5;    1.2;    0.0;eor
       3244;20191128;    1;  14.3;   6.0;    1;   1.5;   4;    1.483;   0;  -999;   8.2;    -999;    7.7;   77.88;    9.2;    6.3;    4.8;eor
       3244;20191129;    1;  13.6;   4.4;    1;   3.6;   4;    0.000;   0;  -999;   7.9;    -999;    5.0;   90.13;    7.2;    1.5;    0.9;eor
       3244;20191130;    1;   6.4;   1.8;    1;   0.0;   0;    5.083;   0;  -999;   5.5;    -999;    1.4;   82.42;    4.8;   -1.8;   -4.3;eor
       3244;20191201;    1;   5.7;   1.6;    1;   0.5;   4;    0.000;   0;  -999;   5.3;    -999;   -0.7;   90.58;    0.3;   -1.9;   -4.1;eor
       3244;20191202;    1;   5.4;   1.7;    1;   0.0;   0;    0.017;   0;  -999;   5.1;    -999;   -0.7;   87.08;    0.3;   -4.0;   -7.4;eor
       3244;20191203;    1;   8.6;   1.8;    1;   0.0;   0;    8.033;   0;  -999;   4.2;    -999;   -1.8;   79.71;    2.7;   -5.6;   -9.3;eor
       3244;20191204;    1;   6.3;   1.4;    1;   0.0;   0;    3.800;   0;  -999;   4.4;    -999;   -3.3;   92.71;   -0.8;   -4.9;   -8.3;eor
       3244;20191205;    1;   5.7;   1.8;    1;   0.0;   0;    4.433;   0;  -999;   5.1;    -999;   -1.7;   94.54;    2.0;   -3.2;   -3.7;eor
       3244;20191206;    1;   8.6;   4.0;    1;   1.1;   4;    7.867;   0;  -999;   5.2;    -999;    1.9;   74.75;    7.9;   -3.8;   -8.0;eor
       3244;20191207;    1;  12.2;   4.6;    1;   0.0;   0;    1.683;   0;  -999;   7.6;    -999;    6.6;   77.54;    8.8;    3.9;    1.2;eor
       3244;20191208;    1;  15.8;   5.3;    1;   0.4;   4;    5.517;   0;  -999;   7.3;    -999;    6.6;   75.50;    9.8;    1.8;   -0.1;eor
       3244;20191209;    1;  17.7;   5.7;    1;   1.8;   4;    5.017;   0;  -999;   7.1;    -999;    5.6;   77.83;    8.4;    2.8;    2.3;eor
       3244;20191210;    1;   8.4;   2.3;    1;   0.0;   0;    2.067;   0;  -999;   5.5;    -999;    0.4;   86.46;    2.9;   -4.7;   -8.5;eor
       3244;20191211;    1;  10.5;   3.2;    1;   0.6;   4;    1.583;   0;  -999;   4.7;    -999;   -1.1;   82.17;    3.2;   -6.3;   -9.2;eor
       3244;20191212;    1;   9.4;   3.2;    1;   0.2;   4;    1.417;   0;  -999;   5.8;    -999;    0.3;   92.54;    2.5;   -4.0;   -7.6;eor
       3244;20191213;    1;  17.2;   5.4;    1;   2.2;   4;    1.217;   0;  -999;   5.5;    -999;    0.7;   84.21;    3.5;   -4.2;   -6.1;eor
       3244;20191214;    1;  22.5;   7.0;    1;   0.6;   4;    3.817;   0;  -999;   6.5;    -999;    5.6;   71.13;    8.3;    0.9;    0.1;eor
       3244;20191215;    1;  16.6;   4.5;    1;   0.0;   0;    5.233;   0;  -999;   8.4;    -999;    8.6;   75.88;   12.7;    4.0;   -0.9;eor
       3244;20191216;    1;   5.1;   1.6;    1;   0.0;   0;    2.333;   0;  -999;   6.4;    -999;    2.8;   86.00;    9.7;   -0.9;   -3.2;eor
       3244;20191217;    1;   5.5;   1.6;    1;   0.0;   0;    0.150;   0;  -999;   7.1;    -999;    4.0;   87.46;    9.3;    0.4;   -1.8;eor
       3244;20191218;    1;   5.7;   2.1;    1;   0.0;   0;    2.333;   0;  -999;   8.2;    -999;    7.3;   80.42;   13.2;    2.4;   -2.9;eor
       3244;20191219;    1;   3.9;   1.3;    1;   0.0;   0;    6.700;   0;  -999;   6.8;    -999;    3.4;   88.38;   11.9;   -1.2;   -4.5;eor
       3244;20191220;    1;   9.5;   2.2;    1;   5.8;   4;    1.083;   0;  -999;   6.7;    -999;    3.4;   85.04;   11.8;   -1.6;   -4.6;eor
       3244;20191221;    1;   7.5;   3.0;    1;   0.7;   4;    0.033;   0;  -999;   7.2;    -999;    3.0;   94.71;    6.0;   -1.2;   -4.3;eor
       3244;20191222;    1;  15.5;   4.7;    1;   0.2;   4;    0.067;   0;  -999;   7.3;    -999;    4.3;   87.67;    7.3;    1.0;   -0.4;eor
       3244;20191223;    1;  12.0;   4.9;    1;   1.4;   4;    0.683;   0;  -999;   7.4;    -999;    4.4;   88.71;    6.0;    3.8;    2.6;eor
       3244;20191224;    1;  13.2;   4.7;    1;   3.7;   4;    0.200;   0;  -999;   7.5;    -999;    4.3;   89.67;    6.6;    0.7;   -1.3;eor
       3244;20191225;    1;  15.5;   4.5;    1;   3.2;   4;    0.733;   0;  -999;   7.5;    -999;    4.4;   89.54;    6.0;    2.6;    0.8;eor
       3244;20191226;    1;-999;   1.9;    1;   1.0;   4;    0.983;   0;  -999;   6.2;    -999;    0.7;   96.63;    3.4;   -2.8;   -4.9;eor
       3244;20191227;    1;-999;   2.9;    1;   2.5;   4;    0.000;   0;  -999;   7.7;    -999;    3.7;   95.75;    4.8;    1.9;    1.5;eor
       3244;20191228;    1;-999;   2.0;    1;   0.0;   0;    3.367;   0;  -999;   5.2;    -999;   -0.2;   86.46;    2.1;   -3.7;   -6.4;eor
       3244;20191229;    1;   4.2;   1.5;    1;   0.0;   0;    7.800;   0;  -999;   4.2;    -999;   -3.1;   86.88;    1.0;   -6.3;   -9.9;eor
       3244;20191230;    1;   5.6;   1.2;    1;   0.0;   0;    7.883;   0;  -999;   4.4;    -999;   -2.5;   87.29;    4.7;   -6.8;   -8.6;eor
       3244;20191231;    1;   9.0;   2.4;    1;   0.0;   0;    6.267;   0;  -999;   5.3;    -999;    1.0;   82.13;    7.2;   -3.9;   -8.0;eor
       3244;20200101;    1;   3.2;   1.0;    1;   0.0;   0;    7.717;   0;  -999;   4.7;    -999;   -2.9;   93.46;    1.8;   -6.4;   -9.6;eor
       3244;20200102;    1;   4.9;   1.4;    1;   0.0;   0;    0.400;   0;  -999;   4.9;    -999;   -2.8;   98.13;   -0.3;   -5.3;   -7.5;eor
       3244;20200103;    1;  13.2;   3.8;    1;   0.9;   4;    4.050;   0;  -999;   6.0;    -999;    2.4;   82.50;    6.7;   -3.7;   -6.1;eor
       3244;20200104;    1;   9.9;   3.3;    1;   0.5;   4;    0.000;   0;  -999;   6.8;    -999;    3.5;   85.54;    5.8;    1.9;    0.7;eor
