STATIONS_ID;MESS_DATUM;QN_3;  FX;  FM;QN_4; RSK;RSKF; SDK;SHK_TAG;  NM; VPM;  PM; TMK; UPM; TXK; TNK; TGK;eor
       3319;20180627;-999;-999;-999;    3;   0.0;   0;-999;-999;  -999;  12.4;    -999;   18.1;   64.04;   26.3;    9.2;    8.5;eor
       3319;20180628;-999;-999;-999;    3;   0.0;   4;-999;-999;  -999;  13.8;    -999;   19.6;   62.21;   27.2;    9.7;    8.9;eor
       3319;20180629;-999;-999;-999;    3;   0.0;   0;-999;-999;  -999;  16.4;    -999;   22.0;   65.21;   29.5;   14.6;   12.8;eor
       3319;20180630;-999;-999;-999;    3;   0.0;   0;-999;-999;  -999;  12.4;    -999;   21.3;   52.00;   28.4;   12.6;   11.5;eor
       3319;20180701;-999;-999;-999;    3;   0.0;   0;-999;-999;  -999;   8.5;    -999;   19.9;   37.46;   26.2;   14.4;   13.4;eor
       3319;20180702;-999;-999;-999;    3;   0.0;   0;-999;-999;  -999;   8.6;    -999;   19.7;   38.92;   27.2;   12.8;   10.5;eor
       3319;20180703;-999;-999;-999;    3;   0.0;   0;-999;-999;  -999;   9.1;    -999;   20.7;   41.46;   30.0;    9.3;    8.4;eor
       3319;20180704;-999;-999;-999;    3;   0.0;   0;-999;-999;  -999;  14.0;    -999;   20.5;   61.17;   31.6;   12.9;   11.5;eor
       3319;20180705;-999;-999;-999;    3;   0.8;   4;-999;-999;  -999;  17.6;    -999;   20.2;   77.17;   26.6;   14.5;   14.5;eor
       3319;20180706;-999;-999;-999;    3;   0.0;   0;-999;-999;  -999;  15.8;    -999;   20.9;   67.79;   27.8;   13.3;   11.3;eor
       3319;20180707;-999;-999;-999;    3;   0.0;   0;-999;-999;  -999;  12.9;    -999;   19.7;   60.46;   28.0;   11.5;    9.7;eor
       3319;20180708;-999;-999;-999;    3;   0.0;   0;-999;-999;  -999;  10.8;    -999;   19.6;   53.00;   27.6;   10.4;    9.4;eor
       3319;20180709;-999;-999;-999;    3;   0.0;   4;-999;-999;  -999;  11.6;    -999;   19.7;   55.17;   27.4;   11.0;    9.9;eor
       3319;20180710;-999;-999;-999;    3;   2.5;   4;-999;-999;  -999;  11.8;    -999;   16.8;   63.42;   21.7;   13.5;   12.2;eor
       3319;20180711;-999;-999;-999;    3;   0.8;   4;-999;-999;  -999;  14.1;    -999;   14.7;   84.63;   21.0;   12.1;   11.4;eor
       3319;20180712;-999;-999;-999;    3;   0.0;   0;-999;-999;  -999;  14.7;    -999;   18.4;   72.08;   25.1;   13.8;   13.9;eor
       3319;20180713;-999;-999;-999;    3;   0.0;   0;-999;-999;  -999;  14.5;    -999;   20.8;   63.83;   29.4;   13.7;   12.3;eor
       3319;20180714;-999;-999;-999;    3;   0.4;   4;-999;-999;  -999;  13.4;    -999;   20.8;   60.00;   30.5;   12.4;   11.1;eor
       3319;20180715;-999;-999;-999;    3;   0.0;   4;-999;-999;  -999;  13.8;    -999;   20.9;   59.46;   30.8;   12.7;   11.1;eor
       3319;20180716;-999;-999;-999;    3;   0.0;   0;-999;-999;  -999;  14.1;    -999;   20.8;   61.08;   29.6;   14.1;   12.8;eor
       3319;20180717;-999;-999;-999;    3;   0.0;   0;-999;-999;  -999;  13.1;    -999;   21.6;   56.29;   31.4;   12.7;   11.2;eor
       3319;20180718;-999;-999;-999;    3;   0.0;   0;-999;-999;  -999;  12.4;    -999;   21.1;   53.63;   28.6;   12.5;   10.3;eor
       3319;20180719;-999;-999;-999;    3;   0.0;   0;-999;-999;  -999;  11.2;    -999;   20.6;   50.21;   28.8;   11.0;    8.4;eor
       3319;20180720;-999;-999;-999;    3;   0.0;   0;-999;-999;  -999;  11.6;    -999;   22.6;   46.96;   31.7;   11.7;    9.0;eor
       3319;20180721;-999;-999;-999;    3;   0.2;   4;-999;-999;  -999;  16.4;    -999;   20.0;   70.33;   24.6;   15.5;   14.7;eor
       3319;20180722;-999;-999;-999;    3;   1.0;   4;-999;-999;  -999;  18.5;    -999;   19.2;   84.42;   25.6;   15.7;   14.0;eor
       3319;20180723;-999;-999;-999;    3;   0.0;   0;-999;-999;  -999;  16.1;    -999;   22.0;   65.92;   30.3;   14.7;   13.7;eor
       3319;20180724;-999;-999;-999;    3;   0.0;   0;-999;-999;  -999;  14.4;    -999;   23.6;   55.08;   32.5;   13.7;   11.6;eor
       3319;20180725;-999;-999;-999;    3;  10.0;   4;-999;-999;  -999;  16.9;    -999;   23.0;   64.71;   34.9;   15.7;   13.3;eor
       3319;20180726;-999;-999;-999;    3;   0.0;   0;-999;-999;  -999;  15.8;    -999;   25.3;   54.29;   33.4;   16.0;   14.9;eor
       3319;20180727;-999;-999;-999;    3;   0.0;   0;-999;-999;  -999;  14.6;    -999;   25.6;   47.75;   33.2;   15.0;   13.9;eor
       3319;20180728;-999;-999;-999;    3;   0.0;   0;-999;-999;  -999;  16.5;    -999;   23.6;   59.54;   31.8;   16.1;   14.7;eor
       3319;20180729;-999;-999;-999;    3;   0.0;   0;-999;-999;  -999;  15.3;    -999;   23.5;   56.58;   31.4;   15.2;   13.6;eor
       3319;20180730;-999;-999;-999;    3;   0.0;   0;-999;-999;  -999;  14.6;    -999;   25.4;   50.54;   35.4;   15.3;   13.0;eor
       3319;20180731;-999;-999;-999;    3;   0.1;   4;-999;-999;  -999;  15.2;    -999;   26.7;   48.33;   36.4;   16.1;   14.5;eor
       3319;20180801;-999;-999;-999;    3;   0.8;   4;-999;-999;  -999;  18.9;    -999;   24.2;   65.21;   32.6;   18.0;   16.6;eor
       3319;20180802;-999;-999;-999;    3;   0.0;   0;-999;-999;  -999;  19.6;    -999;   24.8;   66.63;   33.7;   17.4;   16.8;eor
       3319;20180803;-999;-999;-999;    3;   0.0;   0;-999;-999;  -999;  18.1;    -999;   27.4;   53.71;   35.6;   18.3;   17.6;eor
       3319;20180804;-999;-999;-999;    3;   0.0;   0;-999;-999;  -999;  17.4;    -999;   27.2;   52.83;   36.4;   18.0;   16.5;eor
       3319;20180805;-999;-999;-999;    3;   0.0;   0;-999;-999;  -999;  15.2;    -999;   25.0;   49.79;   31.3;   19.2;   16.4;eor
       3319;20180806;-999;-999;-999;    3;   0.0;   0;-999;-999;  -999;  14.0;    -999;   25.9;   43.33;   33.7;   15.9;   15.0;eor
       3319;20180807;-999;-999;-999;    3;   0.0;   0;-999;-999;  -999;  15.1;    -999;   26.4;   47.50;   36.2;   16.5;   15.0;eor
       3319;20180808;-999;-999;-999;    3;   0.0;   4;-999;-999;  -999;  16.2;    -999;   25.7;   50.58;   31.9;   18.7;   17.4;eor
       3319;20180809;-999;-999;-999;    3;   3.5;   4;-999;-999;  -999;  17.1;    -999;   22.6;   66.33;   35.3;   16.5;   15.3;eor
       3319;20180810;-999;-999;-999;    3;   0.0;   0;-999;-999;  -999;  11.6;    -999;   18.5;   55.88;   24.5;   13.3;   11.7;eor
       3319;20180811;-999;-999;-999;    3;   0.0;   0;-999;-999;  -999;  10.6;    -999;   17.8;   54.58;   24.5;   10.7;    7.6;eor
       3319;20180812;-999;-999;-999;    3;   0.0;   0;-999;-999;  -999;   9.5;    -999;   19.0;   49.38;   29.3;    8.4;    5.1;eor
       3319;20180813;-999;-999;-999;    3;   6.7;   4;-999;-999;  -999;  15.5;    -999;   17.1;   78.38;   23.1;   11.0;    9.9;eor
       3319;20180814;-999;-999;-999;    3;   1.5;   4;-999;-999;  -999;  16.2;    -999;   18.5;   78.04;   25.4;   13.2;   12.1;eor
       3319;20180815;-999;-999;-999;    3;   0.0;   0;-999;-999;  -999;  16.0;    -999;   18.3;   78.33;   24.6;   13.7;   11.5;eor
       3319;20180816;-999;-999;-999;    3;   0.0;   0;-999;-999;  -999;  14.6;    -999;   21.3;   64.08;   31.1;   11.5;   10.2;eor
       3319;20180817;-999;-999;-999;    3;   0.0;   0;-999;-999;  -999;  15.4;    -999;   22.9;   58.79;   31.8;   14.7;   12.2;eor
       3319;20180818;-999;-999;-999;    3;   0.0;   0;-999;-999;  -999;  14.4;    -999;   21.1;   59.96;   28.8;   14.0;   12.5;eor
       3319;20180819;-999;-999;-999;    3;   0.0;   0;-999;-999;  -999;  12.1;    -999;   21.6;   50.54;   30.6;   11.9;   10.3;eor
       3319;20180820;-999;-999;-999;    3;   0.0;   0;-999;-999;  -999;  15.2;    -999;   20.9;   63.00;   28.6;   12.9;   10.8;eor
       3319;20180821;-999;-999;-999;    3;   0.0;   0;-999;-999;  -999;  15.4;    -999;   23.1;   57.79;   30.0;   15.1;   14.0;eor
       3319;20180822;-999;-999;-999;    3;   0.0;   0;-999;-999;  -999;  14.6;    -999;   24.2;   52.38;   33.5;   15.1;   14.1;eor
       3319;20180823;-999;-999;-999;    3;  25.2;   4;-999;-999;  -999;  15.9;    -999;   23.2;   59.54;   31.5;   15.0;   13.4;eor
       3319;20180824;-999;-999;-999;    3;   0.0;   4;-999;-999;  -999;  15.6;    -999;   17.1;   80.08;   19.8;   14.7;   13.9;eor
       3319;20180825;-999;-999;-999;    3;   0.6;   4;-999;-999;  -999;  10.5;    -999;   14.1;   66.29;   19.1;    8.7;    7.2;eor
       3319;20180826;-999;-999;-999;    3;   0.0;   0;-999;-999;  -999;   9.2;    -999;   12.9;   65.58;   20.1;    5.4;    4.3;eor
       3319;20180827;-999;-999;-999;    3;   0.0;   0;-999;-999;  -999;  13.1;    -999;   15.2;   74.92;   19.8;    9.4;    7.8;eor
       3319;20180828;-999;-999;-999;    3;   0.0;   0;-999;-999;  -999;  12.7;    -999;   17.6;   66.88;   25.2;   10.8;    9.3;eor
       3319;20180829;-999;-999;-999;    3;   1.0;   4;-999;-999;  -999;  14.5;    -999;   20.2;   64.17;   30.6;   10.8;    9.8;eor
       3319;20180830;-999;-999;-999;    3;   0.0;   0;-999;-999;  -999;  14.2;    -999;   17.5;   71.38;   21.4;   14.2;   13.8;eor
       3319;20180831;-999;-999;-999;    3;   0.0;   0;-999;-999;  -999;  12.8;    -999;   15.4;   73.75;   20.0;   11.3;   10.1;eor
       3319;20180901;-999;-999;-999;    3;   0.0;   4;-999;-999;  -999;  10.3;    -999;   15.1;   63.79;   22.2;    8.3;    7.1;eor
       3319;20180902;-999;-999;-999;    3;   0.0;   4;-999;-999;  -999;  13.0;    -999;   15.5;   73.17;   18.5;   11.9;   10.6;eor
       3319;20180903;-999;-999;-999;    3;   1.2;   4;-999;-999;  -999;  16.9;    -999;   16.7;   89.00;   20.2;   14.5;   14.4;eor
       3319;20180904;-999;-999;-999;    3;   0.0;   0;-999;-999;  -999;  16.9;    -999;   18.9;   79.88;   25.4;   14.6;   13.2;eor
       3319;20180905;-999;-999;-999;    3;   0.0;   0;-999;-999;  -999;  14.3;    -999;   19.5;   68.42;   27.8;   12.6;   11.5;eor
       3319;20180906;-999;-999;-999;    3;   9.3;   4;-999;-999;  -999;  15.8;    -999;   18.0;   77.83;   26.4;   11.8;   10.8;eor
       3319;20180907;-999;-999;-999;    3;   0.1;   4;-999;-999;  -999;  16.0;    -999;   17.2;   82.04;   21.5;   14.5;   13.4;eor
       3319;20180908;-999;-999;-999;    3;   0.0;   0;-999;-999;  -999;  11.0;    -999;   15.5;   65.71;   21.9;    9.2;    7.6;eor
       3319;20180909;-999;-999;-999;    3;   0.0;   0;-999;-999;  -999;  11.0;    -999;   15.5;   66.67;   23.7;    8.4;    7.0;eor
       3319;20180910;-999;-999;-999;    3;   0.0;   0;-999;-999;  -999;  12.1;    -999;   18.0;   64.17;   28.3;    8.5;    6.8;eor
       3319;20180911;-999;-999;-999;    3;   0.0;   0;-999;-999;  -999;  12.4;    -999;   18.5;   62.88;   27.5;   10.3;    7.9;eor
       3319;20180912;-999;-999;-999;    3;   0.0;   0;-999;-999;  -999;  12.9;    -999;   20.4;   59.33;   30.2;   10.6;    7.5;eor
       3319;20180913;-999;-999;-999;    3;   0.0;   0;-999;-999;  -999;  15.3;    -999;   16.6;   81.88;   20.6;   12.3;   10.4;eor
       3319;20180914;-999;-999;-999;    3;   0.0;   4;-999;-999;  -999;  15.4;    -999;   16.6;   82.04;   21.2;   13.8;   12.3;eor
       3319;20180915;-999;-999;-999;    3;   0.0;   0;-999;-999;  -999;  10.6;    -999;   14.8;   65.79;   21.3;    7.9;    5.7;eor
       3319;20180916;-999;-999;-999;    3;   0.0;   0;-999;-999;  -999;  10.5;    -999;   14.8;   67.08;   24.7;    5.8;    3.6;eor
       3319;20180917;-999;-999;-999;    3;   0.0;   0;-999;-999;  -999;  11.4;    -999;   17.3;   63.33;   27.7;    8.1;    5.5;eor
       3319;20180918;-999;-999;-999;    3;   0.0;   0;-999;-999;  -999;  13.6;    -999;   19.5;   63.88;   30.0;    9.1;    7.0;eor
       3319;20180919;-999;-999;-999;    3;   0.0;   0;-999;-999;  -999;  14.8;    -999;   21.4;   62.50;   29.9;   13.2;   11.1;eor
       3319;20180920;-999;-999;-999;    3;   0.0;   0;-999;-999;  -999;  14.3;    -999;   20.5;   63.17;   29.1;   13.2;   11.6;eor
       3319;20180921;-999;-999;-999;    3;   8.1;   4;-999;-999;  -999;  13.7;    -999;   16.5;   74.75;   25.2;    9.7;    7.7;eor
       3319;20180922;-999;-999;-999;    3;   5.2;   4;-999;-999;  -999;  10.5;    -999;   12.3;   74.75;   17.4;    8.1;    6.8;eor
       3319;20180923;-999;-999;-999;    3;  15.5;   4;-999;-999;  -999;  14.3;    -999;   13.7;   89.79;   21.9;    8.3;    7.6;eor
       3319;20180924;-999;-999;-999;    3;   0.0;   0;-999;-999;  -999;   8.8;    -999;    9.8;   74.33;   14.4;    5.3;    3.0;eor
       3319;20180925;-999;-999;-999;    3;   0.0;   0;-999;-999;  -999;   7.7;    -999;    7.4;   78.46;   14.4;    1.8;    0.7;eor
       3319;20180926;-999;-999;-999;    3;   0.0;   0;-999;-999;  -999;   8.0;    -999;    8.8;   74.54;   17.8;    1.1;   -0.4;eor
       3319;20180927;-999;-999;-999;    3;   0.0;   0;-999;-999;  -999;   9.5;    -999;   12.0;   73.00;   22.8;    3.4;    2.3;eor
       3319;20180928;-999;-999;-999;    3;   0.0;   0;-999;-999;  -999;  10.1;    -999;   11.9;   73.88;   20.4;    5.5;    2.6;eor
       3319;20180929;-999;-999;-999;    3;   0.0;   0;-999;-999;  -999;   7.2;    -999;    8.7;   67.29;   15.9;    2.5;    0.9;eor
       3319;20180930;-999;-999;-999;    3;   0.0;   0;-999;-999;  -999;   8.1;    -999;    9.0;   73.63;   18.5;    0.7;   -0.7;eor
       3319;20181001;-999;-999;-999;    3;   0.4;   4;-999;   0;  -999;   8.6;    -999;    8.6;   78.29;   14.5;    4.5;    2.0;eor
       3319;20181002;-999;-999;-999;    3;   0.0;   4;-999;   0;  -999;   8.6;    -999;    7.3;   84.29;   11.1;    1.7;    0.3;eor
       3319;20181003;-999;-999;-999;    3;   0.0;   0;-999;   0;  -999;  10.1;    -999;   11.8;   74.21;   16.6;    4.6;    1.7;eor
       3319;20181004;-999;-999;-999;    3;   0.0;   0;-999;   0;  -999;   9.1;    -999;    9.7;   78.58;   18.4;    2.6;    0.4;eor
       3319;20181005;-999;-999;-999;    3;   0.0;   0;-999;   0;  -999;  10.3;    -999;   11.4;   79.17;   21.6;    3.8;    2.9;eor
       3319;20181006;-999;-999;-999;    3;   0.0;   0;-999;   0;  -999;  12.2;    -999;   14.4;   77.67;   24.2;    6.8;    5.5;eor
       3319;20181007;-999;-999;-999;    3;   0.0;   0;-999;   0;  -999;  12.7;    -999;   13.4;   83.63;   20.9;    7.7;    6.1;eor
       3319;20181008;-999;-999;-999;    3;   0.0;   0;-999;   0;  -999;  12.0;    -999;   12.4;   84.42;   20.3;    7.0;    5.6;eor
       3319;20181009;-999;-999;-999;    3;   0.0;   0;-999;   0;  -999;  12.9;    -999;   12.3;   90.71;   19.0;    7.8;    7.4;eor
       3319;20181010;-999;-999;-999;    3;   0.0;   0;-999;   0;  -999;  12.7;    -999;   15.2;   76.13;   22.6;    8.3;    8.3;eor
       3319;20181011;-999;-999;-999;    3;   0.0;   0;-999;   0;  -999;  12.4;    -999;   16.0;   69.25;   21.8;    9.7;    8.3;eor
       3319;20181012;-999;-999;-999;    3;   0.0;   0;-999;   0;  -999;  13.4;    -999;   16.3;   75.38;   25.9;    8.8;    7.2;eor
       3319;20181013;-999;-999;-999;    3;   0.0;   0;-999;   0;  -999;  12.3;    -999;   15.9;   72.42;   24.8;    9.1;    7.9;eor
       3319;20181014;-999;-999;-999;    3;   0.0;   0;-999;   0;  -999;  11.8;    -999;   14.7;   73.88;   23.1;    7.4;    6.6;eor
       3319;20181015;-999;-999;-999;    3;   0.0;   0;-999;   0;  -999;  11.2;    -999;   13.4;   76.58;   22.7;    7.6;    5.1;eor
       3319;20181016;-999;-999;-999;    3;   0.0;   0;-999;   0;  -999;  11.1;    -999;   13.8;   74.42;   23.8;    4.8;    3.2;eor
       3319;20181017;-999;-999;-999;    3;   0.0;   0;-999;   0;  -999;  11.6;    -999;   13.4;   79.00;   22.2;    6.6;    4.7;eor
       3319;20181018;-999;-999;-999;    3;   0.0;   0;-999;   0;  -999;  12.3;    -999;   12.8;   84.63;   20.9;    6.2;    4.8;eor
       3319;20181019;-999;-999;-999;    3;   0.0;   0;-999;   0;  -999;  11.6;    -999;   11.6;   86.04;   17.8;    7.2;    5.3;eor
       3319;20181020;-999;-999;-999;    3;   0.0;   0;-999;   0;  -999;  10.0;    -999;   10.8;   79.17;   17.0;    3.4;    0.2;eor
       3319;20181021;-999;-999;-999;    3;   0.0;   0;-999;   0;  -999;   8.1;    -999;    7.5;   81.42;   15.4;    1.9;   -0.2;eor
       3319;20181022;-999;-999;-999;    3;   0.0;   0;-999;   0;  -999;   8.2;    -999;    7.3;   82.17;   15.6;    0.7;   -0.8;eor
       3319;20181023;-999;-999;-999;    3;   0.0;   4;-999;   0;  -999;   7.9;    -999;    8.0;   75.79;   12.4;    0.7;   -1.2;eor
       3319;20181024;-999;-999;-999;    3;   1.8;   4;-999;   0;  -999;  12.2;    -999;   12.5;   83.71;   14.5;   11.3;   10.7;eor
       3319;20181025;-999;-999;-999;    3;   0.4;   4;-999;   0;  -999;  11.6;    -999;   12.1;   82.33;   14.5;    9.2;    8.8;eor
       3319;20181026;-999;-999;-999;    3;   1.7;   4;-999;   0;  -999;   9.5;    -999;    9.8;   78.88;   12.2;    8.2;    7.3;eor
       3319;20181027;-999;-999;-999;    3;   0.0;   0;-999;   0;  -999;   8.1;    -999;    6.2;   85.21;    8.5;    4.0;    3.3;eor
       3319;20181028;-999;-999;-999;    3;   1.4;   4;-999;   0;  -999;   6.9;    -999;    5.1;   78.42;    6.3;    3.8;    3.5;eor
       3319;20181029;-999;-999;-999;    3;   0.1;   4;-999;   0;  -999;   7.8;    -999;    5.5;   85.83;    7.5;    3.8;    3.6;eor
       3319;20181030;-999;-999;-999;    3;   1.7;   4;-999;   0;  -999;   8.0;    -999;    6.3;   83.00;    8.5;    4.3;    0.6;eor
       3319;20181031;-999;-999;-999;    3;   0.0;   0;-999;   0;  -999;   7.5;    -999;    7.2;   74.54;   12.2;   -0.6;   -1.7;eor
       3319;20181101;-999;-999;-999;    3;   0.4;   4;-999;   0;  -999;   8.5;    -999;    7.2;   84.83;   11.8;    3.0;    2.2;eor
       3319;20181102;-999;-999;-999;    3;   0.0;   0;-999;   0;  -999;   9.0;    -999;    7.8;   86.08;   13.6;    3.4;    1.2;eor
       3319;20181103;-999;-999;-999;    3;   0.0;   0;-999;   0;  -999;   8.7;    -999;    8.2;   80.04;   12.3;    2.5;    0.7;eor
       3319;20181104;-999;-999;-999;    3;   0.0;   0;-999;   0;  -999;  10.6;    -999;   10.2;   85.38;   11.2;    9.1;    8.6;eor
       3319;20181105;-999;-999;-999;    3;   0.0;   0;-999;   0;  -999;  11.4;    -999;   10.8;   88.08;   14.1;    6.7;    5.0;eor
       3319;20181106;-999;-999;-999;    3;   0.0;   0;-999;   0;  -999;  10.4;    -999;    9.3;   89.83;   15.4;    5.5;    3.9;eor
       3319;20181107;-999;-999;-999;    3;   0.0;   4;-999;   0;  -999;   9.8;    -999;    8.3;   91.00;   15.3;    3.6;    2.0;eor
       3319;20181108;-999;-999;-999;    3;   0.1;   4;-999;   0;  -999;  10.9;    -999;   10.3;   87.92;   13.4;    7.0;    6.6;eor
       3319;20181109;-999;-999;-999;    3;   0.0;   0;-999;   0;  -999;  10.9;    -999;    9.2;   92.88;   10.8;    7.8;    7.5;eor
       3319;20181110;-999;-999;-999;    3;   1.2;   4;-999;   0;  -999;  10.2;    -999;    9.5;   85.92;   11.8;    7.5;    6.8;eor
       3319;20181111;-999;-999;-999;    3;   3.2;   4;-999;   0;  -999;  11.3;    -999;   11.9;   81.88;   15.6;    7.7;    5.8;eor
       3319;20181112;-999;-999;-999;    3;   3.4;   4;-999;   0;  -999;  11.2;    -999;   12.5;   77.92;   16.9;    8.5;    6.5;eor
       3319;20181113;-999;-999;-999;    3;   0.9;   4;-999;   0;  -999;  11.3;    -999;   10.1;   91.38;   12.9;    5.4;    2.0;eor
       3319;20181114;-999;-999;-999;    3;   0.0;   0;-999;   0;  -999;   8.5;    -999;    4.7;   98.71;    7.0;    2.2;    1.0;eor
       3319;20181115;-999;-999;-999;    3;   0.0;   0;-999;   0;  -999;   8.3;    -999;    5.3;   93.13;    6.0;    4.7;    4.0;eor
       3319;20181116;-999;-999;-999;    3;   0.0;   0;-999;   0;  -999;   7.0;    -999;    5.0;   80.79;    8.9;    1.4;   -0.4;eor
       3319;20181117;-999;-999;-999;    3;   0.0;   0;-999;   0;  -999;   5.7;    -999;    5.1;   66.42;    8.9;    1.7;   -0.3;eor
       3319;20181118;-999;-999;-999;    3;   0.0;   0;-999;   0;  -999;   3.8;    -999;    3.9;   47.00;    7.8;    0.6;   -1.0;eor
       3319;20181119;-999;-999;-999;    3;   1.1;   4;-999;   0;  -999;   5.5;    -999;    2.4;   75.92;    3.6;    0.3;   -1.5;eor
       3319;20181120;-999;-999;-999;    3;   0.0;   0;-999;   0;  -999;   5.5;    -999;    2.2;   77.25;    3.6;    0.8;   -0.3;eor
       3319;20181121;-999;-999;-999;    3;   0.0;   0;-999;   0;  -999;   5.9;    -999;    1.9;   84.00;    3.2;    0.5;   -0.2;eor
       3319;20181122;-999;-999;-999;    3;   0.0;   0;-999;   0;  -999;   5.8;    -999;    1.1;   87.17;    2.8;   -2.6;   -3.5;eor
       3319;20181123;-999;-999;-999;    3;   0.6;   4;-999;   0;  -999;   6.0;    -999;   -0.1;   97.29;    3.0;   -3.4;   -4.2;eor
       3319;20181124;-999;-999;-999;    3;   0.4;   4;-999;   0;  -999;   8.0;    -999;    5.2;   89.71;    8.9;    2.4;    2.0;eor
       3319;20181125;-999;-999;-999;    3;   0.0;   4;-999;   0;  -999;   8.2;    -999;    5.5;   91.54;    7.7;    4.0;    3.5;eor
       3319;20181126;-999;-999;-999;    3;   0.6;   4;-999;   0;  -999;   7.0;    -999;    4.8;   81.08;    6.6;    3.1;    1.8;eor
       3319;20181127;-999;-999;-999;    3;   0.0;   0;-999;   0;  -999;   6.5;    -999;    2.7;   87.38;    3.2;    2.2;    1.8;eor
       3319;20181128;-999;-999;-999;    3;   0.5;   4;-999;   0;  -999;   6.1;    -999;    2.5;   83.79;    4.9;    0.7;   -0.5;eor
       3319;20181129;-999;-999;-999;    3;   0.0;   4;-999;   0;  -999;   6.0;    -999;    2.7;   81.08;    4.9;    1.0;    0.4;eor
       3319;20181130;-999;-999;-999;    3;   1.8;   4;-999;   0;  -999;   6.5;    -999;    2.6;   87.38;    3.4;    1.6;    0.9;eor
       3319;20181201;-999;-999;-999;    3;   1.1;   4;-999;   0;  -999;   8.1;    -999;    5.0;   91.92;    8.9;    0.9;    0.2;eor
       3319;20181202;-999;-999;-999;    3;  23.0;   4;-999;   0;  -999;  11.0;    -999;    9.8;   89.63;   12.4;    7.0;    6.5;eor
       3319;20181203;-999;-999;-999;    3;  25.8;   4;-999;   0;  -999;  12.4;    -999;   11.0;   94.17;   12.8;    9.3;    8.9;eor
       3319;20181204;-999;-999;-999;    3;   1.8;   4;-999;   0;  -999;   9.0;    -999;    6.7;   90.63;   10.6;    1.1;    0.1;eor
       3319;20181205;-999;-999;-999;    3;   1.2;   4;-999;   0;  -999;   7.0;    -999;    2.5;   94.96;    4.5;    0.9;    0.3;eor
       3319;20181206;-999;-999;-999;    3;   0.1;   4;-999;   0;  -999;  10.1;    -999;    7.7;   94.46;   11.8;    4.2;    3.8;eor
       3319;20181207;-999;-999;-999;    3;   0.6;   4;-999;   0;  -999;  10.4;    -999;   10.8;   79.67;   11.9;    7.4;    6.3;eor
       3319;20181208;-999;-999;-999;    3;   8.9;   4;-999;   0;  -999;   8.2;    -999;    7.0;   81.21;    9.3;    5.7;    4.7;eor
       3319;20181209;-999;-999;-999;    3;   3.6;   4;-999;   0;  -999;   8.6;    -999;    7.3;   83.33;    9.6;    5.3;    4.2;eor
       3319;20181210;-999;-999;-999;    3;   0.5;   4;-999;   0;  -999;   6.8;    -999;    4.4;   82.04;    6.0;    2.2;    0.6;eor
       3319;20181211;-999;-999;-999;    3;   0.2;   4;-999;   0;  -999;   6.5;    -999;    3.2;   84.92;    4.5;    2.4;    1.9;eor
       3319;20181212;-999;-999;-999;    3;   0.1;   4;-999;   0;  -999;   6.3;    -999;    2.4;   86.33;    4.1;   -0.5;   -2.5;eor
       3319;20181213;-999;-999;-999;    3;   0.0;   0;-999;   0;  -999;   4.4;    -999;    0.1;   71.88;    1.3;   -1.1;   -2.0;eor
       3319;20181214;-999;-999;-999;    3;   0.0;   0;-999;   0;  -999;   4.1;    -999;   -0.3;   69.42;    0.1;   -0.7;   -1.1;eor
       3319;20181215;-999;-999;-999;    3;   0.0;   0;-999;   0;  -999;   4.0;    -999;   -0.7;   68.17;   -0.1;   -2.4;   -4.2;eor
       3319;20181216;-999;-999;-999;    3;   1.7;   4;-999;   0;  -999;   4.8;    -999;   -1.4;   86.50;    0.5;   -3.0;   -3.0;eor
       3319;20181217;-999;-999;-999;    3;   0.5;   4;-999;   0;  -999;   7.1;    -999;    2.4;   96.88;    4.4;    0.1;    0.0;eor
       3319;20181218;-999;-999;-999;    3;   0.0;   0;-999;   0;  -999;   6.9;    -999;    3.2;   90.33;    6.5;   -0.2;   -1.5;eor
       3319;20181219;-999;-999;-999;    3;   0.5;   4;-999;   0;  -999;   6.6;    -999;    2.3;   90.92;    4.0;    1.0;   -0.1;eor
       3319;20181220;-999;-999;-999;    3;   0.4;   4;-999;   0;  -999;   8.1;    -999;    5.2;   91.50;    7.2;    2.0;    0.8;eor
       3319;20181221;-999;-999;-999;    3;   4.8;   4;-999;   0;  -999;   9.6;    -999;    8.9;   83.96;   11.9;    6.3;    5.5;eor
       3319;20181222;-999;-999;-999;    3;   0.4;   4;-999;   0;  -999;   9.7;    -999;   10.3;   77.08;   11.8;    8.3;    6.5;eor
       3319;20181223;-999;-999;-999;    3;  18.6;   4;-999;   0;  -999;   9.9;    -999;    8.6;   87.46;   12.8;    6.3;    4.3;eor
       3319;20181224;-999;-999;-999;    3;   0.0;   0;-999;   0;  -999;   7.4;    -999;    4.4;   87.08;   12.6;   -1.9;   -3.4;eor
       3319;20181225;-999;-999;-999;    3;   0.0;   0;-999;   0;  -999;   5.4;    -999;   -0.9;   93.67;    2.2;   -3.9;   -4.6;eor
       3319;20181226;-999;-999;-999;    3;   0.0;   0;-999;   0;  -999;   5.0;    -999;   -1.7;   92.67;    0.2;   -5.1;   -6.0;eor
       3319;20181227;-999;-999;-999;    3;   0.0;   0;-999;   0;  -999;   5.9;    -999;    0.3;   94.54;    4.4;   -1.3;   -1.9;eor
       3319;20181228;-999;-999;-999;    3;   0.0;   0;-999;   0;  -999;   5.6;    -999;   -1.1;   98.63;   -0.6;   -1.5;   -1.2;eor
       3319;20181229;-999;-999;-999;    3;   0.9;   4;-999;   0;  -999;   6.5;    -999;    1.5;   95.21;    4.2;   -0.6;   -0.5;eor
       3319;20181230;-999;-999;-999;    3;   1.3;   4;-999;   0;  -999;   7.7;    -999;    5.7;   84.08;    6.5;    4.2;    3.4;eor
       3319;20181231;-999;-999;-999;    3;   0.8;   4;-999;   0;  -999;   9.4;    -999;    6.0;   99.92;    7.1;    4.6;    4.4;eor
       3319;20190101;-999;-999;-999;    3;   0.9;   4;-999;   0;  -999;   8.3;    -999;    6.0;   88.46;    7.2;    3.4;    2.3;eor
       3319;20190102;-999;-999;-999;    3;   1.2;   4;-999;   0;  -999;   5.2;    -999;    2.1;   73.38;    4.4;   -2.3;   -4.3;eor
       3319;20190103;-999;-999;-999;    3;   2.2;   4;-999;   0;  -999;   5.1;    -999;   -1.6;   92.58;    0.5;   -5.0;   -6.1;eor
       3319;20190104;-999;-999;-999;    3;   3.2;   4;-999;   0;  -999;   6.0;    -999;    0.5;   94.67;    2.4;   -1.7;   -3.4;eor
       3319;20190105;-999;-999;-999;    3;   6.4;   4;-999;   0;  -999;   7.7;    -999;    4.0;   94.71;    6.0;    1.6;    1.0;eor
       3319;20190106;-999;-999;-999;    3;   2.1;   4;-999;   0;  -999;   8.3;    -999;    4.8;   95.83;    5.4;    4.0;    3.5;eor
       3319;20190107;-999;-999;-999;    3;   1.8;   4;-999;   0;  -999;   7.4;    -999;    3.7;   93.25;    4.5;    2.9;    1.6;eor
       3319;20190108;-999;-999;-999;    3;   6.5;   4;-999;   0;  -999;   7.2;    -999;    4.4;   86.33;    5.7;    2.9;    1.9;eor
       3319;20190109;-999;-999;-999;    3;   1.0;   4;-999;   1;  -999;   5.6;    -999;    1.4;   83.38;    4.0;   -0.2;   -0.3;eor
       3319;20190110;-999;-999;-999;    3;   0.1;   4;-999;   0;  -999;   5.2;    -999;    0.2;   83.71;    1.1;   -2.0;   -2.8;eor
       3319;20190111;-999;-999;-999;    3;   2.2;   4;-999;   0;  -999;   5.6;    -999;   -0.4;   92.96;    2.3;   -2.1;   -2.8;eor
       3319;20190112;-999;-999;-999;    3;   3.5;   4;-999;   0;  -999;   7.2;    -999;    3.3;   93.08;    4.8;    2.0;    1.3;eor
       3319;20190113;-999;-999;-999;    3;   5.7;   4;-999;   0;  -999;   8.9;    -999;    6.7;   90.58;    9.1;    4.7;    3.8;eor
       3319;20190114;-999;-999;-999;    3;   2.6;   4;-999;   0;  -999;   6.9;    -999;    4.2;   83.75;    6.2;    2.0;    0.9;eor
       3319;20190115;-999;-999;-999;    3;   0.2;   4;-999;   0;  -999;   6.5;    -999;    3.6;   81.83;    5.0;    1.1;    0.2;eor
       3319;20190116;-999;-999;-999;    3;   0.2;   4;-999;   0;  -999;   6.4;    -999;    4.2;   77.38;    6.3;    1.1;   -0.7;eor
       3319;20190117;-999;-999;-999;    3;   4.1;   4;-999;   0;  -999;   7.1;    -999;    4.6;   83.42;    6.7;    1.5;   -0.1;eor
       3319;20190118;-999;-999;-999;    3;   0.0;   0;-999;   0;  -999;   5.1;    -999;    0.2;   82.33;    3.2;   -3.7;   -4.7;eor
       3319;20190119;-999;-999;-999;    3;   0.0;   0;-999;   0;  -999;   4.0;    -999;   -3.1;   82.38;    0.9;   -6.4;   -7.5;eor
       3319;20190120;-999;-999;-999;    3;   0.0;   0;-999;   0;  -999;   3.7;    -999;   -5.0;   87.46;   -0.7;   -8.0;   -8.9;eor
       3319;20190121;-999;-999;-999;    3;   0.0;   0;-999;   0;  -999;   3.7;    -999;   -4.4;   84.33;    0.4;   -8.1;   -9.7;eor
       3319;20190122;-999;-999;-999;    3;   0.0;   0;-999;   0;  -999;   3.6;    -999;   -5.0;   85.54;   -2.2;   -9.5;  -10.6;eor
       3319;20190123;-999;-999;-999;    3;   0.0;   0;-999;   0;  -999;   3.8;    -999;   -3.3;   78.33;   -2.6;   -4.6;   -5.4;eor
       3319;20190124;-999;-999;-999;    3;   0.2;   4;-999;   0;  -999;   3.8;    -999;   -4.1;   84.29;   -3.4;   -4.7;   -4.9;eor
       3319;20190125;-999;-999;-999;    3;   1.4;   4;-999;   0;  -999;   4.4;    -999;   -2.4;   86.17;    0.0;   -4.6;   -5.0;eor
       3319;20190126;-999;-999;-999;    3;   0.5;   4;-999;   0;  -999;   6.7;    -999;    2.4;   92.04;    4.6;   -0.8;   -1.0;eor
       3319;20190127;-999;-999;-999;    3;   2.2;   4;-999;   0;  -999;   7.6;    -999;    4.6;   88.88;    6.6;    1.0;    0.2;eor
       3319;20190128;-999;-999;-999;    3;   5.2;   4;-999;   0;  -999;   6.2;    -999;    1.5;   90.83;    2.4;    0.6;   -0.3;eor
       3319;20190129;-999;-999;-999;    3;   0.0;   0;-999;   0;  -999;   5.6;    -999;    0.8;   86.46;    2.3;   -1.0;   -2.4;eor
       3319;20190130;-999;-999;-999;    3;   0.1;   4;-999;   0;  -999;   4.9;    -999;    0.0;   80.88;    2.8;   -2.0;   -6.6;eor
       3319;20190131;-999;-999;-999;    3;   0.7;   4;-999;   0;  -999;   4.7;    -999;   -1.2;   84.04;    1.6;   -6.2;   -8.1;eor
       3319;20190201;-999;-999;-999;    3;   0.5;   4;-999;   0;  -999;   6.0;    -999;    1.2;   90.42;    2.8;   -0.7;   -0.7;eor
       3319;20190202;-999;-999;-999;    3;   0.0;   4;-999;   0;  -999;   7.1;    -999;    2.5;   97.21;    5.0;    1.0;    0.5;eor
       3319;20190203;-999;-999;-999;    3;   0.0;   0;-999;   0;  -999;   5.7;    -999;    1.7;   82.25;    2.9;   -1.1;   -2.6;eor
       3319;20190204;-999;-999;-999;    3;   0.0;   0;-999;   0;  -999;   5.0;    -999;    0.6;   79.46;    4.6;   -3.0;   -4.5;eor
       3319;20190205;-999;-999;-999;    3;   0.0;   4;-999;   0;  -999;   5.4;    -999;    0.9;   82.83;    5.5;   -2.7;   -4.3;eor
       3319;20190206;-999;-999;-999;    3;   0.0;   0;-999;   0;  -999;   5.0;    -999;   -0.2;   84.33;    4.2;   -3.1;   -3.9;eor
       3319;20190207;-999;-999;-999;    3;   0.2;   4;-999;   0;  -999;   5.7;    -999;    0.5;   88.46;    4.1;   -2.2;   -2.7;eor
       3319;20190208;-999;-999;-999;    3;   1.6;   4;-999;   0;  -999;   7.2;    -999;    5.7;   78.75;    8.8;    2.3;    0.4;eor
       3319;20190209;-999;-999;-999;    3;   1.2;   4;-999;   0;  -999;   7.9;    -999;    6.8;   79.46;    9.2;    4.9;    2.3;eor
       3319;20190210;-999;-999;-999;    3;   5.1;   4;-999;   0;  -999;   7.9;    -999;    7.3;   77.79;   11.2;    3.5;    1.4;eor
       3319;20190211;-999;-999;-999;    3;   0.0;   0;-999;   0;  -999;   6.4;    -999;    4.2;   77.83;    6.3;    1.4;   -0.7;eor
       3319;20190212;-999;-999;-999;    3;   0.0;   0;-999;   0;  -999;   5.9;    -999;    2.8;   78.71;    5.0;    0.2;   -2.1;eor
       3319;20190213;-999;-999;-999;    3;   0.0;   0;-999;   0;  -999;   5.5;    -999;    1.9;   80.42;    9.2;   -2.7;   -4.2;eor
       3319;20190214;-999;-999;-999;    3;   0.0;   0;-999;   0;  -999;   5.8;    -999;    1.4;   86.21;    9.3;   -3.5;   -4.5;eor
       3319;20190215;-999;-999;-999;    3;   0.0;   0;-999;   0;  -999;   6.1;    -999;    3.3;   81.92;   11.3;   -2.7;   -3.6;eor
       3319;20190216;-999;-999;-999;    3;   0.0;   0;-999;   0;  -999;   6.5;    -999;    3.7;   83.96;   14.8;   -3.1;   -4.4;eor
       3319;20190217;-999;-999;-999;    3;   0.0;   0;-999;   0;  -999;   6.9;    -999;    4.2;   85.50;   15.1;   -1.8;   -3.0;eor
       3319;20190218;-999;-999;-999;    3;   0.0;   0;-999;   0;  -999;   6.8;    -999;    4.3;   84.17;   15.2;   -1.5;   -2.2;eor
       3319;20190219;-999;-999;-999;    3;   0.2;   4;-999;   0;  -999;   6.9;    -999;    4.4;   82.71;   10.3;   -0.2;   -2.7;eor
       3319;20190220;-999;-999;-999;    3;   0.0;   0;-999;   0;  -999;   6.6;    -999;    3.9;   83.17;   11.2;   -2.5;   -3.2;eor
       3319;20190221;-999;-999;-999;    3;   0.0;   0;-999;   0;  -999;   8.0;    -999;    5.9;   86.25;   11.5;   -0.3;   -2.3;eor
       3319;20190222;-999;-999;-999;    3;   0.0;   0;-999;   0;  -999;   9.1;    -999;    8.9;   79.38;   11.9;    4.9;    4.1;eor
       3319;20190223;-999;-999;-999;    3;   0.0;   0;-999;   0;  -999;   4.7;    -999;    3.9;   59.46;    7.6;   -0.2;   -1.2;eor
       3319;20190224;-999;-999;-999;    3;   0.0;   0;-999;   0;  -999;   3.6;    -999;    3.6;   48.79;   11.2;   -2.8;   -4.1;eor
       3319;20190225;-999;-999;-999;    3;   0.0;   0;-999;   0;  -999;   5.1;    -999;    4.8;   62.58;   14.8;   -3.3;   -4.6;eor
       3319;20190226;-999;-999;-999;    3;   0.0;   0;-999;   0;  -999;   6.4;    -999;    7.2;   66.54;   18.2;   -2.3;   -3.5;eor
       3319;20190227;-999;-999;-999;    3;   0.0;   0;-999;   0;  -999;   5.5;    -999;    7.3;   61.71;   19.7;   -2.1;   -3.8;eor
       3319;20190228;-999;-999;-999;    3;   1.5;   4;-999;   0;  -999;   7.5;    -999;    9.5;   62.92;   17.4;   -0.2;   -2.6;eor
       3319;20190301;-999;-999;-999;    3;   4.1;   4;-999;   0;  -999;   9.6;    -999;    8.2;   88.08;   10.0;    5.5;    5.0;eor
       3319;20190302;-999;-999;-999;    3;   0.2;   4;-999;   0;  -999;   8.8;    -999;    6.8;   88.54;    9.1;    4.6;    4.0;eor
       3319;20190303;-999;-999;-999;    3;   0.7;   4;-999;   0;  -999;   9.0;    -999;    9.7;   75.21;   11.4;    7.4;    5.6;eor
       3319;20190304;-999;-999;-999;    3;   1.6;   4;-999;   0;  -999;   8.1;    -999;    8.4;   73.54;   12.4;    4.0;    1.6;eor
       3319;20190305;-999;-999;-999;    3;   4.3;   4;-999;   0;  -999;   7.5;    -999;    5.2;   85.00;    7.4;    3.1;    0.4;eor
       3319;20190306;-999;-999;-999;    3;   0.0;   0;-999;   0;  -999;   7.9;    -999;    9.5;   69.21;   14.5;    1.4;    0.2;eor
       3319;20190307;-999;-999;-999;    3;   4.7;   4;-999;   0;  -999;   8.4;    -999;    9.5;   71.17;   13.1;    5.1;    3.4;eor
       3319;20190308;-999;-999;-999;    3;   3.8;   4;-999;   0;  -999;   7.9;    -999;    6.6;   81.33;    8.4;    3.5;    1.2;eor
       3319;20190309;-999;-999;-999;    3;   2.4;   4;-999;   0;  -999;   8.5;    -999;    8.6;   76.25;   10.8;    2.9;    1.2;eor
       3319;20190310;-999;-999;-999;    3;   7.8;   4;-999;   0;  -999;   8.9;    -999;    9.5;   74.63;   13.9;    3.7;    2.0;eor
       3319;20190311;-999;-999;-999;    3;   0.0;   4;-999;   0;  -999;   5.6;    -999;    4.7;   65.71;    7.0;    1.9;    1.4;eor
       3319;20190312;-999;-999;-999;    3;   0.8;   4;-999;   0;  -999;   5.6;    -999;    5.8;   61.58;    9.1;    0.2;   -2.2;eor
       3319;20190313;-999;-999;-999;    3;   1.7;   4;-999;   0;  -999;   6.8;    -999;    5.8;   73.88;    9.4;    3.5;    1.3;eor
       3319;20190314;-999;-999;-999;    3;   7.3;   4;-999;   0;  -999;   7.8;    -999;    5.2;   87.67;    7.0;    3.9;    2.3;eor
       3319;20190315;-999;-999;-999;    3;   6.0;   4;-999;   0;  -999;  10.1;    -999;    8.7;   88.04;   11.8;    5.4;    3.4;eor
       3319;20190316;-999;-999;-999;    3;   0.0;   0;-999;   0;  -999;   9.9;    -999;   10.1;   79.88;   11.3;    7.0;    3.6;eor
       3319;20190317;-999;-999;-999;    3;   4.2;   4;-999;   0;  -999;   7.9;    -999;    7.4;   76.54;   11.0;    1.3;   -0.2;eor
       3319;20190318;-999;-999;-999;    3;   0.2;   4;-999;   0;  -999;   6.5;    -999;    3.8;   81.63;    8.7;   -0.3;   -2.1;eor
       3319;20190319;-999;-999;-999;    3;   0.0;   0;-999;   0;  -999;   5.5;    -999;    3.0;   75.75;    8.8;   -2.9;   -3.7;eor
       3319;20190320;-999;-999;-999;    3;   0.0;   0;-999;   0;  -999;   5.5;    -999;    4.3;   69.42;   12.6;   -2.9;   -4.4;eor
       3319;20190321;-999;-999;-999;    3;   0.0;   0;-999;   0;  -999;   6.0;    -999;    6.2;   66.96;   15.0;   -2.1;   -3.8;eor
       3319;20190322;-999;-999;-999;    3;   0.0;   0;-999;   0;  -999;   7.0;    -999;    8.4;   68.00;   17.2;   -0.7;   -1.8;eor
       3319;20190323;-999;-999;-999;    3;   0.0;   0;-999;   0;  -999;   8.2;    -999;    8.7;   75.29;   17.2;    1.1;   -1.8;eor
       3319;20190324;-999;-999;-999;    3;   0.0;   0;-999;   0;  -999;   8.0;    -999;    6.9;   81.17;   12.8;    0.1;   -1.4;eor
       3319;20190325;-999;-999;-999;    3;   1.6;   4;-999;   0;  -999;   6.3;    -999;    4.6;   75.04;    8.6;    0.9;   -2.4;eor
       3319;20190326;-999;-999;-999;    3;   0.0;   0;-999;   0;  -999;   6.6;    -999;    4.7;   78.25;    7.6;    0.6;   -2.2;eor
       3319;20190327;-999;-999;-999;    3;   0.0;   0;-999;   0;  -999;   6.7;    -999;    6.1;   72.42;   11.1;    0.7;   -2.0;eor
       3319;20190328;-999;-999;-999;    3;   0.0;   0;-999;   0;  -999;   7.7;    -999;    6.9;   77.92;   14.0;   -0.9;   -2.6;eor
       3319;20190329;-999;-999;-999;    3;   0.0;   0;-999;   0;  -999;   8.4;    -999;    9.3;   74.38;   16.1;    2.5;    0.4;eor
       3319;20190330;-999;-999;-999;    3;   0.0;   0;-999;   0;  -999;   7.6;    -999;    9.8;   68.17;   19.7;   -0.1;   -1.4;eor
       3319;20190331;-999;-999;-999;    3;   0.0;   0;-999;   0;  -999;   8.0;    -999;   10.7;   64.25;   18.5;    1.6;   -1.0;eor
       3319;20190401;-999;-999;-999;    3;   0.0;   0;-999;   0;  -999;   7.7;    -999;   10.6;   60.96;   16.1;    5.2;    3.1;eor
       3319;20190402;-999;-999;-999;    3;   1.0;   4;-999;   0;  -999;   8.4;    -999;   12.0;   60.13;   19.3;    4.3;    3.2;eor
       3319;20190403;-999;-999;-999;    3;   3.9;   4;-999;   0;  -999;   9.2;    -999;    8.8;   81.67;   13.2;    4.4;    3.8;eor
       3319;20190404;-999;-999;-999;    3;   0.8;   4;-999;   0;  -999;   8.3;    -999;    4.8;   96.25;    5.5;    3.4;    3.1;eor
       3319;20190405;-999;-999;-999;    3;   0.0;   0;-999;   0;  -999;   8.6;    -999;    6.0;   92.08;    8.6;    4.3;    2.9;eor
       3319;20190406;-999;-999;-999;    3;   0.0;   0;-999;   0;  -999;   9.3;    -999;    9.7;   79.67;   17.6;    3.2;    1.8;eor
       3319;20190407;-999;-999;-999;    3;   0.0;   0;-999;   0;  -999;   8.9;    -999;   12.8;   60.96;   17.7;    5.0;    3.6;eor
       3319;20190408;-999;-999;-999;    3;   0.0;   0;-999;   0;  -999;  10.6;    -999;   11.3;   79.63;   15.1;    6.8;    4.1;eor
       3319;20190409;-999;-999;-999;    3;   0.5;   4;-999;   0;  -999;  10.7;    -999;   10.0;   86.96;   16.5;    4.9;    3.5;eor
       3319;20190410;-999;-999;-999;    3;   0.0;   0;-999;   0;  -999;   7.3;    -999;    9.8;   60.83;   14.8;    5.0;    1.7;eor
       3319;20190411;-999;-999;-999;    3;   0.0;   0;-999;   0;  -999;   4.8;    -999;    6.6;   49.67;   11.3;    2.5;    0.6;eor
       3319;20190412;-999;-999;-999;    3;   0.0;   0;-999;   0;  -999;   4.7;    -999;    4.0;   57.42;    7.5;   -0.2;   -2.6;eor
       3319;20190413;-999;-999;-999;    3;   3.3;   4;-999;   0;  -999;   5.9;    -999;    2.5;   81.13;    5.1;    1.0;    0.9;eor
       3319;20190414;-999;-999;-999;    3;   0.0;   0;-999;   0;  -999;   6.1;    -999;    5.0;   72.42;   10.5;    0.0;   -0.9;eor
       3319;20190415;-999;-999;-999;    3;   0.0;   0;-999;   0;  -999;   7.0;    -999;    9.2;   64.04;   16.6;    0.3;   -1.4;eor
       3319;20190416;-999;-999;-999;    3;   0.3;   4;-999;   0;  -999;   7.4;    -999;   11.8;   53.50;   18.5;    5.9;    4.2;eor
       3319;20190417;-999;-999;-999;    3;   0.3;   4;-999;   0;  -999;   8.4;    -999;   12.4;   61.50;   18.9;    8.4;    6.6;eor
       3319;20190418;-999;-999;-999;    3;   0.0;   0;-999;   0;  -999;   7.9;    -999;   15.1;   47.00;   20.6;    8.0;    5.0;eor
       3319;20190419;-999;-999;-999;    3;   0.0;   0;-999;   0;  -999;   7.6;    -999;   15.8;   44.13;   22.7;    8.7;    6.0;eor
       3319;20190420;-999;-999;-999;    3;   0.0;   0;-999;   0;  -999;   7.5;    -999;   15.6;   46.08;   22.8;    4.8;    2.9;eor
       3319;20190421;-999;-999;-999;    3;   0.0;   0;-999;   0;  -999;   7.3;    -999;   15.3;   45.67;   23.3;    4.2;    2.9;eor
       3319;20190422;-999;-999;-999;    3;   0.0;   0;-999;   0;  -999;   7.2;    -999;   16.3;   41.13;   23.5;    4.3;    3.0;eor
       3319;20190423;-999;-999;-999;    3;   0.0;   0;-999;   0;  -999;   9.3;    -999;   15.8;   51.67;   21.2;   10.5;    9.0;eor
       3319;20190424;-999;-999;-999;    3;   0.0;   4;-999;   0;  -999;  10.4;    -999;   15.8;   59.50;   24.2;    5.3;    3.6;eor
       3319;20190425;-999;-999;-999;    3;   0.0;   0;-999;   0;  -999;   9.1;    -999;   14.6;   60.50;   24.9;    3.8;    2.4;eor
       3319;20190426;-999;-999;-999;    3;   4.8;   4;-999;   0;  -999;  10.2;    -999;    8.8;   89.79;   10.1;    4.9;    3.5;eor
       3319;20190427;-999;-999;-999;    3;   3.6;   4;-999;   0;  -999;   9.7;    -999;    8.6;   87.54;   13.2;    5.0;    3.3;eor
       3319;20190428;-999;-999;-999;    3;   0.0;   4;-999;   0;  -999;   7.8;    -999;    7.2;   77.75;   11.9;    1.4;   -0.1;eor
       3319;20190429;-999;-999;-999;    3;  11.0;   4;-999;   0;  -999;   9.1;    -999;    6.9;   90.67;   12.6;    0.6;   -0.6;eor
       3319;20190430;-999;-999;-999;    3;   0.0;   0;-999;   0;  -999;   9.0;    -999;   11.4;   70.88;   17.8;    5.4;    3.1;eor
       3319;20190501;-999;-999;-999;    3;   0.0;   0;-999;-999;  -999;   9.4;    -999;   11.4;   72.88;   20.0;    2.6;    1.1;eor
       3319;20190502;-999;-999;-999;    3;   2.5;   4;-999;-999;  -999;   9.9;    -999;   11.9;   73.33;   18.4;    3.9;    2.3;eor
       3319;20190503;-999;-999;-999;    3;   0.2;   4;-999;-999;  -999;   8.6;    -999;    9.8;   71.42;   13.9;    5.3;    3.9;eor
       3319;20190504;-999;-999;-999;    3;   3.7;   4;-999;-999;  -999;   7.4;    -999;    4.8;   85.75;    8.0;   -0.6;   -1.7;eor
       3319;20190505;-999;-999;-999;    3;   0.0;   0;-999;-999;  -999;   6.2;    -999;    5.2;   73.50;   11.0;   -0.2;   -1.1;eor
       3319;20190506;-999;-999;-999;    3;   0.0;   0;-999;-999;  -999;   6.8;    -999;    6.5;   72.17;   11.2;    1.8;    0.0;eor
       3319;20190507;-999;-999;-999;    3;   0.0;   4;-999;-999;  -999;   7.0;    -999;    7.2;   71.29;   13.7;    0.5;   -0.8;eor
       3319;20190508;-999;-999;-999;    3;   2.0;   4;-999;-999;  -999;  10.1;    -999;    8.5;   88.79;   12.4;    2.1;    1.2;eor
       3319;20190509;-999;-999;-999;    3;   6.8;   4;-999;-999;  -999;  11.1;    -999;   10.0;   89.96;   12.9;    6.9;    5.3;eor
       3319;20190510;-999;-999;-999;    3;  11.3;   4;-999;-999;  -999;  10.2;    -999;   12.0;   74.21;   17.1;    7.6;    5.8;eor
       3319;20190511;-999;-999;-999;    3;   6.0;   4;-999;-999;  -999;  11.8;    -999;   10.3;   93.75;   15.3;    6.6;    6.4;eor
       3319;20190512;-999;-999;-999;    3;   0.0;   0;-999;-999;  -999;   8.2;    -999;    8.2;   77.58;   14.2;    2.3;    0.5;eor
       3319;20190513;-999;-999;-999;    3;   0.0;   0;-999;-999;  -999;   6.7;    -999;    8.7;   63.79;   16.0;    0.3;   -1.0;eor
       3319;20190514;-999;-999;-999;    3;   0.0;   0;-999;-999;  -999;   6.4;    -999;    8.1;   62.54;   14.4;    0.1;   -1.3;eor
       3319;20190515;-999;-999;-999;    3;   0.0;   0;-999;-999;  -999;   6.4;    -999;    7.9;   62.92;   14.4;   -0.3;   -1.9;eor
       3319;20190516;-999;-999;-999;    3;   1.5;   4;-999;-999;  -999;   8.8;    -999;    9.6;   75.29;   16.5;    5.7;    5.5;eor
       3319;20190517;-999;-999;-999;    3;  11.3;   4;-999;-999;  -999;  11.3;    -999;   11.7;   83.54;   17.8;    7.5;    7.3;eor
       3319;20190518;-999;-999;-999;    3;   9.0;   4;-999;-999;  -999;  12.9;    -999;   14.4;   81.58;   22.1;    9.1;    9.3;eor
       3319;20190519;-999;-999;-999;    3;   0.1;   4;-999;-999;  -999;  14.8;    -999;   15.0;   87.29;   22.5;   10.4;    9.2;eor
       3319;20190520;-999;-999;-999;    3;  40.3;   4;-999;-999;  -999;  14.4;    -999;   13.1;   95.54;   17.5;    9.1;    8.0;eor
       3319;20190521;-999;-999;-999;    3;  12.7;   4;-999;-999;  -999;  13.8;    -999;   12.0;   97.54;   12.6;   11.4;   10.9;eor
       3319;20190522;-999;-999;-999;    3;   0.0;   0;-999;-999;  -999;  11.7;    -999;   12.0;   84.42;   16.4;    5.5;    4.4;eor
       3319;20190523;-999;-999;-999;    3;   0.0;   0;-999;-999;  -999;  10.7;    -999;   12.9;   75.21;   20.7;    4.5;    3.7;eor
       3319;20190524;-999;-999;-999;    3;   0.1;   4;-999;-999;  -999;  11.7;    -999;   14.9;   72.79;   22.7;    6.6;    5.8;eor
       3319;20190525;-999;-999;-999;    3;   0.1;   4;-999;-999;  -999;  12.2;    -999;   14.8;   75.04;   22.1;    8.6;    7.2;eor
       3319;20190526;-999;-999;-999;    3;   0.0;   0;-999;-999;  -999;  11.7;    -999;   15.6;   68.58;   21.9;    7.3;    5.9;eor
       3319;20190527;-999;-999;-999;    3;   0.4;   4;-999;-999;  -999;  13.7;    -999;   14.7;   81.75;   19.3;    9.5;    7.7;eor
       3319;20190528;-999;-999;-999;    3;   7.9;   4;-999;-999;  -999;  13.1;    -999;   12.4;   91.13;   16.4;    9.3;    8.9;eor
       3319;20190529;-999;-999;-999;    3;   4.6;   4;-999;-999;  -999;  12.1;    -999;   11.2;   90.96;   15.7;    6.0;    4.9;eor
       3319;20190530;-999;-999;-999;    3;   0.0;   0;-999;-999;  -999;  11.5;    -999;   13.7;   76.54;   21.3;    5.9;    4.5;eor
       3319;20190531;-999;-999;-999;    3;   0.0;   0;-999;-999;  -999;  15.2;    -999;   16.7;   81.04;   23.3;   10.8;   10.1;eor
       3319;20190601;-999;-999;-999;    3;   0.0;   0;-999;-999;  -999;  15.8;    -999;   19.1;   74.50;   27.6;   10.6;    9.1;eor
       3319;20190602;-999;-999;-999;    3;   0.0;   0;-999;-999;  -999;  15.8;    -999;   20.8;   68.00;   29.3;   10.7;    9.7;eor
       3319;20190603;-999;-999;-999;    3;   1.7;   4;-999;-999;  -999;  16.9;    -999;   19.1;   79.21;   30.4;   12.4;   10.7;eor
       3319;20190604;-999;-999;-999;    3;   0.0;   0;-999;-999;  -999;  16.9;    -999;   21.0;   71.46;   28.8;   12.9;   12.3;eor
       3319;20190605;-999;-999;-999;    3;   0.0;   0;-999;-999;  -999;  17.1;    -999;   23.0;   62.58;   29.6;   14.3;   13.2;eor
       3319;20190606;-999;-999;-999;    3;   0.9;   4;-999;-999;  -999;  13.0;    -999;   13.8;   82.00;   21.0;    8.6;    7.3;eor
       3319;20190607;-999;-999;-999;    3;   4.8;   4;-999;-999;  -999;  13.6;    -999;   15.2;   80.00;   25.8;    8.2;    7.9;eor
       3319;20190608;-999;-999;-999;    3;   0.0;   0;-999;-999;  -999;  10.4;    -999;   14.6;   64.96;   20.1;    7.5;    5.8;eor
       3319;20190609;-999;-999;-999;    3;   1.8;   4;-999;-999;  -999;  12.4;    -999;   16.0;   69.96;   22.9;    6.2;    4.4;eor
       3319;20190610;-999;-999;-999;    3;  11.5;   4;-999;-999;  -999;  17.0;    -999;   17.0;   88.38;   20.8;   13.7;   12.8;eor
       3319;20190611;-999;-999;-999;    3;   0.1;   4;-999;-999;  -999;  15.8;    -999;   16.5;   85.04;   20.7;   13.3;   12.4;eor
       3319;20190612;-999;-999;-999;    3;   9.6;   4;-999;-999;  -999;  15.1;    -999;   15.0;   89.04;   19.2;   10.0;    8.6;eor
       3319;20190613;-999;-999;-999;    3;   0.0;   0;-999;-999;  -999;  13.8;    -999;   16.5;   76.17;   23.8;    9.9;    8.6;eor
       3319;20190614;-999;-999;-999;    3;   0.0;   0;-999;-999;  -999;  16.0;    -999;   18.3;   76.58;   25.7;    9.4;    8.5;eor
       3319;20190615;-999;-999;-999;    3;   5.2;   4;-999;-999;  -999;  16.0;    -999;   18.7;   76.21;   24.4;   13.3;   12.1;eor
       3319;20190616;-999;-999;-999;    3;   2.2;   4;-999;-999;  -999;  15.9;    -999;   16.8;   84.46;   22.3;   12.4;   10.6;eor
       3319;20190617;-999;-999;-999;    3;   0.0;   0;-999;-999;  -999;  16.1;    -999;   18.5;   78.17;   25.5;   11.2;   10.2;eor
       3319;20190618;-999;-999;-999;    3;   0.0;   0;-999;-999;  -999;  18.0;    -999;   20.6;   76.42;   28.1;   12.5;   11.8;eor
       3319;20190619;-999;-999;-999;    3;   1.3;   4;-999;-999;  -999;  17.1;    -999;   22.4;   67.75;   30.2;   13.6;   12.5;eor
       3319;20190620;-999;-999;-999;    3;   1.3;   4;-999;-999;  -999;  17.1;    -999;   18.7;   79.96;   24.1;   13.2;   12.4;eor
       3319;20190621;-999;-999;-999;    3;   0.0;   0;-999;-999;  -999;  15.3;    -999;   17.9;   76.67;   24.5;   11.8;   10.2;eor
       3319;20190622;-999;-999;-999;    3;   6.2;   4;-999;-999;  -999;  16.0;    -999;   17.2;   82.92;   26.2;    9.9;    8.9;eor
       3319;20190623;-999;-999;-999;    3;   0.0;   0;-999;-999;  -999;  18.0;    -999;   21.0;   74.71;   27.1;   14.8;   15.0;eor
       3319;20190624;-999;-999;-999;    3;   0.0;   0;-999;-999;  -999;  18.5;    -999;   23.2;   66.50;   29.1;   16.4;   15.0;eor
       3319;20190625;-999;-999;-999;    3;   0.0;   0;-999;-999;  -999;  20.8;    -999;   25.2;   65.75;   32.5;   19.5;   17.7;eor
       3319;20190626;-999;-999;-999;    3;   0.0;   0;-999;-999;  -999;  22.5;    -999;   26.3;   69.33;   34.8;   17.9;   16.4;eor
       3319;20190627;-999;-999;-999;    3;   0.0;   0;-999;-999;  -999;  17.7;    -999;   22.9;   65.46;   29.7;   12.8;   10.6;eor
       3319;20190628;-999;-999;-999;    3;   0.0;   0;-999;-999;  -999;  14.2;    -999;   19.7;   64.13;   28.2;   10.6;    9.3;eor
       3319;20190629;-999;-999;-999;    3;   0.0;   0;-999;-999;  -999;  13.5;    -999;   22.2;   54.25;   31.3;   12.4;   11.1;eor
       3319;20190630;-999;-999;-999;    3;   0.0;   0;-999;-999;  -999;  17.9;    -999;   25.5;   59.96;   36.3;   12.4;   10.5;eor
       3319;20190701;-999;-999;-999;    3;   0.0;   0;-999;-999;  -999;  17.2;    -999;   22.6;   64.88;   28.5;   15.1;   13.5;eor
       3319;20190702;-999;-999;-999;    3;   0.0;   0;-999;-999;  -999;  12.3;    -999;   18.2;   61.46;   25.0;   11.2;    9.4;eor
       3319;20190703;-999;-999;-999;    3;   0.0;   0;-999;-999;  -999;  10.7;    -999;   17.3;   57.67;   24.8;    9.0;    6.7;eor
       3319;20190704;-999;-999;-999;    3;   0.0;   0;-999;-999;  -999;  10.4;    -999;   17.3;   56.25;   25.8;    7.9;    5.9;eor
       3319;20190705;-999;-999;-999;    3;   0.0;   0;-999;-999;  -999;  12.0;    -999;   18.8;   58.83;   28.0;    9.9;    8.1;eor
       3319;20190706;-999;-999;-999;    3;   6.3;   4;-999;-999;  -999;  12.0;    -999;   22.0;   50.71;   30.6;   11.7;    9.6;eor
       3319;20190707;-999;-999;-999;    3;   1.0;   4;-999;-999;  -999;  13.8;    -999;   16.3;   75.79;   21.6;   11.2;    9.7;eor
       3319;20190708;-999;-999;-999;    3;   0.0;   0;-999;-999;  -999;  10.2;    -999;   14.6;   64.38;   21.4;    8.1;    6.4;eor
       3319;20190709;-999;-999;-999;    3;   0.0;   0;-999;-999;  -999;   9.8;    -999;   12.6;   69.71;   18.0;    6.2;    4.8;eor
       3319;20190710;-999;-999;-999;    3;   0.1;   4;-999;-999;  -999;   9.4;    -999;   15.7;   57.92;   24.0;    5.4;    3.3;eor
       3319;20190711;-999;-999;-999;    3;   5.5;   4;-999;-999;  -999;  14.9;    -999;   14.8;   87.71;   17.2;   12.5;   11.3;eor
       3319;20190712;-999;-999;-999;    3;   5.6;   4;-999;-999;  -999;  16.3;    -999;   15.6;   92.00;   20.9;   11.1;   10.2;eor
       3319;20190713;-999;-999;-999;    3;   1.7;   4;-999;-999;  -999;  15.5;    -999;   16.1;   85.13;   21.6;   11.9;   11.1;eor
       3319;20190714;-999;-999;-999;    3;   0.0;   0;-999;-999;  -999;  13.9;    -999;   15.9;   78.71;   21.4;   10.9;    9.0;eor
       3319;20190715;-999;-999;-999;    3;   0.0;   0;-999;-999;  -999;  12.9;    -999;   16.3;   72.33;   23.3;    9.2;    8.2;eor
       3319;20190716;-999;-999;-999;    3;   0.0;   0;-999;-999;  -999;  12.4;    -999;   16.2;   70.63;   24.5;    8.0;    6.3;eor
       3319;20190717;-999;-999;-999;    3;   0.0;   0;-999;-999;  -999;  13.3;    -999;   17.8;   68.83;   25.9;    9.0;    7.8;eor
       3319;20190718;-999;-999;-999;    3;   0.2;   4;-999;-999;  -999;  14.0;    -999;   19.3;   66.83;   28.0;   10.8;    9.1;eor
       3319;20190719;-999;-999;-999;    3;   1.1;   4;-999;-999;  -999;  17.5;    -999;   19.0;   80.08;   24.1;   15.2;   13.0;eor
       3319;20190720;-999;-999;-999;    3;   2.4;   4;-999;-999;  -999;  17.1;    -999;   22.6;   68.13;   32.3;   13.7;   12.4;eor
       3319;20190721;-999;-999;-999;    3;   0.0;   0;-999;-999;  -999;  16.7;    -999;   21.7;   67.88;   27.9;   14.1;   12.0;eor
       3319;20190722;-999;-999;-999;    3;   0.0;   0;-999;-999;  -999;  14.1;    -999;   21.5;   59.92;   30.1;   11.9;   10.1;eor
       3319;20190723;-999;-999;-999;    3;   0.0;   0;-999;-999;  -999;  14.9;    -999;   24.7;   53.38;   34.3;   14.0;   12.3;eor
       3319;20190724;-999;-999;-999;    3;   0.0;   0;-999;-999;  -999;  16.3;    -999;   27.0;   50.75;   36.6;   16.5;   15.4;eor
       3319;20190725;-999;-999;-999;    3;   0.0;   0;-999;-999;  -999;  15.0;    -999;   28.8;   44.50;   38.8;   17.1;   14.7;eor
       3319;20190726;-999;-999;-999;    3;   0.0;   0;-999;-999;  -999;  15.2;    -999;   28.4;   42.29;   38.1;   18.7;   17.1;eor
       3319;20190727;-999;-999;-999;    3;  16.6;   4;-999;-999;  -999;  19.8;    -999;   22.6;   73.13;   26.7;   16.9;   16.8;eor
       3319;20190728;-999;-999;-999;    3;  17.3;   4;-999;-999;  -999;  20.4;    -999;   19.2;   91.54;   25.0;   16.8;   16.9;eor
       3319;20190729;-999;-999;-999;    3;   0.0;   0;-999;-999;  -999;  18.1;    -999;   19.6;   80.13;   23.9;   15.9;   14.5;eor
       3319;20190730;-999;-999;-999;    3;   0.2;   4;-999;-999;  -999;  16.9;    -999;   21.7;   69.67;   29.1;   14.8;   13.6;eor
       3319;20190731;-999;-999;-999;    3;   0.0;   0;-999;-999;  -999;  14.3;    -999;   19.9;   63.63;   25.1;   12.3;   10.4;eor
       3319;20190801;-999;-999;-999;    3;   0.0;   0;-999;-999;  -999;  12.6;    -999;   18.4;   62.83;   25.7;   11.3;    9.8;eor
       3319;20190802;-999;-999;-999;    3;   2.0;   4;-999;-999;  -999;  14.5;    -999;   18.8;   69.33;   25.8;   12.2;   11.4;eor
       3319;20190803;-999;-999;-999;    3;   0.3;   4;-999;-999;  -999;  15.8;    -999;   18.0;   78.42;   24.5;   12.9;   11.4;eor
       3319;20190804;-999;-999;-999;    3;   0.0;   0;-999;-999;  -999;  14.8;    -999;   19.6;   69.29;   27.6;   11.2;    9.8;eor
       3319;20190805;-999;-999;-999;    3;   0.4;   4;-999;-999;  -999;  16.3;    -999;   20.5;   69.42;   28.5;   14.9;   14.1;eor
       3319;20190806;-999;-999;-999;    3;  11.5;   4;-999;-999;  -999;  18.8;    -999;   19.5;   82.92;   24.1;   16.6;   15.3;eor
       3319;20190807;-999;-999;-999;    3;   0.7;   4;-999;-999;  -999;  19.5;    -999;   18.1;   93.88;   21.2;   14.5;   13.1;eor
       3319;20190808;-999;-999;-999;    3;   0.0;   0;-999;-999;  -999;  16.4;    -999;   19.4;   75.79;   26.1;   13.4;   11.8;eor
       3319;20190809;-999;-999;-999;    3;   2.5;   4;-999;-999;  -999;  19.3;    -999;   21.2;   78.92;   29.1;   13.0;   11.8;eor
       3319;20190810;-999;-999;-999;    3;   0.0;   0;-999;-999;  -999;  17.5;    -999;   21.0;   71.54;   25.5;   14.7;   11.5;eor
       3319;20190811;-999;-999;-999;    3;   1.9;   4;-999;-999;  -999;  14.5;    -999;   18.9;   69.71;   27.8;   12.4;   10.5;eor
       3319;20190812;-999;-999;-999;    3;   0.1;   4;-999;-999;  -999;  13.9;    -999;   16.5;   76.17;   22.1;   10.7;    9.6;eor
       3319;20190813;-999;-999;-999;    3;   0.2;   4;-999;-999;  -999;  11.9;    -999;   15.5;   69.96;   20.3;    9.8;    8.5;eor
       3319;20190814;-999;-999;-999;    3;   0.4;   4;-999;-999;  -999;  12.1;    -999;   15.9;   69.63;   22.5;   10.2;    8.7;eor
       3319;20190815;-999;-999;-999;    3;   2.8;   4;-999;-999;  -999;  15.1;    -999;   16.3;   81.50;   21.9;   12.2;   11.1;eor
       3319;20190816;-999;-999;-999;    3;   0.0;   0;-999;-999;  -999;  14.1;    -999;   17.2;   74.38;   23.2;   12.1;   11.0;eor
       3319;20190817;-999;-999;-999;    3;   0.8;   4;-999;-999;  -999;  16.1;    -999;   17.4;   81.50;   22.1;   13.1;   12.5;eor
       3319;20190818;-999;-999;-999;    3;   1.3;   4;-999;-999;  -999;  18.9;    -999;   21.8;   74.08;   30.2;   16.2;   15.7;eor
       3319;20190819;-999;-999;-999;    3;   0.0;   0;-999;-999;  -999;  14.2;    -999;   19.4;   65.21;   25.0;   13.6;   11.5;eor
       3319;20190820;-999;-999;-999;    3;   0.0;   0;-999;-999;  -999;  12.9;    -999;   15.4;   74.58;   19.4;   11.1;    8.7;eor
       3319;20190821;-999;-999;-999;    3;   0.0;   0;-999;-999;  -999;  11.3;    -999;   15.9;   67.13;   24.1;    8.1;    6.2;eor
       3319;20190822;-999;-999;-999;    3;   0.0;   0;-999;-999;  -999;  11.4;    -999;   17.5;   61.79;   26.4;    7.8;    6.1;eor
       3319;20190823;-999;-999;-999;    3;   0.0;   0;-999;-999;  -999;  11.7;    -999;   18.8;   59.50;   28.3;    9.0;    7.1;eor
       3319;20190824;-999;-999;-999;    3;   0.0;   0;-999;-999;  -999;  15.0;    -999;   20.7;   64.38;   29.8;   10.0;    7.9;eor
       3319;20190825;-999;-999;-999;    3;   8.1;   4;-999;-999;  -999;  18.7;    -999;   23.2;   70.13;   31.7;   16.1;   15.1;eor
       3319;20190826;-999;-999;-999;    3;   0.0;   0;-999;-999;  -999;  19.6;    -999;   22.5;   75.58;   31.7;   16.1;   15.6;eor
       3319;20190827;-999;-999;-999;    3;   0.0;   0;-999;-999;  -999;  18.8;    -999;   23.3;   69.50;   31.8;   15.9;   15.1;eor
       3319;20190828;-999;-999;-999;    3;   0.0;   0;-999;-999;  -999;  17.7;    -999;   23.1;   66.71;   32.1;   16.5;   15.4;eor
       3319;20190829;-999;-999;-999;    3;   0.0;   0;-999;-999;  -999;  17.9;    -999;   23.4;   65.25;   31.2;   16.1;   14.4;eor
       3319;20190830;-999;-999;-999;    3;   0.0;   0;-999;-999;  -999;  17.0;    -999;   22.4;   66.21;   30.1;   15.8;   14.3;eor
       3319;20190831;-999;-999;-999;    3;   0.0;   0;-999;-999;  -999;  16.5;    -999;   23.1;   62.00;   31.9;   14.0;   12.7;eor
       3319;20190901;-999;-999;-999;    3;   0.0;   0;-999;-999;  -999;  15.2;    -999;   20.1;   65.25;   24.5;   12.9;    9.7;eor
       3319;20190902;-999;-999;-999;    3;   0.0;   0;-999;-999;  -999;   9.7;    -999;   14.9;   61.04;   21.8;    8.2;    5.1;eor
       3319;20190903;-999;-999;-999;    3;   0.0;   0;-999;-999;  -999;   9.0;    -999;   15.6;   55.88;   24.5;    6.5;    3.5;eor
       3319;20190904;-999;-999;-999;    3;   0.1;   4;-999;-999;  -999;  11.1;    -999;   17.3;   60.54;   26.3;    7.7;    5.0;eor
       3319;20190905;-999;-999;-999;    3;   0.0;   0;-999;-999;  -999;  12.0;    -999;   16.0;   67.29;   20.7;   10.8;    8.7;eor
       3319;20190906;-999;-999;-999;    3;   0.0;   0;-999;-999;  -999;   9.3;    -999;   13.3;   64.13;   20.6;    6.0;    3.7;eor
       3319;20190907;-999;-999;-999;    3;   2.4;   4;-999;-999;  -999;  10.9;    -999;   10.7;   84.54;   14.0;    5.2;    4.0;eor
       3319;20190908;-999;-999;-999;    3;   6.0;   4;-999;-999;  -999;  13.2;    -999;   12.3;   91.92;   15.2;   10.3;   10.5;eor
       3319;20190909;-999;-999;-999;    3;   0.3;   4;-999;-999;  -999;  13.0;    -999;   11.8;   94.08;   14.1;    9.6;    8.9;eor
       3319;20190910;-999;-999;-999;    3;   0.0;   0;-999;-999;  -999;  11.2;    -999;   12.4;   81.25;   19.7;    7.8;    6.0;eor
       3319;20190911;-999;-999;-999;    3;   0.1;   4;-999;-999;  -999;  10.8;    -999;   14.4;   70.46;   22.1;    5.8;    5.1;eor
       3319;20190912;-999;-999;-999;    3;   0.1;   4;-999;-999;  -999;  15.2;    -999;   17.5;   76.13;   23.4;   13.5;   11.1;eor
       3319;20190913;-999;-999;-999;    3;   0.1;   4;-999;-999;  -999;  15.5;    -999;   16.4;   84.75;   22.0;   10.5;    9.5;eor
       3319;20190914;-999;-999;-999;    3;   0.0;   0;-999;-999;  -999;  13.5;    -999;   16.6;   74.96;   24.0;   11.2;    8.6;eor
       3319;20190915;-999;-999;-999;    3;   0.0;   0;-999;-999;  -999;  13.0;    -999;   16.9;   71.92;   26.4;    8.8;    7.2;eor
       3319;20190916;-999;-999;-999;    3;   0.0;   4;-999;-999;  -999;  12.4;    -999;   15.9;   71.21;   23.4;    7.8;    5.8;eor
       3319;20190917;-999;-999;-999;    3;   0.0;   0;-999;-999;  -999;  11.0;    -999;   15.0;   65.13;   19.9;    7.7;    5.3;eor
       3319;20190918;-999;-999;-999;    3;   0.0;   0;-999;-999;  -999;   8.0;    -999;   10.4;   66.17;   18.0;    3.1;    1.2;eor
       3319;20190919;-999;-999;-999;    3;   0.0;   0;-999;-999;  -999;   7.2;    -999;    9.4;   64.83;   18.0;    1.8;    0.0;eor
       3319;20190920;-999;-999;-999;    3;   0.0;   0;-999;-999;  -999;   7.1;    -999;    9.6;   64.46;   18.6;    1.4;   -0.6;eor
       3319;20190921;-999;-999;-999;    3;   0.0;   0;-999;-999;  -999;   8.0;    -999;   14.5;   52.83;   23.3;    2.4;    1.4;eor
       3319;20190922;-999;-999;-999;    3;   7.0;   4;-999;-999;  -999;  10.4;    -999;   15.6;   61.04;   23.7;    5.6;    4.1;eor
       3319;20190923;-999;-999;-999;    3;   5.9;   4;-999;-999;  -999;  14.8;    -999;   14.2;   90.75;   17.2;    9.9;    9.2;eor
       3319;20190924;-999;-999;-999;    3;   1.7;   4;-999;-999;  -999;  14.2;    -999;   13.2;   93.13;   17.3;    9.1;    9.6;eor
       3319;20190925;-999;-999;-999;    3;   1.9;   4;-999;-999;  -999;  14.5;    -999;   14.7;   87.00;   17.9;   12.8;   11.4;eor
       3319;20190926;-999;-999;-999;    3;   0.7;   4;-999;-999;  -999;  16.3;    -999;   15.2;   93.96;   17.3;   13.2;   11.8;eor
       3319;20190927;-999;-999;-999;    3;   6.3;   4;-999;-999;  -999;  15.2;    -999;   14.7;   90.50;   16.9;   11.5;    9.9;eor
       3319;20190928;-999;-999;-999;    3;   1.2;   4;-999;-999;  -999;  13.7;    -999;   14.3;   84.21;   16.7;   12.4;    9.8;eor
       3319;20190929;-999;-999;-999;    3;   2.4;   4;-999;-999;  -999;  13.2;    -999;   15.9;   73.46;   19.2;   12.0;    9.7;eor
       3319;20190930;-999;-999;-999;    3;   0.1;   4;-999;-999;  -999;  12.4;    -999;   14.3;   76.33;   17.0;   10.4;    8.0;eor
       3319;20191001;-999;-999;-999;    3;  13.2;   4;-999;   0;  -999;  14.4;    -999;   14.3;   87.88;   18.7;    9.8;    7.8;eor
       3319;20191002;-999;-999;-999;    3;   2.6;   4;-999;   0;  -999;  11.3;    -999;   11.5;   81.50;   15.0;    6.4;    3.9;eor
       3319;20191003;-999;-999;-999;    3;   0.4;   4;-999;   0;  -999;   9.7;    -999;    9.3;   83.33;   12.6;    6.2;    4.5;eor
       3319;20191004;-999;-999;-999;    3;   6.1;   4;-999;   0;  -999;  10.9;    -999;    9.5;   91.42;   12.6;    6.3;    5.5;eor
       3319;20191005;-999;-999;-999;    3;   0.0;   0;-999;   0;  -999;  10.4;    -999;   10.1;   84.21;   12.6;    4.5;    3.7;eor
       3319;20191006;-999;-999;-999;    3;  12.0;   4;-999;   0;  -999;   9.5;    -999;    7.8;   89.29;    8.8;    6.1;    5.5;eor
       3319;20191007;-999;-999;-999;    3;   0.2;   4;-999;   0;  -999;  10.4;    -999;    9.0;   90.13;   10.6;    7.3;    6.6;eor
       3319;20191008;-999;-999;-999;    3;  12.7;   4;-999;   0;  -999;  13.3;    -999;   11.8;   95.25;   13.8;    9.8;    9.1;eor
       3319;20191009;-999;-999;-999;    3;  10.9;   4;-999;   0;  -999;  11.8;    -999;   11.2;   88.63;   14.2;    8.1;    6.2;eor
       3319;20191010;-999;-999;-999;    3;   0.2;   4;-999;   0;  -999;  10.7;    -999;   10.6;   84.33;   14.6;    7.1;    5.3;eor
       3319;20191011;-999;-999;-999;    3;   0.0;   4;-999;   0;  -999;  12.3;    -999;   11.3;   91.92;   16.6;    7.4;    5.0;eor
       3319;20191012;-999;-999;-999;    3;   0.0;   0;-999;   0;  -999;  13.6;    -999;   14.8;   81.25;   21.1;    8.5;    5.3;eor
       3319;20191013;-999;-999;-999;    3;   0.0;   0;-999;   0;  -999;  15.6;    -999;   17.1;   81.58;   24.4;   11.2;    9.7;eor
       3319;20191014;-999;-999;-999;    3;   0.0;   0;-999;   0;  -999;  14.6;    -999;   16.0;   83.00;   25.4;    9.4;    8.5;eor
       3319;20191015;-999;-999;-999;    3;   6.9;   4;-999;   0;  -999;  14.4;    -999;   14.4;   88.75;   21.3;    9.7;    8.6;eor
       3319;20191016;-999;-999;-999;    3;   0.0;   4;-999;   0;  -999;  11.9;    -999;   12.4;   82.54;   15.3;    9.8;    7.7;eor
       3319;20191017;-999;-999;-999;    1;   3.1;   4;-999;   0;  -999;  13.2;    -999;   13.8;   83.50;   17.9;   10.2;    9.5;eor
       3319;20191018;-999;-999;-999;    1;   4.5;   4;-999;   0;  -999;  13.9;    -999;   13.0;   92.25;   17.0;    8.9;    7.7;eor
       3319;20191019;-999;-999;-999;    1;   2.8;   4;-999;   0;  -999;  13.1;    -999;   12.6;   90.00;   14.8;    8.9;    8.7;eor
       3319;20191020;-999;-999;-999;    1;   0.0;   0;-999;   0;  -999;  14.7;    -999;   14.6;   88.63;   18.3;   11.7;   10.1;eor
       3319;20191021;-999;-999;-999;    1;   0.0;   4;-999;   0;  -999;  13.7;    -999;   13.4;   89.75;   18.6;   10.3;    8.6;eor
       3319;20191022;-999;-999;-999;    1;   0.0;   0;-999;   0;  -999;  13.2;    -999;   12.5;   91.71;   17.6;    8.9;    8.0;eor
       3319;20191023;-999;-999;-999;    1;   0.0;   0;-999;   0;  -999;  13.3;    -999;   12.3;   92.92;   14.5;    8.8;    9.0;eor
       3319;20191024;-999;-999;-999;    1;   0.2;   4;-999;   0;  -999;  14.2;    -999;   14.2;   88.00;   18.9;   11.5;    9.7;eor
       3319;20191025;-999;-999;-999;    1;   0.0;   0;-999;   0;  -999;  12.6;    -999;   12.0;   90.33;   15.7;    7.0;    6.1;eor
       3319;20191026;-999;-999;-999;    1;   0.0;   0;-999;   0;  -999;  11.7;    -999;   11.4;   87.54;   18.8;    6.4;    6.2;eor
       3319;20191027;-999;-999;-999;    1;   0.5;   4;-999;   0;  -999;  11.4;    -999;   11.2;   84.88;   16.3;    6.6;    6.1;eor
       3319;20191028;-999;-999;-999;    1;   0.0;   0;-999;   0;  -999;   8.6;    -999;    5.6;   94.83;    9.5;    3.4;    2.6;eor
       3319;20191029;-999;-999;-999;    1;   0.0;   0;-999;   0;  -999;   7.8;    -999;    5.5;   86.83;    8.8;    2.4;    1.3;eor
       3319;20191030;-999;-999;-999;    1;   0.0;   0;-999;   0;  -999;   6.6;    -999;    5.4;   74.42;    8.1;    2.5;    0.2;eor
       3319;20191031;-999;-999;-999;    1;   0.0;   0;-999;   0;  -999;   5.8;    -999;    4.3;   70.79;    8.3;    0.0;   -1.6;eor
       3319;20191101;-999;-999;-999;    1;   4.2;   4;-999;   0;  -999;   8.8;    -999;    5.7;   93.92;   11.2;    2.4;    2.4;eor
       3319;20191102;-999;-999;-999;    1;   3.4;   4;-999;   0;  -999;  13.7;    -999;   13.2;   90.08;   17.0;   10.7;    9.8;eor
       3319;20191103;-999;-999;-999;    1;   1.5;   4;-999;   0;  -999;  12.1;    -999;   12.0;   86.29;   14.7;   10.3;    9.3;eor
       3319;20191104;-999;-999;-999;    1;   2.2;   4;-999;   0;  -999;  10.8;    -999;    9.8;   89.33;   12.0;    7.8;    5.2;eor
       3319;20191105;-999;-999;-999;    1;   1.0;   4;-999;   0;  -999;   9.3;    -999;    8.2;   85.96;   11.9;    4.8;    2.3;eor
       3319;20191106;-999;-999;-999;    1;   0.5;   4;-999;   0;  -999;   9.8;    -999;    7.9;   91.67;    9.9;    5.6;    4.1;eor
       3319;20191107;-999;-999;-999;    1;   0.1;   4;-999;   0;  -999;   9.2;    -999;    7.8;   87.08;   10.8;    5.2;    3.7;eor
       3319;20191108;-999;-999;-999;    1;  21.6;   4;-999;   0;  -999;   8.8;    -999;    5.4;   97.75;    6.6;    4.0;    3.7;eor
       3319;20191109;-999;-999;-999;    1;   1.4;   4;-999;   0;  -999;   7.9;    -999;    4.7;   92.46;    9.1;    2.0;    0.1;eor
       3319;20191110;-999;-999;-999;    1;   0.0;   0;-999;   0;  -999;   6.8;    -999;    1.8;   97.38;    3.3;    0.6;    0.4;eor
       3319;20191111;-999;-999;-999;    1;   0.2;   4;-999;   0;  -999;   6.3;    -999;    1.8;   90.29;    4.2;    0.5;    1.1;eor
       3319;20191112;-999;-999;-999;    1;   0.4;   4;-999;   0;  -999;   7.1;    -999;    4.8;   83.75;    7.9;    2.2;    0.0;eor
       3319;20191113;-999;-999;-999;    1;   0.0;   0;-999;   0;  -999;   7.0;    -999;    3.3;   90.08;    6.1;   -1.0;   -2.4;eor
       3319;20191114;-999;-999;-999;    1;   0.0;   0;-999;   0;  -999;   6.5;    -999;    4.3;   78.96;    6.5;    1.8;    0.6;eor
       3319;20191115;-999;-999;-999;    1;   3.3;   4;-999;   0;  -999;   6.9;    -999;    4.5;   81.92;    7.4;    3.0;    2.0;eor
       3319;20191116;-999;-999;-999;    1;   0.0;   0;-999;   0;  -999;   7.7;    -999;    3.9;   95.04;    6.9;    0.8;   -0.5;eor
       3319;20191117;-999;-999;-999;    1;   0.4;   4;-999;   0;  -999;   7.7;    -999;    3.3;   98.79;    5.1;    1.5;    0.6;eor
       3319;20191118;-999;-999;-999;    1;   0.2;   4;-999;   0;  -999;   7.2;    -999;    4.1;   87.96;    5.1;    3.3;    3.0;eor
       3319;20191119;-999;-999;-999;    1;   1.9;   4;-999;   0;  -999;   7.8;    -999;    4.1;   95.29;    5.2;    1.6;    1.0;eor
       3319;20191120;-999;-999;-999;    1;   0.0;   0;-999;   0;  -999;   6.4;    -999;    1.4;   95.46;    2.0;    0.5;   -0.5;eor
       3319;20191121;-999;-999;-999;    1;   0.0;   0;-999;   0;  -999;   7.4;    -999;    3.7;   92.46;    6.3;    1.0;    0.6;eor
       3319;20191122;-999;-999;-999;    1;   0.0;   0;-999;   0;  -999;   7.2;    -999;    3.4;   92.83;    4.5;    1.5;    1.2;eor
       3319;20191123;-999;-999;-999;    1;   0.0;   0;-999;   0;  -999;   7.9;    -999;    7.5;   77.13;   11.2;    4.3;    3.6;eor
       3319;20191124;-999;-999;-999;    1;   0.0;   0;-999;   0;  -999;   7.8;    -999;    4.6;   92.58;    8.2;    1.8;    0.4;eor
       3319;20191125;-999;-999;-999;    1;   0.1;   4;-999;   0;  -999;   8.1;    -999;    4.1;   98.50;    6.1;    2.4;    2.7;eor
       3319;20191126;-999;-999;-999;    1;   0.0;   0;-999;   0;  -999;   9.8;    -999;    8.2;   89.96;   11.7;    5.1;    3.9;eor
       3319;20191127;-999;-999;-999;    1;   0.8;   4;-999;   0;  -999;   9.7;    -999;    9.2;   83.67;   12.0;    6.3;    5.9;eor
       3319;20191128;-999;-999;-999;    1;   7.9;   4;-999;   0;  -999;   9.8;    -999;    9.6;   81.83;   10.9;    8.3;    7.5;eor
       3319;20191129;-999;-999;-999;    1;   3.4;   4;-999;   0;  -999;   8.1;    -999;    5.9;   86.29;    9.0;    1.8;    0.7;eor
       3319;20191130;-999;-999;-999;    1;   0.0;   0;-999;   0;  -999;   6.5;    -999;    2.7;   87.67;    7.5;   -2.1;   -2.9;eor
       3319;20191201;-999;-999;-999;    1;   0.0;   0;-999;   0;  -999;   5.4;    -999;    1.0;   82.63;    2.1;   -1.3;   -2.2;eor
       3319;20191202;-999;-999;-999;    1;   0.0;   0;-999;   0;  -999;   5.9;    -999;    1.2;   89.25;    4.0;   -1.9;   -3.9;eor
       3319;20191203;-999;-999;-999;    1;   0.0;   0;-999;   0;  -999;   6.9;    -999;    2.3;   95.63;    4.8;   -0.6;   -2.1;eor
       3319;20191204;-999;-999;-999;    1;   0.0;   0;-999;   0;  -999;   5.7;    -999;    0.5;   90.17;    4.2;   -2.6;   -3.9;eor
       3319;20191205;-999;-999;-999;    1;   0.0;   0;-999;   0;  -999;   5.1;    -999;   -2.1;   97.04;    2.4;   -4.2;   -4.4;eor
       3319;20191206;-999;-999;-999;    1;   3.9;   4;-999;   0;  -999;   5.9;    -999;    0.2;   92.71;    6.7;   -5.4;   -6.4;eor
       3319;20191207;-999;-999;-999;    1;   0.1;   4;-999;   0;  -999;   9.1;    -999;    7.8;   86.00;    9.5;    6.1;    3.5;eor
       3319;20191208;-999;-999;-999;    1;   3.3;   4;-999;   0;  -999;   9.3;    -999;    8.9;   81.38;   10.5;    6.5;    5.4;eor
       3319;20191209;-999;-999;-999;    1;   3.4;   4;-999;   0;  -999;   8.3;    -999;    6.4;   86.08;    8.3;    4.1;    2.1;eor
       3319;20191210;-999;-999;-999;    1;   0.0;   0;-999;   0;  -999;   6.2;    -999;    2.5;   84.67;    6.3;   -0.8;   -2.7;eor
       3319;20191211;-999;-999;-999;    1;   8.2;   4;-999;   0;  -999;   5.6;    -999;    1.3;   83.13;    3.1;   -0.4;   -0.9;eor
       3319;20191212;-999;-999;-999;    1;   0.2;   4;-999;   0;  -999;   6.8;    -999;    2.4;   93.08;    3.8;    0.3;   -0.6;eor
       3319;20191213;-999;-999;-999;    1;  11.9;   4;-999;   0;  -999;   6.7;    -999;    2.8;   88.63;    5.8;    0.1;   -0.8;eor
       3319;20191214;-999;-999;-999;    1;   7.5;   4;-999;   0;  -999;   7.4;    -999;    6.3;   77.92;    8.5;    3.1;    2.4;eor
       3319;20191215;-999;-999;-999;    1;   8.1;   4;-999;   0;  -999;   9.6;    -999;    7.9;   89.92;   11.1;    6.3;    4.6;eor
       3319;20191216;-999;-999;-999;    1;   0.0;   0;-999;   0;  -999;   9.7;    -999;    8.4;   88.33;   13.1;    5.3;    4.4;eor
       3319;20191217;-999;-999;-999;    1;   0.3;   4;-999;   0;  -999;   8.8;    -999;    8.1;   81.17;   11.9;    5.4;    4.9;eor
       3319;20191218;-999;-999;-999;    1;   0.4;   4;-999;   0;  -999;  10.2;    -999;    8.8;   90.17;   12.3;    4.2;    3.6;eor
       3319;20191219;-999;-999;-999;    1;   0.0;   0;-999;   0;  -999;   8.1;    -999;    4.4;   97.29;    7.8;    2.3;    2.0;eor
       3319;20191220;-999;-999;-999;    1;   2.3;   4;-999;   0;  -999;   8.1;    -999;    5.1;   91.79;    8.9;    2.3;    1.6;eor
       3319;20191221;-999;-999;-999;    1;   1.2;   4;-999;   0;  -999;   7.7;    -999;    3.9;   95.21;    8.6;    0.4;   -0.8;eor
       3319;20191222;-999;-999;-999;    1;   1.8;   4;-999;   0;  -999;   8.5;    -999;    6.1;   89.71;    8.7;    2.5;    2.2;eor
       3319;20191223;-999;-999;-999;    1;   0.5;   4;-999;   0;  -999;   8.4;    -999;    7.1;   82.50;    8.9;    6.0;    3.8;eor
       3319;20191224;-999;-999;-999;    1;   6.9;   4;-999;   0;  -999;   8.3;    -999;    6.8;   83.88;    8.9;    5.2;    2.9;eor
       3319;20191225;-999;-999;-999;    1;   0.1;   4;-999;   0;  -999;   8.6;    -999;    6.9;   86.46;    8.5;    4.3;    2.9;eor
       3319;20191226;-999;-999;-999;    1;   1.6;   4;-999;   0;  -999;   7.7;    -999;    4.3;   92.17;    6.4;    3.0;    2.3;eor
       3319;20191227;-999;-999;-999;    1;   0.1;   4;-999;   0;  -999;   7.3;    -999;    3.7;   91.38;    5.1;    0.9;   -0.6;eor
       3319;20191228;-999;-999;-999;    1;   0.0;   0;-999;-999;  -999;   5.2;    -999;   -0.4;   87.67;    2.5;   -2.7;   -2.9;eor
