STATIONS_ID;MESS_DATUM;QN_3;  FX;  FM;QN_4; RSK;RSKF; SDK;SHK_TAG;  NM; VPM;  PM; TMK; UPM; TXK; TNK; TGK;eor
       3340;20180703;-999;-999;-999;    3;   0.0;   0;-999;-999;  -999;   8.6;    -999;   20.0;   41.92;   29.3;    8.5;    6.1;eor
       3340;20180704;-999;-999;-999;    3;   0.2;   4;-999;-999;  -999;  14.7;    -999;   20.3;   62.50;   28.3;   14.8;   12.7;eor
       3340;20180705;-999;-999;-999;    3;   1.9;   4;-999;-999;  -999;  17.4;    -999;   18.5;   82.79;   25.7;   12.6;   11.4;eor
       3340;20180706;-999;-999;-999;    3;   0.0;   0;-999;-999;  -999;  15.2;    -999;   19.3;   69.50;   24.7;   14.3;   12.0;eor
       3340;20180707;-999;-999;-999;    3;   0.0;   0;-999;-999;  -999;  12.5;    -999;   19.7;   57.67;   26.1;   12.2;   10.4;eor
       3340;20180708;-999;-999;-999;    3;   0.0;   0;-999;-999;  -999;  10.0;    -999;   19.0;   49.46;   25.5;   11.5;    8.8;eor
       3340;20180709;-999;-999;-999;    3;   0.0;   0;-999;-999;  -999;  12.5;    -999;   18.7;   59.54;   24.7;   11.3;    8.5;eor
       3340;20180710;-999;-999;-999;    3;   3.0;   4;-999;-999;  -999;  12.4;    -999;   15.0;   72.96;   18.4;   11.3;   10.0;eor
       3340;20180711;-999;-999;-999;    3;   0.5;   4;-999;-999;  -999;  13.4;    -999;   15.0;   79.71;   19.9;    9.9;    8.0;eor
       3340;20180712;-999;-999;-999;    3;   0.0;   0;-999;-999;  -999;  15.3;    -999;   18.5;   73.50;   24.8;   14.8;   13.7;eor
       3340;20180713;-999;-999;-999;    3;   0.0;   0;-999;-999;  -999;  14.0;    -999;   19.7;   64.25;   26.6;   12.5;   10.4;eor
       3340;20180714;-999;-999;-999;    3;   0.0;   0;-999;-999;  -999;  13.6;    -999;   21.3;   57.17;   28.3;   14.0;   12.2;eor
       3340;20180715;-999;-999;-999;    3;   0.0;   0;-999;-999;  -999;  12.7;    -999;   21.3;   55.96;   29.0;   12.2;   10.5;eor
       3340;20180716;-999;-999;-999;    3;   0.0;   4;-999;-999;  -999;  13.3;    -999;   20.6;   58.71;   28.1;   11.8;    9.9;eor
       3340;20180717;-999;-999;-999;    3;   0.0;   4;-999;-999;  -999;  13.1;    -999;   20.1;   59.42;   28.1;   11.5;    9.4;eor
       3340;20180718;-999;-999;-999;    3;   0.0;   0;-999;-999;  -999;  12.0;    -999;   19.8;   55.00;   25.5;   13.6;   11.2;eor
       3340;20180719;-999;-999;-999;    3;   0.0;   0;-999;-999;  -999;  11.5;    -999;   20.0;   53.67;   28.0;   10.7;    8.9;eor
       3340;20180720;-999;-999;-999;    3;  18.3;   4;-999;-999;  -999;  11.9;    -999;   21.8;   49.88;   30.4;   11.9;   10.1;eor
       3340;20180721;-999;-999;-999;    3;   2.8;   4;-999;-999;  -999;  17.4;    -999;   19.8;   75.79;   25.1;   15.8;   15.5;eor
       3340;20180722;-999;-999;-999;    3;   0.0;   0;-999;-999;  -999;  15.7;    -999;   20.5;   67.67;   26.6;   15.6;   13.8;eor
       3340;20180723;-999;-999;-999;    3;   0.0;   0;-999;-999;  -999;  15.5;    -999;   21.1;   64.50;   28.1;   14.0;   12.2;eor
       3340;20180724;-999;-999;-999;    3;   0.0;   0;-999;-999;  -999;  15.1;    -999;   23.4;   57.92;   32.4;   14.0;   12.2;eor
       3340;20180725;-999;-999;-999;    3;   0.0;   0;-999;-999;  -999;  14.7;    -999;   25.5;   49.58;   33.9;   15.7;   14.1;eor
       3340;20180726;-999;-999;-999;    3;   0.0;   0;-999;-999;  -999;  15.0;    -999;   26.9;   46.54;   35.1;   18.3;   16.5;eor
       3340;20180727;-999;-999;-999;    3;   0.0;   0;-999;-999;  -999;  13.2;    -999;   25.4;   44.96;   33.9;   15.0;   13.0;eor
       3340;20180728;-999;-999;-999;    3;   8.8;   4;-999;-999;  -999;  18.7;    -999;   20.5;   77.58;   28.3;   16.0;   14.7;eor
       3340;20180729;-999;-999;-999;    3;   0.0;   0;-999;-999;  -999;  16.5;    -999;   21.9;   67.00;   29.5;   15.2;   14.5;eor
       3340;20180730;-999;-999;-999;    3;   0.0;   0;-999;-999;  -999;  15.9;    -999;   24.3;   56.38;   32.6;   15.0;   13.3;eor
       3340;20180731;-999;-999;-999;    3;   1.6;   4;-999;-999;  -999;  16.2;    -999;   25.3;   53.96;   32.9;   15.9;   14.6;eor
       3340;20180801;-999;-999;-999;    3;   3.9;   4;-999;-999;  -999;  19.7;    -999;   20.5;   81.58;   25.6;   15.7;   14.7;eor
       3340;20180802;-999;-999;-999;    3;   0.0;   0;-999;-999;  -999;  17.9;    -999;   24.0;   64.46;   32.1;   14.7;   13.4;eor
       3340;20180803;-999;-999;-999;    3;   0.0;   0;-999;-999;  -999;  17.1;    -999;   26.5;   53.92;   34.7;   17.6;   15.9;eor
       3340;20180804;-999;-999;-999;    3;   0.0;   0;-999;-999;  -999;  15.7;    -999;   26.0;   49.58;   33.2;   18.3;   16.5;eor
       3340;20180805;-999;-999;-999;    3;   0.0;   0;-999;-999;  -999;  15.0;    -999;   23.4;   54.50;   28.8;   15.8;   13.0;eor
       3340;20180806;-999;-999;-999;    3;   0.0;   0;-999;-999;  -999;  13.9;    -999;   23.9;   50.21;   33.3;   13.0;   10.9;eor
       3340;20180807;-999;-999;-999;    3;   0.1;   4;-999;-999;  -999;  16.6;    -999;   26.4;   52.50;   35.0;   15.4;   13.0;eor
       3340;20180808;-999;-999;-999;    3;   0.0;   0;-999;-999;  -999;  17.6;    -999;   23.4;   61.96;   28.2;   17.4;   15.8;eor
       3340;20180809;-999;-999;-999;    3;   3.2;   4;-999;-999;  -999;  17.6;    -999;   21.4;   70.92;   31.7;   16.1;   15.0;eor
       3340;20180810;-999;-999;-999;    3;   0.0;   0;-999;-999;  -999;  10.6;    -999;   17.3;   56.17;   23.2;   11.0;    8.5;eor
       3340;20180811;-999;-999;-999;    3;   0.0;   0;-999;-999;  -999;   9.9;    -999;   16.8;   54.21;   23.2;    9.7;    7.1;eor
       3340;20180812;-999;-999;-999;    3;   1.6;   4;-999;-999;  -999;   9.9;    -999;   17.4;   55.29;   27.6;    6.6;    4.6;eor
       3340;20180813;-999;-999;-999;    3;  12.0;   4;-999;-999;  -999;  15.2;    -999;   16.2;   82.71;   23.7;   10.9;    9.5;eor
       3340;20180814;-999;-999;-999;    3;   0.2;   4;-999;-999;  -999;  16.5;    -999;   17.7;   82.17;   22.4;   14.2;   13.2;eor
       3340;20180815;-999;-999;-999;    3;   0.0;   0;-999;-999;  -999;  15.1;    -999;   18.5;   72.67;   23.5;   13.4;   11.9;eor
       3340;20180816;-999;-999;-999;    3;   0.0;   0;-999;-999;  -999;  14.4;    -999;   20.2;   65.50;   30.6;   10.9;    9.3;eor
       3340;20180817;-999;-999;-999;    3;   0.0;   0;-999;-999;  -999;  15.7;    -999;   18.8;   72.83;   25.7;   13.5;   11.2;eor
       3340;20180818;-999;-999;-999;    3;   0.0;   0;-999;-999;  -999;  12.0;    -999;   18.7;   60.25;   25.8;   10.8;    8.5;eor
       3340;20180819;-999;-999;-999;    3;   0.0;   0;-999;-999;  -999;  13.4;    -999;   20.4;   59.46;   28.3;   11.3;    9.0;eor
       3340;20180820;-999;-999;-999;    3;   0.0;   0;-999;-999;  -999;  16.6;    -999;   19.8;   72.46;   24.4;   13.7;   12.0;eor
       3340;20180821;-999;-999;-999;    3;   0.0;   0;-999;-999;  -999;  16.1;    -999;   21.6;   64.17;   27.6;   15.7;   14.7;eor
       3340;20180822;-999;-999;-999;    3;   0.0;   0;-999;-999;  -999;  15.2;    -999;   23.4;   56.63;   31.9;   13.8;   12.6;eor
       3340;20180823;-999;-999;-999;    3;   0.0;   0;-999;-999;  -999;  16.5;    -999;   22.6;   63.08;   30.0;   15.9;   13.5;eor
       3340;20180824;-999;-999;-999;    3;   0.4;   4;-999;-999;  -999;  12.1;    -999;   17.7;   59.75;   21.0;   14.1;   12.7;eor
       3340;20180825;-999;-999;-999;    3;   4.3;   4;-999;-999;  -999;  10.1;    -999;   12.3;   71.88;   16.3;    6.3;    4.5;eor
       3340;20180826;-999;-999;-999;    3;   2.1;   4;-999;-999;  -999;   8.9;    -999;   12.6;   66.25;   21.0;    3.8;    2.7;eor
       3340;20180827;-999;-999;-999;    3;   0.1;   4;-999;-999;  -999;  13.4;    -999;   16.2;   73.08;   21.1;   11.7;   11.3;eor
       3340;20180828;-999;-999;-999;    3;   0.0;   0;-999;-999;  -999;  12.5;    -999;   16.5;   69.17;   23.5;   10.0;    7.5;eor
       3340;20180829;-999;-999;-999;    3;   3.7;   4;-999;-999;  -999;  14.6;    -999;   16.9;   77.25;   28.2;    7.8;    6.1;eor
       3340;20180830;-999;-999;-999;    3;   0.0;   0;-999;-999;  -999;  12.6;    -999;   15.1;   74.71;   19.6;    8.9;    7.0;eor
       3340;20180831;-999;-999;-999;    3;   0.0;   0;-999;-999;  -999;  10.5;    -999;   13.7;   69.13;   19.7;    8.6;    6.3;eor
       3340;20180901;-999;-999;-999;    3;   0.0;   0;-999;-999;  -999;   8.9;    -999;   13.6;   61.63;   20.5;    5.4;    3.3;eor
       3340;20180902;-999;-999;-999;    3;   0.0;   0;-999;-999;  -999;  11.3;    -999;   14.3;   70.13;   19.0;    6.2;    4.6;eor
       3340;20180903;-999;-999;-999;    3;   0.2;   4;-999;-999;  -999;  15.7;    -999;   16.7;   82.46;   19.0;   14.6;   14.3;eor
       3340;20180904;-999;-999;-999;    3;   1.3;   4;-999;-999;  -999;  16.7;    -999;   19.3;   77.63;   26.2;   13.2;   11.6;eor
       3340;20180905;-999;-999;-999;    3;   0.0;   0;-999;-999;  -999;  15.5;    -999;   19.5;   72.21;   28.5;   13.1;   11.2;eor
       3340;20180906;-999;-999;-999;    3;   0.1;   4;-999;-999;  -999;  16.4;    -999;   17.8;   80.79;   22.5;   13.1;   11.2;eor
       3340;20180907;-999;-999;-999;    3;   5.0;   4;-999;-999;  -999;  13.5;    -999;   14.3;   82.42;   19.2;    7.3;    4.6;eor
       3340;20180908;-999;-999;-999;    3;   0.0;   0;-999;-999;  -999;   9.9;    -999;   12.8;   70.38;   20.5;    4.1;    2.4;eor
       3340;20180909;-999;-999;-999;    3;   0.0;   0;-999;-999;  -999;  11.4;    -999;   15.6;   68.29;   23.8;    9.2;    7.2;eor
       3340;20180910;-999;-999;-999;    3;   0.0;   0;-999;-999;  -999;  12.4;    -999;   16.2;   70.67;   25.9;    8.4;    6.6;eor
       3340;20180911;-999;-999;-999;    3;   0.0;   0;-999;-999;  -999;  12.7;    -999;   18.5;   63.58;   26.8;    9.2;    6.9;eor
       3340;20180912;-999;-999;-999;    3;   0.0;   0;-999;-999;  -999;  13.7;    -999;   19.0;   65.00;   27.3;   10.1;    7.5;eor
       3340;20180913;-999;-999;-999;    3;   0.0;   0;-999;-999;  -999;  14.8;    -999;   15.0;   86.38;   16.8;   11.8;    9.7;eor
       3340;20180914;-999;-999;-999;    3;   0.0;   0;-999;-999;  -999;  11.5;    -999;   15.5;   67.21;   20.7;   11.4;    7.8;eor
       3340;20180915;-999;-999;-999;    3;   0.0;   0;-999;-999;  -999;  10.4;    -999;   13.4;   69.33;   18.7;    8.1;    5.1;eor
       3340;20180916;-999;-999;-999;    3;   0.0;   0;-999;-999;  -999;   9.9;    -999;   14.1;   66.04;   24.1;    4.8;    2.4;eor
       3340;20180917;-999;-999;-999;    3;   0.0;   0;-999;-999;  -999;  10.3;    -999;   16.3;   61.71;   27.6;    6.5;    3.6;eor
       3340;20180918;-999;-999;-999;    3;   0.0;   0;-999;-999;  -999;  12.8;    -999;   19.7;   59.92;   30.4;    8.1;    5.7;eor
       3340;20180919;-999;-999;-999;    3;   0.0;   0;-999;-999;  -999;  14.9;    -999;   20.9;   62.83;   28.0;   12.1;   10.2;eor
       3340;20180920;-999;-999;-999;    3;   0.0;   0;-999;-999;  -999;  13.5;    -999;   18.5;   67.21;   26.9;   11.6;    8.4;eor
       3340;20180921;-999;-999;-999;    3;   8.4;   4;-999;-999;  -999;  12.2;    -999;   14.9;   71.71;   22.6;   10.2;    8.8;eor
       3340;20180922;-999;-999;-999;    3;  14.3;   4;-999;-999;  -999;  10.1;    -999;   11.7;   74.00;   16.4;    9.0;    8.1;eor
       3340;20180923;-999;-999;-999;    3;  27.3;   4;-999;-999;  -999;  12.4;    -999;   10.8;   94.21;   19.0;    7.9;    7.3;eor
       3340;20180924;-999;-999;-999;    3;   0.1;   4;-999;-999;  -999;   9.1;    -999;    9.4;   77.96;   13.5;    5.0;    2.5;eor
       3340;20180925;-999;-999;-999;    3;   0.0;   0;-999;-999;  -999;   7.5;    -999;    7.5;   75.50;   15.3;    1.7;   -0.4;eor
       3340;20180926;-999;-999;-999;    3;   0.0;   0;-999;-999;  -999;   7.4;    -999;    8.1;   72.83;   18.7;    1.2;   -0.5;eor
       3340;20180927;-999;-999;-999;    3;   0.0;   0;-999;-999;  -999;   8.9;    -999;   11.8;   69.79;   23.3;    2.6;    0.7;eor
       3340;20180928;-999;-999;-999;    3;   0.4;   4;-999;-999;  -999;   9.9;    -999;    9.2;   85.42;   14.3;    4.6;    1.4;eor
       3340;20180929;-999;-999;-999;    3;   0.0;   0;-999;-999;  -999;   7.1;    -999;    7.4;   72.54;   15.5;    0.6;   -1.4;eor
       3340;20180930;-999;-999;-999;    3;   0.0;   0;-999;-999;  -999;   7.1;    -999;    8.5;   67.88;   17.6;   -0.8;   -2.6;eor
       3340;20181001;-999;-999;-999;    3;   2.7;   4;-999;   0;  -999;   8.8;    -999;    8.1;   81.25;   13.2;    5.1;    3.6;eor
       3340;20181002;-999;-999;-999;    3;   2.5;   4;-999;   0;  -999;   9.5;    -999;    7.7;   89.58;   10.9;    4.7;    3.7;eor
       3340;20181003;-999;-999;-999;    3;   0.0;   0;-999;   0;  -999;  10.4;    -999;   10.7;   81.25;   14.1;    4.3;    2.0;eor
       3340;20181004;-999;-999;-999;    3;   0.0;   0;-999;   0;  -999;   9.5;    -999;    8.6;   85.63;   17.6;    2.4;    0.5;eor
       3340;20181005;-999;-999;-999;    3;   0.0;   0;-999;   0;  -999;  10.1;    -999;   10.3;   81.54;   20.3;    2.2;    0.2;eor
       3340;20181006;-999;-999;-999;    3;   0.0;   0;-999;   0;  -999;  11.9;    -999;   13.0;   80.83;   23.3;    4.6;    2.7;eor
       3340;20181007;-999;-999;-999;    3;   0.1;   4;-999;   0;  -999;  12.0;    -999;   11.4;   88.75;   14.2;    5.9;    3.7;eor
       3340;20181008;-999;-999;-999;    3;   0.0;   0;-999;   0;  -999;  10.2;    -999;   10.1;   82.92;   19.1;    3.0;    1.4;eor
       3340;20181009;-999;-999;-999;    3;   0.0;   0;-999;   0;  -999;  12.0;    -999;   11.6;   88.29;   21.3;    4.6;    2.6;eor
       3340;20181010;-999;-999;-999;    3;   0.0;   0;-999;   0;  -999;  12.4;    -999;   13.5;   81.13;   21.6;    5.2;    3.7;eor
       3340;20181011;-999;-999;-999;    3;   0.0;   0;-999;   0;  -999;  13.0;    -999;   14.3;   80.79;   22.3;    7.0;    5.5;eor
       3340;20181012;-999;-999;-999;    3;   0.0;   0;-999;   0;  -999;  14.2;    -999;   15.4;   82.67;   24.3;    8.9;    6.8;eor
       3340;20181013;-999;-999;-999;    3;   0.0;   0;-999;   0;  -999;  12.8;    -999;   15.2;   78.00;   25.2;    8.8;    6.7;eor
       3340;20181014;-999;-999;-999;    3;   0.0;   0;-999;   0;  -999;  11.8;    -999;   13.9;   77.33;   23.8;    6.8;    4.8;eor
       3340;20181015;-999;-999;-999;    3;   0.0;   0;-999;   0;  -999;  11.8;    -999;   13.7;   78.88;   25.2;    7.2;    4.8;eor
       3340;20181016;-999;-999;-999;    3;   0.0;   0;-999;   0;  -999;  11.5;    -999;   13.6;   77.42;   24.6;    6.0;    3.6;eor
       3340;20181017;-999;-999;-999;    3;   0.0;   0;-999;   0;  -999;  11.8;    -999;   13.2;   80.54;   23.8;    6.4;    4.3;eor
       3340;20181018;-999;-999;-999;    3;   0.0;   0;-999;   0;  -999;  12.8;    -999;   13.1;   85.46;   16.1;    9.0;    6.6;eor
       3340;20181019;-999;-999;-999;    3;   0.0;   0;-999;   0;  -999;  11.3;    -999;   11.3;   84.96;   16.9;    5.7;    2.8;eor
       3340;20181020;-999;-999;-999;    3;   0.0;   0;-999;   0;  -999;  10.3;    -999;    9.6;   86.54;   13.7;    3.6;    0.7;eor
       3340;20181021;-999;-999;-999;    3;   0.0;   0;-999;   0;  -999;   8.1;    -999;    6.9;   83.88;   15.4;    0.5;   -1.5;eor
       3340;20181022;-999;-999;-999;    3;   0.5;   4;-999;   0;  -999;   8.9;    -999;    6.5;   91.42;   11.8;    0.8;   -1.2;eor
       3340;20181023;-999;-999;-999;    3;   0.4;   4;-999;   0;  -999;   8.9;    -999;    7.8;   84.29;   12.4;    0.9;   -1.2;eor
       3340;20181024;-999;-999;-999;    3;   2.8;   4;-999;   0;  -999;  13.0;    -999;   12.3;   91.04;   13.2;   10.7;   10.1;eor
       3340;20181025;-999;-999;-999;    3;   0.1;   4;-999;   0;  -999;  11.1;    -999;   11.1;   83.46;   12.6;    9.0;    7.8;eor
       3340;20181026;-999;-999;-999;    3;   1.3;   4;-999;   0;  -999;   9.1;    -999;    8.4;   82.88;    9.6;    5.7;    4.7;eor
       3340;20181027;-999;-999;-999;    3;   0.0;   0;-999;   0;  -999;   7.6;    -999;    5.0;   87.63;    6.7;    2.0;    0.8;eor
       3340;20181028;-999;-999;-999;    3;   0.2;   4;-999;   0;  -999;   6.7;    -999;    4.5;   80.04;    5.6;    3.2;    1.4;eor
       3340;20181029;-999;-999;-999;    3;   3.3;   4;-999;   0;  -999;   7.4;    -999;    4.5;   88.00;    5.1;    3.9;    3.3;eor
       3340;20181030;-999;-999;-999;    3;   3.2;   4;-999;   0;  -999;   7.9;    -999;    5.0;   90.33;    7.0;    2.1;    1.7;eor
       3340;20181031;-999;-999;-999;    3;   0.0;   4;-999;   0;  -999;   8.0;    -999;    6.2;   83.67;    8.7;    1.4;   -1.2;eor
       3340;20181101;-999;-999;-999;    3;   1.1;   4;-999;   0;  -999;   8.5;    -999;    5.6;   93.54;    9.3;    1.3;   -0.3;eor
       3340;20181102;-999;-999;-999;    3;   0.9;   4;-999;   0;  -999;   9.3;    -999;    7.7;   88.63;   10.1;    2.3;   -0.4;eor
       3340;20181103;-999;-999;-999;    3;   0.0;   0;-999;   0;  -999;   6.6;    -999;    2.8;   90.08;   10.3;   -2.2;   -3.2;eor
       3340;20181104;-999;-999;-999;    3;   0.0;   0;-999;   0;  -999;   9.2;    -999;    6.8;   92.63;    9.8;    0.0;   -0.7;eor
       3340;20181105;-999;-999;-999;    3;   0.0;   0;-999;   0;  -999;  10.6;    -999;    9.2;   90.92;   12.3;    4.8;    2.5;eor
       3340;20181106;-999;-999;-999;    3;   0.0;   0;-999;   0;  -999;  10.2;    -999;    7.8;   96.54;   13.9;    4.7;    3.0;eor
       3340;20181107;-999;-999;-999;    3;   0.2;   4;-999;   0;  -999;  10.0;    -999;    9.2;   87.17;   16.0;    3.6;    2.2;eor
       3340;20181108;-999;-999;-999;    3;   0.1;   4;-999;   0;  -999;  10.1;    -999;    9.1;   88.17;   13.4;    5.3;    3.6;eor
       3340;20181109;-999;-999;-999;    3;   0.1;   4;-999;   0;  -999;  10.8;    -999;    9.6;   90.21;   13.6;    5.5;    3.2;eor
       3340;20181110;-999;-999;-999;    3;   2.1;   4;-999;   0;  -999;  11.5;    -999;   10.5;   90.21;   12.9;    8.0;    6.1;eor
       3340;20181111;-999;-999;-999;    3;   0.9;   4;-999;   0;  -999;  11.4;    -999;   11.4;   84.83;   13.9;    8.8;    6.6;eor
       3340;20181112;-999;-999;-999;    3;   7.4;   4;-999;   0;  -999;  12.6;    -999;   12.5;   87.88;   18.0;    8.5;    7.4;eor
       3340;20181113;-999;-999;-999;    3;   1.2;   4;-999;   0;  -999;  10.6;    -999;   10.3;   84.29;   12.8;    5.1;    2.1;eor
       3340;20181114;-999;-999;-999;    3;   0.0;   0;-999;   0;  -999;   8.6;    -999;    4.8;   99.83;    6.2;    2.7;    0.1;eor
       3340;20181115;-999;-999;-999;    3;   0.0;   0;-999;   0;  -999;   8.4;    -999;    4.8;   98.13;    5.8;    3.6;    3.8;eor
       3340;20181116;-999;-999;-999;    3;   0.0;   0;-999;   0;  -999;   7.7;    -999;    5.4;   86.29;    9.4;    1.5;   -2.0;eor
       3340;20181117;-999;-999;-999;    3;   0.0;   0;-999;   0;  -999;   5.9;    -999;    3.5;   76.71;    8.9;   -0.4;   -2.7;eor
       3340;20181118;-999;-999;-999;    3;   0.0;   0;-999;   0;  -999;   4.1;    -999;    2.4;   58.71;    7.6;   -2.0;   -4.2;eor
       3340;20181119;-999;-999;-999;    3;   0.0;   0;-999;   0;  -999;   5.8;    -999;    2.5;   80.25;    4.2;   -1.6;   -4.4;eor
       3340;20181120;-999;-999;-999;    3;   0.0;   0;-999;   0;  -999;   5.6;    -999;    1.4;   82.88;    2.4;    0.8;   -0.5;eor
       3340;20181121;-999;-999;-999;    3;   0.0;   0;-999;   0;  -999;   6.0;    -999;    1.2;   90.54;    2.1;   -0.5;   -1.5;eor
       3340;20181122;-999;-999;-999;    3;   0.0;   0;-999;   0;  -999;   6.3;    -999;    1.9;   89.92;    4.3;   -2.1;   -3.9;eor
       3340;20181123;-999;-999;-999;    3;   0.4;   4;-999;   0;  -999;   5.8;    -999;    0.2;   93.29;    5.5;   -4.5;   -5.7;eor
       3340;20181124;-999;-999;-999;    3;   1.4;   4;-999;   0;  -999;   7.4;    -999;    2.5;   99.88;    5.7;    0.2;    0.3;eor
       3340;20181125;-999;-999;-999;    3;   0.0;   0;-999;   0;  -999;   8.4;    -999;    4.9;   96.17;    6.6;    2.6;    1.0;eor
       3340;20181126;-999;-999;-999;    3;   0.0;   0;-999;   0;  -999;   7.4;    -999;    5.2;   83.29;    6.6;    3.1;    3.0;eor
       3340;20181127;-999;-999;-999;    3;   0.0;   0;-999;   0;  -999;   6.0;    -999;    2.4;   82.92;    3.4;    1.1;   -0.1;eor
       3340;20181128;-999;-999;-999;    3;   2.0;   4;-999;   0;  -999;   6.7;    -999;    2.0;   93.63;    4.6;   -2.1;   -3.8;eor
       3340;20181129;-999;-999;-999;    3;   3.3;   4;-999;   0;  -999;   7.6;    -999;    3.9;   94.71;    5.0;    1.7;    0.7;eor
       3340;20181130;-999;-999;-999;    3;   1.4;   4;-999;   0;  -999;   8.3;    -999;    4.5;   97.79;    7.1;    3.0;    1.2;eor
       3340;20181201;-999;-999;-999;    3;   7.8;   4;-999;   0;  -999;   8.7;    -999;    6.7;   88.29;    8.8;    3.6;    1.3;eor
       3340;20181202;-999;-999;-999;    3;  23.5;   4;-999;   0;  -999;  11.6;    -999;   10.2;   92.08;   12.8;    7.2;    6.6;eor
       3340;20181203;-999;-999;-999;    3;   4.1;   4;-999;   0;  -999;  12.2;    -999;   11.3;   90.63;   12.6;    9.6;    8.1;eor
       3340;20181204;-999;-999;-999;    3;   0.5;   4;-999;   0;  -999;   8.1;    -999;    5.0;   91.67;   10.1;   -0.5;   -2.3;eor
       3340;20181205;-999;-999;-999;    3;   3.4;   4;-999;   0;  -999;   6.8;    -999;    1.5;   99.83;    3.4;   -0.8;   -0.5;eor
       3340;20181206;-999;-999;-999;    3;   0.5;   4;-999;   0;  -999;  10.3;    -999;    8.3;   93.58;   11.7;    3.4;    3.4;eor
       3340;20181207;-999;-999;-999;    3;   5.4;   4;-999;   0;  -999;  10.5;    -999;    9.6;   86.88;   11.6;    5.4;    3.6;eor
       3340;20181208;-999;-999;-999;    3;   6.0;   4;-999;   0;  -999;   8.5;    -999;    6.6;   86.63;    9.1;    5.0;    3.4;eor
       3340;20181209;-999;-999;-999;    3;  18.3;   4;-999;   0;  -999;   8.4;    -999;    6.6;   86.00;    9.1;    4.6;    3.9;eor
       3340;20181210;-999;-999;-999;    3;   5.1;   4;-999;   0;  -999;   7.2;    -999;    3.7;   90.50;    5.0;    2.6;    1.5;eor
       3340;20181211;-999;-999;-999;    3;   0.7;   4;-999;   0;  -999;   7.0;    -999;    3.0;   91.96;    3.7;    1.6;    0.6;eor
       3340;20181212;-999;-999;-999;    3;   0.0;   0;-999;   0;  -999;   6.3;    -999;    2.5;   86.50;    4.3;    1.4;    0.1;eor
       3340;20181213;-999;-999;-999;    3;   0.0;   0;-999;   0;  -999;   5.0;    -999;    0.3;   79.38;    1.7;   -1.0;   -3.0;eor
       3340;20181214;-999;-999;-999;    3;   0.0;   0;-999;   0;  -999;   4.2;    -999;   -0.5;   71.92;   -0.1;   -1.2;   -1.4;eor
       3340;20181215;-999;-999;-999;    3;   0.8;   4;-999;   0;  -999;   4.1;    -999;   -1.1;   73.33;   -0.5;   -2.1;   -2.5;eor
       3340;20181216;-999;-999;-999;    3;   1.0;   4;-999;   0;  -999;   5.2;    -999;   -1.6;   94.67;    0.0;   -3.4;   -3.3;eor
       3340;20181217;-999;-999;-999;    3;   2.4;   4;-999;   0;  -999;   7.1;    -999;    2.8;   95.46;    5.2;    0.0;   -0.2;eor
       3340;20181218;-999;-999;-999;    3;   0.0;   4;-999;   0;  -999;   7.3;    -999;    3.5;   92.38;    5.4;    0.7;   -1.7;eor
       3340;20181219;-999;-999;-999;    3;   0.0;   0;-999;   0;  -999;   7.3;    -999;    3.5;   92.92;    6.5;    1.3;    0.3;eor
       3340;20181220;-999;-999;-999;    3;   2.4;   4;-999;   0;  -999;   8.3;    -999;    5.8;   89.79;    7.4;    3.0;    1.6;eor
       3340;20181221;-999;-999;-999;    3;   6.8;   4;-999;   0;  -999;   9.8;    -999;    9.5;   81.71;   12.2;    6.5;    5.7;eor
       3340;20181222;-999;-999;-999;    3;   7.5;   4;-999;   0;  -999;   9.3;    -999;    8.8;   82.00;   10.5;    6.4;    5.0;eor
       3340;20181223;-999;-999;-999;    3;  29.6;   4;-999;   0;  -999;   9.6;    -999;    7.5;   92.58;   10.2;    6.0;    4.4;eor
       3340;20181224;-999;-999;-999;    3;   0.0;   4;-999;   0;  -999;   6.9;    -999;    3.0;   89.88;    7.4;   -2.3;   -4.0;eor
       3340;20181225;-999;-999;-999;    3;   0.0;   0;-999;   0;  -999;   6.0;    -999;    1.3;   89.83;    4.8;   -2.4;   -4.6;eor
       3340;20181226;-999;-999;-999;    3;   0.0;   0;-999;   0;  -999;   5.1;    -999;   -1.7;   95.17;    3.5;   -4.9;   -6.5;eor
       3340;20181227;-999;-999;-999;    3;   0.0;   0;-999;   0;  -999;   5.7;    -999;   -0.1;   94.33;    3.0;   -2.7;   -3.8;eor
       3340;20181228;-999;-999;-999;    3;   0.0;   4;-999;   0;  -999;   5.5;    -999;   -0.4;   94.00;    4.1;   -2.9;   -4.5;eor
       3340;20181229;-999;-999;-999;    3;   0.6;   4;-999;   0;  -999;   6.7;    -999;    1.7;   96.96;    7.0;   -0.6;   -0.6;eor
       3340;20181230;-999;-999;-999;    3;   1.2;   4;-999;   0;  -999;   8.2;    -999;    6.0;   88.29;    6.9;    5.0;    4.6;eor
       3340;20181231;-999;-999;-999;    3;   0.2;   4;-999;   0;  -999;   9.9;    -999;    7.5;   95.04;    8.4;    5.8;    5.2;eor
       3340;20190101;-999;-999;-999;    3;   1.7;   4;-999;   0;  -999;   8.4;    -999;    5.8;   90.63;    7.5;    3.0;    2.2;eor
       3340;20190102;-999;-999;-999;    3;   1.5;   4;-999;   0;  -999;   5.5;    -999;    2.1;   77.21;    3.9;   -2.0;   -5.0;eor
       3340;20190103;-999;-999;-999;    3;   0.4;   4;-999;   0;  -999;   6.1;    -999;    0.8;   93.08;    2.8;   -3.3;   -5.5;eor
       3340;20190104;-999;-999;-999;    3;   1.7;   4;-999;   0;  -999;   6.6;    -999;    1.7;   94.92;    2.6;   -0.7;   -2.1;eor
       3340;20190105;-999;-999;-999;    3;   0.4;   4;-999;   0;  -999;   8.1;    -999;    4.6;   95.63;    5.8;    2.3;    2.0;eor
       3340;20190106;-999;-999;-999;    3;   0.9;   4;-999;   0;  -999;   7.9;    -999;    4.2;   95.67;    4.7;    3.7;    3.2;eor
       3340;20190107;-999;-999;-999;    3;   5.8;   4;-999;   0;  -999;   7.5;    -999;    3.8;   92.96;    5.0;    2.6;    1.3;eor
       3340;20190108;-999;-999;-999;    3;   9.1;   4;-999;   0;  -999;   7.6;    -999;    4.7;   88.50;    6.3;    2.2;    1.8;eor
       3340;20190109;-999;-999;-999;    3;   0.2;   4;-999;   0;  -999;   5.9;    -999;    2.0;   83.29;    3.1;    0.5;   -0.4;eor
       3340;20190110;-999;-999;-999;    3;   0.4;   4;-999;   0;  -999;   5.2;    -999;    0.1;   83.58;    1.3;   -0.4;   -1.7;eor
       3340;20190111;-999;-999;-999;    3;   2.8;   4;-999;   0;  -999;   7.0;    -999;    2.0;   97.21;    5.7;   -0.3;   -1.0;eor
       3340;20190112;-999;-999;-999;    3;  14.0;   4;-999;   0;  -999;   7.9;    -999;    4.7;   93.08;    5.9;    3.8;    3.0;eor
       3340;20190113;-999;-999;-999;    3;  14.0;   4;-999;   0;  -999;   9.1;    -999;    6.6;   92.88;    8.3;    4.9;    4.1;eor
       3340;20190114;-999;-999;-999;    3;   1.9;   4;-999;   0;  -999;   7.0;    -999;    3.3;   89.71;    5.9;    1.5;    0.5;eor
       3340;20190115;-999;-999;-999;    3;   1.1;   4;-999;   0;  -999;   6.9;    -999;    3.2;   89.58;    5.0;    1.5;    0.5;eor
       3340;20190116;-999;-999;-999;    3;   5.3;   4;-999;   0;  -999;   6.7;    -999;    3.6;   84.54;    4.5;    0.7;   -1.3;eor
       3340;20190117;-999;-999;-999;    3;   5.8;   4;-999;   0;  -999;   6.8;    -999;    3.2;   88.17;    5.7;    0.1;    0.0;eor
       3340;20190118;-999;-999;-999;    3;   0.0;   0;-999;   0;  -999;   5.2;    -999;   -0.7;   89.79;    3.6;   -4.8;   -6.3;eor
       3340;20190119;-999;-999;-999;    3;   0.0;   0;-999;   0;  -999;   4.1;    -999;   -3.3;   87.00;    1.6;   -6.8;   -8.1;eor
       3340;20190120;-999;-999;-999;    3;   0.0;   0;-999;   0;  -999;   3.6;    -999;   -5.2;   86.25;   -0.2;   -9.1;  -10.4;eor
       3340;20190121;-999;-999;-999;    3;   0.0;   0;-999;   0;  -999;   3.3;    -999;   -6.7;   89.50;   -0.1;  -10.3;  -12.2;eor
       3340;20190122;-999;-999;-999;    3;   0.8;   4;-999;   0;  -999;   3.4;    -999;   -6.7;   91.50;   -3.1;  -11.4;  -12.9;eor
       3340;20190123;-999;-999;-999;    3;   0.2;   4;-999;   3;  -999;   4.1;    -999;   -3.6;   86.83;   -2.9;   -4.3;   -4.4;eor
       3340;20190124;-999;-999;-999;    3;   0.0;   0;-999;   0;  -999;   3.7;    -999;   -4.2;   82.38;   -3.1;   -4.9;   -6.1;eor
       3340;20190125;-999;-999;-999;    3;   1.5;   4;-999;   0;  -999;   4.8;    -999;   -1.9;   89.67;    1.0;   -4.6;   -5.1;eor
       3340;20190126;-999;-999;-999;    3;   0.5;   4;-999;   3;  -999;   7.2;    -999;    3.2;   94.21;    5.0;    0.8;    0.4;eor
       3340;20190127;-999;-999;-999;    3;   8.0;   4;-999;   0;  -999;   7.5;    -999;    4.1;   91.04;    5.7;    1.3;    0.3;eor
       3340;20190128;-999;-999;-999;    3;  10.8;   4;-999;   2;  -999;   6.3;    -999;    1.3;   93.29;    2.1;    0.4;    0.0;eor
       3340;20190129;-999;-999;-999;    3;   0.0;   0;-999;   6;  -999;   5.6;    -999;    0.4;   89.54;    2.5;   -2.0;   -5.8;eor
       3340;20190130;-999;-999;-999;    3;   4.8;   4;-999;   6;  -999;   5.3;    -999;   -1.0;   92.92;    0.2;   -2.1;   -3.7;eor
       3340;20190131;-999;-999;-999;    3;   1.4;   4;-999;   8;  -999;   5.1;    -999;   -2.1;   96.71;    0.0;   -4.8;   -6.0;eor
       3340;20190201;-999;-999;-999;    3;   0.6;   4;-999;   8;  -999;   6.2;    -999;    0.8;   95.54;    3.9;   -1.7;   -1.5;eor
       3340;20190202;-999;-999;-999;    3;   0.2;   4;-999;   0;  -999;   6.7;    -999;    1.4;   98.75;    3.4;    0.5;    0.0;eor
       3340;20190203;-999;-999;-999;    3;   0.2;   4;-999;   0;  -999;   5.8;    -999;    1.0;   88.79;    2.3;   -2.1;   -5.4;eor
       3340;20190204;-999;-999;-999;    3;   0.0;   0;-999;   0;  -999;   5.1;    -999;    0.1;   84.42;    4.4;   -3.6;   -6.7;eor
       3340;20190205;-999;-999;-999;    3;   0.0;   0;-999;   0;  -999;   5.8;    -999;    2.3;   80.21;    5.1;   -1.7;   -4.6;eor
       3340;20190206;-999;-999;-999;    3;   0.0;   4;-999;   0;  -999;   5.2;    -999;    0.6;   84.58;    9.7;   -3.8;   -5.8;eor
       3340;20190207;-999;-999;-999;    3;   1.3;   4;-999;   1;  -999;   6.6;    -999;    3.1;   86.38;    6.7;   -0.8;   -1.5;eor
       3340;20190208;-999;-999;-999;    3;   0.1;   4;-999;   0;  -999;   7.6;    -999;    5.8;   82.08;    7.2;    4.3;    2.8;eor
       3340;20190209;-999;-999;-999;    3;   1.6;   4;-999;   0;  -999;   7.6;    -999;    7.2;   75.21;    9.4;    5.9;    4.8;eor
       3340;20190210;-999;-999;-999;    3;  11.1;   4;-999;   0;  -999;   8.4;    -999;    6.6;   85.25;    8.8;    2.5;    2.0;eor
       3340;20190211;-999;-999;-999;    3;   1.2;   4;-999;   0;  -999;   6.7;    -999;    3.1;   88.13;    5.8;    1.4;   -0.3;eor
       3340;20190212;-999;-999;-999;    3;   0.0;   0;-999;   0;  -999;   6.3;    -999;    2.7;   85.46;    5.1;   -0.2;   -2.2;eor
       3340;20190213;-999;-999;-999;    3;   0.0;   0;-999;   0;  -999;   5.9;    -999;    0.3;   93.42;    7.2;   -3.1;   -4.1;eor
       3340;20190214;-999;-999;-999;    3;   0.0;   0;-999;   0;  -999;   5.7;    -999;    1.5;   85.38;   10.7;   -4.0;   -5.7;eor
       3340;20190215;-999;-999;-999;    3;   0.0;   0;-999;   0;  -999;   5.9;    -999;    3.2;   79.42;   12.7;   -3.4;   -4.7;eor
       3340;20190216;-999;-999;-999;    3;   0.0;   0;-999;   0;  -999;   6.3;    -999;    3.9;   80.79;   15.2;   -3.4;   -4.6;eor
       3340;20190217;-999;-999;-999;    3;   0.0;   0;-999;   0;  -999;   6.2;    -999;    3.6;   81.54;   13.6;   -3.1;   -4.5;eor
       3340;20190218;-999;-999;-999;    3;   0.0;   0;-999;   0;  -999;   6.2;    -999;    4.2;   77.46;   13.9;   -3.2;   -5.0;eor
       3340;20190219;-999;-999;-999;    3;   1.1;   4;-999;   0;  -999;   7.2;    -999;    6.1;   77.21;   10.8;    0.0;   -2.6;eor
       3340;20190220;-999;-999;-999;    3;   0.0;   0;-999;   0;  -999;   6.7;    -999;    3.2;   88.17;   10.0;   -1.9;   -3.2;eor
       3340;20190221;-999;-999;-999;    3;   0.4;   4;-999;   0;  -999;   8.0;    -999;    5.5;   87.58;   12.1;   -1.6;   -3.0;eor
       3340;20190222;-999;-999;-999;    3;   0.0;   0;-999;   0;  -999;   9.6;    -999;    8.9;   84.75;   12.7;    4.6;    1.5;eor
       3340;20190223;-999;-999;-999;    3;   0.0;   0;-999;   0;  -999;   6.0;    -999;    4.1;   74.17;    8.2;   -0.6;   -2.7;eor
       3340;20190224;-999;-999;-999;    3;   0.0;   0;-999;   0;  -999;   4.0;    -999;    3.9;   53.58;   13.7;   -2.8;   -4.0;eor
       3340;20190225;-999;-999;-999;    3;   0.0;   0;-999;   0;  -999;   5.1;    -999;    5.2;   63.04;   16.1;   -2.6;   -4.3;eor
       3340;20190226;-999;-999;-999;    3;   0.0;   0;-999;   0;  -999;   6.5;    -999;    7.1;   70.25;   21.2;   -2.4;   -3.7;eor
       3340;20190227;-999;-999;-999;    3;   0.0;   0;-999;   0;  -999;   6.2;    -999;    7.0;   69.04;   20.0;   -1.5;   -3.7;eor
       3340;20190228;-999;-999;-999;    3;   7.2;   4;-999;   0;  -999;   7.9;    -999;    7.5;   76.88;   15.2;   -0.6;   -2.4;eor
       3340;20190301;-999;-999;-999;    3;   1.2;   4;-999;   0;  -999;   9.2;    -999;    6.6;   93.83;    7.9;    4.2;    3.8;eor
       3340;20190302;-999;-999;-999;    3;   0.1;   4;-999;   0;  -999;   8.5;    -999;    6.8;   86.04;   10.0;    3.7;    3.4;eor
       3340;20190303;-999;-999;-999;    3;   2.6;   4;-999;   0;  -999;   9.5;    -999;    9.6;   79.21;   11.5;    8.2;    7.1;eor
       3340;20190304;-999;-999;-999;    3;   2.3;   4;-999;   0;  -999;   8.1;    -999;    8.2;   74.46;   11.9;    4.7;    3.2;eor
       3340;20190305;-999;-999;-999;    3;   0.4;   4;-999;   0;  -999;   7.1;    -999;    5.0;   81.54;    7.4;    1.5;   -0.9;eor
       3340;20190306;-999;-999;-999;    3;   0.2;   4;-999;   0;  -999;   8.1;    -999;    8.4;   75.46;   12.8;    2.2;    0.4;eor
       3340;20190307;-999;-999;-999;    3;   0.7;   4;-999;   0;  -999;   8.4;    -999;    9.2;   71.79;   12.0;    6.5;    5.1;eor
       3340;20190308;-999;-999;-999;    3;   8.6;   4;-999;   0;  -999;   7.6;    -999;    6.6;   78.21;    9.3;    4.1;    3.7;eor
       3340;20190309;-999;-999;-999;    3;   9.0;   4;-999;   0;  -999;   8.5;    -999;    8.2;   78.21;   11.4;    6.2;    5.0;eor
       3340;20190310;-999;-999;-999;    3;  13.8;   4;-999;   0;  -999;   8.2;    -999;    7.2;   80.88;   12.9;    1.8;    0.3;eor
       3340;20190311;-999;-999;-999;    3;   1.3;   4;-999;   1;  -999;   6.3;    -999;    2.7;   85.04;    4.8;    0.2;    0.0;eor
       3340;20190312;-999;-999;-999;    3;   0.5;   4;-999;   0;  -999;   5.8;    -999;    5.3;   66.42;    9.6;    0.2;   -1.4;eor
       3340;20190313;-999;-999;-999;    3;  18.4;   4;-999;   0;  -999;   6.9;    -999;    4.6;   81.58;    6.2;    2.9;    1.8;eor
       3340;20190314;-999;-999;-999;    3;  15.9;   4;-999;   0;  -999;   7.9;    -999;    5.3;   89.08;    8.4;    3.3;    2.5;eor
       3340;20190315;-999;-999;-999;    3;  38.4;   4;-999;   0;  -999;   9.9;    -999;    8.3;   89.42;   11.3;    5.0;    3.7;eor
       3340;20190316;-999;-999;-999;    3;   3.2;   4;-999;   0;  -999;   9.4;    -999;    8.5;   85.04;   10.0;    6.6;    6.3;eor
       3340;20190317;-999;-999;-999;    3;   5.9;   4;-999;   0;  -999;   7.6;    -999;    6.6;   78.08;    9.0;    2.0;    0.8;eor
       3340;20190318;-999;-999;-999;    3;   3.4;   4;-999;   0;  -999;   6.6;    -999;    3.2;   86.13;    7.0;   -0.7;   -2.9;eor
       3340;20190319;-999;-999;-999;    3;   0.0;   0;-999;   0;  -999;   5.6;    -999;    2.5;   79.67;    9.1;   -2.1;   -4.1;eor
       3340;20190320;-999;-999;-999;    3;   0.0;   0;-999;   0;  -999;   6.0;    -999;    4.5;   74.75;   13.0;   -3.1;   -4.6;eor
       3340;20190321;-999;-999;-999;    3;   0.0;   0;-999;   0;  -999;   6.4;    -999;    7.0;   69.58;   16.3;   -1.3;   -2.7;eor
       3340;20190322;-999;-999;-999;    3;   0.0;   0;-999;   0;  -999;   7.0;    -999;    8.6;   67.54;   18.1;    0.1;   -1.9;eor
       3340;20190323;-999;-999;-999;    3;   0.0;   0;-999;   0;  -999;   7.9;    -999;    4.9;   90.54;    8.8;    0.9;   -1.4;eor
       3340;20190324;-999;-999;-999;    3;   0.0;   0;-999;   0;  -999;   7.1;    -999;    5.2;   80.96;   10.9;   -1.0;   -2.4;eor
       3340;20190325;-999;-999;-999;    3;   4.5;   4;-999;   0;  -999;   6.9;    -999;    4.4;   82.63;    7.3;    2.6;    0.9;eor
       3340;20190326;-999;-999;-999;    3;   0.0;   0;-999;   0;  -999;   6.9;    -999;    5.2;   77.75;    8.0;    3.5;    3.1;eor
       3340;20190327;-999;-999;-999;    3;   0.0;   0;-999;   0;  -999;   6.9;    -999;    6.0;   74.96;   11.0;    1.7;   -0.9;eor
       3340;20190328;-999;-999;-999;    3;   0.0;   0;-999;   0;  -999;   7.7;    -999;    7.0;   77.54;   12.0;   -0.1;   -1.7;eor
       3340;20190329;-999;-999;-999;    3;   0.0;   0;-999;   0;  -999;   8.1;    -999;    8.4;   76.46;   16.0;    0.9;   -1.5;eor
       3340;20190330;-999;-999;-999;    3;   0.0;   0;-999;   0;  -999;   7.5;    -999;   10.4;   65.08;   18.8;    0.4;   -2.0;eor
       3340;20190331;-999;-999;-999;    3;   3.5;   4;-999;   0;  -999;   8.7;    -999;    9.4;   74.42;   17.1;    3.3;    0.5;eor
       3340;20190401;-999;-999;-999;    3;   0.0;   0;-999;   0;  -999;   7.3;    -999;    8.6;   66.38;   15.4;    2.5;    0.1;eor
       3340;20190402;-999;-999;-999;    3;   1.9;   4;-999;   0;  -999;   8.9;    -999;    9.7;   73.71;   17.0;    3.0;    0.9;eor
       3340;20190403;-999;-999;-999;    3;   4.2;   4;-999;   0;  -999;   8.5;    -999;    6.9;   85.58;    9.9;    3.8;    3.3;eor
       3340;20190404;-999;-999;-999;    3;   9.6;   4;-999;   0;  -999;   7.8;    -999;    4.0;   96.00;    5.1;    2.6;    1.8;eor
       3340;20190405;-999;-999;-999;    3;   0.5;   4;-999;   0;  -999;   8.4;    -999;    5.2;   95.00;    7.0;    2.7;    2.1;eor
       3340;20190406;-999;-999;-999;    3;   0.0;   0;-999;   0;  -999;   9.7;    -999;    9.6;   83.42;   15.6;    5.9;    4.1;eor
       3340;20190407;-999;-999;-999;    3;   0.0;   0;-999;   0;  -999;   9.2;    -999;   11.9;   69.71;   18.5;    3.0;    1.0;eor
       3340;20190408;-999;-999;-999;    3;   6.5;   4;-999;   0;  -999;  10.8;    -999;   11.7;   79.04;   17.9;    8.1;    5.7;eor
       3340;20190409;-999;-999;-999;    3;   0.0;   0;-999;   0;  -999;  10.0;    -999;   12.0;   73.96;   17.1;    7.5;    6.1;eor
       3340;20190410;-999;-999;-999;    3;   0.0;   0;-999;   0;  -999;   6.6;    -999;    8.6;   60.83;   13.8;    2.8;   -0.4;eor
       3340;20190411;-999;-999;-999;    3;   0.0;   0;-999;   0;  -999;   4.7;    -999;    5.5;   54.42;   11.0;   -0.6;   -3.3;eor
       3340;20190412;-999;-999;-999;    3;   0.0;   0;-999;   0;  -999;   4.3;    -999;    3.2;   55.83;    5.8;    0.7;   -2.5;eor
       3340;20190413;-999;-999;-999;    3;   4.0;   4;-999;   0;  -999;   5.4;    -999;    1.9;   77.54;    5.9;   -0.6;   -2.0;eor
       3340;20190414;-999;-999;-999;    3;   0.0;   0;-999;   0;  -999;   6.0;    -999;    4.8;   72.33;   10.4;    0.0;   -0.4;eor
       3340;20190415;-999;-999;-999;    3;   0.0;   0;-999;   0;  -999;   7.3;    -999;    9.6;   64.04;   16.5;    3.8;    2.0;eor
       3340;20190416;-999;-999;-999;    3;   2.8;   4;-999;   0;  -999;   7.4;    -999;   10.8;   58.04;   18.1;    2.4;   -0.7;eor
       3340;20190417;-999;-999;-999;    3;   1.1;   4;-999;   0;  -999;  10.5;    -999;   11.4;   79.63;   16.6;    8.5;    6.1;eor
       3340;20190418;-999;-999;-999;    3;   0.0;   0;-999;   0;  -999;   7.8;    -999;   14.6;   48.88;   20.8;    8.0;    4.3;eor
       3340;20190419;-999;-999;-999;    3;   0.0;   0;-999;   0;  -999;   7.3;    -999;   14.3;   49.29;   22.6;    5.4;    1.9;eor
       3340;20190420;-999;-999;-999;    3;   0.0;   0;-999;   0;  -999;   8.2;    -999;   14.8;   53.83;   23.5;    5.1;    2.1;eor
       3340;20190421;-999;-999;-999;    3;   0.0;   0;-999;   0;  -999;   8.0;    -999;   14.5;   54.08;   23.3;    4.8;    1.9;eor
       3340;20190422;-999;-999;-999;    3;   0.0;   0;-999;   0;  -999;   7.6;    -999;   14.8;   50.63;   23.4;    3.9;    1.6;eor
       3340;20190423;-999;-999;-999;    3;   0.0;   0;-999;   0;  -999;   9.2;    -999;   14.2;   56.79;   21.1;    8.0;    5.4;eor
       3340;20190424;-999;-999;-999;    3;   2.2;   4;-999;   0;  -999;  10.9;    -999;   14.3;   70.92;   24.1;    6.4;    4.5;eor
       3340;20190425;-999;-999;-999;    3;   1.0;   4;-999;   0;  -999;   9.9;    -999;   12.3;   72.25;   21.4;    3.6;    2.3;eor
       3340;20190426;-999;-999;-999;    3;   0.4;   4;-999;   0;  -999;  10.2;    -999;    9.8;   84.13;   13.1;    6.0;    4.3;eor
       3340;20190427;-999;-999;-999;    3;  13.4;   4;-999;   0;  -999;   9.4;    -999;    7.5;   90.71;   11.1;    3.7;    1.3;eor
       3340;20190428;-999;-999;-999;    3;   0.0;   0;-999;   0;  -999;   8.0;    -999;    7.0;   80.71;   12.3;    2.1;   -0.3;eor
       3340;20190429;-999;-999;-999;    3;   0.7;   4;-999;   0;  -999;   8.5;    -999;    8.0;   80.42;   14.2;    0.1;   -1.5;eor
       3340;20190430;-999;-999;-999;    3;   0.0;   0;-999;   0;  -999;   9.2;    -999;   12.2;   66.75;   18.0;    6.8;    4.1;eor
       3340;20190501;-999;-999;-999;    3;   0.0;   0;-999;-999;  -999;   9.7;    -999;   11.8;   73.33;   20.0;    4.5;    2.2;eor
       3340;20190502;-999;-999;-999;    3;   1.1;   4;-999;-999;  -999;   9.4;    -999;   10.2;   78.00;   15.8;    5.6;    3.5;eor
       3340;20190503;-999;-999;-999;    3;   6.0;   4;-999;-999;  -999;   8.1;    -999;    8.5;   74.04;   12.4;    6.2;    5.4;eor
       3340;20190504;-999;-999;-999;    3;   0.6;   4;-999;-999;  -999;   7.0;    -999;    4.1;   85.63;    8.8;    0.9;    0.6;eor
       3340;20190505;-999;-999;-999;    3;   0.8;   4;-999;-999;  -999;   6.9;    -999;    4.6;   81.96;   10.4;   -0.6;   -1.6;eor
       3340;20190506;-999;-999;-999;    3;   0.1;   4;-999;-999;  -999;   6.8;    -999;    6.0;   73.96;    9.5;    1.7;   -0.5;eor
       3340;20190507;-999;-999;-999;    3;   0.0;   0;-999;-999;  -999;   7.3;    -999;    7.6;   72.63;   12.8;    3.4;    1.5;eor
       3340;20190508;-999;-999;-999;    3;   6.2;   4;-999;-999;  -999;   9.8;    -999;    7.8;   91.33;   11.9;    2.2;    0.5;eor
       3340;20190509;-999;-999;-999;    3;   4.8;   4;-999;-999;  -999;  10.6;    -999;    9.8;   87.29;   14.5;    6.4;    5.1;eor
       3340;20190510;-999;-999;-999;    3;  11.4;   4;-999;-999;  -999;   9.6;    -999;   11.0;   75.21;   16.1;    7.5;    6.0;eor
       3340;20190511;-999;-999;-999;    3;  12.5;   4;-999;-999;  -999;  10.3;    -999;    8.3;   93.38;   10.7;    4.4;    1.6;eor
       3340;20190512;-999;-999;-999;    3;   0.0;   0;-999;-999;  -999;   7.1;    -999;    7.6;   70.88;   13.4;    1.9;   -0.4;eor
       3340;20190513;-999;-999;-999;    3;   0.0;   0;-999;-999;  -999;   5.6;    -999;    8.9;   55.17;   16.5;    0.0;   -2.7;eor
       3340;20190514;-999;-999;-999;    3;   0.0;   0;-999;-999;  -999;   6.4;    -999;    8.5;   60.79;   15.2;    0.5;   -2.0;eor
       3340;20190515;-999;-999;-999;    3;   0.0;   0;-999;-999;  -999;   5.9;    -999;    8.5;   57.33;   14.8;   -0.1;   -2.2;eor
       3340;20190516;-999;-999;-999;    3;  12.2;   4;-999;-999;  -999;   8.5;    -999;    9.6;   72.67;   15.9;    5.0;    4.5;eor
       3340;20190517;-999;-999;-999;    3;   1.8;   4;-999;-999;  -999;  11.0;    -999;   10.0;   89.71;   16.1;    6.8;    5.8;eor
       3340;20190518;-999;-999;-999;    3;   0.1;   4;-999;-999;  -999;  11.8;    -999;   14.6;   73.33;   22.5;    6.9;    5.7;eor
       3340;20190519;-999;-999;-999;    3;   0.0;   0;-999;-999;  -999;  13.3;    -999;   15.1;   78.67;   21.1;   10.2;    9.4;eor
       3340;20190520;-999;-999;-999;    3;   6.6;   4;-999;-999;  -999;  13.5;    -999;   12.2;   94.75;   12.8;   11.1;    9.8;eor
       3340;20190521;-999;-999;-999;    3;   2.3;   4;-999;-999;  -999;  12.6;    -999;   11.2;   94.17;   12.1;   10.6;   10.1;eor
       3340;20190522;-999;-999;-999;    3;   0.0;   0;-999;-999;  -999;  10.9;    -999;   11.1;   83.54;   16.5;    6.6;    4.5;eor
       3340;20190523;-999;-999;-999;    3;   0.0;   0;-999;-999;  -999;  10.2;    -999;   13.4;   71.21;   22.5;    4.9;    3.0;eor
       3340;20190524;-999;-999;-999;    3;   0.0;   0;-999;-999;  -999;  11.1;    -999;   15.9;   65.21;   23.0;    8.7;    7.5;eor
       3340;20190525;-999;-999;-999;    3;   0.0;   0;-999;-999;  -999;  10.2;    -999;   14.1;   64.08;   18.8;    8.5;    6.0;eor
       3340;20190526;-999;-999;-999;    3;   0.3;   4;-999;-999;  -999;  11.3;    -999;   15.2;   68.08;   21.7;    6.1;    4.3;eor
       3340;20190527;-999;-999;-999;    3;   3.8;   4;-999;-999;  -999;  14.0;    -999;   13.8;   88.71;   16.0;   10.6;    8.8;eor
       3340;20190528;-999;-999;-999;    3;   6.8;   4;-999;-999;  -999;  12.0;    -999;   11.9;   86.08;   16.1;    8.4;    7.3;eor
       3340;20190529;-999;-999;-999;    3;   0.0;   0;-999;-999;  -999;   9.8;    -999;   13.1;   67.17;   18.5;    8.4;    6.8;eor
       3340;20190530;-999;-999;-999;    3;   0.0;   4;-999;-999;  -999;  12.6;    -999;   14.2;   77.88;   20.4;    7.0;    4.9;eor
       3340;20190531;-999;-999;-999;    3;   0.0;   0;-999;-999;  -999;  14.0;    -999;   17.2;   73.88;   23.0;   10.6;    8.2;eor
       3340;20190601;-999;-999;-999;    3;   0.0;   0;-999;-999;  -999;  14.8;    -999;   18.8;   71.42;   27.5;    9.3;    7.7;eor
       3340;20190602;-999;-999;-999;    3;   0.0;   0;-999;-999;  -999;  15.6;    -999;   21.1;   66.71;   29.2;   11.6;    9.6;eor
       3340;20190603;-999;-999;-999;    3;   2.3;   4;-999;-999;  -999;  15.6;    -999;   19.5;   71.50;   27.8;   13.1;   11.1;eor
       3340;20190604;-999;-999;-999;    3;   0.0;   0;-999;-999;  -999;  16.5;    -999;   20.3;   72.29;   28.3;   11.9;    9.7;eor
       3340;20190605;-999;-999;-999;    3;   0.8;   4;-999;-999;  -999;  17.8;    -999;   22.0;   68.21;   28.8;   14.9;   13.2;eor
       3340;20190606;-999;-999;-999;    3;   0.0;   0;-999;-999;  -999;  12.4;    -999;   13.5;   79.67;   17.2;    6.9;    4.8;eor
       3340;20190607;-999;-999;-999;    3;   4.8;   4;-999;-999;  -999;  12.4;    -999;   13.9;   79.54;   23.6;    6.5;    4.0;eor
       3340;20190608;-999;-999;-999;    3;   0.0;   0;-999;-999;  -999;   9.8;    -999;   14.2;   61.04;   18.8;    8.0;    5.6;eor
       3340;20190609;-999;-999;-999;    3;   0.0;   0;-999;-999;  -999;  11.9;    -999;   15.3;   70.54;   21.7;    6.1;    4.6;eor
       3340;20190610;-999;-999;-999;    3;   5.8;   4;-999;-999;  -999;  15.0;    -999;   17.8;   74.04;   23.0;   12.7;   11.2;eor
       3340;20190611;-999;-999;-999;    3;   0.0;   0;-999;-999;  -999;  14.4;    -999;   16.1;   79.21;   20.8;   13.0;   11.7;eor
       3340;20190612;-999;-999;-999;    3;   5.0;   4;-999;-999;  -999;  13.8;    -999;   14.7;   83.17;   18.8;    8.8;    6.7;eor
       3340;20190613;-999;-999;-999;    3;   0.8;   4;-999;-999;  -999;  11.4;    -999;   14.7;   72.58;   21.6;    7.0;    5.1;eor
       3340;20190614;-999;-999;-999;    3;   0.5;   4;-999;-999;  -999;  14.5;    -999;   18.2;   72.21;   26.2;    7.9;    6.6;eor
       3340;20190615;-999;-999;-999;    3;   0.2;   4;-999;-999;  -999;  15.8;    -999;   17.8;   78.58;   23.0;   12.8;   11.4;eor
       3340;20190616;-999;-999;-999;    3;   0.0;   0;-999;-999;  -999;  13.3;    -999;   17.5;   68.00;   21.8;   10.7;    8.5;eor
       3340;20190617;-999;-999;-999;    3;   0.0;   0;-999;-999;  -999;  13.8;    -999;   18.0;   70.13;   26.0;    9.0;    6.9;eor
       3340;20190618;-999;-999;-999;    3;   0.0;   0;-999;-999;  -999;  15.8;    -999;   20.7;   68.21;   28.5;   11.9;    9.9;eor
       3340;20190619;-999;-999;-999;    3;   0.0;   0;-999;-999;  -999;  16.2;    -999;   21.6;   66.25;   28.8;   13.8;   11.9;eor
       3340;20190620;-999;-999;-999;    3;  18.1;   4;-999;-999;  -999;  16.4;    -999;   17.6;   82.13;   23.2;   13.6;   11.4;eor
       3340;20190621;-999;-999;-999;    3;   0.0;   0;-999;-999;  -999;  12.7;    -999;   16.4;   69.92;   21.6;   10.3;    7.8;eor
       3340;20190622;-999;-999;-999;    3;   0.0;   0;-999;-999;  -999;  14.1;    -999;   18.2;   69.04;   26.0;    8.4;    6.4;eor
       3340;20190623;-999;-999;-999;    3;   0.0;   0;-999;-999;  -999;  16.1;    -999;   21.3;   66.29;   28.3;   13.0;   11.0;eor
       3340;20190624;-999;-999;-999;    3;   0.0;   0;-999;-999;  -999;  18.2;    -999;   23.7;   63.96;   30.5;   16.3;   13.5;eor
       3340;20190625;-999;-999;-999;    3;   0.0;   0;-999;-999;  -999;  19.5;    -999;   25.7;   62.04;   34.0;   17.2;   14.8;eor
       3340;20190626;-999;-999;-999;    3;   0.0;   0;-999;-999;  -999;  21.9;    -999;   25.9;   67.17;   31.8;   18.3;   16.4;eor
       3340;20190627;-999;-999;-999;    3;   0.0;   0;-999;-999;  -999;  14.8;    -999;   22.3;   57.75;   27.7;   15.4;   11.8;eor
       3340;20190628;-999;-999;-999;    3;   0.0;   0;-999;-999;  -999;  13.0;    -999;   20.0;   59.58;   28.8;   11.5;    9.0;eor
       3340;20190629;-999;-999;-999;    3;   0.0;   0;-999;-999;  -999;  12.9;    -999;   22.1;   54.00;   32.1;   10.8;    8.2;eor
       3340;20190630;-999;-999;-999;    3;   0.0;   4;-999;-999;  -999;  17.5;    -999;   24.8;   58.79;   35.1;   12.7;    9.7;eor
       3340;20190701;-999;-999;-999;    3;   0.2;   4;-999;-999;  -999;  14.4;    -999;   20.4;   60.88;   25.1;   14.6;   12.5;eor
       3340;20190702;-999;-999;-999;    3;   0.0;   0;-999;-999;  -999;  11.6;    -999;   16.8;   62.08;   22.5;   10.3;    7.0;eor
       3340;20190703;-999;-999;-999;    3;   0.0;   0;-999;-999;  -999;  10.0;    -999;   15.7;   58.96;   22.4;    7.2;    4.7;eor
       3340;20190704;-999;-999;-999;    3;   0.0;   0;-999;-999;  -999;   9.8;    -999;   16.9;   54.54;   24.1;    7.4;    4.2;eor
       3340;20190705;-999;-999;-999;    3;   0.0;   0;-999;-999;  -999;  12.0;    -999;   19.4;   55.08;   26.5;   12.4;    9.6;eor
       3340;20190706;-999;-999;-999;    3;   4.1;   4;-999;-999;  -999;  13.0;    -999;   20.3;   57.92;   28.5;   13.1;   11.3;eor
       3340;20190707;-999;-999;-999;    3;   0.2;   4;-999;-999;  -999;  11.6;    -999;   15.5;   67.42;   20.4;    9.9;    7.1;eor
       3340;20190708;-999;-999;-999;    3;   0.0;   0;-999;-999;  -999;  10.3;    -999;   12.7;   70.58;   16.5;    6.7;    4.3;eor
       3340;20190709;-999;-999;-999;    3;   0.0;   0;-999;-999;  -999;   9.8;    -999;   13.4;   66.46;   19.3;    7.5;    4.4;eor
       3340;20190710;-999;-999;-999;    3;   0.6;   4;-999;-999;  -999;   9.0;    -999;   15.7;   56.25;   23.5;    5.4;    2.7;eor
       3340;20190711;-999;-999;-999;    3;   5.6;   4;-999;-999;  -999;  16.0;    -999;   15.7;   89.67;   18.9;   13.1;   11.3;eor
       3340;20190712;-999;-999;-999;    3;   9.1;   4;-999;-999;  -999;  16.5;    -999;   16.2;   90.00;   21.7;   12.9;   12.9;eor
       3340;20190713;-999;-999;-999;    3;   1.2;   4;-999;-999;  -999;  15.7;    -999;   16.5;   84.13;   21.1;   13.7;   13.1;eor
       3340;20190714;-999;-999;-999;    3;   0.0;   0;-999;-999;  -999;  13.0;    -999;   15.1;   76.00;   17.8;   12.9;   11.4;eor
       3340;20190715;-999;-999;-999;    3;   0.0;   0;-999;-999;  -999;  12.2;    -999;   14.4;   74.38;   16.7;    9.1;    5.9;eor
       3340;20190716;-999;-999;-999;    3;   0.0;   0;-999;-999;  -999;  12.3;    -999;   13.6;   79.96;   19.9;    6.6;    4.1;eor
       3340;20190717;-999;-999;-999;    3;   0.0;   0;-999;-999;  -999;  13.5;    -999;   15.3;   79.29;   21.2;    8.6;    6.2;eor
       3340;20190718;-999;-999;-999;    3;   3.6;   4;-999;-999;  -999;  13.6;    -999;   18.2;   68.83;   26.4;   10.0;    8.0;eor
       3340;20190719;-999;-999;-999;    3;   0.1;   4;-999;-999;  -999;  16.0;    -999;   18.7;   76.33;   24.3;   14.4;   12.1;eor
       3340;20190720;-999;-999;-999;    3;   0.4;   4;-999;-999;  -999;  16.7;    -999;   20.7;   72.00;   29.4;   11.9;    9.9;eor
       3340;20190721;-999;-999;-999;    3;   0.0;   0;-999;-999;  -999;  15.5;    -999;   20.3;   66.63;   24.9;   14.0;   11.3;eor
       3340;20190722;-999;-999;-999;    3;   0.0;   0;-999;-999;  -999;  14.7;    -999;   20.9;   63.79;   28.8;   12.3;   10.1;eor
       3340;20190723;-999;-999;-999;    3;   0.0;   0;-999;-999;  -999;  15.4;    -999;   24.4;   56.33;   34.3;   13.9;   11.5;eor
       3340;20190724;-999;-999;-999;    3;   0.0;   0;-999;-999;  -999;  16.0;    -999;   26.8;   52.17;   37.4;   15.8;   13.5;eor
       3340;20190725;-999;-999;-999;    3;   0.0;   0;-999;-999;  -999;  16.6;    -999;   28.2;   49.29;   38.6;   17.7;   15.6;eor
       3340;20190726;-999;-999;-999;    3;   0.0;   0;-999;-999;  -999;  15.8;    -999;   27.6;   46.21;   37.1;   17.7;   15.4;eor
       3340;20190727;-999;-999;-999;    3;   0.2;   4;-999;-999;  -999;  18.5;    -999;   22.5;   68.83;   25.7;   19.2;   18.6;eor
       3340;20190728;-999;-999;-999;    3;   0.4;   4;-999;-999;  -999;  19.7;    -999;   18.8;   90.75;   21.3;   16.4;   16.1;eor
       3340;20190729;-999;-999;-999;    3;   0.0;   0;-999;-999;  -999;  16.1;    -999;   19.6;   72.79;   25.9;   16.0;   14.0;eor
       3340;20190730;-999;-999;-999;    3;   0.3;   4;-999;-999;  -999;  14.8;    -999;   22.0;   61.17;   30.4;   13.9;   12.0;eor
       3340;20190731;-999;-999;-999;    3;   0.0;   0;-999;-999;  -999;  13.2;    -999;   19.6;   59.46;   25.1;   12.1;    9.6;eor
       3340;20190801;-999;-999;-999;    3;   0.0;   0;-999;-999;  -999;  13.3;    -999;   17.7;   67.88;   24.3;   10.0;    8.4;eor
       3340;20190802;-999;-999;-999;    3;   8.3;   4;-999;-999;  -999;  15.6;    -999;   18.9;   72.58;   25.4;   14.7;   13.0;eor
       3340;20190803;-999;-999;-999;    3;   0.0;   0;-999;-999;  -999;  15.5;    -999;   18.3;   75.04;   23.3;   12.5;   10.3;eor
       3340;20190804;-999;-999;-999;    3;   0.2;   4;-999;-999;  -999;  13.9;    -999;   19.3;   66.63;   28.5;   10.1;    8.2;eor
       3340;20190805;-999;-999;-999;    3;   0.2;   4;-999;-999;  -999;  15.5;    -999;   21.3;   62.79;   27.1;   15.0;   12.6;eor
       3340;20190806;-999;-999;-999;    3;  11.9;   4;-999;-999;  -999;  16.9;    -999;   18.4;   80.96;   25.0;   13.4;   11.6;eor
       3340;20190807;-999;-999;-999;    3;   0.7;   4;-999;-999;  -999;  17.3;    -999;   18.0;   84.58;   22.6;   13.1;   11.9;eor
       3340;20190808;-999;-999;-999;    3;   0.0;   0;-999;-999;  -999;  15.4;    -999;   19.1;   72.21;   25.2;   13.4;   11.1;eor
       3340;20190809;-999;-999;-999;    3;  21.5;   4;-999;-999;  -999;  18.9;    -999;   19.3;   85.21;   25.7;   12.9;   11.2;eor
       3340;20190810;-999;-999;-999;    3;   0.0;   0;-999;-999;  -999;  15.9;    -999;   19.6;   71.75;   24.7;   13.7;   11.5;eor
       3340;20190811;-999;-999;-999;    3;   1.0;   4;-999;-999;  -999;  13.3;    -999;   16.9;   71.38;   23.5;   11.7;    9.3;eor
       3340;20190812;-999;-999;-999;    3;   3.4;   4;-999;-999;  -999;  14.3;    -999;   16.1;   80.21;   23.5;   10.9;    9.1;eor
       3340;20190813;-999;-999;-999;    3;   2.7;   4;-999;-999;  -999;  12.3;    -999;   14.8;   75.96;   20.1;   11.3;    9.3;eor
       3340;20190814;-999;-999;-999;    3;   1.1;   4;-999;-999;  -999;  12.2;    -999;   15.4;   73.17;   22.5;    8.2;    6.7;eor
       3340;20190815;-999;-999;-999;    3;   7.4;   4;-999;-999;  -999;  16.3;    -999;   16.4;   87.38;   21.5;   13.9;   11.8;eor
       3340;20190816;-999;-999;-999;    3;   0.5;   4;-999;-999;  -999;  14.4;    -999;   16.4;   78.63;   22.4;   12.1;    9.8;eor
       3340;20190817;-999;-999;-999;    3;   6.0;   4;-999;-999;  -999;  16.8;    -999;   16.8;   87.83;   21.0;   14.0;   14.0;eor
       3340;20190818;-999;-999;-999;    3;   1.3;   4;-999;-999;  -999;  19.3;    -999;   18.7;   89.83;   23.7;   14.5;   14.0;eor
       3340;20190819;-999;-999;-999;    3;   0.0;   0;-999;-999;  -999;  13.7;    -999;   16.8;   74.17;   22.3;   10.9;    8.7;eor
       3340;20190820;-999;-999;-999;    3;   0.0;   0;-999;-999;  -999;  12.2;    -999;   14.6;   75.92;   19.4;    8.3;    6.4;eor
       3340;20190821;-999;-999;-999;    3;   0.0;   0;-999;-999;  -999;  11.5;    -999;   15.5;   69.42;   23.1;    8.1;    5.8;eor
       3340;20190822;-999;-999;-999;    3;   0.0;   0;-999;-999;  -999;  11.5;    -999;   16.6;   66.33;   25.6;    7.1;    5.4;eor
       3340;20190823;-999;-999;-999;    3;   0.0;   0;-999;-999;  -999;  12.2;    -999;   18.1;   64.04;   27.5;    8.8;    6.7;eor
       3340;20190824;-999;-999;-999;    3;   0.0;   0;-999;-999;  -999;  13.7;    -999;   19.6;   64.58;   28.6;    9.5;    7.5;eor
       3340;20190825;-999;-999;-999;    3;   0.0;   0;-999;-999;  -999;  18.4;    -999;   21.8;   72.92;   30.6;   14.1;   12.5;eor
       3340;20190826;-999;-999;-999;    3;   0.0;   0;-999;-999;  -999;  19.6;    -999;   22.7;   73.88;   31.7;   15.5;   13.6;eor
       3340;20190827;-999;-999;-999;    3;   0.0;   0;-999;-999;  -999;  18.7;    -999;   23.1;   69.63;   31.6;   15.1;   13.3;eor
       3340;20190828;-999;-999;-999;    3;   0.0;   0;-999;-999;  -999;  17.6;    -999;   22.8;   66.83;   30.2;   16.6;   14.9;eor
       3340;20190829;-999;-999;-999;    3;   0.0;   0;-999;-999;  -999;  18.7;    -999;   21.4;   74.42;   27.2;   16.3;   14.3;eor
       3340;20190830;-999;-999;-999;    3;   0.0;   0;-999;-999;  -999;  16.2;    -999;   20.4;   69.46;   26.7;   14.2;   11.9;eor
       3340;20190831;-999;-999;-999;    3;   0.1;   4;-999;-999;  -999;  16.2;    -999;   22.3;   64.13;   31.3;   12.3;   10.6;eor
       3340;20190901;-999;-999;-999;    3;   0.0;   0;-999;-999;  -999;  14.2;    -999;   16.7;   75.04;   20.7;    9.6;    6.7;eor
       3340;20190902;-999;-999;-999;    3;   0.0;   0;-999;-999;  -999;   9.9;    -999;   13.4;   67.83;   19.8;    8.1;    4.7;eor
       3340;20190903;-999;-999;-999;    3;   0.0;   0;-999;-999;  -999;  10.8;    -999;   14.2;   69.83;   22.9;    5.8;    3.7;eor
       3340;20190904;-999;-999;-999;    3;   0.3;   4;-999;-999;  -999;  13.0;    -999;   16.0;   74.42;   24.0;    8.1;    5.8;eor
       3340;20190905;-999;-999;-999;    3;   0.3;   4;-999;-999;  -999;  12.0;    -999;   13.4;   78.92;   17.8;    8.2;    6.0;eor
       3340;20190906;-999;-999;-999;    3;   0.1;   4;-999;-999;  -999;   9.2;    -999;   12.2;   68.96;   19.6;    4.7;    1.9;eor
       3340;20190907;-999;-999;-999;    3;   4.3;   4;-999;-999;  -999;  11.9;    -999;   11.5;   87.13;   14.3;    9.5;    8.3;eor
       3340;20190908;-999;-999;-999;    3;  12.8;   4;-999;-999;  -999;  12.7;    -999;   11.5;   94.00;   13.7;   10.3;    9.8;eor
       3340;20190909;-999;-999;-999;    3;   0.0;   4;-999;-999;  -999;  12.0;    -999;   11.3;   89.63;   15.0;    6.4;    4.6;eor
       3340;20190910;-999;-999;-999;    3;   0.0;   0;-999;-999;  -999;   9.6;    -999;   10.9;   78.21;   19.1;    4.4;    2.8;eor
       3340;20190911;-999;-999;-999;    3;   0.2;   4;-999;-999;  -999;  11.0;    -999;   12.9;   76.17;   20.5;    4.2;    2.2;eor
       3340;20190912;-999;-999;-999;    3;   0.2;   4;-999;-999;  -999;  15.8;    -999;   17.8;   77.42;   22.2;   15.5;   13.4;eor
       3340;20190913;-999;-999;-999;    3;   0.0;   0;-999;-999;  -999;  16.5;    -999;   16.7;   86.33;   19.8;   11.5;    8.8;eor
       3340;20190914;-999;-999;-999;    3;   0.0;   0;-999;-999;  -999;  12.0;    -999;   14.4;   76.38;   22.8;    7.7;    5.3;eor
       3340;20190915;-999;-999;-999;    3;   0.0;   0;-999;-999;  -999;  11.2;    -999;   14.9;   70.25;   24.5;    6.0;    3.9;eor
       3340;20190916;-999;-999;-999;    3;   0.1;   4;-999;-999;  -999;  13.2;    -999;   14.9;   79.38;   21.0;    9.0;    7.0;eor
       3340;20190917;-999;-999;-999;    3;   0.0;   0;-999;-999;  -999;  11.3;    -999;   13.6;   73.04;   16.7;    7.6;    4.3;eor
       3340;20190918;-999;-999;-999;    3;   0.0;   0;-999;-999;  -999;   8.5;    -999;   10.3;   71.04;   16.7;    3.2;    0.7;eor
       3340;20190919;-999;-999;-999;    3;   0.0;   0;-999;-999;  -999;   7.9;    -999;    9.5;   70.54;   16.4;    2.9;   -0.5;eor
       3340;20190920;-999;-999;-999;    3;   0.0;   0;-999;-999;  -999;   7.8;    -999;    9.5;   70.92;   18.7;    1.7;   -0.8;eor
       3340;20190921;-999;-999;-999;    3;   0.0;   0;-999;-999;  -999;   8.1;    -999;   13.4;   57.29;   23.0;    3.9;    1.3;eor
       3340;20190922;-999;-999;-999;    3;   4.0;   4;-999;-999;  -999;  11.7;    -999;   15.5;   67.33;   24.4;    4.8;    2.6;eor
       3340;20190923;-999;-999;-999;    3;   3.0;   4;-999;-999;  -999;  14.7;    -999;   14.9;   87.25;   18.8;   10.6;    8.4;eor
       3340;20190924;-999;-999;-999;    3;   1.7;   4;-999;-999;  -999;  13.4;    -999;   13.2;   89.25;   18.4;    8.6;    6.4;eor
       3340;20190925;-999;-999;-999;    3;   0.6;   4;-999;-999;  -999;  14.4;    -999;   14.6;   87.33;   17.0;   13.1;   11.5;eor
       3340;20190926;-999;-999;-999;    3;  13.8;   4;-999;-999;  -999;  16.2;    -999;   14.9;   95.04;   16.8;   11.9;    9.7;eor
       3340;20190927;-999;-999;-999;    3;   2.7;   4;-999;-999;  -999;  14.6;    -999;   14.9;   86.13;   17.8;   12.9;   10.6;eor
       3340;20190928;-999;-999;-999;    3;   1.0;   4;-999;-999;  -999;  13.4;    -999;   14.4;   81.58;   16.7;   12.8;   11.1;eor
       3340;20190929;-999;-999;-999;    3;   4.1;   4;-999;-999;  -999;  13.8;    -999;   15.0;   81.08;   17.3;   12.1;   10.7;eor
       3340;20190930;-999;-999;-999;    3;   0.0;   0;-999;-999;  -999;  12.2;    -999;   13.8;   77.75;   17.0;   11.4;    9.1;eor
       3340;20191001;-999;-999;-999;    3;  17.1;   4;-999;   0;  -999;  15.0;    -999;   14.8;   88.71;   18.1;   11.1;    9.5;eor
       3340;20191002;-999;-999;-999;    3;   0.3;   4;-999;   0;  -999;  10.8;    -999;   10.9;   82.25;   14.7;    7.5;    6.2;eor
       3340;20191003;-999;-999;-999;    3;   0.6;   4;-999;   0;  -999;  10.2;    -999;    8.8;   89.92;   12.7;    5.8;    4.3;eor
       3340;20191004;-999;-999;-999;    3;   5.7;   4;-999;   0;  -999;  11.0;    -999;    9.1;   95.25;   12.3;    6.1;    5.6;eor
       3340;20191005;-999;-999;-999;    3;   0.0;   0;-999;   0;  -999;   9.8;    -999;    8.7;   86.67;   11.2;    4.3;    2.6;eor
       3340;20191006;-999;-999;-999;    3;  23.5;   4;-999;   0;  -999;   9.6;    -999;    6.6;   97.96;    7.4;    5.0;    4.3;eor
       3340;20191007;-999;-999;-999;    3;   5.5;   4;-999;   0;  -999;  10.7;    -999;    8.8;   93.88;   10.8;    6.8;    6.6;eor
       3340;20191008;-999;-999;-999;    3;  13.1;   4;-999;   0;  -999;  13.1;    -999;   11.8;   94.21;   13.4;   10.1;    8.4;eor
       3340;20191009;-999;-999;-999;    3;   7.2;   4;-999;   0;  -999;  11.5;    -999;   10.6;   89.75;   12.8;    8.6;    7.3;eor
       3340;20191010;-999;-999;-999;    3;   0.0;   0;-999;   0;  -999;  10.5;    -999;   10.4;   84.29;   14.6;    8.0;    4.6;eor
       3340;20191011;-999;-999;-999;    3;   0.0;   0;-999;   0;  -999;  11.9;    -999;   11.5;   88.13;   16.0;    6.0;    3.4;eor
       3340;20191012;-999;-999;-999;    3;   0.0;   0;-999;   0;  -999;  12.8;    -999;   13.0;   86.04;   19.7;    6.2;    4.3;eor
       3340;20191013;-999;-999;-999;    3;   0.1;   4;-999;   0;  -999;  15.5;    -999;   16.0;   86.29;   23.2;   10.2;    7.9;eor
       3340;20191014;-999;-999;-999;    3;   0.0;   0;-999;   0;  -999;  14.6;    -999;   16.3;   80.42;   23.8;   10.6;    8.2;eor
       3340;20191015;-999;-999;-999;    3;   4.6;   4;-999;   0;  -999;  13.9;    -999;   13.2;   91.63;   18.8;    8.7;    7.0;eor
       3340;20191016;-999;-999;-999;    3;   7.9;   4;-999;   0;  -999;  12.7;    -999;   11.5;   92.83;   13.1;   10.1;    8.4;eor
       3340;20191017;-999;-999;-999;    3;   7.3;   4;-999;   0;  -999;  14.2;    -999;   13.0;   94.42;   15.8;   10.8;    9.9;eor
       3340;20191018;-999;-999;-999;    3;   2.2;   4;-999;   0;  -999;  11.9;    -999;   11.2;   89.08;   15.7;    6.1;    4.1;eor
       3340;20191019;-999;-999;-999;    3;   4.1;   4;-999;   0;  -999;  12.3;    -999;   11.2;   92.38;   15.5;    5.3;    3.3;eor
       3340;20191020;-999;-999;-999;    3;   2.9;   4;-999;   0;  -999;  14.7;    -999;   12.8;   99.42;   14.1;   11.4;   11.2;eor
       3340;20191021;-999;-999;-999;    3;   0.0;   0;-999;   0;  -999;  13.2;    -999;   13.1;   87.46;   17.7;    8.9;    7.4;eor
       3340;20191022;-999;-999;-999;    3;   0.0;   0;-999;   0;  -999;  11.3;    -999;   10.4;   90.13;   16.0;    6.8;    5.2;eor
       3340;20191023;-999;-999;-999;    1;   0.0;   0;-999;   0;  -999;  12.2;    -999;   10.3;   96.92;   13.1;    5.5;    3.8;eor
       3340;20191024;-999;-999;-999;    1;   0.0;   0;-999;   0;  -999;  13.4;    -999;   13.3;   88.17;   19.7;    9.4;    7.1;eor
       3340;20191025;-999;-999;-999;    1;   0.0;   0;-999;   0;  -999;  11.9;    -999;   12.8;   80.58;   16.0;    8.4;    6.0;eor
       3340;20191026;-999;-999;-999;    1;   0.0;   0;-999;   0;  -999;  12.3;    -999;   13.1;   81.88;   18.9;    6.7;    4.1;eor
       3340;20191027;-999;-999;-999;    1;   3.5;   4;-999;   0;  -999;  10.5;    -999;    9.3;   89.25;   15.1;    2.9;    0.4;eor
       3340;20191028;-999;-999;-999;    1;   0.0;   0;-999;   0;  -999;   8.4;    -999;    4.7;   98.00;    9.1;    0.6;   -0.5;eor
       3340;20191029;-999;-999;-999;    1;   0.0;   0;-999;   0;  -999;   8.1;    -999;    5.2;   91.79;   10.0;   -0.1;   -2.4;eor
       3340;20191030;-999;-999;-999;    1;   0.0;   0;-999;   0;  -999;   6.7;    -999;    2.8;   90.54;    6.3;   -0.8;   -3.3;eor
       3340;20191031;-999;-999;-999;    1;   0.0;   0;-999;   0;  -999;   6.2;    -999;    2.5;   85.92;    7.9;   -1.1;   -3.2;eor
       3340;20191101;-999;-999;-999;    1;   6.3;   4;-999;   0;  -999;   8.2;    -999;    4.1;   98.08;    9.4;   -0.5;   -2.2;eor
       3340;20191102;-999;-999;-999;    1;   1.9;   4;-999;   0;  -999;  12.5;    -999;   12.5;   86.46;   15.5;    9.3;    8.1;eor
       3340;20191103;-999;-999;-999;    1;   2.1;   4;-999;   0;  -999;  11.7;    -999;   11.0;   88.96;   13.7;    9.0;    7.9;eor
       3340;20191104;-999;-999;-999;    1;   6.8;   4;-999;   0;  -999;  10.8;    -999;    9.1;   93.29;   11.1;    6.3;    4.3;eor
       3340;20191105;-999;-999;-999;    1;   1.7;   4;-999;   0;  -999;   9.9;    -999;    8.5;   89.58;   11.7;    6.7;    5.6;eor
       3340;20191106;-999;-999;-999;    1;  10.2;   4;-999;   0;  -999;  10.1;    -999;    7.4;   98.17;    9.0;    4.9;    2.1;eor
       3340;20191107;-999;-999;-999;    1;   0.9;   4;-999;   0;  -999;   9.4;    -999;    6.9;   94.29;    8.6;    2.5;    0.1;eor
       3340;20191108;-999;-999;-999;    1;   0.0;   0;-999;   0;  -999;   8.0;    -999;    3.9;   97.63;    7.5;    0.0;   -1.9;eor
       3340;20191109;-999;-999;-999;    1;   0.0;   0;-999;   0;  -999;   7.8;    -999;    4.1;   95.46;    6.0;   -0.2;   -2.0;eor
       3340;20191110;-999;-999;-999;    1;   0.0;   0;-999;   0;  -999;   6.6;    -999;    0.9;  100.00;    2.7;   -0.9;   -0.6;eor
       3340;20191111;-999;-999;-999;    1;   0.4;   4;-999;   0;  -999;   7.2;    -999;    2.5;   97.67;    4.7;    0.8;    0.8;eor
       3340;20191112;-999;-999;-999;    1;   0.3;   4;-999;   0;  -999;   7.3;    -999;    4.4;   87.79;    6.8;    0.5;   -2.4;eor
       3340;20191113;-999;-999;-999;    1;   0.1;   4;-999;   0;  -999;   7.2;    -999;    3.5;   91.96;    5.7;    0.0;   -2.2;eor
       3340;20191114;-999;-999;-999;    1;   0.0;   0;-999;   0;  -999;   7.0;    -999;    4.3;   84.88;    7.5;    1.8;   -0.7;eor
       3340;20191115;-999;-999;-999;    1;   0.0;   0;-999;   0;  -999;   6.8;    -999;    3.0;   89.17;    5.9;    1.5;    0.0;eor
       3340;20191116;-999;-999;-999;    1;   0.0;   0;-999;   0;  -999;   6.3;    -999;    1.8;   91.96;    7.7;   -2.4;   -4.2;eor
       3340;20191117;-999;-999;-999;    1;  10.7;   4;-999;   0;  -999;   7.7;    -999;    3.4;   98.83;    5.4;    0.5;    0.1;eor
       3340;20191118;-999;-999;-999;    1;   5.8;   4;-999;   0;  -999;   7.5;    -999;    3.0;   98.46;    4.2;    1.2;    0.3;eor
       3340;20191119;-999;-999;-999;    1;   0.6;   4;-999;   0;  -999;   7.2;    -999;    2.9;   95.71;    5.2;    0.2;   -1.7;eor
       3340;20191120;-999;-999;-999;    1;   0.0;   0;-999;   0;  -999;   6.5;    -999;    1.3;   96.50;    3.8;   -2.3;   -4.4;eor
       3340;20191121;-999;-999;-999;    1;   0.0;   0;-999;   0;  -999;   6.6;    -999;    1.0;   99.67;    4.1;   -2.0;   -4.4;eor
       3340;20191122;-999;-999;-999;    1;   0.0;   4;-999;   0;  -999;   7.4;    -999;    2.8;   99.17;    4.1;   -0.2;   -1.6;eor
       3340;20191123;-999;-999;-999;    1;   0.0;   0;-999;   0;  -999;   7.9;    -999;    5.6;   86.96;   10.0;    3.1;    1.1;eor
       3340;20191124;-999;-999;-999;    1;   0.0;   0;-999;   0;  -999;   7.3;    -999;    2.9;   96.83;    8.7;   -0.1;   -1.9;eor
       3340;20191125;-999;-999;-999;    1;   0.1;   4;-999;   0;  -999;   7.5;    -999;    2.8;  100.00;    4.3;    0.7;    0.0;eor
       3340;20191126;-999;-999;-999;    1;   0.5;   4;-999;   0;  -999;  10.0;    -999;    7.3;   97.13;    9.3;    3.9;    3.6;eor
       3340;20191127;-999;-999;-999;    1;   0.1;   4;-999;   0;  -999;  10.2;    -999;    9.1;   88.08;   11.7;    6.5;    5.1;eor
       3340;20191128;-999;-999;-999;    1;  19.5;   4;-999;   0;  -999;   9.7;    -999;    9.4;   82.67;   10.7;    8.2;    7.3;eor
       3340;20191129;-999;-999;-999;    1;   0.0;   0;-999;   0;  -999;   7.7;    -999;    5.3;   86.25;    8.3;    1.0;   -1.5;eor
       3340;20191130;-999;-999;-999;    1;   0.0;   0;-999;   0;  -999;   6.1;    -999;    0.4;   96.25;    5.3;   -3.3;   -5.1;eor
       3340;20191201;-999;-999;-999;    1;   0.0;   0;-999;   0;  -999;   5.6;    -999;    0.6;   87.83;    2.3;   -1.2;   -2.6;eor
       3340;20191202;-999;-999;-999;    1;   1.0;   4;-999;   0;  -999;   6.5;    -999;    1.5;   93.83;    4.0;   -1.9;   -4.9;eor
       3340;20191203;-999;-999;-999;    1;   0.0;   4;-999;   0;  -999;   8.2;    -999;    4.3;   98.50;    6.0;    1.8;    2.0;eor
       3340;20191204;-999;-999;-999;    1;   0.0;   0;-999;   0;  -999;   6.4;    -999;    0.9;   97.38;    4.5;   -2.8;   -5.1;eor
       3340;20191205;-999;-999;-999;    1;   0.0;   0;-999;   0;  -999;   5.0;    -999;   -2.6;   99.04;    2.9;   -5.0;   -6.8;eor
       3340;20191206;-999;-999;-999;    1;  18.8;   4;-999;   0;  -999;   6.6;    -999;    1.2;   96.92;    6.2;   -4.9;   -5.6;eor
       3340;20191207;-999;-999;-999;    1;   0.3;   4;-999;   0;  -999;   9.0;    -999;    7.3;   88.08;    8.2;    6.1;    4.0;eor
       3340;20191208;-999;-999;-999;    1;   6.6;   4;-999;   0;  -999;   9.5;    -999;    8.7;   84.58;   10.8;    5.5;    4.3;eor
       3340;20191209;-999;-999;-999;    1;   3.5;   4;-999;   0;  -999;   8.0;    -999;    6.0;   85.25;    7.2;    3.2;    2.0;eor
       3340;20191210;-999;-999;-999;    1;   5.2;   4;-999;   0;  -999;   6.3;    -999;    2.3;   88.17;    5.2;   -1.3;   -3.5;eor
       3340;20191211;-999;-999;-999;    1;  12.0;   4;-999;   0;  -999;   6.8;    -999;    1.8;   97.42;    3.5;    1.0;    0.2;eor
       3340;20191212;-999;-999;-999;    1;   1.1;   4;-999;   0;  -999;   6.8;    -999;    2.5;   93.25;    4.8;    0.6;   -1.2;eor
       3340;20191213;-999;-999;-999;    1;  15.7;   4;-999;   0;  -999;   6.7;    -999;    1.8;   95.92;    4.8;    0.2;   -0.7;eor
       3340;20191214;-999;-999;-999;    1;   3.6;   4;-999;   0;  -999;   7.6;    -999;    5.4;   84.63;    7.1;    3.2;    2.5;eor
       3340;20191215;-999;-999;-999;    1;   8.5;   4;-999;   0;  -999;   8.4;    -999;    6.7;   85.13;   10.2;    2.2;    0.1;eor
       3340;20191216;-999;-999;-999;    1;   0.2;   4;-999;   0;  -999;   9.6;    -999;    6.5;   98.58;    9.7;    2.9;    2.4;eor
       3340;20191217;-999;-999;-999;    1;   1.2;   4;-999;   0;  -999;  10.0;    -999;   10.6;   78.79;   14.9;    5.3;    3.5;eor
       3340;20191218;-999;-999;-999;    1;   0.0;   0;-999;   0;  -999;   9.2;    -999;    6.8;   92.54;   10.7;    1.3;   -1.1;eor
       3340;20191219;-999;-999;-999;    1;   0.0;   0;-999;   0;  -999;   8.2;    -999;    4.3;   98.54;    8.2;    0.4;   -1.4;eor
       3340;20191220;-999;-999;-999;    1;   7.5;   4;-999;   0;  -999;   8.7;    -999;    5.5;   95.21;    9.4;    1.8;   -0.5;eor
       3340;20191221;-999;-999;-999;    1;   0.6;   4;-999;   0;  -999;   8.3;    -999;    6.0;   89.29;    9.4;    1.5;   -1.3;eor
       3340;20191222;-999;-999;-999;    1;   9.9;   4;-999;   0;  -999;   8.9;    -999;    6.5;   91.42;    9.5;    5.1;    4.2;eor
       3340;20191223;-999;-999;-999;    1;   2.4;   4;-999;   0;  -999;   8.7;    -999;    6.4;   90.67;    8.1;    5.0;    2.8;eor
       3340;20191224;-999;-999;-999;    1;  10.8;   4;-999;   0;  -999;   8.5;    -999;    6.4;   88.63;    8.9;    3.2;    0.9;eor
       3340;20191225;-999;-999;-999;    1;   4.9;   4;-999;   0;  -999;   8.8;    -999;    6.1;   93.67;    7.5;    4.4;    2.8;eor
       3340;20191226;-999;-999;-999;    1;   1.1;   4;-999;   0;  -999;   8.0;    -999;    4.1;   97.88;    5.4;    3.1;    1.9;eor
       3340;20191227;-999;-999;-999;    1;   0.0;   0;-999;   0;  -999;   7.3;    -999;    3.0;   95.96;    5.0;   -2.1;   -4.4;eor
       3340;20191228;-999;-999;-999;    1;   0.0;   0;-999;   0;  -999;   5.3;    -999;   -1.7;   97.42;    0.9;   -4.2;   -6.0;eor
       3340;20191229;-999;-999;-999;    1;   0.0;   0;-999;   0;  -999;   5.0;    -999;   -1.7;   93.00;    0.7;   -4.5;   -5.8;eor
       3340;20191230;-999;-999;-999;    1;   0.0;   0;-999;   0;  -999;   5.0;    -999;   -1.3;   90.54;    4.5;   -4.6;   -6.1;eor
       3340;20191231;-999;-999;-999;    1;   0.0;   0;-999;   0;  -999;   5.6;    -999;   -0.9;   96.13;    4.4;   -5.0;   -6.4;eor
       3340;20200101;-999;-999;-999;    1;   0.0;   0;-999;   0;  -999;   5.6;    -999;   -1.3;   99.92;   -0.1;   -4.5;   -6.2;eor
       3340;20200102;-999;-999;-999;    1;   0.5;   4;-999;   0;  -999;   5.8;    -999;   -0.7;  100.00;    0.9;   -2.8;   -2.5;eor
       3340;20200103;-999;-999;-999;    1;   3.5;   4;-999;   0;  -999;   8.4;    -999;    5.2;   94.75;    8.3;    0.7;    0.6;eor
