STATIONS_ID;MESS_DATUM;QN_3;  FX;  FM;QN_4; RSK;RSKF; SDK;SHK_TAG;  NM; VPM;  PM; TMK; UPM; TXK; TNK; TGK;eor
       3348;20180628;-999;-999;-999;    3;   0.0;   0;-999;-999;  -999;  13.3;    -999;   20.2;   57.67;   26.2;   11.9;    9.0;eor
       3348;20180629;-999;-999;-999;    3;   0.0;   0;-999;-999;  -999;  12.4;    -999;   21.6;   50.04;   27.9;   13.8;   10.9;eor
       3348;20180630;-999;-999;-999;    3;   0.0;   0;-999;-999;  -999;   9.3;    -999;   18.5;   47.33;   24.5;   11.1;    8.2;eor
       3348;20180701;-999;-999;-999;    3;   0.0;   0;-999;-999;  -999;   7.9;    -999;   16.5;   46.29;   23.5;    7.5;    5.4;eor
       3348;20180702;-999;-999;-999;    3;   0.0;   0;-999;-999;  -999;   8.5;    -999;   16.4;   49.21;   24.1;    7.1;    4.7;eor
       3348;20180703;-999;-999;-999;    3;   0.0;   0;-999;-999;  -999;   9.1;    -999;   18.3;   47.96;   27.5;    7.7;    5.4;eor
       3348;20180704;-999;-999;-999;    3;   0.0;   0;-999;-999;  -999;  12.6;    -999;   21.4;   53.58;   29.9;    9.9;    7.7;eor
       3348;20180705;-999;-999;-999;    3;   0.1;   4;-999;-999;  -999;  14.8;    -999;   21.7;   58.79;   27.8;   14.7;   12.2;eor
       3348;20180706;-999;-999;-999;    3;   0.0;   0;-999;-999;  -999;  12.3;    -999;   16.8;   66.08;   24.3;   10.7;    8.0;eor
       3348;20180707;-999;-999;-999;    3;   0.0;   0;-999;-999;  -999;  10.8;    -999;   16.7;   59.71;   24.4;    7.5;    4.8;eor
       3348;20180708;-999;-999;-999;    3;   0.0;   0;-999;-999;  -999;  11.8;    -999;   17.8;   59.75;   25.2;   10.9;    9.3;eor
       3348;20180709;-999;-999;-999;    3;   0.0;   4;-999;-999;  -999;  12.9;    -999;   17.0;   66.79;   22.4;   11.0;    8.8;eor
       3348;20180710;-999;-999;-999;    3;   5.0;   4;-999;-999;  -999;  12.8;    -999;   13.2;   84.13;   15.6;   11.3;    9.9;eor
       3348;20180711;-999;-999;-999;    3;   0.5;   4;-999;-999;  -999;  14.0;    -999;   13.6;   89.71;   17.8;   10.4;    8.9;eor
       3348;20180712;-999;-999;-999;    3;   0.0;   0;-999;-999;  -999;  16.0;    -999;   18.3;   78.08;   25.2;   11.4;    9.5;eor
       3348;20180713;-999;-999;-999;    3;   0.0;   0;-999;-999;  -999;  14.7;    -999;   18.9;   70.08;   25.1;   11.9;    9.5;eor
       3348;20180714;-999;-999;-999;    3;   0.0;   0;-999;-999;  -999;  14.7;    -999;   17.8;   73.92;   25.3;   10.8;    8.5;eor
       3348;20180715;-999;-999;-999;    3;   0.0;   0;-999;-999;  -999;  11.8;    -999;   18.8;   58.54;   26.0;   10.9;    8.6;eor
       3348;20180716;-999;-999;-999;    3;   0.0;   0;-999;-999;  -999;  11.5;    -999;   20.9;   50.58;   28.8;   11.0;    8.5;eor
       3348;20180717;-999;-999;-999;    3;   0.0;   0;-999;-999;  -999;  12.1;    -999;   22.5;   48.92;   31.0;   13.0;   10.8;eor
       3348;20180718;-999;-999;-999;    3;   0.0;   0;-999;-999;  -999;  12.8;    -999;   20.2;   55.96;   25.8;   13.6;   10.4;eor
       3348;20180719;-999;-999;-999;    3;   0.0;   0;-999;-999;  -999;  10.5;    -999;   19.3;   49.92;   26.5;   11.8;    8.6;eor
       3348;20180720;-999;-999;-999;    3;   0.0;   0;-999;-999;  -999;  11.4;    -999;   20.8;   50.63;   29.0;   11.3;    8.9;eor
       3348;20180721;-999;-999;-999;    3;   0.0;   0;-999;-999;  -999;  13.1;    -999;   22.2;   50.71;   28.6;   16.1;   13.6;eor
       3348;20180722;-999;-999;-999;    3;  48.8;   4;-999;-999;  -999;  17.6;    -999;   18.9;   82.04;   28.0;   14.7;   13.7;eor
       3348;20180723;-999;-999;-999;    3;   0.0;   0;-999;-999;  -999;  16.8;    -999;   19.7;   77.17;   28.6;   12.9;   12.0;eor
       3348;20180724;-999;-999;-999;    3;   0.0;   0;-999;-999;  -999;  16.1;    -999;   23.1;   62.00;   31.9;   14.0;   12.6;eor
       3348;20180725;-999;-999;-999;    3;   0.0;   0;-999;-999;  -999;  16.6;    -999;   25.4;   55.04;   33.2;   17.0;   15.2;eor
       3348;20180726;-999;-999;-999;    3;   0.0;   0;-999;-999;  -999;  15.7;    -999;   25.1;   53.50;   32.5;   17.0;   15.0;eor
       3348;20180727;-999;-999;-999;    3;   0.0;   0;-999;-999;  -999;  15.4;    -999;   24.9;   52.25;   32.1;   16.2;   14.1;eor
       3348;20180728;-999;-999;-999;    3;  13.7;   4;-999;-999;  -999;  17.9;    -999;   22.5;   69.17;   31.8;   16.0;   15.2;eor
       3348;20180729;-999;-999;-999;    3;   0.0;   0;-999;-999;  -999;  18.1;    -999;   20.8;   77.13;   28.9;   13.6;   12.4;eor
       3348;20180730;-999;-999;-999;    3;   0.0;   0;-999;-999;  -999;  16.9;    -999;   24.3;   60.13;   32.7;   15.8;   14.3;eor
       3348;20180731;-999;-999;-999;    3;   0.0;   0;-999;-999;  -999;  17.3;    -999;   25.9;   55.58;   34.2;   17.0;   15.0;eor
       3348;20180801;-999;-999;-999;    3;   8.0;   4;-999;-999;  -999;  15.8;    -999;   24.2;   53.42;   29.2;   18.3;   16.6;eor
       3348;20180802;-999;-999;-999;    3;   0.0;   0;-999;-999;  -999;  19.2;    -999;   23.6;   68.46;   30.1;   17.0;   16.5;eor
       3348;20180803;-999;-999;-999;    3;   0.0;   0;-999;-999;  -999;  17.6;    -999;   24.9;   60.75;   33.0;   16.7;   15.2;eor
       3348;20180804;-999;-999;-999;    3;   0.0;   0;-999;-999;  -999;  17.6;    -999;   24.8;   58.21;   31.4;   18.3;   16.0;eor
       3348;20180805;-999;-999;-999;    3;   0.0;   0;-999;-999;  -999;  15.0;    -999;   20.4;   64.42;   25.6;   13.6;   11.3;eor
       3348;20180806;-999;-999;-999;    3;   0.0;   0;-999;-999;  -999;  12.4;    -999;   20.9;   55.75;   30.8;   11.0;    8.8;eor
       3348;20180807;-999;-999;-999;    3;   0.0;   0;-999;-999;  -999;  13.3;    -999;   26.0;   42.71;   35.5;   15.6;   12.8;eor
       3348;20180808;-999;-999;-999;    3;   0.0;   0;-999;-999;  -999;  17.2;    -999;   24.2;   58.75;   30.9;   17.6;   15.3;eor
       3348;20180809;-999;-999;-999;    3;  10.0;   4;-999;-999;  -999;  18.7;    -999;   21.8;   73.79;   32.9;   16.6;   14.4;eor
       3348;20180810;-999;-999;-999;    3;   0.4;   4;-999;-999;  -999;  11.6;    -999;   17.3;   60.29;   23.3;   10.5;    8.4;eor
       3348;20180811;-999;-999;-999;    3;   0.4;   4;-999;-999;  -999;  10.6;    -999;   15.1;   64.38;   21.3;   10.0;    7.7;eor
       3348;20180812;-999;-999;-999;    3;   0.0;   0;-999;-999;  -999;   9.2;    -999;   17.1;   53.92;   26.5;    7.6;    5.7;eor
       3348;20180813;-999;-999;-999;    3;   0.6;   4;-999;-999;  -999;  14.2;    -999;   16.4;   74.96;   22.8;   10.7;    8.2;eor
       3348;20180814;-999;-999;-999;    3;   1.7;   4;-999;-999;  -999;  16.0;    -999;   16.5;   85.75;   21.2;   12.1;   10.3;eor
       3348;20180815;-999;-999;-999;    3;   0.0;   0;-999;-999;  -999;  15.0;    -999;   17.5;   76.92;   22.5;   12.2;   10.6;eor
       3348;20180816;-999;-999;-999;    3;   0.0;   0;-999;-999;  -999;  14.3;    -999;   20.2;   64.79;   29.1;   10.9;    9.0;eor
       3348;20180817;-999;-999;-999;    3;   0.0;   0;-999;-999;  -999;  16.2;    -999;   20.8;   67.13;   26.9;   15.5;   13.3;eor
       3348;20180818;-999;-999;-999;    3;   0.0;   0;-999;-999;  -999;  12.6;    -999;   19.5;   58.67;   26.3;   14.0;   11.2;eor
       3348;20180819;-999;-999;-999;    3;   0.0;   0;-999;-999;  -999;  12.9;    -999;   20.4;   57.92;   29.0;   12.2;    9.9;eor
       3348;20180820;-999;-999;-999;    3;   0.0;   4;-999;-999;  -999;  17.0;    -999;   19.0;   76.96;   22.1;   14.4;   12.4;eor
       3348;20180821;-999;-999;-999;    3;   0.0;   0;-999;-999;  -999;  16.3;    -999;   19.3;   74.38;   24.6;   13.8;   11.3;eor
       3348;20180822;-999;-999;-999;    3;   0.0;   0;-999;-999;  -999;  13.9;    -999;   21.0;   59.13;   31.0;   12.5;    9.8;eor
       3348;20180823;-999;-999;-999;    3;   0.9;   4;-999;-999;  -999;  16.2;    -999;   22.2;   62.96;   30.2;   15.1;   12.9;eor
       3348;20180824;-999;-999;-999;    3;   0.0;   4;-999;-999;  -999;  13.2;    -999;   16.9;   68.75;   20.9;    9.5;    6.8;eor
       3348;20180825;-999;-999;-999;    3;   0.3;   4;-999;-999;  -999;  10.2;    -999;   12.8;   70.00;   17.7;    8.6;    5.8;eor
       3348;20180826;-999;-999;-999;    3;   0.1;   4;-999;-999;  -999;   8.7;    -999;   13.4;   60.71;   20.6;    5.8;    3.2;eor
       3348;20180827;-999;-999;-999;    3;   0.4;   4;-999;-999;  -999;  12.2;    -999;   15.9;   66.75;   19.6;   11.4;   10.2;eor
       3348;20180828;-999;-999;-999;    3;   0.0;   0;-999;-999;  -999;  12.1;    -999;   16.1;   68.13;   22.6;   10.6;    7.7;eor
       3348;20180829;-999;-999;-999;    3;   3.8;   4;-999;-999;  -999;  12.8;    -999;   19.4;   60.08;   29.5;    9.0;    6.0;eor
       3348;20180830;-999;-999;-999;    3;   3.8;   4;-999;-999;  -999;  15.2;    -999;   15.8;   85.38;   20.4;   10.1;    8.3;eor
       3348;20180831;-999;-999;-999;    3;   0.0;   0;-999;-999;  -999;  11.0;    -999;   13.1;   76.08;   19.3;    7.7;    5.8;eor
       3348;20180901;-999;-999;-999;    3;   0.0;   0;-999;-999;  -999;  10.8;    -999;   14.4;   68.38;   20.7;    6.3;    4.3;eor
       3348;20180902;-999;-999;-999;    3;   0.1;   4;-999;-999;  -999;  13.1;    -999;   15.7;   73.63;   19.9;   10.6;    7.7;eor
       3348;20180903;-999;-999;-999;    3;   1.2;   4;-999;-999;  -999;  17.6;    -999;   18.5;   82.21;   24.0;   14.8;   12.2;eor
       3348;20180904;-999;-999;-999;    3;   0.0;   0;-999;-999;  -999;  16.3;    -999;   20.3;   70.58;   27.0;   14.1;   11.2;eor
       3348;20180905;-999;-999;-999;    3;   0.0;   0;-999;-999;  -999;  13.6;    -999;   18.3;   67.96;   26.5;   11.1;    8.6;eor
       3348;20180906;-999;-999;-999;    3;   3.8;   4;-999;-999;  -999;  14.8;    -999;   17.7;   75.29;   26.6;   12.2;    9.2;eor
       3348;20180907;-999;-999;-999;    3;   0.0;   0;-999;-999;  -999;  13.5;    -999;   15.1;   79.04;   20.5;    8.3;    5.7;eor
       3348;20180908;-999;-999;-999;    3;   0.0;   0;-999;-999;  -999;  10.1;    -999;   13.8;   66.83;   20.4;    7.3;    4.7;eor
       3348;20180909;-999;-999;-999;    3;   0.0;   0;-999;-999;  -999;  11.2;    -999;   16.3;   63.50;   23.9;   10.8;    7.6;eor
       3348;20180910;-999;-999;-999;    3;   0.0;   0;-999;-999;  -999;  12.1;    -999;   16.3;   67.42;   23.4;    9.2;    6.3;eor
       3348;20180911;-999;-999;-999;    3;   0.0;   0;-999;-999;  -999;  12.6;    -999;   18.9;   59.83;   26.3;   13.7;   11.2;eor
       3348;20180912;-999;-999;-999;    3;   0.7;   4;-999;-999;  -999;  13.9;    -999;   17.7;   70.54;   26.9;   12.5;    9.6;eor
       3348;20180913;-999;-999;-999;    3;   0.9;   4;-999;-999;  -999;  13.7;    -999;   12.4;   95.21;   13.2;   11.4;   11.0;eor
       3348;20180914;-999;-999;-999;    3;   0.0;   0;-999;-999;  -999;  11.9;    -999;   12.6;   82.83;   19.4;    8.9;    6.7;eor
       3348;20180915;-999;-999;-999;    3;   0.0;   0;-999;-999;  -999;  11.2;    -999;   13.7;   72.50;   19.2;    9.0;    5.9;eor
       3348;20180916;-999;-999;-999;    3;   0.0;   0;-999;-999;  -999;  10.0;    -999;   13.9;   66.96;   22.5;    6.6;    4.3;eor
       3348;20180917;-999;-999;-999;    3;   0.0;   0;-999;-999;  -999;   9.6;    -999;   15.9;   57.38;   26.0;    7.2;    4.0;eor
       3348;20180918;-999;-999;-999;    3;   0.0;   0;-999;-999;  -999;  11.4;    -999;   20.0;   52.17;   30.3;    9.1;    5.8;eor
       3348;20180919;-999;-999;-999;    3;   0.0;   0;-999;-999;  -999;  14.4;    -999;   20.2;   63.13;   28.5;   13.3;   10.0;eor
       3348;20180920;-999;-999;-999;    3;   0.0;   0;-999;-999;  -999;  13.5;    -999;   18.9;   64.13;   26.5;   12.3;    9.1;eor
       3348;20180921;-999;-999;-999;    3;   2.2;   4;-999;-999;  -999;  12.9;    -999;   16.1;   70.42;   24.8;    9.8;    6.4;eor
       3348;20180922;-999;-999;-999;    3;   1.2;   4;-999;-999;  -999;  10.1;    -999;   11.6;   75.08;   16.0;    9.0;    7.6;eor
       3348;20180923;-999;-999;-999;    3;  20.4;   4;-999;-999;  -999;  11.0;    -999;    9.1;   94.96;   10.7;    7.0;    6.2;eor
       3348;20180924;-999;-999;-999;    3;   2.0;   4;-999;-999;  -999;   8.8;    -999;    8.4;   81.13;   13.8;    4.5;    1.9;eor
       3348;20180925;-999;-999;-999;    3;   0.0;   0;-999;-999;  -999;   8.4;    -999;    7.3;   83.79;   14.3;    2.1;    0.1;eor
       3348;20180926;-999;-999;-999;    3;   0.0;   0;-999;-999;  -999;   8.2;    -999;    9.1;   74.38;   16.7;    3.1;    1.2;eor
       3348;20180927;-999;-999;-999;    3;   0.0;   0;-999;-999;  -999;   8.9;    -999;   14.4;   57.67;   23.1;    7.5;    5.6;eor
       3348;20180928;-999;-999;-999;    3;   0.2;   4;-999;-999;  -999;   8.7;    -999;   10.1;   71.21;   14.2;    3.9;    1.0;eor
       3348;20180929;-999;-999;-999;    3;   0.0;   0;-999;-999;  -999;   6.9;    -999;    7.3;   70.58;   15.0;    1.0;   -1.0;eor
       3348;20180930;-999;-999;-999;    3;   0.0;   0;-999;-999;  -999;   7.0;    -999;    8.7;   66.75;   18.5;    0.9;   -1.5;eor
       3348;20181001;-999;-999;-999;    3;   0.6;   4;-999;   0;  -999;   8.6;    -999;    7.7;   81.46;   13.8;    3.8;    0.8;eor
       3348;20181002;-999;-999;-999;    3;   3.9;   4;-999;   0;  -999;   9.3;    -999;    7.1;   90.96;   11.3;    2.7;    0.0;eor
       3348;20181003;-999;-999;-999;    3;   0.0;   0;-999;   0;  -999;   8.9;    -999;   10.1;   73.13;   14.9;    4.6;    2.0;eor
       3348;20181004;-999;-999;-999;    3;   0.1;   4;-999;   0;  -999;  10.1;    -999;    8.7;   88.83;   14.4;    4.6;    2.5;eor
       3348;20181005;-999;-999;-999;    3;   0.0;   0;-999;   0;  -999;  10.3;    -999;   11.0;   80.21;   20.3;    4.0;    1.9;eor
       3348;20181006;-999;-999;-999;    3;   0.0;   0;-999;   0;  -999;  12.0;    -999;   14.5;   74.08;   23.7;    6.4;    3.2;eor
       3348;20181007;-999;-999;-999;    3;   0.0;   4;-999;   0;  -999;  10.1;    -999;    9.8;   83.13;   13.4;    3.4;    1.0;eor
       3348;20181008;-999;-999;-999;    3;   0.0;   0;-999;   0;  -999;   9.1;    -999;    8.3;   83.38;   16.6;    2.2;   -0.5;eor
       3348;20181009;-999;-999;-999;    3;   0.0;   0;-999;   0;  -999;  11.4;    -999;   11.0;   86.54;   21.5;    4.2;    1.8;eor
       3348;20181010;-999;-999;-999;    3;   0.0;   0;-999;   0;  -999;  12.5;    -999;   13.6;   81.33;   22.4;    6.0;    3.2;eor
       3348;20181011;-999;-999;-999;    3;   0.0;   0;-999;   0;  -999;  11.6;    -999;   14.8;   71.71;   23.2;    9.4;    6.2;eor
       3348;20181012;-999;-999;-999;    3;   0.0;   0;-999;   0;  -999;  12.6;    -999;   16.0;   70.29;   24.3;    9.0;    5.8;eor
       3348;20181013;-999;-999;-999;    3;   0.0;   0;-999;   0;  -999;  12.4;    -999;   16.5;   69.67;   26.0;   10.6;    6.8;eor
       3348;20181014;-999;-999;-999;    3;   0.0;   0;-999;   0;  -999;  11.3;    -999;   14.3;   71.96;   24.1;    7.2;    3.4;eor
       3348;20181015;-999;-999;-999;    3;   0.0;   0;-999;   0;  -999;  10.8;    -999;   14.6;   68.25;   25.3;    8.3;    4.8;eor
       3348;20181016;-999;-999;-999;    3;   0.0;   0;-999;   0;  -999;  11.9;    -999;   12.9;   80.13;   22.3;    7.3;    4.4;eor
       3348;20181017;-999;-999;-999;    3;   0.0;   0;-999;   0;  -999;  12.5;    -999;   13.7;   81.54;   22.5;    8.6;    5.6;eor
       3348;20181018;-999;-999;-999;    3;   0.0;   0;-999;   0;  -999;  12.6;    -999;   12.1;   88.92;   15.4;    9.3;    5.9;eor
       3348;20181019;-999;-999;-999;    3;   0.0;   0;-999;   0;  -999;  10.2;    -999;   10.9;   78.17;   14.7;    6.1;    3.1;eor
       3348;20181020;-999;-999;-999;    3;   0.0;   0;-999;   0;  -999;   8.5;    -999;    7.8;   81.63;   14.6;    3.5;    0.4;eor
       3348;20181021;-999;-999;-999;    3;   0.0;   0;-999;   0;  -999;   9.1;    -999;    8.4;   83.96;   15.1;    3.6;    1.1;eor
       3348;20181022;-999;-999;-999;    3;   1.8;   4;-999;   0;  -999;   8.9;    -999;    6.4;   91.46;   11.8;    1.7;   -0.9;eor
       3348;20181023;-999;-999;-999;    3;   9.0;   4;-999;   0;  -999;   9.7;    -999;    8.1;   88.38;   11.5;    1.3;   -1.3;eor
       3348;20181024;-999;-999;-999;    3;   3.9;   4;-999;   0;  -999;  12.1;    -999;   11.1;   91.67;   12.4;   10.2;    9.6;eor
       3348;20181025;-999;-999;-999;    3;   2.7;   4;-999;   0;  -999;  11.4;    -999;   10.9;   87.58;   12.8;    8.6;    8.4;eor
       3348;20181026;-999;-999;-999;    3;   0.5;   4;-999;   0;  -999;  10.1;    -999;    8.8;   89.33;   10.5;    6.2;    5.4;eor
       3348;20181027;-999;-999;-999;    3;   0.0;   0;-999;   0;  -999;   7.6;    -999;    5.6;   83.46;    8.3;    2.6;    0.8;eor
       3348;20181028;-999;-999;-999;    3;   0.2;   4;-999;   0;  -999;   7.0;    -999;    3.3;   90.00;    4.4;    2.0;    1.1;eor
       3348;20181029;-999;-999;-999;    3;   0.1;   4;-999;   0;  -999;   7.3;    -999;    3.7;   91.71;    4.5;    3.1;    3.0;eor
       3348;20181030;-999;-999;-999;    3;   2.1;   4;-999;   0;  -999;   8.1;    -999;    5.6;   88.67;    9.1;    3.3;    3.3;eor
       3348;20181031;-999;-999;-999;    3;   0.0;   0;-999;   0;  -999;   8.1;    -999;    7.3;   79.17;   11.7;    3.3;    0.8;eor
       3348;20181101;-999;-999;-999;    3;   0.0;   0;-999;   0;  -999;   8.3;    -999;    6.7;   84.50;   10.4;    3.2;    0.1;eor
       3348;20181102;-999;-999;-999;    3;   0.0;   0;-999;   0;  -999;   8.9;    -999;    8.4;   81.29;   12.5;    4.6;    1.5;eor
       3348;20181103;-999;-999;-999;    3;   0.0;   0;-999;   0;  -999;   7.3;    -999;    4.9;   85.08;   10.6;   -0.3;   -2.5;eor
       3348;20181104;-999;-999;-999;    3;   0.0;   0;-999;   0;  -999;   9.9;    -999;    8.0;   92.21;   10.2;    5.4;    4.4;eor
       3348;20181105;-999;-999;-999;    3;   0.0;   0;-999;   0;  -999;  10.9;    -999;    9.3;   93.00;   12.8;    5.2;    2.6;eor
       3348;20181106;-999;-999;-999;    3;   0.0;   0;-999;   0;  -999;  10.2;    -999;    8.1;   94.17;   14.1;    3.7;    1.0;eor
       3348;20181107;-999;-999;-999;    3;   0.0;   0;-999;   0;  -999;   9.8;    -999;    8.4;   89.42;   15.7;    3.9;    1.4;eor
       3348;20181108;-999;-999;-999;    3;   0.9;   4;-999;   0;  -999;  10.5;    -999;    9.8;   87.08;   14.3;    6.7;    4.7;eor
       3348;20181109;-999;-999;-999;    3;   0.0;   4;-999;   0;  -999;  10.9;    -999;    9.4;   92.17;   12.5;    6.9;    4.3;eor
       3348;20181110;-999;-999;-999;    3;   0.5;   4;-999;   0;  -999;  10.2;    -999;    8.9;   88.92;   10.9;    5.5;    3.5;eor
       3348;20181111;-999;-999;-999;    3;   4.9;   4;-999;   0;  -999;  11.1;    -999;   10.6;   86.42;   14.2;    7.9;    6.0;eor
       3348;20181112;-999;-999;-999;    3;   2.5;   4;-999;   0;  -999;  12.0;    -999;   11.5;   88.92;   16.1;    8.5;    7.0;eor
       3348;20181113;-999;-999;-999;    3;   1.2;   4;-999;   0;  -999;  10.5;    -999;    9.7;   87.21;   12.8;    4.8;    1.5;eor
       3348;20181114;-999;-999;-999;    3;   0.0;   0;-999;   0;  -999;   8.6;    -999;    6.0;   92.00;   11.9;    2.3;    0.0;eor
       3348;20181115;-999;-999;-999;    3;   0.0;   0;-999;   0;  -999;   7.3;    -999;    3.3;   94.33;    6.2;   -1.0;   -2.2;eor
       3348;20181116;-999;-999;-999;    3;   0.0;   0;-999;   0;  -999;   6.5;    -999;    2.4;   89.83;    8.7;   -1.5;   -3.0;eor
       3348;20181117;-999;-999;-999;    3;   0.0;   0;-999;   0;  -999;   5.6;    -999;    0.3;   90.63;    4.4;   -3.8;   -6.5;eor
       3348;20181118;-999;-999;-999;    3;   0.3;   4;-999;   0;  -999;   4.7;    -999;   -0.1;   78.13;    4.3;   -5.2;   -7.4;eor
       3348;20181119;-999;-999;-999;    3;   0.9;   4;-999;   0;  -999;   6.3;    -999;    2.8;   84.08;    3.7;    0.5;   -0.7;eor
       3348;20181120;-999;-999;-999;    3;   1.8;   4;-999;   0;  -999;   5.7;    -999;    1.0;   86.21;    1.8;    0.2;   -0.1;eor
       3348;20181121;-999;-999;-999;    3;   0.7;   4;-999;   0;  -999;   6.0;    -999;    0.9;   92.42;    1.8;    0.2;   -0.1;eor
       3348;20181122;-999;-999;-999;    3;   0.0;   0;-999;   0;  -999;   6.2;    -999;    0.9;   95.58;    1.6;    0.0;   -0.1;eor
       3348;20181123;-999;-999;-999;    3;   0.0;   0;-999;   0;  -999;   6.6;    -999;    1.6;   95.79;    3.3;    0.1;   -0.9;eor
       3348;20181124;-999;-999;-999;    3;   4.6;   4;-999;   0;  -999;   6.8;    -999;    1.4;   99.50;    3.5;   -0.2;   -0.1;eor
       3348;20181125;-999;-999;-999;    3;   0.0;   4;-999;   0;  -999;   8.0;    -999;    4.1;   97.13;    7.3;    2.7;    1.4;eor
       3348;20181126;-999;-999;-999;    3;   0.0;   0;-999;   0;  -999;   6.8;    -999;    2.3;   93.92;    3.6;    0.8;    1.2;eor
       3348;20181127;-999;-999;-999;    3;   0.0;   0;-999;   0;  -999;   5.4;    -999;    0.3;   86.25;    2.3;   -2.6;   -3.8;eor
       3348;20181128;-999;-999;-999;    3;   0.8;   4;-999;   0;  -999;   5.0;    -999;   -0.6;   84.96;    2.3;   -4.2;   -5.4;eor
       3348;20181129;-999;-999;-999;    3;   0.4;   4;-999;   0;  -999;   6.1;    -999;    2.8;   81.33;    4.5;    1.0;    0.3;eor
       3348;20181130;-999;-999;-999;    3;   0.1;   4;-999;   0;  -999;   6.6;    -999;    3.8;   81.46;    5.7;    2.4;    1.5;eor
       3348;20181201;-999;-999;-999;    3;   0.2;   4;-999;   0;  -999;   8.2;    -999;    5.6;   90.13;    7.7;    3.2;    0.8;eor
       3348;20181202;-999;-999;-999;    3;  14.3;   4;-999;   0;  -999;  10.5;    -999;    8.7;   92.25;   11.6;    6.5;    5.7;eor
       3348;20181203;-999;-999;-999;    3;  16.3;   4;-999;   0;  -999;  11.6;    -999;   10.3;   92.13;   12.2;    8.2;    6.9;eor
       3348;20181204;-999;-999;-999;    3;   0.3;   4;-999;   0;  -999;   7.4;    -999;    4.1;   89.46;    9.9;   -1.3;   -3.6;eor
       3348;20181205;-999;-999;-999;    3;   0.2;   4;-999;   0;  -999;   6.0;    -999;    0.5;   94.33;    3.3;   -3.0;   -4.1;eor
       3348;20181206;-999;-999;-999;    3;   1.4;   4;-999;   0;  -999;   9.1;    -999;    6.4;   93.25;    9.8;    2.9;    2.2;eor
       3348;20181207;-999;-999;-999;    3;   6.0;   4;-999;   0;  -999;  11.0;    -999;    9.6;   91.21;   10.8;    5.1;    4.1;eor
       3348;20181208;-999;-999;-999;    3;  24.8;   4;-999;   0;  -999;   7.9;    -999;    5.7;   86.17;    7.6;    4.5;    2.9;eor
       3348;20181209;-999;-999;-999;    3;   4.7;   4;-999;   0;  -999;   8.2;    -999;    6.1;   86.96;    7.8;    4.2;    2.8;eor
       3348;20181210;-999;-999;-999;    3;   1.6;   4;-999;   0;  -999;   6.6;    -999;    3.2;   85.58;    4.8;    2.0;    0.2;eor
       3348;20181211;-999;-999;-999;    3;   0.5;   4;-999;   0;  -999;   6.6;    -999;    3.5;   84.71;    4.7;    2.1;    1.4;eor
       3348;20181212;-999;-999;-999;    3;   0.8;   4;-999;   0;  -999;   6.6;    -999;    2.1;   92.29;    2.7;    1.2;   -0.2;eor
       3348;20181213;-999;-999;-999;    3;   0.0;   0;-999;   0;  -999;   5.5;    -999;    0.2;   89.63;    1.6;   -1.9;   -3.9;eor
       3348;20181214;-999;-999;-999;    3;   0.0;   0;-999;   0;  -999;   4.9;    -999;   -0.1;   80.50;    0.5;   -0.8;   -1.7;eor
       3348;20181215;-999;-999;-999;    3;   0.0;   0;-999;   0;  -999;   4.4;    -999;   -1.0;   77.92;   -0.4;   -1.7;   -1.8;eor
       3348;20181216;-999;-999;-999;    3;   0.8;   4;-999;   0;  -999;   4.6;    -999;   -1.9;   86.63;   -0.6;   -2.8;   -3.4;eor
       3348;20181217;-999;-999;-999;    3;   0.7;   4;-999;   1;  -999;   6.7;    -999;    1.8;   95.75;    3.7;   -0.6;   -0.8;eor
       3348;20181218;-999;-999;-999;    3;   0.0;   0;-999;   0;  -999;   6.9;    -999;    2.8;   91.46;    4.7;   -1.2;   -3.2;eor
       3348;20181219;-999;-999;-999;    3;   1.3;   4;-999;   0;  -999;   6.6;    -999;    2.2;   92.08;    5.0;   -0.9;   -2.5;eor
       3348;20181220;-999;-999;-999;    3;   4.4;   4;-999;   0;  -999;   8.0;    -999;    4.6;   93.92;    6.7;    3.0;    1.5;eor
       3348;20181221;-999;-999;-999;    3;  24.7;   4;-999;   0;  -999;   9.2;    -999;    7.4;   89.25;   11.2;    4.9;    3.8;eor
       3348;20181222;-999;-999;-999;    3;  12.9;   4;-999;   0;  -999;   9.0;    -999;    6.7;   90.75;    8.1;    5.5;    4.0;eor
       3348;20181223;-999;-999;-999;    3;  14.5;   4;-999;   0;  -999;   8.5;    -999;    5.5;   93.88;    6.8;    3.1;    2.8;eor
       3348;20181224;-999;-999;-999;    3;   0.3;   4;-999;   0;  -999;   6.7;    -999;    2.2;   92.75;    4.3;    0.2;   -0.5;eor
       3348;20181225;-999;-999;-999;    3;   0.0;   0;-999;   0;  -999;   6.6;    -999;    3.5;   84.67;    4.5;    1.6;   -0.1;eor
       3348;20181226;-999;-999;-999;    3;   0.7;   4;-999;   0;  -999;   6.8;    -999;    2.6;   91.38;    3.4;    1.4;    0.8;eor
       3348;20181227;-999;-999;-999;    3;   0.0;   0;-999;   0;  -999;   6.0;    -999;    1.3;   89.71;    4.6;   -1.3;   -3.3;eor
       3348;20181228;-999;-999;-999;    3;   0.1;   4;-999;   0;  -999;   6.1;    -999;    0.9;   92.04;    2.4;   -1.7;   -3.4;eor
       3348;20181229;-999;-999;-999;    3;   5.3;   4;-999;   0;  -999;   7.4;    -999;    3.3;   95.54;    7.0;    1.5;    1.2;eor
       3348;20181230;-999;-999;-999;    3;   0.1;   4;-999;   0;  -999;   8.1;    -999;    5.9;   86.67;    7.0;    4.8;    3.9;eor
       3348;20181231;-999;-999;-999;    3;   0.5;   4;-999;   0;  -999;   9.4;    -999;    7.0;   94.08;    9.5;    5.3;    4.2;eor
       3348;20190101;-999;-999;-999;    3;   6.7;   4;-999;   0;  -999;   7.9;    -999;    5.2;   88.29;    7.3;    0.1;   -0.1;eor
       3348;20190102;-999;-999;-999;    3;   0.0;   0;-999;   0;  -999;   4.8;    -999;    1.6;   70.13;    3.2;   -2.3;   -5.5;eor
       3348;20190103;-999;-999;-999;    3;   0.1;   4;-999;   0;  -999;   5.2;    -999;   -0.9;   89.13;    2.8;   -4.6;   -7.0;eor
       3348;20190104;-999;-999;-999;    3;   4.5;   4;-999;   0;  -999;   6.3;    -999;    1.2;   93.33;    4.2;   -3.4;   -5.3;eor
       3348;20190105;-999;-999;-999;    3;   5.3;   4;-999;   0;  -999;   9.0;    -999;    5.9;   96.00;    6.7;    4.2;    3.3;eor
       3348;20190106;-999;-999;-999;    3;   3.6;   4;-999;   0;  -999;   8.8;    -999;    5.5;   97.17;    6.3;    4.6;    4.1;eor
       3348;20190107;-999;-999;-999;    3;   7.2;   4;-999;   0;  -999;   7.8;    -999;    4.3;   93.79;    5.3;    3.5;    2.3;eor
       3348;20190108;-999;-999;-999;    3;   7.4;   4;-999;   0;  -999;   7.5;    -999;    4.3;   89.46;    6.7;    1.1;    0.2;eor
       3348;20190109;-999;-999;-999;    3;   3.0;   4;-999;   0;  -999;   5.6;    -999;    0.8;   86.75;    2.3;    0.0;   -0.4;eor
       3348;20190110;-999;-999;-999;    3;   0.8;   4;-999;   2;  -999;   5.0;    -999;   -0.5;   85.21;    0.4;   -1.4;   -1.9;eor
       3348;20190111;-999;-999;-999;    3;   1.3;   4;-999;   2;  -999;   6.8;    -999;    2.2;   93.71;    5.4;   -0.8;   -1.1;eor
       3348;20190112;-999;-999;-999;    3;   5.7;   4;-999;   0;  -999;   7.7;    -999;    4.6;   90.13;    5.3;    4.1;    3.0;eor
       3348;20190113;-999;-999;-999;    3;   9.6;   4;-999;   0;  -999;   8.5;    -999;    6.1;   89.88;    8.1;    4.5;    3.1;eor
       3348;20190114;-999;-999;-999;    3;   1.5;   4;-999;   0;  -999;   5.8;    -999;    2.3;   80.29;    5.4;    0.1;   -1.5;eor
       3348;20190115;-999;-999;-999;    3;   0.4;   4;-999;   0;  -999;   6.7;    -999;    3.4;   85.21;    5.6;    0.5;   -1.3;eor
       3348;20190116;-999;-999;-999;    3;   1.7;   4;-999;   0;  -999;   7.1;    -999;    4.2;   85.96;    5.4;    1.8;    0.5;eor
       3348;20190117;-999;-999;-999;    3;   3.9;   4;-999;   0;  -999;   6.5;    -999;    2.7;   87.46;    6.1;    0.2;   -1.1;eor
       3348;20190118;-999;-999;-999;    3;   0.0;   0;-999;   0;  -999;   4.7;    -999;   -1.4;   85.42;    1.6;   -5.3;   -7.0;eor
       3348;20190119;-999;-999;-999;    3;   0.0;   0;-999;   0;  -999;   4.0;    -999;   -3.6;   86.42;    1.7;   -6.6;   -8.4;eor
       3348;20190120;-999;-999;-999;    3;   0.0;   0;-999;   0;  -999;   3.5;    -999;   -5.7;   88.13;    0.6;   -8.6;  -10.7;eor
       3348;20190121;-999;-999;-999;    3;   0.0;   0;-999;   0;  -999;   3.3;    -999;   -6.8;   89.46;   -0.9;  -10.2;  -11.8;eor
       3348;20190122;-999;-999;-999;    3;   0.0;   0;-999;   0;  -999;   3.4;    -999;   -6.5;   89.00;   -3.4;  -10.6;  -12.1;eor
       3348;20190123;-999;-999;-999;    3;   0.0;   0;-999;   0;  -999;   3.4;    -999;   -5.9;   86.04;   -3.9;   -9.4;  -11.0;eor
       3348;20190124;-999;-999;-999;    3;   0.2;   4;-999;   0;  -999;   3.5;    -999;   -6.0;   88.00;   -4.4;   -8.1;   -8.0;eor
       3348;20190125;-999;-999;-999;    3;   7.6;   4;-999;   1;  -999;   4.0;    -999;   -4.3;   87.96;   -0.1;   -6.0;   -6.0;eor
       3348;20190126;-999;-999;-999;    3;   9.3;   4;-999;   1;  -999;   7.2;    -999;    3.1;   93.88;    5.9;   -0.1;   -0.5;eor
       3348;20190127;-999;-999;-999;    3;   4.8;   4;-999;   0;  -999;   7.4;    -999;    4.0;   90.71;    6.1;    1.8;    0.1;eor
       3348;20190128;-999;-999;-999;    3;   3.1;   4;-999;   0;  -999;   6.2;    -999;    1.3;   92.25;    2.5;   -0.2;   -1.5;eor
       3348;20190129;-999;-999;-999;    3;   0.0;   0;-999;   1;  -999;   5.4;    -999;   -0.1;   89.00;    2.9;   -4.6;   -6.5;eor
       3348;20190130;-999;-999;-999;    3;   0.2;   4;-999;   0;  -999;   4.8;    -999;   -1.8;   89.75;    0.3;   -4.8;   -7.2;eor
       3348;20190131;-999;-999;-999;    3;   0.0;   0;-999;   0;  -999;   4.7;    -999;   -0.9;   83.42;    2.6;   -5.3;   -7.4;eor
       3348;20190201;-999;-999;-999;    3;   0.1;   4;-999;   0;  -999;   5.2;    -999;   -0.7;   88.08;    3.9;   -4.6;   -7.3;eor
       3348;20190202;-999;-999;-999;    3;   0.3;   4;-999;   0;  -999;   5.9;    -999;    0.2;   94.42;    1.4;   -0.5;   -1.4;eor
       3348;20190203;-999;-999;-999;    3;   0.0;   0;-999;   0;  -999;   5.5;    -999;    0.1;   88.54;    1.9;   -3.0;   -6.0;eor
       3348;20190204;-999;-999;-999;    3;   0.0;   0;-999;   0;  -999;   5.1;    -999;    0.5;   81.29;    3.1;   -4.1;   -6.8;eor
       3348;20190205;-999;-999;-999;    3;   0.0;   0;-999;   0;  -999;   5.7;    -999;    1.5;   83.83;    3.6;   -2.1;   -4.2;eor
       3348;20190206;-999;-999;-999;    3;   0.0;   0;-999;   0;  -999;   5.5;    -999;    1.2;   82.88;    5.6;   -3.2;   -4.6;eor
       3348;20190207;-999;-999;-999;    3;   0.5;   4;-999;   0;  -999;   5.8;    -999;    1.4;   85.13;    3.9;   -1.2;   -2.8;eor
       3348;20190208;-999;-999;-999;    3;   4.3;   4;-999;   0;  -999;   7.1;    -999;    4.4;   84.29;    6.9;   -0.4;   -2.6;eor
       3348;20190209;-999;-999;-999;    3;   3.3;   4;-999;   0;  -999;   7.2;    -999;    6.6;   74.79;    8.7;    4.6;    2.4;eor
       3348;20190210;-999;-999;-999;    3;  13.7;   4;-999;   0;  -999;   8.1;    -999;    5.6;   88.38;    8.3;    2.0;    0.2;eor
       3348;20190211;-999;-999;-999;    3;   1.0;   4;-999;   0;  -999;   6.4;    -999;    3.6;   80.75;    7.2;    2.0;    0.3;eor
       3348;20190212;-999;-999;-999;    3;   0.5;   4;-999;   0;  -999;   6.2;    -999;    3.0;   81.42;    5.9;    1.2;    0.1;eor
       3348;20190213;-999;-999;-999;    3;   0.0;   0;-999;   0;  -999;   7.1;    -999;    4.0;   86.71;    7.7;    0.0;   -1.7;eor
       3348;20190214;-999;-999;-999;    3;   0.0;   0;-999;   0;  -999;   6.1;    -999;    2.7;   82.88;   11.6;   -0.9;   -2.6;eor
       3348;20190215;-999;-999;-999;    3;   0.0;   0;-999;   0;  -999;   6.1;    -999;    3.4;   78.67;   13.0;   -2.0;   -3.6;eor
       3348;20190216;-999;-999;-999;    3;   0.0;   0;-999;   0;  -999;   5.8;    -999;    4.7;   70.88;   14.4;   -0.6;   -3.3;eor
       3348;20190217;-999;-999;-999;    3;   0.0;   0;-999;   0;  -999;   6.4;    -999;    4.4;   77.38;   14.2;   -1.6;   -3.0;eor
       3348;20190218;-999;-999;-999;    3;   0.0;   0;-999;   0;  -999;   6.3;    -999;    4.6;   76.21;   15.8;   -1.3;   -3.3;eor
       3348;20190219;-999;-999;-999;    3;   0.0;   0;-999;   0;  -999;   6.8;    -999;    6.3;   71.83;   10.0;    1.9;   -0.8;eor
       3348;20190220;-999;-999;-999;    3;   0.0;   0;-999;   0;  -999;   6.9;    -999;    5.1;   78.33;    9.3;    1.6;   -1.0;eor
       3348;20190221;-999;-999;-999;    3;   0.7;   4;-999;   0;  -999;   8.3;    -999;    7.1;   81.63;   11.0;    2.8;    0.8;eor
       3348;20190222;-999;-999;-999;    3;   0.0;   0;-999;   0;  -999;   8.4;    -999;    5.7;   89.92;    8.3;   -0.3;   -1.4;eor
       3348;20190223;-999;-999;-999;    3;   0.0;   0;-999;   0;  -999;   5.0;    -999;    0.9;   78.21;    8.2;   -3.8;   -5.1;eor
       3348;20190224;-999;-999;-999;    3;   0.0;   0;-999;   0;  -999;   5.0;    -999;    2.8;   68.79;   13.6;   -3.6;   -4.5;eor
       3348;20190225;-999;-999;-999;    3;   0.0;   0;-999;   0;  -999;   5.7;    -999;    4.9;   66.79;   16.3;   -2.1;   -3.4;eor
       3348;20190226;-999;-999;-999;    3;   0.0;   0;-999;   0;  -999;   5.1;    -999;    5.7;   60.83;   17.1;   -1.6;   -3.9;eor
       3348;20190227;-999;-999;-999;    3;   0.0;   0;-999;   0;  -999;   5.5;    -999;    5.6;   61.79;   17.7;   -3.0;   -4.2;eor
       3348;20190228;-999;-999;-999;    3;   0.6;   4;-999;   0;  -999;   7.9;    -999;    8.5;   70.92;   14.3;    0.9;   -2.0;eor
       3348;20190301;-999;-999;-999;    3;   2.0;   4;-999;   0;  -999;   8.9;    -999;    6.3;   92.25;    9.6;    2.8;    2.2;eor
       3348;20190302;-999;-999;-999;    3;   0.5;   4;-999;   0;  -999;   7.5;    -999;    4.5;   88.63;    7.8;    2.3;    0.8;eor
       3348;20190303;-999;-999;-999;    3;   5.7;   4;-999;   0;  -999;   9.8;    -999;    8.8;   86.38;    9.7;    7.5;    5.9;eor
       3348;20190304;-999;-999;-999;    3;   8.1;   4;-999;   0;  -999;   8.1;    -999;    8.1;   74.08;   11.6;    4.5;    2.8;eor
       3348;20190305;-999;-999;-999;    3;   0.2;   4;-999;   0;  -999;   6.5;    -999;    4.2;   78.75;    7.8;   -0.1;   -2.1;eor
       3348;20190306;-999;-999;-999;    3;   1.3;   4;-999;   0;  -999;   8.1;    -999;    6.5;   83.04;   12.1;   -1.2;   -3.1;eor
       3348;20190307;-999;-999;-999;    3;   1.8;   4;-999;   0;  -999;   8.2;    -999;    9.4;   69.21;   12.6;    6.2;    4.3;eor
       3348;20190308;-999;-999;-999;    3;   7.2;   4;-999;   0;  -999;   7.2;    -999;    5.9;   77.92;    8.9;    1.9;    0.4;eor
       3348;20190309;-999;-999;-999;    3;   6.5;   4;-999;   0;  -999;   7.6;    -999;    6.8;   77.88;   12.8;    3.8;    1.6;eor
       3348;20190310;-999;-999;-999;    3;  16.5;   4;-999;   0;  -999;   7.5;    -999;    4.7;   87.17;    9.3;    0.6;   -0.1;eor
       3348;20190311;-999;-999;-999;    3;   4.9;   4;-999;   1;  -999;   6.4;    -999;    2.1;   89.29;    3.6;    0.4;   -0.2;eor
       3348;20190312;-999;-999;-999;    3;   0.1;   4;-999;   0;  -999;   6.1;    -999;    4.9;   71.04;    7.9;    0.7;   -0.6;eor
       3348;20190313;-999;-999;-999;    3;   4.8;   4;-999;   0;  -999;   6.7;    -999;    5.0;   76.71;    7.9;    3.1;    1.5;eor
       3348;20190314;-999;-999;-999;    3;  18.6;   4;-999;   0;  -999;   7.6;    -999;    5.0;   87.63;    6.8;    3.8;    1.8;eor
       3348;20190315;-999;-999;-999;    3;   5.1;   4;-999;   0;  -999;   8.4;    -999;    6.8;   83.50;   11.0;    5.1;    3.3;eor
       3348;20190316;-999;-999;-999;    3;   2.9;   4;-999;   0;  -999;   8.4;    -999;    7.2;   81.67;    9.9;    3.8;    3.1;eor
       3348;20190317;-999;-999;-999;    3;   6.4;   4;-999;   0;  -999;   7.6;    -999;    6.1;   80.58;    8.5;    2.1;    0.0;eor
       3348;20190318;-999;-999;-999;    3;   0.0;   0;-999;   0;  -999;   6.1;    -999;    3.5;   78.63;    8.3;    0.3;   -2.5;eor
       3348;20190319;-999;-999;-999;    3;   0.0;   0;-999;   0;  -999;   5.8;    -999;    3.1;   77.46;    8.7;   -1.3;   -3.7;eor
       3348;20190320;-999;-999;-999;    3;   0.0;   0;-999;   0;  -999;   6.6;    -999;    5.2;   75.38;   12.3;   -3.1;   -4.3;eor
       3348;20190321;-999;-999;-999;    3;   0.0;   0;-999;   0;  -999;   8.4;    -999;    8.3;   78.92;   16.8;    1.1;   -0.8;eor
       3348;20190322;-999;-999;-999;    3;   0.0;   0;-999;   0;  -999;   9.6;    -999;    9.8;   81.17;   19.3;    2.5;    0.3;eor
       3348;20190323;-999;-999;-999;    3;   0.1;   4;-999;   0;  -999;   8.9;    -999;    8.0;   83.75;   12.9;    2.8;    0.4;eor
       3348;20190324;-999;-999;-999;    3;   1.0;   4;-999;   0;  -999;   7.0;    -999;    5.9;   76.08;   11.7;    0.0;   -2.2;eor
       3348;20190325;-999;-999;-999;    3;   2.4;   4;-999;   0;  -999;   6.9;    -999;    4.3;   83.17;    7.8;    1.2;   -1.5;eor
       3348;20190326;-999;-999;-999;    3;   0.2;   4;-999;   0;  -999;   7.2;    -999;    5.0;   83.04;    7.8;    2.4;   -0.7;eor
       3348;20190327;-999;-999;-999;    3;   0.0;   0;-999;   0;  -999;   7.4;    -999;    6.5;   78.04;   11.5;    0.1;   -1.8;eor
       3348;20190328;-999;-999;-999;    3;   0.0;   0;-999;   0;  -999;   8.7;    -999;    8.0;   81.54;   12.8;    3.5;    0.7;eor
       3348;20190329;-999;-999;-999;    3;   0.0;   0;-999;   0;  -999;   8.8;    -999;    9.1;   78.08;   16.7;    3.0;    0.8;eor
       3348;20190330;-999;-999;-999;    3;   0.0;   0;-999;   0;  -999;   8.1;    -999;    9.3;   72.67;   19.0;    0.7;   -1.1;eor
       3348;20190331;-999;-999;-999;    3;   0.0;   0;-999;   0;  -999;   7.2;    -999;    6.2;   75.92;   10.8;    0.8;   -2.5;eor
       3348;20190401;-999;-999;-999;    3;   0.0;   0;-999;   0;  -999;   4.9;    -999;    4.9;   59.71;   12.4;   -2.7;   -4.7;eor
       3348;20190402;-999;-999;-999;    3;   2.0;   4;-999;   0;  -999;   7.5;    -999;    8.0;   70.13;   16.4;   -1.3;   -3.5;eor
       3348;20190403;-999;-999;-999;    3;   6.5;   4;-999;   0;  -999;   9.7;    -999;    9.5;   82.00;   13.9;    3.9;    3.1;eor
       3348;20190404;-999;-999;-999;    3;   0.0;   0;-999;   0;  -999;   8.7;    -999;    6.0;   92.83;    8.6;    2.7;    1.5;eor
       3348;20190405;-999;-999;-999;    3;   0.0;   0;-999;   0;  -999;   9.1;    -999;    6.2;   95.92;    8.0;    5.0;    3.0;eor
       3348;20190406;-999;-999;-999;    3;   0.0;   0;-999;   0;  -999;  10.1;    -999;   11.0;   78.58;   18.0;    6.2;    4.5;eor
       3348;20190407;-999;-999;-999;    3;   0.3;   4;-999;   0;  -999;   9.4;    -999;   11.7;   69.83;   18.7;    4.9;    2.4;eor
       3348;20190408;-999;-999;-999;    3;   0.0;   0;-999;   0;  -999;   8.4;    -999;   12.0;   62.38;   18.2;    5.4;    2.4;eor
       3348;20190409;-999;-999;-999;    3;   0.0;   0;-999;   0;  -999;   7.5;    -999;    7.3;   73.46;   11.8;    2.7;    0.3;eor
       3348;20190410;-999;-999;-999;    3;   0.0;   0;-999;   0;  -999;   5.4;    -999;    4.5;   64.92;    9.5;   -1.0;   -3.6;eor
       3348;20190411;-999;-999;-999;    3;   0.0;   0;-999;   0;  -999;   4.4;    -999;    3.6;   57.42;    7.3;   -1.6;   -4.2;eor
       3348;20190412;-999;-999;-999;    3;   2.4;   4;-999;   0;  -999;   5.3;    -999;    1.9;   75.83;    3.3;    0.2;   -0.1;eor
       3348;20190413;-999;-999;-999;    3;   3.6;   4;-999;   4;  -999;   6.0;    -999;    1.2;   90.46;    4.2;   -0.3;   -0.6;eor
       3348;20190414;-999;-999;-999;    3;   1.6;   4;-999;   0;  -999;   6.4;    -999;    2.1;   89.67;    5.1;   -2.0;   -4.3;eor
       3348;20190415;-999;-999;-999;    3;   0.0;   0;-999;   0;  -999;   6.9;    -999;    7.1;   71.08;   14.7;    1.3;   -1.1;eor
       3348;20190416;-999;-999;-999;    3;   0.0;   0;-999;   0;  -999;   6.1;    -999;    8.1;   58.79;   16.2;   -0.7;   -2.7;eor
       3348;20190417;-999;-999;-999;    3;   0.0;   0;-999;   0;  -999;   6.0;    -999;   10.5;   50.83;   18.6;    3.3;   -0.4;eor
       3348;20190418;-999;-999;-999;    3;   0.0;   0;-999;   0;  -999;   7.3;    -999;   11.5;   58.33;   19.6;    3.2;    0.9;eor
       3348;20190419;-999;-999;-999;    3;   0.0;   0;-999;   0;  -999;   7.8;    -999;   12.7;   57.25;   21.7;    4.0;    1.7;eor
       3348;20190420;-999;-999;-999;    3;   0.0;   0;-999;   0;  -999;   7.4;    -999;   13.4;   51.67;   21.7;    4.6;    1.8;eor
       3348;20190421;-999;-999;-999;    3;   0.0;   0;-999;   0;  -999;   7.4;    -999;   12.1;   57.29;   22.0;    2.9;    0.3;eor
       3348;20190422;-999;-999;-999;    3;   0.0;   0;-999;   0;  -999;   7.1;    -999;   13.3;   49.79;   21.3;    5.4;    2.2;eor
       3348;20190423;-999;-999;-999;    3;   0.0;   4;-999;   0;  -999;   9.1;    -999;   13.4;   59.96;   19.3;    4.0;    1.7;eor
       3348;20190424;-999;-999;-999;    3;   1.8;   4;-999;   0;  -999;  11.9;    -999;   16.3;   66.21;   24.3;    8.8;    7.7;eor
       3348;20190425;-999;-999;-999;    3;   0.0;   0;-999;   0;  -999;   9.8;    -999;   14.6;   63.21;   22.1;    3.9;    2.1;eor
       3348;20190426;-999;-999;-999;    3;   9.2;   4;-999;   0;  -999;  10.7;    -999;   10.3;   86.04;   13.9;    6.4;    4.4;eor
       3348;20190427;-999;-999;-999;    3;   5.5;   4;-999;   0;  -999;  10.3;    -999;    8.7;   91.54;   15.0;    4.4;    3.3;eor
       3348;20190428;-999;-999;-999;    3;   1.3;   4;-999;   0;  -999;   9.0;    -999;    7.9;   85.00;   12.7;    3.4;    1.2;eor
       3348;20190429;-999;-999;-999;    3;   2.5;   4;-999;   0;  -999;   9.4;    -999;    7.1;   92.63;   10.4;    2.3;    0.3;eor
       3348;20190430;-999;-999;-999;    3;   0.0;   0;-999;   0;  -999;   9.8;    -999;   10.6;   77.58;   17.1;    4.8;    2.6;eor
       3348;20190501;-999;-999;-999;    3;   0.0;   0;-999;-999;  -999;   9.9;    -999;   11.9;   72.96;   18.5;    5.1;    3.2;eor
       3348;20190502;-999;-999;-999;    3;   0.6;   4;-999;-999;  -999;   9.8;    -999;    9.7;   82.00;   15.5;    4.4;    2.3;eor
       3348;20190503;-999;-999;-999;    3;   1.0;   4;-999;-999;  -999;   6.8;    -999;    7.4;   67.21;   11.1;    4.6;    4.0;eor
       3348;20190504;-999;-999;-999;    3;   1.8;   4;-999;-999;  -999;   6.6;    -999;    4.4;   79.50;    9.4;    0.9;   -1.0;eor
       3348;20190505;-999;-999;-999;    3;   0.0;   0;-999;-999;  -999;   6.1;    -999;    4.5;   73.96;   11.1;   -2.2;   -4.0;eor
       3348;20190506;-999;-999;-999;    3;   0.0;   4;-999;-999;  -999;   6.7;    -999;    5.6;   75.21;   10.2;   -0.5;   -2.8;eor
       3348;20190507;-999;-999;-999;    3;   0.2;   4;-999;-999;  -999;   7.4;    -999;    6.8;   75.25;   11.2;    1.8;   -0.1;eor
       3348;20190508;-999;-999;-999;    3;   8.4;   4;-999;-999;  -999;   9.4;    -999;    7.9;   86.63;   12.3;    0.3;   -0.9;eor
       3348;20190509;-999;-999;-999;    3;   0.0;   0;-999;-999;  -999;  10.6;    -999;   11.1;   81.29;   15.9;    8.0;    7.3;eor
       3348;20190510;-999;-999;-999;    3;   6.0;   4;-999;-999;  -999;  10.5;    -999;    9.6;   88.13;   14.4;    4.8;    3.8;eor
       3348;20190511;-999;-999;-999;    3;   5.7;   4;-999;-999;  -999;   9.9;    -999;    7.4;   95.46;    9.3;    4.6;    2.9;eor
       3348;20190512;-999;-999;-999;    3;   0.0;   0;-999;-999;  -999;   7.3;    -999;    8.0;   69.54;   13.7;    3.3;    1.1;eor
       3348;20190513;-999;-999;-999;    3;   0.0;   0;-999;-999;  -999;   6.4;    -999;    8.5;   61.21;   15.0;    1.3;   -0.7;eor
       3348;20190514;-999;-999;-999;    3;   0.0;   0;-999;-999;  -999;   6.5;    -999;    8.4;   62.13;   14.0;    1.9;   -0.5;eor
       3348;20190515;-999;-999;-999;    3;   0.0;   0;-999;-999;  -999;   5.9;    -999;    8.3;   55.33;   13.6;    0.2;   -2.0;eor
       3348;20190516;-999;-999;-999;    3;   9.2;   4;-999;-999;  -999;   8.6;    -999;    7.3;   84.04;    8.7;    6.5;    6.0;eor
       3348;20190517;-999;-999;-999;    3;   0.0;   0;-999;-999;  -999;  10.5;    -999;    9.9;   86.54;   14.7;    5.7;    4.1;eor
       3348;20190518;-999;-999;-999;    3;   0.0;   0;-999;-999;  -999;  11.1;    -999;   13.5;   74.29;   21.9;    4.6;    2.8;eor
       3348;20190519;-999;-999;-999;    3;   0.0;   0;-999;-999;  -999;  12.8;    -999;   15.9;   72.75;   23.1;    7.6;    6.1;eor
       3348;20190520;-999;-999;-999;    3;  56.6;   4;-999;-999;  -999;  15.2;    -999;   15.7;   85.88;   22.3;    9.3;    7.7;eor
       3348;20190521;-999;-999;-999;    3;   1.6;   4;-999;-999;  -999;  15.0;    -999;   13.9;   93.79;   15.2;   12.6;   12.0;eor
       3348;20190522;-999;-999;-999;    3;   0.0;   0;-999;-999;  -999;  11.5;    -999;   11.4;   85.50;   15.8;    6.0;    4.5;eor
       3348;20190523;-999;-999;-999;    3;   0.0;   0;-999;-999;  -999;  11.1;    -999;   12.6;   78.25;   19.9;    4.1;    3.1;eor
       3348;20190524;-999;-999;-999;    3;   0.0;   0;-999;-999;  -999;  12.0;    -999;   14.9;   73.25;   22.4;    7.0;    5.7;eor
       3348;20190525;-999;-999;-999;    3;   0.0;   0;-999;-999;  -999;  10.6;    -999;   11.2;   80.79;   16.8;    5.5;    4.1;eor
       3348;20190526;-999;-999;-999;    3;   0.0;   4;-999;-999;  -999;  11.5;    -999;   13.8;   74.13;   19.7;    4.9;    3.6;eor
       3348;20190527;-999;-999;-999;    3;   0.3;   4;-999;-999;  -999;  12.8;    -999;   14.7;   77.25;   19.2;    9.3;    7.9;eor
       3348;20190528;-999;-999;-999;    3;   7.5;   4;-999;-999;  -999;  11.4;    -999;   11.2;   86.13;   16.8;    8.2;    7.3;eor
       3348;20190529;-999;-999;-999;    3;   0.0;   0;-999;-999;  -999;   8.6;    -999;   10.1;   71.88;   16.0;    4.6;    3.2;eor
       3348;20190530;-999;-999;-999;    3;   0.0;   0;-999;-999;  -999;  12.0;    -999;   13.3;   77.71;   17.9;    3.9;    2.6;eor
       3348;20190531;-999;-999;-999;    3;   0.0;   0;-999;-999;  -999;  15.7;    -999;   16.8;   82.71;   23.3;   11.1;    9.3;eor
       3348;20190601;-999;-999;-999;    3;   0.0;   0;-999;-999;  -999;  15.0;    -999;   18.1;   74.63;   25.5;   10.0;    8.5;eor
       3348;20190602;-999;-999;-999;    3;   0.0;   0;-999;-999;  -999;  16.3;    -999;   20.4;   70.83;   29.1;   11.1;    9.6;eor
       3348;20190603;-999;-999;-999;    3;   7.7;   4;-999;-999;  -999;  17.2;    -999;   18.5;   82.75;   28.6;   12.4;   10.7;eor
       3348;20190604;-999;-999;-999;    3;   0.0;   0;-999;-999;  -999;  18.6;    -999;   19.5;   83.29;   26.3;   14.0;   13.2;eor
       3348;20190605;-999;-999;-999;    3;   0.3;   4;-999;-999;  -999;  18.6;    -999;   22.9;   69.17;   30.3;   16.2;   14.6;eor
       3348;20190606;-999;-999;-999;    3;   1.0;   4;-999;-999;  -999;  14.3;    -999;   15.2;   82.46;   20.5;    9.3;    8.1;eor
       3348;20190607;-999;-999;-999;    3;   3.7;   4;-999;-999;  -999;  14.2;    -999;   15.5;   80.88;   22.8;    6.8;    5.6;eor
       3348;20190608;-999;-999;-999;    3;   0.0;   0;-999;-999;  -999;  10.7;    -999;   13.8;   69.79;   18.8;    7.4;    5.9;eor
       3348;20190609;-999;-999;-999;    3;   0.0;   0;-999;-999;  -999;  11.6;    -999;   16.1;   65.46;   22.4;    7.5;    5.8;eor
       3348;20190610;-999;-999;-999;    3;   4.0;   4;-999;-999;  -999;  16.2;    -999;   18.4;   77.25;   25.2;   11.7;   10.6;eor
       3348;20190611;-999;-999;-999;    3;   4.7;   4;-999;-999;  -999;  16.5;    -999;   16.7;   87.67;   21.2;   12.4;   11.0;eor
       3348;20190612;-999;-999;-999;    3;   2.9;   4;-999;-999;  -999;  16.5;    -999;   15.6;   92.50;   19.0;   10.2;    8.8;eor
       3348;20190613;-999;-999;-999;    3;   0.0;   0;-999;-999;  -999;  13.0;    -999;   16.0;   74.25;   22.5;    9.1;    7.4;eor
       3348;20190614;-999;-999;-999;    3;   2.9;   4;-999;-999;  -999;  15.9;    -999;   19.0;   73.38;   27.4;    8.8;    7.1;eor
       3348;20190615;-999;-999;-999;    3;   0.0;   0;-999;-999;  -999;  17.0;    -999;   19.2;   76.92;   24.0;   11.8;   10.4;eor
       3348;20190616;-999;-999;-999;    3;   1.6;   4;-999;-999;  -999;  15.9;    -999;   15.7;   89.04;   19.6;   11.4;   10.1;eor
       3348;20190617;-999;-999;-999;    3;   0.0;   0;-999;-999;  -999;  15.5;    -999;   18.6;   75.42;   25.8;   11.2;    9.9;eor
       3348;20190618;-999;-999;-999;    3;   0.0;   0;-999;-999;  -999;  16.9;    -999;   20.7;   71.63;   28.3;   12.2;   10.5;eor
       3348;20190619;-999;-999;-999;    3;  29.5;   4;-999;-999;  -999;  17.7;    -999;   20.4;   77.63;   30.5;   14.2;   13.4;eor
       3348;20190620;-999;-999;-999;    3;   1.2;   4;-999;-999;  -999;  17.5;    -999;   18.3;   84.67;   24.6;   13.4;   12.9;eor
       3348;20190621;-999;-999;-999;    3;   0.0;   0;-999;-999;  -999;  14.4;    -999;   17.0;   75.96;   22.8;   11.7;   10.0;eor
       3348;20190622;-999;-999;-999;    3;   0.0;   0;-999;-999;  -999;  14.4;    -999;   18.1;   69.96;   23.6;   10.9;    9.4;eor
       3348;20190623;-999;-999;-999;    3;   0.0;   0;-999;-999;  -999;  14.4;    -999;   19.9;   65.04;   27.3;   12.5;   10.9;eor
       3348;20190624;-999;-999;-999;    3;   0.0;   0;-999;-999;  -999;  14.4;    -999;   20.9;   61.71;   28.3;   12.6;   11.0;eor
       3348;20190625;-999;-999;-999;    3;   0.0;   0;-999;-999;  -999;  18.3;    -999;   23.4;   65.00;   32.1;   13.3;   11.7;eor
       3348;20190626;-999;-999;-999;-999;-999;-999;-999;-999;  -999;  -999;    -999;   -999;-999;-999;-999;-999;eor
       3348;20191001;-999;-999;-999;-999;-999;-999;-999;   0;  -999;  -999;    -999;   -999;-999;-999;-999;-999;eor
       3348;20191002;-999;-999;-999;-999;-999;-999;-999;   0;  -999;  -999;    -999;   -999;-999;-999;-999;-999;eor
       3348;20191003;-999;-999;-999;-999;-999;-999;-999;   0;  -999;  -999;    -999;   -999;-999;-999;-999;-999;eor
       3348;20191004;-999;-999;-999;-999;-999;-999;-999;   0;  -999;  -999;    -999;   -999;-999;-999;-999;-999;eor
       3348;20191005;-999;-999;-999;-999;-999;-999;-999;   0;  -999;  -999;    -999;   -999;-999;-999;-999;-999;eor
       3348;20191006;-999;-999;-999;-999;-999;-999;-999;   0;  -999;  -999;    -999;   -999;-999;-999;-999;-999;eor
       3348;20191007;-999;-999;-999;-999;-999;-999;-999;   0;  -999;  -999;    -999;   -999;-999;-999;-999;-999;eor
       3348;20191008;-999;-999;-999;-999;-999;-999;-999;   0;  -999;  -999;    -999;   -999;-999;-999;-999;-999;eor
       3348;20191009;-999;-999;-999;-999;-999;-999;-999;   0;  -999;  -999;    -999;   -999;-999;-999;-999;-999;eor
       3348;20191010;-999;-999;-999;-999;-999;-999;-999;   0;  -999;  -999;    -999;   -999;-999;-999;-999;-999;eor
       3348;20191011;-999;-999;-999;-999;-999;-999;-999;   0;  -999;  -999;    -999;   -999;-999;-999;-999;-999;eor
       3348;20191012;-999;-999;-999;-999;-999;-999;-999;   0;  -999;  -999;    -999;   -999;-999;-999;-999;-999;eor
       3348;20191013;-999;-999;-999;-999;-999;-999;-999;   0;  -999;  -999;    -999;   -999;-999;-999;-999;-999;eor
       3348;20191014;-999;-999;-999;-999;-999;-999;-999;   0;  -999;  -999;    -999;   -999;-999;-999;-999;-999;eor
       3348;20191015;-999;-999;-999;-999;-999;-999;-999;   0;  -999;  -999;    -999;   -999;-999;-999;-999;-999;eor
       3348;20191016;-999;-999;-999;-999;-999;-999;-999;   0;  -999;  -999;    -999;   -999;-999;-999;-999;-999;eor
       3348;20191017;-999;-999;-999;-999;-999;-999;-999;   0;  -999;  -999;    -999;   -999;-999;-999;-999;-999;eor
       3348;20191018;-999;-999;-999;-999;-999;-999;-999;   0;  -999;  -999;    -999;   -999;-999;-999;-999;-999;eor
       3348;20191019;-999;-999;-999;-999;-999;-999;-999;   0;  -999;  -999;    -999;   -999;-999;-999;-999;-999;eor
       3348;20191020;-999;-999;-999;-999;-999;-999;-999;   0;  -999;  -999;    -999;   -999;-999;-999;-999;-999;eor
       3348;20191021;-999;-999;-999;-999;-999;-999;-999;   0;  -999;  -999;    -999;   -999;-999;-999;-999;-999;eor
       3348;20191022;-999;-999;-999;-999;-999;-999;-999;   0;  -999;  -999;    -999;   -999;-999;-999;-999;-999;eor
       3348;20191023;-999;-999;-999;-999;-999;-999;-999;   0;  -999;  -999;    -999;   -999;-999;-999;-999;-999;eor
       3348;20191024;-999;-999;-999;-999;-999;-999;-999;   0;  -999;  -999;    -999;   -999;-999;-999;-999;-999;eor
       3348;20191025;-999;-999;-999;-999;-999;-999;-999;   0;  -999;  -999;    -999;   -999;-999;-999;-999;-999;eor
       3348;20191026;-999;-999;-999;-999;-999;-999;-999;   0;  -999;  -999;    -999;   -999;-999;-999;-999;-999;eor
       3348;20191027;-999;-999;-999;-999;-999;-999;-999;   0;  -999;  -999;    -999;   -999;-999;-999;-999;-999;eor
       3348;20191028;-999;-999;-999;-999;-999;-999;-999;   0;  -999;  -999;    -999;   -999;-999;-999;-999;-999;eor
       3348;20191029;-999;-999;-999;-999;-999;-999;-999;   0;  -999;  -999;    -999;   -999;-999;-999;-999;-999;eor
       3348;20191030;-999;-999;-999;-999;-999;-999;-999;   0;  -999;  -999;    -999;   -999;-999;-999;-999;-999;eor
       3348;20191031;-999;-999;-999;-999;-999;-999;-999;   0;  -999;  -999;    -999;   -999;-999;-999;-999;-999;eor
       3348;20191101;-999;-999;-999;-999;-999;-999;-999;   0;  -999;  -999;    -999;   -999;-999;-999;-999;-999;eor
       3348;20191102;-999;-999;-999;-999;-999;-999;-999;   0;  -999;  -999;    -999;   -999;-999;-999;-999;-999;eor
       3348;20191103;-999;-999;-999;-999;-999;-999;-999;   0;  -999;  -999;    -999;   -999;-999;-999;-999;-999;eor
       3348;20191104;-999;-999;-999;-999;-999;-999;-999;   0;  -999;  -999;    -999;   -999;-999;-999;-999;-999;eor
       3348;20191105;-999;-999;-999;-999;-999;-999;-999;   0;  -999;  -999;    -999;   -999;-999;-999;-999;-999;eor
       3348;20191106;-999;-999;-999;-999;-999;-999;-999;   0;  -999;  -999;    -999;   -999;-999;-999;-999;-999;eor
       3348;20191107;-999;-999;-999;-999;-999;-999;-999;   0;  -999;  -999;    -999;   -999;-999;-999;-999;-999;eor
       3348;20191108;-999;-999;-999;-999;-999;-999;-999;   0;  -999;  -999;    -999;   -999;-999;-999;-999;-999;eor
       3348;20191109;-999;-999;-999;-999;-999;-999;-999;   0;  -999;  -999;    -999;   -999;-999;-999;-999;-999;eor
       3348;20191110;-999;-999;-999;-999;-999;-999;-999;   0;  -999;  -999;    -999;   -999;-999;-999;-999;-999;eor
       3348;20191111;-999;-999;-999;-999;-999;-999;-999;   0;  -999;  -999;    -999;   -999;-999;-999;-999;-999;eor
       3348;20191112;-999;-999;-999;-999;-999;-999;-999;   0;  -999;  -999;    -999;   -999;-999;-999;-999;-999;eor
       3348;20191113;-999;-999;-999;-999;-999;-999;-999;   0;  -999;  -999;    -999;   -999;-999;-999;-999;-999;eor
       3348;20191114;-999;-999;-999;-999;-999;-999;-999;   0;  -999;  -999;    -999;   -999;-999;-999;-999;-999;eor
       3348;20191115;-999;-999;-999;-999;-999;-999;-999;   0;  -999;  -999;    -999;   -999;-999;-999;-999;-999;eor
       3348;20191116;-999;-999;-999;-999;-999;-999;-999;   0;  -999;  -999;    -999;   -999;-999;-999;-999;-999;eor
       3348;20191117;-999;-999;-999;-999;-999;-999;-999;   0;  -999;  -999;    -999;   -999;-999;-999;-999;-999;eor
       3348;20191118;-999;-999;-999;-999;-999;-999;-999;   0;  -999;  -999;    -999;   -999;-999;-999;-999;-999;eor
       3348;20191119;-999;-999;-999;-999;-999;-999;-999;   0;  -999;  -999;    -999;   -999;-999;-999;-999;-999;eor
       3348;20191120;-999;-999;-999;-999;-999;-999;-999;   0;  -999;  -999;    -999;   -999;-999;-999;-999;-999;eor
       3348;20191121;-999;-999;-999;-999;-999;-999;-999;   0;  -999;  -999;    -999;   -999;-999;-999;-999;-999;eor
       3348;20191122;-999;-999;-999;-999;-999;-999;-999;   0;  -999;  -999;    -999;   -999;-999;-999;-999;-999;eor
       3348;20191123;-999;-999;-999;-999;-999;-999;-999;   0;  -999;  -999;    -999;   -999;-999;-999;-999;-999;eor
       3348;20191124;-999;-999;-999;-999;-999;-999;-999;   0;  -999;  -999;    -999;   -999;-999;-999;-999;-999;eor
       3348;20191125;-999;-999;-999;-999;-999;-999;-999;   0;  -999;  -999;    -999;   -999;-999;-999;-999;-999;eor
       3348;20191126;-999;-999;-999;-999;-999;-999;-999;   0;  -999;  -999;    -999;   -999;-999;-999;-999;-999;eor
       3348;20191127;-999;-999;-999;-999;-999;-999;-999;   0;  -999;  -999;    -999;   -999;-999;-999;-999;-999;eor
       3348;20191128;-999;-999;-999;-999;-999;-999;-999;   0;  -999;  -999;    -999;   -999;-999;-999;-999;-999;eor
       3348;20191129;-999;-999;-999;-999;-999;-999;-999;   0;  -999;  -999;    -999;   -999;-999;-999;-999;-999;eor
       3348;20191130;-999;-999;-999;-999;-999;-999;-999;   0;  -999;  -999;    -999;   -999;-999;-999;-999;-999;eor
       3348;20191201;-999;-999;-999;-999;-999;-999;-999;   0;  -999;  -999;    -999;   -999;-999;-999;-999;-999;eor
       3348;20191202;-999;-999;-999;-999;-999;-999;-999;   0;  -999;  -999;    -999;   -999;-999;-999;-999;-999;eor
       3348;20191203;-999;-999;-999;-999;-999;-999;-999;   0;  -999;  -999;    -999;   -999;-999;-999;-999;-999;eor
       3348;20191204;-999;-999;-999;-999;-999;-999;-999;   0;  -999;  -999;    -999;   -999;-999;-999;-999;-999;eor
       3348;20191205;-999;-999;-999;-999;-999;-999;-999;   0;  -999;  -999;    -999;   -999;-999;-999;-999;-999;eor
       3348;20191206;-999;-999;-999;-999;-999;-999;-999;   0;  -999;  -999;    -999;   -999;-999;-999;-999;-999;eor
       3348;20191207;-999;-999;-999;-999;-999;-999;-999;   0;  -999;  -999;    -999;   -999;-999;-999;-999;-999;eor
       3348;20191208;-999;-999;-999;-999;-999;-999;-999;   0;  -999;  -999;    -999;   -999;-999;-999;-999;-999;eor
       3348;20191209;-999;-999;-999;-999;-999;-999;-999;   0;  -999;  -999;    -999;   -999;-999;-999;-999;-999;eor
       3348;20191210;-999;-999;-999;-999;-999;-999;-999;   0;  -999;  -999;    -999;   -999;-999;-999;-999;-999;eor
       3348;20191211;-999;-999;-999;-999;-999;-999;-999;   0;  -999;  -999;    -999;   -999;-999;-999;-999;-999;eor
       3348;20191212;-999;-999;-999;-999;-999;-999;-999;   1;  -999;  -999;    -999;   -999;-999;-999;-999;-999;eor
       3348;20191213;-999;-999;-999;-999;-999;-999;-999;   1;  -999;  -999;    -999;   -999;-999;-999;-999;-999;eor
       3348;20191214;-999;-999;-999;-999;-999;-999;-999;   0;  -999;  -999;    -999;   -999;-999;-999;-999;-999;eor
       3348;20191215;-999;-999;-999;-999;-999;-999;-999;   0;  -999;  -999;    -999;   -999;-999;-999;-999;-999;eor
       3348;20191216;-999;-999;-999;-999;-999;-999;-999;   0;  -999;  -999;    -999;   -999;-999;-999;-999;-999;eor
       3348;20191217;-999;-999;-999;-999;-999;-999;-999;   0;  -999;  -999;    -999;   -999;-999;-999;-999;-999;eor
       3348;20191218;-999;-999;-999;-999;-999;-999;-999;   0;  -999;  -999;    -999;   -999;-999;-999;-999;-999;eor
       3348;20191219;-999;-999;-999;-999;-999;-999;-999;   0;  -999;  -999;    -999;   -999;-999;-999;-999;-999;eor
       3348;20191220;-999;-999;-999;-999;-999;-999;-999;   0;  -999;  -999;    -999;   -999;-999;-999;-999;-999;eor
       3348;20191221;-999;-999;-999;-999;-999;-999;-999;   0;  -999;  -999;    -999;   -999;-999;-999;-999;-999;eor
       3348;20191222;-999;-999;-999;-999;-999;-999;-999;   0;  -999;  -999;    -999;   -999;-999;-999;-999;-999;eor
       3348;20191223;-999;-999;-999;-999;-999;-999;-999;   0;  -999;  -999;    -999;   -999;-999;-999;-999;-999;eor
       3348;20191224;-999;-999;-999;-999;-999;-999;-999;   0;  -999;  -999;    -999;   -999;-999;-999;-999;-999;eor
       3348;20191225;-999;-999;-999;-999;-999;-999;-999;   0;  -999;  -999;    -999;   -999;-999;-999;-999;-999;eor
       3348;20191226;-999;-999;-999;-999;-999;-999;-999;   0;  -999;  -999;    -999;   -999;-999;-999;-999;-999;eor
       3348;20191227;-999;-999;-999;-999;-999;-999;-999;   0;  -999;  -999;    -999;   -999;-999;-999;-999;-999;eor
       3348;20191228;-999;-999;-999;-999;-999;-999;-999;   0;  -999;  -999;    -999;   -999;-999;-999;-999;-999;eor
       3348;20191229;-999;-999;-999;-999;-999;-999;-999;   0;  -999;  -999;    -999;   -999;-999;-999;-999;-999;eor
