STATIONS_ID;MESS_DATUM;QN_3;  FX;  FM;QN_4; RSK;RSKF; SDK;SHK_TAG;  NM; VPM;  PM; TMK; UPM; TXK; TNK; TGK;eor
       3591;20180630;-999;-999;-999;    3;   0.0;   0;-999;-999;  -999;  13.5;    -999;   21.7;   53.58;   27.9;   13.4;    9.6;eor
       3591;20180701;-999;-999;-999;    3;   0.0;   0;-999;-999;  -999;   8.2;    -999;   19.6;   36.79;   24.6;   14.2;   10.9;eor
       3591;20180702;-999;-999;-999;    3;   0.0;   0;-999;-999;  -999;   8.7;    -999;   19.4;   40.67;   25.8;   10.4;    5.2;eor
       3591;20180703;-999;-999;-999;    3;   0.0;   0;-999;-999;  -999;  10.5;    -999;   21.1;   45.29;   28.5;   11.0;    6.5;eor
       3591;20180704;-999;-999;-999;    3;  10.1;   4;-999;-999;  -999;  16.9;    -999;   20.6;   68.88;   25.7;   15.4;   11.4;eor
       3591;20180705;-999;-999;-999;    3;   0.0;   0;-999;-999;  -999;  15.8;    -999;   20.7;   65.54;   24.5;   15.8;   12.2;eor
       3591;20180706;-999;-999;-999;    3;   0.0;   0;-999;-999;  -999;  14.7;    -999;   18.7;   70.04;   23.9;   12.9;    9.3;eor
       3591;20180707;-999;-999;-999;    3;   0.0;   0;-999;-999;  -999;  12.9;    -999;   19.7;   58.42;   24.6;   13.5;   10.1;eor
       3591;20180708;-999;-999;-999;    3;   0.0;   0;-999;-999;  -999;  11.6;    -999;   18.0;   57.33;   23.3;   11.3;    7.0;eor
       3591;20180709;-999;-999;-999;    3;   0.2;   4;-999;-999;  -999;  13.5;    -999;   17.8;   67.42;   23.1;   12.0;    8.0;eor
       3591;20180710;-999;-999;-999;    3;   0.6;   4;-999;-999;  -999;  12.7;    -999;   13.9;   80.08;   17.2;   11.7;   10.8;eor
       3591;20180711;-999;-999;-999;    3;   0.2;   4;-999;-999;  -999;  12.6;    -999;   15.6;   72.88;   21.8;   10.1;    8.4;eor
       3591;20180712;-999;-999;-999;    3;   0.0;   0;-999;-999;  -999;  15.0;    -999;   18.6;   71.21;   23.7;   15.1;   12.6;eor
       3591;20180713;-999;-999;-999;    3;   0.0;   0;-999;-999;  -999;  13.4;    -999;   20.0;   59.50;   25.5;   12.9;    9.7;eor
       3591;20180714;-999;-999;-999;    3;   0.0;   0;-999;-999;  -999;  13.5;    -999;   20.6;   57.21;   26.6;   12.6;    9.3;eor
       3591;20180715;-999;-999;-999;    3;   0.0;   0;-999;-999;  -999;  11.2;    -999;   20.9;   48.54;   27.2;   11.6;    8.0;eor
       3591;20180716;-999;-999;-999;    3;   0.0;   0;-999;-999;  -999;   9.5;    -999;   21.8;   39.54;   28.5;   12.5;    8.4;eor
       3591;20180717;-999;-999;-999;    3;   2.5;   4;-999;-999;  -999;  14.0;    -999;   20.9;   57.88;   26.9;   14.0;   10.5;eor
       3591;20180718;-999;-999;-999;    3;   0.0;   0;-999;-999;  -999;  11.6;    -999;   18.6;   58.38;   25.3;    9.9;    6.8;eor
       3591;20180719;-999;-999;-999;    3;   0.0;   0;-999;-999;  -999;  12.1;    -999;   20.4;   53.13;   27.0;   11.3;    8.4;eor
       3591;20180720;-999;-999;-999;    3;   2.0;   4;-999;-999;  -999;  13.9;    -999;   20.1;   61.29;   27.3;   12.9;   10.7;eor
       3591;20180721;-999;-999;-999;    3;   0.7;   4;-999;-999;  -999;  15.1;    -999;   19.6;   67.58;   25.9;   13.2;   11.0;eor
       3591;20180722;-999;-999;-999;    3;   0.0;   0;-999;-999;  -999;  13.5;    -999;   20.4;   58.71;   26.6;   14.4;   13.3;eor
       3591;20180723;-999;-999;-999;    3;   0.0;   0;-999;-999;  -999;  15.9;    -999;   21.5;   63.46;   28.1;   13.9;   11.2;eor
       3591;20180724;-999;-999;-999;    3;   0.0;   0;-999;-999;  -999;  15.4;    -999;   24.1;   54.71;   31.4;   15.2;   12.1;eor
       3591;20180725;-999;-999;-999;    3;   0.0;   0;-999;-999;  -999;  16.3;    -999;   25.7;   52.38;   32.5;   17.2;   14.5;eor
       3591;20180726;-999;-999;-999;    3;   0.0;   0;-999;-999;  -999;  16.2;    -999;   25.3;   53.50;   33.3;   18.0;   15.2;eor
       3591;20180727;-999;-999;-999;    3;   0.0;   0;-999;-999;  -999;  12.3;    -999;   27.4;   36.42;   33.9;   19.0;   14.9;eor
       3591;20180728;-999;-999;-999;    3;   0.3;   4;-999;-999;  -999;  15.5;    -999;   23.0;   55.50;   27.8;   16.0;   13.1;eor
       3591;20180729;-999;-999;-999;    3;   0.0;   0;-999;-999;  -999;  11.9;    -999;   21.6;   48.25;   28.6;   13.8;   11.2;eor
       3591;20180730;-999;-999;-999;    3;   0.0;   0;-999;-999;  -999;  14.3;    -999;   24.8;   47.58;   31.6;   17.1;   14.2;eor
       3591;20180731;-999;-999;-999;    3;   0.0;   0;-999;-999;  -999;  15.6;    -999;   24.0;   54.54;   30.3;   16.5;   13.3;eor
       3591;20180801;-999;-999;-999;    3;   0.0;   0;-999;-999;  -999;  15.9;    -999;   21.9;   61.58;   27.4;   15.8;   13.4;eor
       3591;20180802;-999;-999;-999;    3;   0.0;   0;-999;-999;  -999;  15.1;    -999;   24.1;   54.17;   31.2;   15.2;   12.0;eor
       3591;20180803;-999;-999;-999;    3;   0.0;   0;-999;-999;  -999;  15.8;    -999;   26.0;   50.25;   32.9;   16.3;   13.3;eor
       3591;20180804;-999;-999;-999;    3;   0.0;   4;-999;-999;  -999;  -999;    -999;   24.0;-999;   31.1;   19.5;   17.9;eor
       3591;20180805;-999;-999;-999;    3;   0.0;   0;-999;-999;  -999;  15.4;    -999;   21.0;   64.29;   26.2;   15.7;   11.2;eor
       3591;20180806;-999;-999;-999;    3;   0.0;   0;-999;-999;  -999;  12.1;    -999;   24.7;   42.83;   33.1;   14.3;   10.3;eor
       3591;20180807;-999;-999;-999;    3;   4.5;   4;-999;-999;  -999;  11.2;    -999;   27.5;   33.75;   35.5;   17.3;   13.2;eor
       3591;20180808;-999;-999;-999;    3;   0.0;   0;-999;-999;  -999;  16.6;    -999;   21.2;   66.83;   26.9;   15.2;   12.6;eor
       3591;20180809;-999;-999;-999;    3;   1.7;   4;-999;-999;  -999;  16.2;    -999;   19.2;   72.83;   26.3;   13.4;   12.3;eor
       3591;20180810;-999;-999;-999;    3;   0.1;   4;-999;-999;  -999;  10.4;    -999;   16.8;   56.75;   22.0;   12.3;   10.8;eor
       3591;20180811;-999;-999;-999;    3;   0.0;   0;-999;-999;  -999;  10.2;    -999;   16.2;   57.50;   22.1;   10.3;    6.5;eor
       3591;20180812;-999;-999;-999;    3;   2.1;   4;-999;-999;  -999;   9.5;    -999;   19.1;   46.88;   26.8;    8.9;    5.9;eor
       3591;20180813;-999;-999;-999;    3;   3.5;   4;-999;-999;  -999;  15.4;    -999;   18.3;   73.75;   22.2;   15.5;   14.3;eor
       3591;20180814;-999;-999;-999;    3;   0.0;   0;-999;-999;  -999;  16.7;    -999;   17.1;   85.50;   21.8;   15.0;   13.3;eor
       3591;20180815;-999;-999;-999;    3;   0.0;   0;-999;-999;  -999;  15.1;    -999;   18.5;   71.63;   23.0;   13.9;   11.0;eor
       3591;20180816;-999;-999;-999;    3;   2.7;   4;-999;-999;  -999;  14.9;    -999;   20.5;   65.29;   29.1;   12.5;   10.4;eor
       3591;20180817;-999;-999;-999;    3;   3.2;   4;-999;-999;  -999;  15.5;    -999;   16.3;   84.25;   20.2;   12.9;   10.3;eor
       3591;20180818;-999;-999;-999;    3;   0.0;   0;-999;-999;  -999;  12.4;    -999;   17.4;   65.79;   24.8;    9.5;    6.6;eor
       3591;20180819;-999;-999;-999;    3;   0.0;   0;-999;-999;  -999;  14.6;    -999;   19.3;   67.75;   26.5;   11.5;    8.8;eor
       3591;20180820;-999;-999;-999;    3;   0.0;   0;-999;-999;  -999;  17.8;    -999;   19.3;   79.79;   22.5;   16.3;   14.5;eor
       3591;20180821;-999;-999;-999;    3;   0.0;   0;-999;-999;  -999;  17.1;    -999;   20.3;   72.83;   25.2;   16.2;   13.5;eor
       3591;20180822;-999;-999;-999;    3;   0.0;   0;-999;-999;  -999;  16.7;    -999;   21.2;   68.25;   27.9;   13.8;   10.9;eor
       3591;20180823;-999;-999;-999;    3;   0.5;   4;-999;-999;  -999;  17.1;    -999;   20.5;   73.00;   26.9;   14.3;   10.9;eor
       3591;20180824;-999;-999;-999;    3;   4.8;   4;-999;-999;  -999;  11.8;    -999;   15.5;   67.42;   19.0;   12.9;   12.1;eor
       3591;20180825;-999;-999;-999;    3;   1.3;   4;-999;-999;  -999;  10.8;    -999;   11.7;   79.21;   16.4;    7.6;    4.8;eor
       3591;20180826;-999;-999;-999;    3;   1.8;   4;-999;-999;  -999;   9.0;    -999;   13.8;   61.08;   19.6;    6.4;    3.4;eor
       3591;20180827;-999;-999;-999;    3;   0.3;   4;-999;-999;  -999;  13.3;    -999;   15.8;   74.79;   20.7;   12.3;   10.8;eor
       3591;20180828;-999;-999;-999;    3;   0.0;   0;-999;-999;  -999;  12.0;    -999;   17.2;   63.50;   23.6;   12.1;    8.9;eor
       3591;20180829;-999;-999;-999;    3;   2.7;   4;-999;-999;  -999;  14.9;    -999;   17.9;   73.75;   25.2;   11.4;    8.5;eor
       3591;20180830;-999;-999;-999;    3;   0.0;   0;-999;-999;  -999;  12.2;    -999;   14.7;   74.25;   19.1;    9.5;    8.0;eor
       3591;20180831;-999;-999;-999;    3;   0.0;   0;-999;-999;  -999;  10.3;    -999;   13.4;   68.88;   18.7;    8.7;    4.8;eor
       3591;20180901;-999;-999;-999;    3;   0.0;   0;-999;-999;  -999;   9.2;    -999;   12.9;   64.88;   19.1;    5.8;    2.4;eor
       3591;20180902;-999;-999;-999;    3;   0.0;   0;-999;-999;  -999;  11.1;    -999;   15.0;   67.04;   21.3;    6.1;    2.8;eor
       3591;20180903;-999;-999;-999;    3;   0.9;   4;-999;-999;  -999;  14.7;    -999;   16.7;   77.25;   20.0;   14.2;   12.3;eor
       3591;20180904;-999;-999;-999;    3;   0.2;   4;-999;-999;  -999;  17.5;    -999;   19.0;   80.96;   24.5;   15.4;   13.4;eor
       3591;20180905;-999;-999;-999;    3;  13.3;   4;-999;-999;  -999;  17.1;    -999;   19.2;   78.33;   25.6;   15.2;   12.8;eor
       3591;20180906;-999;-999;-999;    3;   0.1;   4;-999;-999;  -999;  17.5;    -999;   16.8;   91.42;   19.7;   14.3;   13.0;eor
       3591;20180907;-999;-999;-999;    3;   0.1;   4;-999;-999;  -999;  12.0;    -999;   13.6;   76.79;   16.4;   10.4;    7.7;eor
       3591;20180908;-999;-999;-999;    3;   0.0;   0;-999;-999;  -999;  10.3;    -999;   14.0;   65.67;   19.8;    9.1;    7.2;eor
       3591;20180909;-999;-999;-999;    3;   0.0;   0;-999;-999;  -999;  11.6;    -999;   17.3;   60.50;   23.8;   10.6;    8.2;eor
       3591;20180910;-999;-999;-999;    3;   0.0;   0;-999;-999;  -999;  12.5;    -999;   18.4;   59.33;   22.6;   14.9;   12.2;eor
       3591;20180911;-999;-999;-999;    3;   0.0;   0;-999;-999;  -999;  13.2;    -999;   19.9;   58.58;   25.7;   14.3;   12.1;eor
       3591;20180912;-999;-999;-999;    3;   1.1;   4;-999;-999;  -999;  14.6;    -999;   17.3;   75.58;   24.7;   12.7;    8.4;eor
       3591;20180913;-999;-999;-999;    3;   1.1;   4;-999;-999;  -999;  14.3;    -999;   12.8;   96.46;   14.3;    9.8;    6.6;eor
       3591;20180914;-999;-999;-999;    3;   0.0;   0;-999;-999;  -999;  10.7;    -999;   13.6;   71.17;   19.2;    8.3;    5.7;eor
       3591;20180915;-999;-999;-999;    3;   0.0;   0;-999;-999;  -999;  11.4;    -999;   13.9;   72.71;   18.6;    9.4;    6.0;eor
       3591;20180916;-999;-999;-999;    3;   0.0;   0;-999;-999;  -999;  10.1;    -999;   15.9;   59.75;   23.5;    7.7;    5.0;eor
       3591;20180917;-999;-999;-999;    3;   0.0;   0;-999;-999;  -999;   9.5;    -999;   18.3;   50.13;   26.4;    9.5;    5.6;eor
       3591;20180918;-999;-999;-999;    3;   0.0;   0;-999;-999;  -999;  13.1;    -999;   23.0;   48.13;   30.1;   16.1;   13.7;eor
       3591;20180919;-999;-999;-999;    3;   0.0;   0;-999;-999;  -999;  15.4;    -999;   20.5;   65.46;   26.2;   14.4;   11.6;eor
       3591;20180920;-999;-999;-999;    3;   0.0;   0;-999;-999;  -999;  13.1;    -999;   20.2;   57.42;   25.4;   15.3;   13.5;eor
       3591;20180921;-999;-999;-999;    3;   3.3;   4;-999;-999;  -999;  11.3;    -999;   15.5;   63.75;   20.7;   10.9;    9.4;eor
       3591;20180922;-999;-999;-999;    3;   7.0;   4;-999;-999;  -999;  10.4;    -999;   10.9;   80.67;   15.6;    9.1;    7.8;eor
       3591;20180923;-999;-999;-999;    3;  44.4;   4;-999;-999;  -999;  11.7;    -999;    9.5;   98.13;   12.6;    7.1;    6.1;eor
       3591;20180924;-999;-999;-999;    3;   2.0;   4;-999;-999;  -999;   9.4;    -999;    8.3;   85.88;   12.8;    5.4;    2.5;eor
       3591;20180925;-999;-999;-999;    3;   0.0;   0;-999;-999;  -999;   8.2;    -999;    8.0;   77.17;   13.0;    1.9;   -0.2;eor
       3591;20180926;-999;-999;-999;    3;   0.0;   0;-999;-999;  -999;   7.4;    -999;   11.3;   57.42;   18.3;    4.6;    1.7;eor
       3591;20180927;-999;-999;-999;    3;   0.0;   0;-999;-999;  -999;   8.5;    -999;   14.8;   52.79;   24.0;    5.8;    2.0;eor
       3591;20180928;-999;-999;-999;    3;   2.7;   4;-999;-999;  -999;  10.4;    -999;    9.3;   88.58;   11.2;    6.4;    2.2;eor
       3591;20180929;-999;-999;-999;    3;   0.0;   0;-999;-999;  -999;   8.0;    -999;    7.3;   80.08;   12.8;    1.9;   -0.9;eor
       3591;20180930;-999;-999;-999;    3;   0.1;   4;-999;-999;  -999;   7.4;    -999;    9.7;   63.46;   16.1;    2.5;   -0.9;eor
       3591;20181001;-999;-999;-999;    3;   0.8;   4;-999;   0;  -999;   8.9;    -999;    8.2;   82.00;   12.0;    5.5;    3.7;eor
       3591;20181002;-999;-999;-999;    3;   0.2;   4;-999;   0;  -999;  10.4;    -999;    9.5;   85.88;   13.2;    6.0;    5.2;eor
       3591;20181003;-999;-999;-999;    3;   0.0;   0;-999;   0;  -999;  10.4;    -999;   11.4;   77.54;   13.8;    7.2;    3.4;eor
       3591;20181004;-999;-999;-999;    3;   0.0;   0;-999;   0;  -999;  10.9;    -999;   11.3;   81.54;   16.3;    5.8;    2.7;eor
       3591;20181005;-999;-999;-999;    3;   0.0;   0;-999;   0;  -999;  10.7;    -999;   15.4;   64.25;   23.3;    8.5;    4.1;eor
       3591;20181006;-999;-999;-999;    3;   7.2;   4;-999;   0;  -999;  12.2;    -999;   17.1;   64.17;   23.1;   10.9;    6.4;eor
       3591;20181007;-999;-999;-999;    3;   1.2;   4;-999;   0;  -999;  11.2;    -999;   10.1;   89.46;   14.7;    4.5;    2.5;eor
       3591;20181008;-999;-999;-999;    3;   0.0;   0;-999;   0;  -999;   9.3;    -999;    9.2;   81.08;   15.3;    3.1;    1.0;eor
       3591;20181009;-999;-999;-999;    3;   0.0;   0;-999;   0;  -999;  13.1;    -999;   13.3;   85.08;   20.1;    6.4;    3.7;eor
       3591;20181010;-999;-999;-999;    3;   0.0;   0;-999;   0;  -999;  13.3;    -999;   15.6;   76.21;   20.5;    8.9;    4.9;eor
       3591;20181011;-999;-999;-999;    3;   0.0;   0;-999;   0;  -999;  13.2;    -999;   17.8;   65.08;   21.5;   13.9;   10.7;eor
       3591;20181012;-999;-999;-999;    3;   0.0;   0;-999;   0;  -999;  14.4;    -999;   19.1;   65.25;   23.7;   15.4;   13.6;eor
       3591;20181013;-999;-999;-999;    3;   0.0;   0;-999;   0;  -999;  13.4;    -999;   20.1;   57.96;   25.0;   16.7;   13.8;eor
       3591;20181014;-999;-999;-999;    3;   0.0;   0;-999;   0;  -999;  11.8;    -999;   19.3;   53.08;   23.2;   15.1;   12.9;eor
       3591;20181015;-999;-999;-999;    3;   0.0;   0;-999;   0;  -999;  10.2;    -999;   18.0;   50.96;   24.0;   11.1;    6.6;eor
       3591;20181016;-999;-999;-999;    3;   0.0;   0;-999;   0;  -999;  10.8;    -999;   15.8;   62.17;   22.8;    9.4;    5.2;eor
       3591;20181017;-999;-999;-999;    3;   0.0;   0;-999;   0;  -999;  12.6;    -999;   15.8;   71.08;   21.5;   11.6;    7.6;eor
       3591;20181018;-999;-999;-999;    3;   0.0;   0;-999;   0;  -999;  13.4;    -999;   12.2;   94.29;   14.9;   10.6;    7.7;eor
       3591;20181019;-999;-999;-999;    3;   0.0;   0;-999;   0;  -999;  11.5;    -999;   10.9;   88.58;   14.6;    7.5;    3.9;eor
       3591;20181020;-999;-999;-999;    3;   0.0;   0;-999;   0;  -999;   9.1;    -999;    7.9;   86.08;   13.3;    3.3;    0.0;eor
       3591;20181021;-999;-999;-999;    3;   0.0;   0;-999;   0;  -999;   8.5;    -999;    8.4;   78.63;   15.2;    1.6;   -1.3;eor
       3591;20181022;-999;-999;-999;    3;   3.7;   4;-999;   0;  -999;  10.1;    -999;    8.7;   89.83;   11.0;    4.6;    1.4;eor
       3591;20181023;-999;-999;-999;    3;   0.2;   4;-999;   0;  -999;   9.3;    -999;    8.6;   82.96;   11.9;    3.2;    0.2;eor
       3591;20181024;-999;-999;-999;    3;   1.9;   4;-999;   0;  -999;  13.2;    -999;   11.7;   95.75;   12.9;   10.3;    9.6;eor
       3591;20181025;-999;-999;-999;    3;   0.0;   0;-999;   0;  -999;  10.7;    -999;   10.1;   85.92;   11.4;    8.4;    8.1;eor
       3591;20181026;-999;-999;-999;    3;   3.3;   4;-999;   0;  -999;   8.8;    -999;    7.4;   85.63;    9.2;    4.6;    3.0;eor
       3591;20181027;-999;-999;-999;    3;   0.0;   0;-999;   0;  -999;   7.4;    -999;    4.1;   90.04;    7.3;    0.2;   -1.6;eor
       3591;20181028;-999;-999;-999;    3;   0.3;   4;-999;   0;  -999;   6.6;    -999;    3.0;   87.88;    4.3;    1.4;    1.3;eor
       3591;20181029;-999;-999;-999;    3;   8.0;   4;-999;   0;  -999;   7.2;    -999;    3.1;   94.96;    4.2;    2.3;    2.3;eor
       3591;20181030;-999;-999;-999;    3;   7.2;   4;-999;   0;  -999;   7.6;    -999;    4.5;   90.21;    7.4;    1.6;    0.8;eor
       3591;20181031;-999;-999;-999;    3;   0.0;   0;-999;   0;  -999;   8.1;    -999;    7.1;   80.21;   10.0;    3.5;    1.9;eor
       3591;20181101;-999;-999;-999;    3;   0.9;   4;-999;   0;  -999;   9.0;    -999;    8.8;   79.71;   11.3;    5.7;    3.3;eor
       3591;20181102;-999;-999;-999;    3;   0.0;   0;-999;   0;  -999;   7.7;    -999;    6.2;   81.00;    9.1;   -0.2;   -2.8;eor
       3591;20181103;-999;-999;-999;    3;   0.0;   0;-999;   0;  -999;   6.5;    -999;    3.3;   84.79;    8.3;   -1.1;   -4.2;eor
       3591;20181104;-999;-999;-999;    3;   0.0;   0;-999;   0;  -999;   8.7;    -999;    6.9;   87.13;   11.3;    2.4;   -1.0;eor
       3591;20181105;-999;-999;-999;    3;   0.0;   4;-999;   0;  -999;   9.6;    -999;    8.3;   87.92;   13.5;    3.6;    0.9;eor
       3591;20181106;-999;-999;-999;    3;   0.0;   0;-999;   0;  -999;  10.5;    -999;   13.4;   68.54;   16.5;    9.1;    5.0;eor
       3591;20181107;-999;-999;-999;    3;   0.0;   0;-999;   0;  -999;   9.9;    -999;   11.0;   75.75;   13.4;    8.9;    7.0;eor
       3591;20181108;-999;-999;-999;    3;   0.0;   0;-999;   0;  -999;   9.2;    -999;    9.4;   78.46;   12.8;    5.9;    2.6;eor
       3591;20181109;-999;-999;-999;    3;   0.3;   4;-999;   0;  -999;   9.9;    -999;    9.9;   81.38;   13.5;    4.6;    1.1;eor
       3591;20181110;-999;-999;-999;    3;   2.1;   4;-999;   0;  -999;  11.5;    -999;   12.1;   81.58;   13.4;   10.8;    9.0;eor
       3591;20181111;-999;-999;-999;    3;  10.3;   4;-999;   0;  -999;  10.7;    -999;   10.7;   83.21;   13.0;    9.7;    8.2;eor
       3591;20181112;-999;-999;-999;    3;   1.9;   4;-999;   0;  -999;  11.9;    -999;   11.1;   89.88;   16.7;    9.0;    7.7;eor
       3591;20181113;-999;-999;-999;    3;   0.0;   0;-999;   0;  -999;   9.5;    -999;    9.4;   80.38;   11.8;    6.7;    4.6;eor
       3591;20181114;-999;-999;-999;    3;   0.0;   0;-999;   0;  -999;   8.6;    -999;    7.7;   82.71;   12.2;    3.6;    1.2;eor
       3591;20181115;-999;-999;-999;    3;   0.0;   0;-999;   0;  -999;   7.9;    -999;    6.4;   82.04;   12.1;    1.2;   -2.7;eor
       3591;20181116;-999;-999;-999;    3;   0.0;   0;-999;   0;  -999;   6.7;    -999;    4.7;   77.79;   10.0;    0.0;   -3.3;eor
       3591;20181117;-999;-999;-999;    3;   0.0;   0;-999;   0;  -999;   5.9;    -999;    3.8;   73.71;    7.0;    0.7;   -3.0;eor
       3591;20181118;-999;-999;-999;    3;   0.0;   0;-999;   0;  -999;   4.6;    -999;    1.2;   69.13;    5.2;   -2.0;   -5.7;eor
       3591;20181119;-999;-999;-999;    3;   0.0;   4;-999;   0;  -999;   5.6;    -999;    1.4;   82.92;    3.6;   -1.6;   -5.3;eor
       3591;20181120;-999;-999;-999;    3;   0.0;   0;-999;   0;  -999;   5.3;    -999;    1.4;   78.79;    2.5;    0.2;   -0.2;eor
       3591;20181121;-999;-999;-999;    3;   0.0;   0;-999;   0;  -999;   5.9;    -999;    1.3;   88.42;    4.0;   -0.5;   -2.1;eor
       3591;20181122;-999;-999;-999;    3;   0.0;   0;-999;   0;  -999;   6.1;    -999;    2.1;   86.04;    5.4;   -0.1;   -2.9;eor
       3591;20181123;-999;-999;-999;    3;   0.0;   0;-999;   0;  -999;   7.1;    -999;    4.3;   85.79;    9.8;    1.0;   -2.3;eor
       3591;20181124;-999;-999;-999;    3;   3.7;   4;-999;   0;  -999;   7.3;    -999;    3.5;   92.88;    5.8;    0.8;   -1.5;eor
       3591;20181125;-999;-999;-999;    3;   0.2;   4;-999;   0;  -999;   7.5;    -999;    3.3;   97.63;    5.0;    2.6;    0.2;eor
       3591;20181126;-999;-999;-999;    3;   0.5;   4;-999;   0;  -999;   7.8;    -999;    3.4;  100.00;    3.9;    2.8;    2.9;eor
       3591;20181127;-999;-999;-999;    3;   0.0;   0;-999;   0;  -999;   7.2;    -999;    2.4;   98.58;    3.5;    1.1;   -0.8;eor
       3591;20181128;-999;-999;-999;    3;   0.6;   4;-999;   0;  -999;   7.6;    -999;    5.1;   86.50;    7.8;    2.1;    0.6;eor
       3591;20181129;-999;-999;-999;    3;   0.0;   0;-999;   0;  -999;   8.7;    -999;    9.2;   75.08;   10.8;    7.8;    6.8;eor
       3591;20181130;-999;-999;-999;    3;   0.0;   0;-999;   0;  -999;   9.1;    -999;    8.9;   79.54;   10.6;    6.7;    3.8;eor
       3591;20181201;-999;-999;-999;    3;   4.7;   4;-999;   0;  -999;   8.4;    -999;    7.0;   83.54;    8.3;    5.7;    3.8;eor
       3591;20181202;-999;-999;-999;    3;  14.9;   4;-999;   0;  -999;  11.8;    -999;   10.9;   90.00;   13.2;    8.2;    7.4;eor
       3591;20181203;-999;-999;-999;    3;  11.8;   4;-999;   0;  -999;  11.7;    -999;   11.1;   88.67;   12.5;    8.5;    7.8;eor
       3591;20181204;-999;-999;-999;    3;   0.1;   4;-999;   0;  -999;   7.8;    -999;    4.4;   92.42;    8.6;   -0.6;   -3.2;eor
       3591;20181205;-999;-999;-999;    3;   0.1;   4;-999;   0;  -999;   7.7;    -999;    5.0;   87.46;    8.8;   -0.7;   -2.6;eor
       3591;20181206;-999;-999;-999;    3;   0.1;   4;-999;   0;  -999;  10.9;    -999;   10.1;   87.88;   11.4;    8.1;    7.1;eor
       3591;20181207;-999;-999;-999;    3;   9.1;   4;-999;   0;  -999;  10.0;    -999;    9.0;   86.13;   11.2;    4.8;    3.1;eor
       3591;20181208;-999;-999;-999;    3;  12.8;   4;-999;   0;  -999;   8.4;    -999;    6.7;   85.33;    9.3;    4.7;    3.1;eor
       3591;20181209;-999;-999;-999;    3;  21.9;   4;-999;   0;  -999;   8.3;    -999;    6.2;   87.75;    7.7;    3.7;    3.3;eor
       3591;20181210;-999;-999;-999;    3;  10.4;   4;-999;   0;  -999;   7.1;    -999;    3.1;   92.25;    4.9;    0.9;    0.1;eor
       3591;20181211;-999;-999;-999;    3;   0.4;   4;-999;   0;  -999;   6.7;    -999;    2.4;   91.33;    4.5;    0.6;   -1.8;eor
       3591;20181212;-999;-999;-999;    3;   0.1;   4;-999;   0;  -999;   6.2;    -999;    0.6;   96.67;    1.8;   -1.1;   -3.2;eor
       3591;20181213;-999;-999;-999;    3;   0.0;   0;-999;   0;  -999;   4.9;    -999;   -0.6;   84.08;    0.5;   -1.8;   -3.0;eor
       3591;20181214;-999;-999;-999;    3;   0.0;   0;-999;   0;  -999;   4.0;    -999;   -1.2;   71.46;   -0.5;   -1.5;   -2.0;eor
       3591;20181215;-999;-999;-999;    3;   1.9;   4;-999;   0;  -999;   3.8;    -999;   -2.0;   72.00;   -1.1;   -2.7;   -4.6;eor
       3591;20181216;-999;-999;-999;    3;   0.4;   4;-999;   2;  -999;   6.0;    -999;    0.9;   91.83;    4.3;   -2.2;   -2.3;eor
       3591;20181217;-999;-999;-999;    3;   0.4;   4;-999;   0;  -999;   7.4;    -999;    4.7;   86.96;    6.5;    3.4;    2.0;eor
       3591;20181218;-999;-999;-999;    3;   0.0;   0;-999;   0;  -999;   7.0;    -999;    4.8;   81.46;    6.2;    3.8;    2.2;eor
       3591;20181219;-999;-999;-999;    3;   0.3;   4;-999;   0;  -999;   8.1;    -999;    6.7;   82.38;    8.4;    5.7;    3.0;eor
       3591;20181220;-999;-999;-999;    3;   3.8;   4;-999;   0;  -999;   8.1;    -999;    6.3;   84.67;    7.1;    5.7;    4.1;eor
       3591;20181221;-999;-999;-999;    3;   7.8;   4;-999;   0;  -999;   9.6;    -999;    9.3;   81.75;   12.6;    6.6;    5.2;eor
       3591;20181222;-999;-999;-999;    3;   6.3;   4;-999;   0;  -999;   9.4;    -999;    8.3;   85.71;    9.6;    6.7;    4.8;eor
       3591;20181223;-999;-999;-999;    3;  26.6;   4;-999;   0;  -999;   9.7;    -999;    8.0;   89.83;   10.9;    4.9;    4.9;eor
       3591;20181224;-999;-999;-999;    3;   0.0;   0;-999;   0;  -999;   7.0;    -999;    2.8;   92.50;    5.0;   -1.8;   -5.1;eor
       3591;20181225;-999;-999;-999;    3;   0.0;   0;-999;   0;  -999;   5.6;    -999;    0.5;   88.83;    4.3;   -2.3;   -5.9;eor
       3591;20181226;-999;-999;-999;    3;   0.0;   0;-999;   0;  -999;   4.6;    -999;    0.4;   74.42;    5.2;   -3.7;   -6.9;eor
       3591;20181227;-999;-999;-999;    3;   0.0;   0;-999;   0;  -999;   5.3;    -999;    3.3;   67.75;    7.2;   -0.2;   -4.5;eor
       3591;20181228;-999;-999;-999;    3;   0.0;   0;-999;   0;  -999;   5.4;    -999;    2.1;   77.42;    5.2;   -1.9;   -4.5;eor
       3591;20181229;-999;-999;-999;    3;   1.4;   4;-999;   0;  -999;   8.1;    -999;    5.1;   91.50;    7.0;    3.6;    2.6;eor
       3591;20181230;-999;-999;-999;    3;   2.0;   4;-999;   0;  -999;   8.4;    -999;    6.0;   88.92;    7.0;    5.3;    4.7;eor
       3591;20181231;-999;-999;-999;    3;   0.7;   4;-999;   0;  -999;   9.8;    -999;    7.3;   96.00;    8.1;    6.7;    5.8;eor
       3591;20190101;-999;-999;-999;    3;   3.0;   4;-999;   0;  -999;   8.1;    -999;    5.0;   92.29;    6.8;    2.7;    1.4;eor
       3591;20190102;-999;-999;-999;    3;   0.0;   0;-999;   0;  -999;   5.9;    -999;    2.0;   83.33;    3.3;   -0.6;   -3.3;eor
       3591;20190103;-999;-999;-999;    3;   0.4;   4;-999;   0;  -999;   6.4;    -999;    1.4;   94.33;    2.4;   -0.3;   -2.9;eor
       3591;20190104;-999;-999;-999;    3;   1.8;   4;-999;   0;  -999;   6.4;    -999;    1.4;   95.25;    2.3;    0.6;   -0.8;eor
       3591;20190105;-999;-999;-999;    3;   5.6;   4;-999;   0;  -999;   7.7;    -999;    3.6;   97.50;    4.6;    1.4;    1.3;eor
       3591;20190106;-999;-999;-999;    3;   1.0;   4;-999;   0;  -999;   7.3;    -999;    3.0;   96.71;    3.5;    2.4;    1.6;eor
       3591;20190107;-999;-999;-999;    3;   6.6;   4;-999;   0;  -999;   7.7;    -999;    4.3;   92.17;    6.8;    2.1;    0.9;eor
       3591;20190108;-999;-999;-999;    3;   9.5;   4;-999;   0;  -999;   7.5;    -999;    4.4;   89.46;    7.3;    0.9;    0.1;eor
       3591;20190109;-999;-999;-999;    3;   0.0;   0;-999;   0;  -999;   5.9;    -999;    1.7;   86.00;    3.2;   -0.3;   -1.4;eor
       3591;20190110;-999;-999;-999;    3;   0.0;   0;-999;   0;  -999;   5.4;    -999;   -0.6;   91.75;    0.1;   -1.6;   -2.1;eor
       3591;20190111;-999;-999;-999;    3;   2.3;   4;-999;   0;  -999;   7.2;    -999;    2.8;   94.96;    5.1;   -0.2;   -0.8;eor
       3591;20190112;-999;-999;-999;    3;   9.1;   4;-999;   0;  -999;   7.9;    -999;    4.7;   92.54;    5.9;    3.5;    2.8;eor
       3591;20190113;-999;-999;-999;    3;  22.9;   4;-999;   0;  -999;   9.2;    -999;    6.5;   94.29;    7.7;    4.8;    3.7;eor
       3591;20190114;-999;-999;-999;    3;   6.9;   4;-999;   0;  -999;   7.0;    -999;    3.1;   91.38;    5.5;    0.8;   -0.9;eor
       3591;20190115;-999;-999;-999;    3;   0.0;   0;-999;   0;  -999;   7.0;    -999;    3.6;   87.75;    5.2;    1.3;    0.0;eor
       3591;20190116;-999;-999;-999;    3;   3.3;   4;-999;   0;  -999;   6.6;    -999;    3.8;   82.13;    4.8;    2.8;    1.3;eor
       3591;20190117;-999;-999;-999;    3;   6.9;   4;-999;   0;  -999;   6.5;    -999;    2.0;   91.63;    4.3;   -0.4;   -1.4;eor
       3591;20190118;-999;-999;-999;    3;   0.0;   0;-999;   1;  -999;   5.0;    -999;   -0.6;   85.96;    2.4;   -3.6;   -6.5;eor
       3591;20190119;-999;-999;-999;    3;   0.0;   0;-999;   1;  -999;   4.0;    -999;   -1.9;   76.46;    1.2;   -4.5;   -9.5;eor
       3591;20190120;-999;-999;-999;    3;   0.0;   0;-999;   1;  -999;   3.8;    -999;   -4.4;   84.79;   -1.8;   -7.5;  -11.7;eor
       3591;20190121;-999;-999;-999;    3;   0.0;   0;-999;   1;  -999;   3.4;    -999;   -4.4;   79.29;    2.0;   -8.9;  -12.8;eor
       3591;20190122;-999;-999;-999;    3;   1.0;   4;-999;   1;  -999;   3.6;    -999;   -3.1;   73.75;   -0.9;   -5.5;   -8.9;eor
       3591;20190123;-999;-999;-999;    3;   0.0;   0;-999;   2;  -999;   4.3;    -999;   -3.0;   87.54;   -2.4;   -4.4;   -5.8;eor
       3591;20190124;-999;-999;-999;    3;   0.4;   4;-999;   2;  -999;   3.9;    -999;   -4.4;   87.33;   -1.7;   -5.5;   -5.5;eor
       3591;20190125;-999;-999;-999;    3;   1.6;   4;-999;   1;  -999;   5.5;    -999;    0.0;   89.79;    3.7;   -1.8;   -5.1;eor
       3591;20190126;-999;-999;-999;    3;   1.1;   4;-999;   0;  -999;   7.9;    -999;    4.9;   91.38;    6.1;    3.5;    2.6;eor
       3591;20190127;-999;-999;-999;    3;  14.5;   4;-999;   0;  -999;   7.2;    -999;    3.8;   89.50;    5.5;    1.1;    0.0;eor
       3591;20190128;-999;-999;-999;    3;   8.9;   4;-999;   4;  -999;   6.1;    -999;    0.9;   94.04;    2.3;    0.1;   -0.3;eor
       3591;20190129;-999;-999;-999;    3;   0.4;   4;-999;   7;  -999;   5.2;    -999;    0.0;   85.17;    1.7;   -1.5;   -4.2;eor
       3591;20190130;-999;-999;-999;    3;   6.5;   4;-999;   9;  -999;   5.0;    -999;   -1.4;   91.79;   -0.5;   -2.5;   -6.1;eor
       3591;20190131;-999;-999;-999;    3;   0.0;   4;-999;  19;  -999;   4.3;    -999;   -2.8;   87.17;    1.8;   -5.7;  -13.3;eor
       3591;20190201;-999;-999;-999;    3;   4.6;   4;-999;  17;  -999;   6.1;    -999;    1.7;   87.83;    4.7;   -1.5;   -7.5;eor
       3591;20190202;-999;-999;-999;    3;   0.5;   4;-999;  12;  -999;   6.2;    -999;    0.3;   99.46;    1.8;   -0.7;   -0.9;eor
       3591;20190203;-999;-999;-999;    3;   0.0;   0;-999;  10;  -999;   5.8;    -999;    0.3;   92.67;    2.1;   -0.9;   -4.8;eor
       3591;20190204;-999;-999;-999;    3;   0.0;   0;-999;   9;  -999;   4.9;    -999;    1.0;   75.04;    2.7;   -0.9;   -2.7;eor
       3591;20190205;-999;-999;-999;    3;   0.0;   4;-999;   9;  -999;   6.3;    -999;    2.6;   85.58;    4.6;    0.9;   -1.9;eor
       3591;20190206;-999;-999;-999;    3;   0.1;   4;-999;   6;  -999;   5.8;    -999;    4.5;   68.79;    7.3;    2.2;   -1.2;eor
       3591;20190207;-999;-999;-999;    3;   2.1;   4;-999;   0;  -999;   7.4;    -999;    5.5;   81.42;    8.3;    3.8;    1.8;eor
       3591;20190208;-999;-999;-999;    3;   5.1;   4;-999;   0;  -999;   7.7;    -999;    5.9;   82.79;    7.7;    3.9;    2.5;eor
       3591;20190209;-999;-999;-999;    3;   4.9;   4;-999;   0;  -999;   7.4;    -999;    6.6;   76.58;    8.7;    5.2;    3.5;eor
       3591;20190210;-999;-999;-999;    3;  25.2;   4;-999;   0;  -999;   8.2;    -999;    5.7;   88.75;    8.1;    0.8;    0.0;eor
       3591;20190211;-999;-999;-999;    3;   0.1;   4;-999;   0;  -999;   6.7;    -999;    2.8;   89.88;    5.5;    0.5;   -1.4;eor
       3591;20190212;-999;-999;-999;    3;   0.0;   0;-999;   0;  -999;   6.1;    -999;    2.4;   84.71;    5.9;    0.1;   -1.8;eor
       3591;20190213;-999;-999;-999;    3;   0.0;   0;-999;   0;  -999;   5.8;    -999;    3.1;   76.33;    7.8;   -0.3;   -2.5;eor
       3591;20190214;-999;-999;-999;    3;   0.0;   0;-999;   0;  -999;   4.4;    -999;    7.1;   45.58;   15.6;    0.7;   -4.3;eor
       3591;20190215;-999;-999;-999;    3;   0.0;   0;-999;   0;  -999;   4.8;    -999;   10.8;   35.71;   17.6;    4.4;   -0.7;eor
       3591;20190216;-999;-999;-999;    3;   0.0;   0;-999;   0;  -999;   5.8;    -999;   10.8;   46.50;   17.3;    6.3;    0.2;eor
       3591;20190217;-999;-999;-999;    3;   0.0;   0;-999;   0;  -999;   5.8;    -999;   10.6;   48.58;   17.8;    5.2;   -0.6;eor
       3591;20190218;-999;-999;-999;    3;   0.1;   4;-999;   0;  -999;   5.9;    -999;   10.1;   48.88;   15.9;    4.6;   -0.8;eor
       3591;20190219;-999;-999;-999;    3;   0.0;   0;-999;   0;  -999;   7.1;    -999;    6.8;   72.71;    9.7;    3.6;    0.8;eor
       3591;20190220;-999;-999;-999;    3;   0.0;   0;-999;   0;  -999;   7.0;    -999;    6.2;   74.42;   11.0;    2.7;   -0.7;eor
       3591;20190221;-999;-999;-999;    3;   1.3;   4;-999;   0;  -999;   8.8;    -999;    8.8;   77.63;   12.3;    5.0;    2.0;eor
       3591;20190222;-999;-999;-999;    3;   0.8;   4;-999;   0;  -999;  10.0;    -999;    7.7;   94.50;    9.9;    3.7;   -0.2;eor
       3591;20190223;-999;-999;-999;    3;   0.0;   0;-999;   0;  -999;   6.6;    -999;    5.4;   74.29;    9.7;    2.1;   -0.9;eor
       3591;20190224;-999;-999;-999;    3;   0.0;   0;-999;   0;  -999;   3.2;    -999;    8.2;   29.38;   13.4;    1.4;   -2.6;eor
       3591;20190225;-999;-999;-999;    3;   0.0;   0;-999;   0;  -999;   5.4;    -999;    9.9;   44.75;   16.3;    2.9;   -0.9;eor
       3591;20190226;-999;-999;-999;    3;   0.0;   0;-999;   0;  -999;   7.0;    -999;   10.5;   57.00;   16.9;    3.5;   -1.6;eor
       3591;20190227;-999;-999;-999;    3;   0.0;   0;-999;   0;  -999;   6.7;    -999;   12.1;   49.79;   19.8;    4.9;    0.1;eor
       3591;20190228;-999;-999;-999;    3;   2.5;   4;-999;   0;  -999;   8.7;    -999;    9.8;   72.63;   14.9;    6.8;    1.2;eor
       3591;20190301;-999;-999;-999;    3;   1.5;   4;-999;   0;  -999;   8.6;    -999;    5.6;   94.21;    7.9;    3.5;    3.0;eor
       3591;20190302;-999;-999;-999;    3;   0.0;   4;-999;   0;  -999;   8.6;    -999;    6.8;   86.29;    9.9;    3.7;    3.2;eor
       3591;20190303;-999;-999;-999;    3;   1.4;   4;-999;   0;  -999;   9.7;    -999;    9.0;   84.42;   10.6;    7.6;    6.3;eor
       3591;20190304;-999;-999;-999;    3;   6.1;   4;-999;   0;  -999;   7.7;    -999;    7.4;   74.63;   10.8;    3.9;    2.8;eor
       3591;20190305;-999;-999;-999;    3;   3.1;   4;-999;   0;  -999;   7.0;    -999;    4.7;   82.33;    8.0;    1.3;    0.3;eor
       3591;20190306;-999;-999;-999;    3;   0.6;   4;-999;   0;  -999;   8.5;    -999;    9.2;   73.13;   11.7;    6.5;    4.8;eor
       3591;20190307;-999;-999;-999;    3;   4.9;   4;-999;   0;  -999;   8.2;    -999;    7.7;   77.54;   10.4;    4.8;    3.1;eor
       3591;20190308;-999;-999;-999;    3;   5.7;   4;-999;   0;  -999;   7.4;    -999;    6.0;   79.46;    9.3;    4.2;    3.5;eor
       3591;20190309;-999;-999;-999;    3;   9.9;   4;-999;   0;  -999;   8.6;    -999;    7.9;   81.25;   11.3;    5.6;    4.6;eor
       3591;20190310;-999;-999;-999;    3;  19.8;   4;-999;   0;  -999;   8.1;    -999;    6.3;   83.67;   11.3;    0.9;    0.1;eor
       3591;20190311;-999;-999;-999;    3;   5.6;   4;-999;   1;  -999;   6.1;    -999;    2.2;   85.54;    4.7;    0.0;    0.0;eor
       3591;20190312;-999;-999;-999;    3;   1.5;   4;-999;   0;  -999;   5.8;    -999;    4.7;   69.29;    8.4;    1.2;   -0.2;eor
       3591;20190313;-999;-999;-999;    3;  16.7;   4;-999;   0;  -999;   6.9;    -999;    4.0;   85.13;    5.6;    2.6;    1.3;eor
       3591;20190314;-999;-999;-999;    3;  14.4;   4;-999;   0;  -999;   7.8;    -999;    5.6;   86.25;    8.6;    3.7;    2.7;eor
       3591;20190315;-999;-999;-999;    3;  29.7;   4;-999;   0;  -999;  10.0;    -999;    8.4;   89.50;   10.2;    5.3;    3.6;eor
       3591;20190316;-999;-999;-999;    3;   1.3;   4;-999;   0;  -999;   9.3;    -999;    8.3;   84.58;    9.6;    6.7;    6.2;eor
       3591;20190317;-999;-999;-999;    3;   8.7;   4;-999;   0;  -999;   7.2;    -999;    5.3;   80.42;    9.0;    0.9;    0.0;eor
       3591;20190318;-999;-999;-999;    3;   0.2;   4;-999;   0;  -999;   6.1;    -999;    3.5;   78.08;    8.0;   -1.3;   -3.8;eor
       3591;20190319;-999;-999;-999;    3;   0.0;   0;-999;   0;  -999;   5.6;    -999;    3.5;   73.83;    9.3;   -2.5;   -5.6;eor
       3591;20190320;-999;-999;-999;    3;   0.0;   0;-999;   0;  -999;   6.7;    -999;    6.0;   72.17;   11.0;    0.1;   -2.9;eor
       3591;20190321;-999;-999;-999;    3;   0.0;   0;-999;   0;  -999;   7.5;    -999;    8.4;   71.00;   14.6;    1.5;   -1.6;eor
       3591;20190322;-999;-999;-999;    3;   0.0;   0;-999;   0;  -999;   7.2;    -999;   11.2;   58.08;   19.0;    3.0;   -1.1;eor
       3591;20190323;-999;-999;-999;    3;   0.0;   0;-999;   0;  -999;   8.6;    -999;    7.0;   86.29;    9.7;    3.8;    0.2;eor
       3591;20190324;-999;-999;-999;    3;   0.1;   4;-999;   0;  -999;   8.0;    -999;    6.7;   80.75;   10.5;    2.6;   -1.5;eor
       3591;20190325;-999;-999;-999;    3;   3.2;   4;-999;   0;  -999;   6.9;    -999;    4.8;   80.08;    7.9;    3.3;    1.2;eor
       3591;20190326;-999;-999;-999;    3;   0.0;   0;-999;   0;  -999;   6.6;    -999;    4.8;   76.96;    6.9;    3.1;    2.2;eor
       3591;20190327;-999;-999;-999;    3;   0.0;   0;-999;   0;  -999;   6.8;    -999;    5.6;   75.58;    8.7;    1.9;   -1.0;eor
       3591;20190328;-999;-999;-999;    3;   0.0;   0;-999;   0;  -999;   7.7;    -999;    6.8;   78.17;   10.0;    3.2;   -0.6;eor
       3591;20190329;-999;-999;-999;    3;   0.0;   0;-999;   0;  -999;   8.3;    -999;    9.6;   70.50;   15.0;    2.0;   -1.4;eor
       3591;20190330;-999;-999;-999;    3;   0.0;   0;-999;   0;  -999;   7.8;    -999;   11.4;   60.17;   17.9;    3.7;   -0.6;eor
       3591;20190331;-999;-999;-999;    3;   0.0;   0;-999;   0;  -999;   8.5;    -999;    8.3;   77.17;   12.5;    3.7;    0.7;eor
       3591;20190401;-999;-999;-999;    3;   0.0;   0;-999;   0;  -999;   7.4;    -999;    8.4;   68.88;   14.2;    1.2;   -2.5;eor
       3591;20190402;-999;-999;-999;    3;   5.0;   4;-999;   0;  -999;   8.8;    -999;   10.1;   71.00;   13.4;    5.9;    5.1;eor
       3591;20190403;-999;-999;-999;    3;   0.3;   4;-999;   0;  -999;   7.4;    -999;    5.4;   82.83;    7.5;    3.4;    0.9;eor
       3591;20190404;-999;-999;-999;    3;   0.0;   0;-999;   0;  -999;   7.1;    -999;    4.3;   85.00;    6.2;    1.8;   -0.3;eor
       3591;20190405;-999;-999;-999;    3;   0.1;   4;-999;   0;  -999;   7.7;    -999;    5.1;   87.50;    7.9;    1.0;   -1.0;eor
       3591;20190406;-999;-999;-999;    3;   0.0;   0;-999;   0;  -999;   8.6;    -999;    9.2;   75.88;   14.4;    5.0;    3.4;eor
       3591;20190407;-999;-999;-999;    3;   0.0;   0;-999;   0;  -999;   8.9;    -999;   12.1;   65.46;   17.1;    5.2;    1.7;eor
       3591;20190408;-999;-999;-999;    3;   1.3;   4;-999;   0;  -999;  11.0;    -999;   11.0;   84.25;   16.3;    7.5;    4.1;eor
       3591;20190409;-999;-999;-999;    3;   1.7;   4;-999;   0;  -999;  10.8;    -999;    9.9;   88.46;   13.0;    7.3;    4.2;eor
       3591;20190410;-999;-999;-999;    3;   0.0;   0;-999;   0;  -999;   7.0;    -999;    6.7;   71.96;   10.5;    3.0;   -2.0;eor
       3591;20190411;-999;-999;-999;    3;   0.0;   0;-999;   0;  -999;   4.9;    -999;    4.6;   59.58;    9.4;   -0.9;   -4.9;eor
       3591;20190412;-999;-999;-999;    3;   0.0;   0;-999;   0;  -999;   4.6;    -999;    2.2;   64.67;    4.2;    0.0;   -4.4;eor
       3591;20190413;-999;-999;-999;    3;   0.6;   4;-999;   0;  -999;   5.4;    -999;    0.8;   83.13;    4.2;   -1.3;   -3.6;eor
       3591;20190414;-999;-999;-999;    3;   1.2;   4;-999;   0;  -999;   5.9;    -999;    3.3;   77.83;    8.8;   -0.6;   -2.4;eor
       3591;20190415;-999;-999;-999;    3;   0.0;   0;-999;   0;  -999;   6.8;    -999;    7.7;   66.92;   14.9;   -1.3;   -4.3;eor
       3591;20190416;-999;-999;-999;    3;   0.9;   4;-999;   0;  -999;   7.6;    -999;   10.6;   60.21;   17.5;    4.4;   -1.6;eor
       3591;20190417;-999;-999;-999;    3;   0.1;   4;-999;   0;  -999;  10.3;    -999;   11.0;   79.42;   15.6;    7.7;    4.8;eor
       3591;20190418;-999;-999;-999;    3;   0.0;   0;-999;   0;  -999;   7.5;    -999;   14.1;   48.75;   19.1;    6.4;    1.7;eor
       3591;20190419;-999;-999;-999;    3;   0.0;   0;-999;   0;  -999;   6.9;    -999;   14.9;   43.00;   21.3;    6.7;    1.1;eor
       3591;20190420;-999;-999;-999;    3;   0.0;   0;-999;   0;  -999;   7.2;    -999;   15.3;   43.96;   21.9;    6.1;    0.9;eor
       3591;20190421;-999;-999;-999;    3;   0.0;   0;-999;   0;  -999;   7.0;    -999;   15.1;   44.04;   21.9;    6.4;    1.1;eor
       3591;20190422;-999;-999;-999;    3;   0.0;   0;-999;   0;  -999;   7.0;    -999;   15.7;   41.67;   22.4;    5.5;    0.7;eor
       3591;20190423;-999;-999;-999;    3;   0.0;   0;-999;   0;  -999;   8.4;    -999;   13.9;   52.50;   18.6;    8.0;    3.4;eor
       3591;20190424;-999;-999;-999;    3;   5.1;   4;-999;   0;  -999;   9.9;    -999;   15.3;   59.88;   23.4;    8.2;    6.4;eor
       3591;20190425;-999;-999;-999;    3;   1.1;   4;-999;   0;  -999;   9.0;    -999;   11.9;   66.38;   18.6;    8.1;    6.4;eor
       3591;20190426;-999;-999;-999;    3;   0.0;   0;-999;   0;  -999;   8.7;    -999;   10.6;   69.08;   15.7;    7.9;    3.8;eor
       3591;20190427;-999;-999;-999;    3;   3.0;   4;-999;   0;  -999;   8.3;    -999;    7.8;   78.13;   11.4;    5.1;    4.3;eor
       3591;20190428;-999;-999;-999;    3;   1.6;   4;-999;   0;  -999;   7.9;    -999;    6.3;   82.92;    9.6;    1.7;   -1.5;eor
       3591;20190429;-999;-999;-999;    3;   0.0;   4;-999;   0;  -999;   8.0;    -999;    8.3;   75.04;   13.5;    0.3;   -2.8;eor
       3591;20190430;-999;-999;-999;    3;   0.0;   0;-999;   0;  -999;   9.1;    -999;   10.2;   74.25;   14.9;    6.5;    2.3;eor
       3591;20190501;-999;-999;-999;    3;   0.0;   0;-999;-999;  -999;   9.7;    -999;    8.5;   87.25;   14.0;    2.7;   -0.9;eor
       3591;20190502;-999;-999;-999;    3;   5.4;   4;-999;-999;  -999;   9.2;    -999;    9.0;   81.88;   15.0;    3.7;   -0.7;eor
       3591;20190503;-999;-999;-999;    3;  13.3;   4;-999;-999;  -999;   8.3;    -999;    7.1;   82.79;   11.5;    4.9;    4.2;eor
       3591;20190504;-999;-999;-999;    3;   4.5;   4;-999;-999;  -999;   6.6;    -999;    2.9;   88.54;    7.9;    0.1;   -1.1;eor
       3591;20190505;-999;-999;-999;    3;   1.5;   4;-999;-999;  -999;   6.6;    -999;    4.1;   81.46;    8.9;    0.3;   -1.5;eor
       3591;20190506;-999;-999;-999;    3;   0.3;   4;-999;-999;  -999;   6.8;    -999;    5.4;   76.75;   10.5;    1.8;   -0.8;eor
       3591;20190507;-999;-999;-999;    3;   0.2;   4;-999;-999;  -999;   6.8;    -999;    7.3;   67.92;   11.5;    3.5;    2.4;eor
       3591;20190508;-999;-999;-999;    3;   3.2;   4;-999;-999;  -999;   9.1;    -999;    8.9;   78.79;   11.8;    6.5;    4.6;eor
       3591;20190509;-999;-999;-999;    3;   0.7;   4;-999;-999;  -999;   9.7;    -999;   10.0;   79.46;   14.7;    7.0;    5.5;eor
       3591;20190510;-999;-999;-999;    3;   9.7;   4;-999;-999;  -999;   8.7;    -999;   10.3;   71.21;   15.4;    7.7;    6.0;eor
       3591;20190511;-999;-999;-999;    3;   3.1;   4;-999;-999;  -999;   9.3;    -999;    8.6;   83.88;   12.3;    4.4;    0.5;eor
       3591;20190512;-999;-999;-999;    3;   0.0;   0;-999;-999;  -999;   6.7;    -999;    7.4;   66.71;   12.2;    3.4;    0.0;eor
       3591;20190513;-999;-999;-999;    3;   0.0;   0;-999;-999;  -999;   5.8;    -999;    8.5;   55.21;   13.5;    2.9;   -2.0;eor
       3591;20190514;-999;-999;-999;    3;   0.0;   0;-999;-999;  -999;   6.4;    -999;    8.7;   58.25;   13.7;    3.5;   -1.6;eor
       3591;20190515;-999;-999;-999;    3;   0.0;   0;-999;-999;  -999;   5.5;    -999;    8.9;   51.83;   14.8;    0.8;   -2.7;eor
       3591;20190516;-999;-999;-999;    3;   1.8;   4;-999;-999;  -999;   7.7;    -999;    8.9;   67.83;   14.0;    1.8;   -1.3;eor
       3591;20190517;-999;-999;-999;    3;   3.1;   4;-999;-999;  -999;  11.0;    -999;    9.3;   93.29;   13.2;    6.6;    5.8;eor
       3591;20190518;-999;-999;-999;    3;   5.7;   4;-999;-999;  -999;  12.5;    -999;   12.9;   83.96;   18.4;    8.1;    5.3;eor
       3591;20190519;-999;-999;-999;    3;   0.0;   0;-999;-999;  -999;  12.9;    -999;   14.0;   81.38;   19.2;   10.1;    7.8;eor
       3591;20190520;-999;-999;-999;    3;   1.2;   4;-999;-999;  -999;  12.5;    -999;   11.8;   90.63;   14.5;    9.9;    6.8;eor
       3591;20190521;-999;-999;-999;    3;   3.4;   4;-999;-999;  -999;  11.7;    -999;   10.0;   94.96;   12.2;    8.9;    8.7;eor
       3591;20190522;-999;-999;-999;    3;   0.0;   0;-999;-999;  -999;   9.9;    -999;   11.6;   73.92;   17.0;    7.7;    4.4;eor
       3591;20190523;-999;-999;-999;    3;   0.0;   0;-999;-999;  -999;   9.3;    -999;   14.6;   58.92;   21.3;    6.2;    2.6;eor
       3591;20190524;-999;-999;-999;    3;   0.0;   0;-999;-999;  -999;   9.5;    -999;   15.4;   55.88;   21.4;    7.7;    3.8;eor
       3591;20190525;-999;-999;-999;    3;   0.0;   0;-999;-999;  -999;   9.9;    -999;   12.5;   67.96;   17.4;    6.6;    2.4;eor
       3591;20190526;-999;-999;-999;    3;   0.6;   4;-999;-999;  -999;  11.6;    -999;   15.2;   68.13;   19.8;    8.2;    4.8;eor
       3591;20190527;-999;-999;-999;    3;   0.0;   4;-999;-999;  -999;  11.9;    -999;   13.6;   76.71;   17.1;   10.8;    8.8;eor
       3591;20190528;-999;-999;-999;    3;   1.2;   4;-999;-999;  -999;  10.4;    -999;   10.8;   80.58;   15.1;    7.8;    5.8;eor
       3591;20190529;-999;-999;-999;    3;   0.0;   0;-999;-999;  -999;   8.9;    -999;   12.0;   65.92;   17.5;    5.3;    1.8;eor
       3591;20190530;-999;-999;-999;    3;   0.0;   0;-999;-999;  -999;  12.4;    -999;   15.3;   70.33;   19.3;   11.9;   10.9;eor
       3591;20190531;-999;-999;-999;    3;   0.0;   0;-999;-999;  -999;  12.9;    -999;   17.1;   67.04;   22.0;   11.1;    5.7;eor
       3591;20190601;-999;-999;-999;    3;   0.0;   0;-999;-999;  -999;  14.5;    -999;   18.7;   69.38;   25.4;    9.8;    4.8;eor
       3591;20190602;-999;-999;-999;    3;   0.3;   4;-999;-999;  -999;  13.4;    -999;   23.2;   51.29;   29.7;   13.5;    8.7;eor
       3591;20190603;-999;-999;-999;    3;   2.3;   4;-999;-999;  -999;  16.2;    -999;   19.5;   72.08;   23.9;   15.0;   14.9;eor
       3591;20190604;-999;-999;-999;    3;   3.7;   4;-999;-999;  -999;  16.2;    -999;   19.9;   72.92;   27.3;   12.9;   10.9;eor
       3591;20190605;-999;-999;-999;    3;  24.6;   4;-999;-999;  -999;  16.5;    -999;   19.3;   74.42;   23.8;   14.0;   12.9;eor
       3591;20190606;-999;-999;-999;    3;   0.0;   0;-999;-999;  -999;  11.2;    -999;   12.6;   77.17;   16.4;    7.1;    3.3;eor
       3591;20190607;-999;-999;-999;    3;   0.7;   4;-999;-999;  -999;  10.7;    -999;   14.4;   67.04;   23.0;    8.4;    5.8;eor
       3591;20190608;-999;-999;-999;    3;   0.4;   4;-999;-999;  -999;   9.6;    -999;   13.2;   63.71;   17.4;   10.3;    8.8;eor
       3591;20190609;-999;-999;-999;    3;   0.0;   0;-999;-999;  -999;  10.8;    -999;   15.2;   63.46;   19.8;    9.7;    7.1;eor
       3591;20190610;-999;-999;-999;    3;   0.2;   4;-999;-999;  -999;  13.2;    -999;   16.3;   71.71;   22.3;   11.1;    9.5;eor
       3591;20190611;-999;-999;-999;    3;   0.0;   0;-999;-999;  -999;  11.7;    -999;   14.6;   70.71;   19.3;   11.2;   10.1;eor
       3591;20190612;-999;-999;-999;    3;   5.5;   4;-999;-999;  -999;  12.1;    -999;   14.5;   74.08;   18.6;   10.1;    7.3;eor
       3591;20190613;-999;-999;-999;    3;   0.6;   4;-999;-999;  -999;  10.6;    -999;   14.4;   66.17;   20.1;    9.2;    5.0;eor
       3591;20190614;-999;-999;-999;    3;   2.8;   4;-999;-999;  -999;  12.4;    -999;   18.0;   63.42;   25.6;    7.9;    4.4;eor
       3591;20190615;-999;-999;-999;    3;   0.0;   0;-999;-999;  -999;  14.1;    -999;   17.6;   71.04;   22.4;   14.6;   11.9;eor
       3591;20190616;-999;-999;-999;    3;   0.0;   0;-999;-999;  -999;  12.1;    -999;   17.1;   62.42;   21.5;   11.6;    7.8;eor
       3591;20190617;-999;-999;-999;    3;   0.0;   0;-999;-999;  -999;  12.3;    -999;   18.7;   60.83;   25.3;    9.2;    6.2;eor
       3591;20190618;-999;-999;-999;    3;   0.0;   0;-999;-999;  -999;  15.0;    -999;   20.7;   63.00;   26.6;   12.2;    8.8;eor
       3591;20190619;-999;-999;-999;    3;   6.4;   4;-999;-999;  -999;  14.5;    -999;   20.7;   62.42;   27.6;   14.3;   11.0;eor
       3591;20190620;-999;-999;-999;    3;   5.8;   4;-999;-999;  -999;  14.9;    -999;   16.3;   80.17;   20.9;   13.5;   11.0;eor
       3591;20190621;-999;-999;-999;    3;   0.0;   0;-999;-999;  -999;  10.5;    -999;   15.2;   62.29;   19.7;   10.3;    7.9;eor
       3591;20190622;-999;-999;-999;    3;   0.0;   0;-999;-999;  -999;  12.5;    -999;   17.4;   64.54;   24.0;    9.3;    6.1;eor
       3591;20190623;-999;-999;-999;    3;   0.0;   0;-999;-999;  -999;  15.5;    -999;   21.2;   63.42;   27.0;   12.4;   10.0;eor
       3591;20190624;-999;-999;-999;    3;   0.0;   0;-999;-999;  -999;  16.6;    -999;   24.6;   55.58;   31.1;   17.0;   13.4;eor
       3591;20190625;-999;-999;-999;    3;   0.0;   0;-999;-999;  -999;  17.3;    -999;   27.2;   50.42;   33.7;   19.2;   15.4;eor
       3591;20190626;-999;-999;-999;    3;   0.0;   0;-999;-999;  -999;  21.0;    -999;   24.6;   69.00;   29.9;   18.6;   17.0;eor
       3591;20190627;-999;-999;-999;    3;   0.0;   0;-999;-999;  -999;  13.3;    -999;   18.9;   63.96;   24.8;   13.9;   10.6;eor
       3591;20190628;-999;-999;-999;    3;   0.0;   0;-999;-999;  -999;  11.6;    -999;   18.6;   57.58;   25.2;   11.9;    8.0;eor
       3591;20190629;-999;-999;-999;    3;   0.0;   0;-999;-999;  -999;  11.2;    -999;   24.2;   41.04;   31.9;   11.9;    8.8;eor
       3591;20190630;-999;-999;-999;    3;   0.0;   0;-999;-999;  -999;  16.6;    -999;   25.4;   51.38;   31.3;   17.6;   15.8;eor
       3591;20190701;-999;-999;-999;    3;   0.0;   0;-999;-999;  -999;  13.3;    -999;   18.9;   61.63;   22.9;   14.2;   12.5;eor
       3591;20190702;-999;-999;-999;    3;   0.0;   0;-999;-999;  -999;  10.8;    -999;   16.2;   59.75;   21.4;   10.3;    7.2;eor
       3591;20190703;-999;-999;-999;    3;   0.0;   0;-999;-999;  -999;   9.9;    -999;   15.3;   58.58;   20.4;    9.1;    5.8;eor
       3591;20190704;-999;-999;-999;    3;   0.0;   0;-999;-999;  -999;   9.0;    -999;   16.0;   52.08;   22.8;    7.5;    4.2;eor
       3591;20190705;-999;-999;-999;    3;   0.0;   0;-999;-999;  -999;  11.3;    -999;   19.1;   52.17;   25.8;   11.9;    9.9;eor
       3591;20190706;-999;-999;-999;    3;   0.5;   4;-999;-999;  -999;  12.3;    -999;   19.8;   57.17;   27.1;   13.4;   10.9;eor
       3591;20190707;-999;-999;-999;    3;   0.0;   0;-999;-999;  -999;  10.7;    -999;   14.7;   65.75;   20.4;   10.1;    6.6;eor
       3591;20190708;-999;-999;-999;    3;   0.0;   0;-999;-999;  -999;  10.0;    -999;   12.3;   70.75;   15.5;    6.5;    3.5;eor
       3591;20190709;-999;-999;-999;    3;   0.0;   0;-999;-999;  -999;   8.9;    -999;   13.4;   60.96;   19.5;    6.5;    2.9;eor
       3591;20190710;-999;-999;-999;    3;   0.0;   4;-999;-999;  -999;   8.7;    -999;   16.1;   51.21;   23.2;    6.3;    3.0;eor
       3591;20190711;-999;-999;-999;    3;   2.2;   4;-999;-999;  -999;  13.0;    -999;   18.4;   61.46;   23.9;   15.2;   11.8;eor
       3591;20190712;-999;-999;-999;    3;   1.7;   4;-999;-999;  -999;  14.1;    -999;   17.1;   74.00;   24.0;   13.8;   11.4;eor
       3591;20190713;-999;-999;-999;    3;   8.8;   4;-999;-999;  -999;  15.0;    -999;   15.1;   87.67;   19.9;   13.2;   12.5;eor
       3591;20190714;-999;-999;-999;    3;   0.0;   0;-999;-999;  -999;  12.3;    -999;   13.8;   77.88;   16.1;   11.7;   11.5;eor
       3591;20190715;-999;-999;-999;    3;   0.0;   0;-999;-999;  -999;  11.9;    -999;   13.1;   79.13;   14.9;   10.7;   10.2;eor
       3591;20190716;-999;-999;-999;    3;   0.0;   0;-999;-999;  -999;  12.0;    -999;   14.1;   75.46;   19.4;    9.9;    6.0;eor
       3591;20190717;-999;-999;-999;    3;   0.0;   0;-999;-999;  -999;  12.2;    -999;   15.0;   73.25;   21.8;    7.8;    4.4;eor
       3591;20190718;-999;-999;-999;    3;   1.1;   4;-999;-999;  -999;  12.6;    -999;   19.3;   58.54;   25.4;   11.7;    9.5;eor
       3591;20190719;-999;-999;-999;    3;   0.0;   0;-999;-999;  -999;  14.3;    -999;   19.2;   66.21;   24.1;   15.3;   12.7;eor
       3591;20190720;-999;-999;-999;    3;   2.4;   4;-999;-999;  -999;  16.0;    -999;   21.0;   65.54;   27.4;   15.5;   12.3;eor
       3591;20190721;-999;-999;-999;    3;   0.0;   0;-999;-999;  -999;  14.1;    -999;   18.9;   65.67;   24.0;   14.1;   11.4;eor
       3591;20190722;-999;-999;-999;    3;   0.0;   0;-999;-999;  -999;  13.8;    -999;   21.3;   56.71;   28.0;   13.3;   10.7;eor
       3591;20190723;-999;-999;-999;    3;   0.0;   0;-999;-999;  -999;  14.1;    -999;   25.2;   48.67;   33.1;   14.7;   11.3;eor
       3591;20190724;-999;-999;-999;    3;   0.0;   0;-999;-999;  -999;  13.3;    -999;   30.7;   32.58;   38.1;   20.3;   16.4;eor
       3591;20190725;-999;-999;-999;    3;   0.0;   0;-999;-999;  -999;  16.0;    -999;   30.0;   41.13;   37.2;   20.4;   17.3;eor
       3591;20190726;-999;-999;-999;    3;  15.0;   4;-999;-999;  -999;  15.6;    -999;   26.6;   48.79;   35.7;   18.7;   17.0;eor
       3591;20190727;-999;-999;-999;    3;  75.2;   4;-999;-999;  -999;  19.9;    -999;   19.0;   90.42;   23.8;   16.8;   16.9;eor
       3591;20190728;-999;-999;-999;    3;   2.6;   4;-999;-999;  -999;  17.9;    -999;   16.6;   94.13;   17.4;   14.9;   13.4;eor
       3591;20190729;-999;-999;-999;    3;   0.0;   0;-999;-999;  -999;  13.3;    -999;   18.7;   64.17;   24.3;   13.3;   11.1;eor
       3591;20190730;-999;-999;-999;    3;   0.0;   0;-999;-999;  -999;  13.2;    -999;   20.9;   56.25;   27.7;   12.9;   10.6;eor
       3591;20190731;-999;-999;-999;    3;   0.0;   0;-999;-999;  -999;  12.8;    -999;   18.0;   62.04;   21.5;   14.6;   11.8;eor
       3591;20190801;-999;-999;-999;    3;   0.0;   0;-999;-999;  -999;  13.4;    -999;   18.2;   64.54;   22.6;   13.5;   11.4;eor
       3591;20190802;-999;-999;-999;    3;   0.6;   4;-999;-999;  -999;  15.1;    -999;   17.6;   75.96;   22.9;   12.6;   10.9;eor
       3591;20190803;-999;-999;-999;    3;   0.0;   0;-999;-999;  -999;  15.5;    -999;   16.6;   82.46;   20.6;   11.8;    9.5;eor
       3591;20190804;-999;-999;-999;    3;   0.8;   4;-999;-999;  -999;  14.5;    -999;   19.0;   68.54;   25.6;   10.2;    7.7;eor
       3591;20190805;-999;-999;-999;    3;   0.0;   0;-999;-999;  -999;  14.6;    -999;   21.3;   58.58;   25.0;   17.1;   15.9;eor
       3591;20190806;-999;-999;-999;    3;   0.3;   4;-999;-999;  -999;  15.2;    -999;   19.4;   68.17;   24.0;   16.9;   15.9;eor
       3591;20190807;-999;-999;-999;    3;   0.0;   0;-999;-999;  -999;  14.8;    -999;   18.2;   71.29;   22.1;   15.3;   13.6;eor
       3591;20190808;-999;-999;-999;    3;   0.2;   4;-999;-999;  -999;  14.2;    -999;   18.3;   67.67;   22.9;   14.3;   11.1;eor
       3591;20190809;-999;-999;-999;    3;  10.1;   4;-999;-999;  -999;  17.7;    -999;   20.1;   76.13;   25.9;   14.4;   12.0;eor
       3591;20190810;-999;-999;-999;    3;   0.0;   0;-999;-999;  -999;  14.0;    -999;   19.3;   63.25;   22.4;   15.4;   11.1;eor
       3591;20190811;-999;-999;-999;    3;   0.0;   0;-999;-999;  -999;  11.7;    -999;   16.4;   63.21;   19.9;   11.0;    8.0;eor
       3591;20190812;-999;-999;-999;    3;   9.4;   4;-999;-999;  -999;  12.8;    -999;   14.6;   77.96;   20.1;   12.0;   10.3;eor
       3591;20190813;-999;-999;-999;    3;   0.1;   4;-999;-999;  -999;  11.4;    -999;   13.8;   73.38;   18.6;   11.2;    8.4;eor
       3591;20190814;-999;-999;-999;    3;   0.4;   4;-999;-999;  -999;  11.8;    -999;   16.0;   66.92;   21.0;   10.2;    7.5;eor
       3591;20190815;-999;-999;-999;    3;   0.8;   4;-999;-999;  -999;  14.7;    -999;   16.6;   78.25;   20.7;   14.4;   12.5;eor
       3591;20190816;-999;-999;-999;    3;   0.0;   0;-999;-999;  -999;  13.4;    -999;   16.8;   71.23;   21.3;   12.4;   10.8;eor
       3591;20190817;-999;-999;-999;    3;   8.5;   4;-999;-999;  -999;  -999;    -999;   17.0;-999;   19.8;   16.5;   15.0;eor
       3591;20190818;-999;-999;-999;    3;   3.5;   4;-999;-999;  -999;  16.7;    -999;   16.5;   88.88;   21.6;   13.5;   12.2;eor
       3591;20190819;-999;-999;-999;    3;   0.7;   4;-999;-999;  -999;  11.7;    -999;   16.0;   65.71;   20.5;   11.4;    9.3;eor
       3591;20190820;-999;-999;-999;    3;   0.0;   0;-999;-999;  -999;  11.2;    -999;   15.0;   67.21;   19.7;   10.0;    6.3;eor
       3591;20190821;-999;-999;-999;    3;   0.0;   0;-999;-999;  -999;  11.4;    -999;   15.0;   69.17;   20.8;    8.2;    5.4;eor
       3591;20190822;-999;-999;-999;    3;   0.0;   0;-999;-999;  -999;  11.1;    -999;   17.9;   56.67;   24.7;    9.7;    6.9;eor
       3591;20190823;-999;-999;-999;    3;   0.0;   0;-999;-999;  -999;  11.5;    -999;   18.8;   57.17;   25.7;   10.2;    7.6;eor
       3591;20190824;-999;-999;-999;    3;   0.0;   0;-999;-999;  -999;  12.2;    -999;   20.6;   53.83;   27.7;   11.2;    8.1;eor
       3591;20190825;-999;-999;-999;    3;   0.0;   0;-999;-999;  -999;  14.8;    -999;   22.4;   56.04;   29.3;   13.7;   10.3;eor
       3591;20190826;-999;-999;-999;    3;   0.0;   0;-999;-999;  -999;  17.4;    -999;   22.7;   64.83;   29.9;   15.7;   13.4;eor
       3591;20190827;-999;-999;-999;    3;   0.0;   0;-999;-999;  -999;  17.2;    -999;   23.7;   61.46;   31.2;   16.6;   13.8;eor
       3591;20190828;-999;-999;-999;    3;   0.0;   0;-999;-999;  -999;  15.8;    -999;   23.0;   56.79;   29.5;   18.8;   15.3;eor
       3591;20190829;-999;-999;-999;    3;   0.0;   0;-999;-999;  -999;  16.8;    -999;   19.7;   73.71;   24.1;   15.2;   12.1;eor
       3591;20190830;-999;-999;-999;    3;   0.0;   0;-999;-999;  -999;  13.9;    -999;   18.2;   68.71;   25.1;   10.7;    8.8;eor
       3591;20190831;-999;-999;-999;    3;   0.2;   4;-999;-999;  -999;  14.1;    -999;   22.9;   53.17;   30.9;   11.8;    9.5;eor
       3591;20190901;-999;-999;-999;    3;   0.3;   4;-999;-999;  -999;  12.8;    -999;   15.7;   71.96;   19.3;   11.5;    8.2;eor
       3591;20190902;-999;-999;-999;    3;   0.0;   0;-999;-999;  -999;   9.2;    -999;   13.9;   59.92;   19.4;    7.4;    4.2;eor
       3591;20190903;-999;-999;-999;    3;   0.0;   0;-999;-999;  -999;  11.7;    -999;   15.0;   67.92;   18.6;   10.3;    7.0;eor
       3591;20190904;-999;-999;-999;    3;   1.1;   4;-999;-999;  -999;  13.0;    -999;   16.4;   71.50;   24.1;   12.3;    9.5;eor
       3591;20190905;-999;-999;-999;    3;   1.2;   4;-999;-999;  -999;  11.4;    -999;   12.0;   81.33;   15.7;    7.7;    4.9;eor
       3591;20190906;-999;-999;-999;    3;   0.1;   4;-999;-999;  -999;   9.0;    -999;   12.8;   64.46;   18.8;    5.0;    1.8;eor
       3591;20190907;-999;-999;-999;    3;  10.3;   4;-999;-999;  -999;  12.2;    -999;   12.3;   84.75;   16.8;   10.1;    8.6;eor
       3591;20190908;-999;-999;-999;    3;   7.0;   4;-999;-999;  -999;  11.9;    -999;   10.6;   92.38;   13.7;    9.3;    7.8;eor
       3591;20190909;-999;-999;-999;    3;   0.3;   4;-999;-999;  -999;  10.2;    -999;   11.2;   77.42;   15.6;    7.1;    4.5;eor
       3591;20190910;-999;-999;-999;    3;   0.0;   0;-999;-999;  -999;   9.1;    -999;   11.8;   68.46;   18.4;    4.6;    2.3;eor
       3591;20190911;-999;-999;-999;    3;   0.4;   4;-999;-999;  -999;  11.0;    -999;   14.3;   66.96;   17.7;    8.3;    5.4;eor
       3591;20190912;-999;-999;-999;    3;   0.3;   4;-999;-999;  -999;  15.6;    -999;   17.5;   79.04;   21.5;   14.1;   13.6;eor
       3591;20190913;-999;-999;-999;    3;   0.2;   4;-999;-999;  -999;  15.6;    -999;   16.2;   84.33;   19.1;   12.0;    7.8;eor
       3591;20190914;-999;-999;-999;    3;   0.0;   0;-999;-999;  -999;  11.1;    -999;   13.9;   72.04;   20.2;    7.9;    4.7;eor
       3591;20190915;-999;-999;-999;    3;   0.0;   0;-999;-999;  -999;  10.6;    -999;   16.8;   58.17;   23.6;    9.5;    5.8;eor
       3591;20190916;-999;-999;-999;    3;   1.5;   4;-999;-999;  -999;  13.0;    -999;   15.1;   77.58;   20.8;   11.0;    8.7;eor
       3591;20190917;-999;-999;-999;    3;   0.0;   0;-999;-999;  -999;  10.9;    -999;   12.3;   76.50;   15.6;    7.2;    3.8;eor
       3591;20190918;-999;-999;-999;    3;   0.0;   0;-999;-999;  -999;   8.6;    -999;   10.4;   69.63;   15.2;    5.0;    1.1;eor
       3591;20190919;-999;-999;-999;    3;   0.0;   0;-999;-999;  -999;   8.1;    -999;    9.8;   69.38;   14.6;    3.6;   -0.3;eor
       3591;20190920;-999;-999;-999;    3;   0.0;   0;-999;-999;  -999;   7.1;    -999;   11.5;   56.46;   17.9;    3.6;   -0.1;eor
       3591;20190921;-999;-999;-999;    3;   0.0;   0;-999;-999;  -999;   6.8;    -999;   16.7;   37.33;   23.6;   10.0;    6.1;eor
       3591;20190922;-999;-999;-999;    3;  13.8;   4;-999;-999;  -999;  12.7;    -999;   19.5;   56.21;   25.4;   14.1;    8.8;eor
       3591;20190923;-999;-999;-999;    3;   0.0;   0;-999;-999;  -999;  13.5;    -999;   14.8;   80.54;   18.3;   12.4;   11.5;eor
       3591;20190924;-999;-999;-999;    3;   2.3;   4;-999;-999;  -999;  12.6;    -999;   13.5;   81.50;   16.1;   11.1;    9.5;eor
       3591;20190925;-999;-999;-999;    3;   0.9;   4;-999;-999;  -999;  13.2;    -999;   14.3;   81.38;   16.4;   12.5;   11.1;eor
       3591;20190926;-999;-999;-999;    3;   4.6;   4;-999;-999;  -999;  15.2;    -999;   15.3;   87.13;   17.7;   12.9;   12.0;eor
       3591;20190927;-999;-999;-999;    3;   1.1;   4;-999;-999;  -999;  12.8;    -999;   14.3;   79.38;   18.0;   11.7;   10.6;eor
       3591;20190928;-999;-999;-999;    3;   0.3;   4;-999;-999;  -999;  12.3;    -999;   13.8;   77.58;   16.1;   12.8;   11.3;eor
       3591;20190929;-999;-999;-999;    3;   6.7;   4;-999;-999;  -999;  13.2;    -999;   14.4;   80.25;   17.0;   12.8;   11.6;eor
       3591;20190930;-999;-999;-999;    3;   0.2;   4;-999;-999;  -999;  11.8;    -999;   13.0;   78.96;   16.0;   11.1;   10.1;eor
       3591;20191001;-999;-999;-999;    3;  20.2;   4;-999;   0;  -999;  14.1;    -999;   14.4;   86.04;   16.1;   12.6;   11.4;eor
       3591;20191002;-999;-999;-999;    3;   0.2;   4;-999;   0;  -999;   9.9;    -999;    9.1;   85.13;   13.4;    6.9;    5.4;eor
       3591;20191003;-999;-999;-999;    3;   1.7;   4;-999;   0;  -999;   9.6;    -999;    8.9;   84.08;   12.6;    7.1;    5.3;eor
       3591;20191004;-999;-999;-999;    3;   7.9;   4;-999;   0;  -999;  10.4;    -999;   10.0;   84.04;   12.9;    7.1;    6.5;eor
       3591;20191005;-999;-999;-999;    3;   0.0;   0;-999;   0;  -999;   9.4;    -999;    8.2;   86.17;   10.6;    6.6;    5.0;eor
       3591;20191006;-999;-999;-999;    3;  10.3;   4;-999;   0;  -999;  10.4;    -999;    9.0;   90.21;   11.9;    6.5;    5.1;eor
       3591;20191007;-999;-999;-999;    3;   2.6;   4;-999;   0;  -999;  10.6;    -999;    9.5;   89.29;   12.2;    5.4;    5.1;eor
       3591;20191008;-999;-999;-999;    3;   5.7;   4;-999;   0;  -999;  12.4;    -999;   11.8;   89.21;   14.1;   10.6;    9.1;eor
       3591;20191009;-999;-999;-999;    3;   1.1;   4;-999;   0;  -999;  10.3;    -999;   10.7;   79.63;   13.0;    8.9;    7.4;eor
       3591;20191010;-999;-999;-999;    3;   0.2;   4;-999;   0;  -999;  10.1;    -999;   10.5;   79.75;   13.8;    8.5;    7.3;eor
       3591;20191011;-999;-999;-999;    3;   0.0;   0;-999;   0;  -999;  11.7;    -999;   13.1;   77.38;   15.7;    9.5;    7.8;eor
       3591;20191012;-999;-999;-999;    3;   0.0;   0;-999;   0;  -999;  13.2;    -999;   15.2;   76.75;   18.4;   12.3;   10.6;eor
       3591;20191013;-999;-999;-999;    3;   2.3;   4;-999;   0;  -999;  16.0;    -999;   18.8;   74.21;   22.7;   15.4;   13.8;eor
       3591;20191014;-999;-999;-999;    3;   0.0;   0;-999;   0;  -999;  14.7;    -999;   17.5;   75.33;   22.1;   12.6;   10.5;eor
       3591;20191015;-999;-999;-999;    3;   5.7;   4;-999;   0;  -999;  13.5;    -999;   13.9;   85.54;   17.6;   10.7;    9.8;eor
       3591;20191016;-999;-999;-999;    3;   0.9;   4;-999;   0;  -999;  11.9;    -999;   11.8;   85.46;   13.4;    9.4;    7.8;eor
       3591;20191017;-999;-999;-999;    3;   0.4;   4;-999;   0;  -999;  13.3;    -999;   13.4;   86.79;   15.6;   11.9;   10.0;eor
       3591;20191018;-999;-999;-999;    3;   2.4;   4;-999;   0;  -999;  10.6;    -999;   11.6;   77.50;   15.3;    9.1;    7.6;eor
       3591;20191019;-999;-999;-999;    3;   2.0;   4;-999;   0;  -999;  11.6;    -999;   11.3;   86.38;   13.7;    9.6;    8.2;eor
       3591;20191020;-999;-999;-999;    1;  16.5;   4;-999;   0;  -999;  12.2;    -999;   10.1;   98.54;   10.8;    9.4;    8.8;eor
       3591;20191021;-999;-999;-999;    1;   0.0;   0;-999;   0;  -999;  11.3;    -999;   11.5;   83.67;   14.6;    9.0;    6.2;eor
       3591;20191022;-999;-999;-999;    1;   0.0;   0;-999;   0;  -999;  10.9;    -999;   10.3;   87.33;   13.1;    8.2;    4.7;eor
       3591;20191023;-999;-999;-999;    1;   0.0;   0;-999;   0;  -999;  12.0;    -999;   11.4;   89.08;   15.5;    8.0;    6.3;eor
       3591;20191024;-999;-999;-999;    1;   0.4;   4;-999;   0;  -999;  12.1;    -999;   14.3;   74.67;   18.5;   10.7;    8.7;eor
       3591;20191025;-999;-999;-999;    1;   0.0;   0;-999;   0;  -999;  11.4;    -999;   12.9;   76.83;   15.3;   10.5;    8.6;eor
       3591;20191026;-999;-999;-999;    1;   3.0;   4;-999;   0;  -999;  11.9;    -999;   15.3;   69.04;   18.9;   12.9;   10.9;eor
       3591;20191027;-999;-999;-999;    1;   1.4;   4;-999;   0;  -999;   9.9;    -999;    8.0;   91.25;   15.3;    2.0;   -0.4;eor
       3591;20191028;-999;-999;-999;    1;   0.0;   0;-999;   0;  -999;   7.8;    -999;    4.8;   91.00;    9.5;    0.2;   -2.1;eor
       3591;20191029;-999;-999;-999;    1;   0.0;   0;-999;   0;  -999;   8.2;    -999;    5.7;   90.04;    8.9;    2.6;   -1.3;eor
       3591;20191030;-999;-999;-999;    1;   0.0;   0;-999;   0;  -999;   6.6;    -999;    2.5;   90.04;    5.0;   -0.6;   -3.4;eor
       3591;20191031;-999;-999;-999;    1;   0.0;   0;-999;   0;  -999;   6.3;    -999;    3.0;   83.50;    8.5;   -1.0;   -3.8;eor
       3591;20191101;-999;-999;-999;    1;   5.1;   4;-999;   0;  -999;  10.3;    -999;    8.8;   89.04;   12.6;    2.9;    0.1;eor
       3591;20191102;-999;-999;-999;    1;   0.6;   4;-999;   0;  -999;  11.7;    -999;   12.3;   81.21;   14.1;    9.1;    7.7;eor
       3591;20191103;-999;-999;-999;    1;   0.8;   4;-999;   0;  -999;  10.8;    -999;   10.4;   84.92;   14.3;    8.7;    7.0;eor
       3591;20191104;-999;-999;-999;    1;   7.4;   4;-999;   0;  -999;  10.0;    -999;    9.0;   86.96;   11.1;    7.0;    5.6;eor
       3591;20191105;-999;-999;-999;    1;   0.9;   4;-999;   0;  -999;   9.4;    -999;    7.9;   87.79;   10.7;    6.6;    5.2;eor
       3591;20191106;-999;-999;-999;    1;   3.7;   4;-999;   0;  -999;   9.5;    -999;    7.1;   93.96;    8.2;    5.8;    3.3;eor
       3591;20191107;-999;-999;-999;    1;   0.7;   4;-999;   0;  -999;   8.5;    -999;    6.5;   87.63;    8.6;    3.2;    0.2;eor
       3591;20191108;-999;-999;-999;    1;   0.0;   0;-999;   0;  -999;   7.4;    -999;    4.5;   88.33;    9.9;    1.0;   -1.7;eor
       3591;20191109;-999;-999;-999;    1;   0.0;   0;-999;   0;  -999;   7.0;    -999;    4.3;   84.54;    7.3;    1.4;   -0.7;eor
       3591;20191110;-999;-999;-999;    1;   0.0;   0;-999;   0;  -999;   6.5;    -999;    2.5;   89.13;    7.8;   -1.2;   -4.0;eor
       3591;20191111;-999;-999;-999;    1;   1.0;   4;-999;   0;  -999;   7.0;    -999;    3.7;   87.33;    5.9;    0.3;   -2.5;eor
       3591;20191112;-999;-999;-999;    1;   1.6;   4;-999;   0;  -999;   6.8;    -999;    3.2;   87.83;    4.4;    1.9;    0.2;eor
       3591;20191113;-999;-999;-999;    1;   0.7;   4;-999;   0;  -999;   7.1;    -999;    3.8;   89.17;    5.1;    1.8;    0.4;eor
       3591;20191114;-999;-999;-999;    1;   0.0;   0;-999;   0;  -999;   6.8;    -999;    4.5;   81.13;    6.8;    1.9;   -1.1;eor
       3591;20191115;-999;-999;-999;    1;   0.0;   0;-999;   0;  -999;   6.4;    -999;    2.7;   86.83;    4.8;    0.7;   -1.3;eor
       3591;20191116;-999;-999;-999;    1;   0.0;   0;-999;   0;  -999;   6.1;    -999;    2.6;   82.88;    7.4;   -1.5;   -3.9;eor
       3591;20191117;-999;-999;-999;    1;  19.6;   4;-999;   0;  -999;   6.5;    -999;    1.6;   94.42;    4.4;   -1.7;   -5.2;eor
       3591;20191118;-999;-999;-999;    1;  23.5;   4;-999;   0;  -999;   7.3;    -999;    2.8;   97.92;    5.0;    1.3;    1.1;eor
       3591;20191119;-999;-999;-999;    1;   0.0;   0;-999;   0;  -999;   6.8;    -999;    2.8;   91.67;    5.7;   -1.4;   -4.3;eor
       3591;20191120;-999;-999;-999;    1;   0.0;   0;-999;   0;  -999;   5.9;    -999;    0.9;   90.54;    3.7;   -1.6;   -4.0;eor
       3591;20191121;-999;-999;-999;    1;   0.1;   4;-999;   0;  -999;   6.5;    -999;    2.1;   91.33;    6.2;   -1.9;   -4.6;eor
       3591;20191122;-999;-999;-999;    1;   0.0;   0;-999;   0;  -999;   7.9;    -999;    5.3;   88.29;    8.2;    1.7;   -0.7;eor
       3591;20191123;-999;-999;-999;    1;   0.0;   0;-999;   0;  -999;   7.4;    -999;    4.7;   86.96;    7.8;    1.8;    0.4;eor
       3591;20191124;-999;-999;-999;    1;   0.0;   0;-999;   0;  -999;   8.3;    -999;    6.9;   83.21;   11.2;    3.5;   -0.3;eor
       3591;20191125;-999;-999;-999;    1;   0.0;   0;-999;   0;  -999;   8.7;    -999;    6.9;   87.67;   10.7;    4.0;    0.4;eor
       3591;20191126;-999;-999;-999;    1;   0.2;   4;-999;   0;  -999;  10.0;    -999;    9.3;   85.58;   11.1;    7.8;    6.3;eor
       3591;20191127;-999;-999;-999;    1;   3.3;   4;-999;   0;  -999;   9.9;    -999;    9.6;   83.38;   10.4;    8.2;    7.0;eor
       3591;20191128;-999;-999;-999;    1;  23.5;   4;-999;   0;  -999;   9.6;    -999;    8.3;   87.63;    9.3;    7.0;    6.4;eor
       3591;20191129;-999;-999;-999;    1;   0.2;   4;-999;   0;  -999;   7.5;    -999;    4.1;   91.08;    7.0;    1.6;   -0.9;eor
       3591;20191130;-999;-999;-999;    1;   0.0;   0;-999;   0;  -999;   6.3;    -999;    1.4;   93.92;    4.7;   -1.7;   -3.9;eor
       3591;20191201;-999;-999;-999;    1;   0.0;   0;-999;   0;  -999;   5.6;    -999;   -0.2;   92.71;    1.1;   -1.5;   -3.6;eor
       3591;20191202;-999;-999;-999;    1;   0.1;   4;-999;   0;  -999;   6.8;    -999;    2.1;   93.58;    4.3;   -1.2;   -4.3;eor
       3591;20191203;-999;-999;-999;    1;   0.0;   0;-999;   0;  -999;   7.6;    -999;    4.7;   89.17;    6.8;    1.5;   -1.5;eor
       3591;20191204;-999;-999;-999;    1;   0.0;   0;-999;   0;  -999;   5.9;    -999;    1.5;   87.13;    6.1;   -1.7;   -4.7;eor
       3591;20191205;-999;-999;-999;    1;   0.0;   0;-999;   0;  -999;   5.2;    -999;    1.8;   74.54;    6.9;   -1.0;   -5.9;eor
       3591;20191206;-999;-999;-999;    1;   5.7;   4;-999;   0;  -999;   6.7;    -999;    3.3;   84.25;    7.4;   -0.6;   -2.0;eor
       3591;20191207;-999;-999;-999;    1;   0.1;   4;-999;   0;  -999;   8.6;    -999;    7.3;   83.75;    7.7;    6.7;    4.7;eor
       3591;20191208;-999;-999;-999;    1;   2.0;   4;-999;   0;  -999;   8.8;    -999;    7.9;   82.25;   10.2;    5.4;    3.3;eor
       3591;20191209;-999;-999;-999;    1;   4.3;   4;-999;   0;  -999;   7.5;    -999;    5.0;   86.04;    6.3;    2.5;    0.3;eor
       3591;20191210;-999;-999;-999;    1;   0.9;   4;-999;   0;  -999;   6.0;    -999;    2.8;   80.29;    5.0;    1.0;   -1.1;eor
       3591;20191211;-999;-999;-999;    1;   2.2;   4;-999;   0;  -999;   6.8;    -999;    3.4;   88.17;    4.7;    2.7;    1.5;eor
       3591;20191212;-999;-999;-999;    1;   0.1;   4;-999;   0;  -999;   6.3;    -999;    3.1;   83.00;    4.2;    2.3;    0.9;eor
       3591;20191213;-999;-999;-999;    1;  12.5;   4;-999;   0;  -999;   7.1;    -999;    3.6;   89.50;    5.3;    2.0;    0.9;eor
       3591;20191214;-999;-999;-999;    1;   6.2;   4;-999;   0;  -999;   7.3;    -999;    4.7;   85.13;    7.1;    3.0;    2.2;eor
       3591;20191215;-999;-999;-999;    1;   3.0;   4;-999;   0;  -999;   7.7;    -999;    6.3;   79.50;    9.4;    3.9;    1.9;eor
       3591;20191216;-999;-999;-999;    1;   0.7;   4;-999;   0;  -999;   9.5;    -999;    7.9;   88.63;   11.2;    5.9;    4.6;eor
       3591;20191217;-999;-999;-999;    1;   6.3;   4;-999;   0;  -999;   9.8;    -999;   11.6;   71.79;   14.3;    7.1;    6.4;eor
       3591;20191218;-999;-999;-999;    1;   0.0;   0;-999;   0;  -999;   8.5;    -999;    6.8;   86.00;    9.1;    4.7;    0.9;eor
       3591;20191219;-999;-999;-999;    1;   0.0;   0;-999;   0;  -999;   9.5;    -999;   11.6;   69.75;   14.3;    8.5;    3.5;eor
       3591;20191220;-999;-999;-999;    1;   1.2;   4;-999;   0;  -999;   9.0;    -999;   10.2;   72.46;   12.9;    6.6;    4.6;eor
       3591;20191221;-999;-999;-999;    1;   0.1;   4;-999;   0;  -999;   7.8;    -999;    6.6;   80.17;    7.9;    5.4;    2.6;eor
       3591;20191222;-999;-999;-999;    1;  10.5;   4;-999;   0;  -999;   8.7;    -999;    6.9;   87.46;    8.7;    5.4;    4.0;eor
       3591;20191223;-999;-999;-999;    1;   1.1;   4;-999;   0;  -999;   8.3;    -999;    6.1;   88.29;    6.7;    5.3;    3.2;eor
       3591;20191224;-999;-999;-999;    1;   8.5;   4;-999;   0;  -999;   8.4;    -999;    7.1;   82.88;    9.2;    5.6;    3.6;eor
       3591;20191225;-999;-999;-999;    1;   6.0;   4;-999;   0;  -999;   8.6;    -999;    5.6;   93.75;    7.6;    3.9;    2.3;eor
       3591;20191226;-999;-999;-999;    1;   0.7;   4;-999;   0;  -999;   7.2;    -999;    3.6;   91.04;    4.5;    1.4;   -1.4;eor
       3591;20191227;-999;-999;-999;    1;   0.0;   0;-999;   0;  -999;   7.8;    -999;    3.9;   96.42;    5.3;    1.6;   -0.4;eor
       3591;20191228;-999;-999;-999;    1;   0.0;   0;-999;   0;  -999;   5.6;    -999;    0.4;   89.88;    4.1;   -1.7;   -4.9;eor
       3591;20191229;-999;-999;-999;    1;  -999;-999;-999;   0;  -999;   3.1;    -999;    3.0;   44.09;   -999;   -999;-999;eor
       3591;20191230;-999;-999;-999;    1;   0.0;   0;-999;   0;  -999;   1.6;    -999;    9.2;   13.54;   12.9;    5.0;   -0.6;eor
       3591;20191231;-999;-999;-999;    1;   0.0;   0;-999;   0;  -999;   5.7;    -999;    4.3;   72.25;   10.0;    0.3;   -2.0;eor
