STATIONS_ID;MESS_DATUM;QN_3;  FX;  FM;QN_4; RSK;RSKF; SDK;SHK_TAG;  NM; VPM;  PM; TMK; UPM; TXK; TNK; TGK;eor
       3730;20180630;   10;   9.0;   2.7;    3;   0.0;   0;   13.433;-999;   0.3;  15.1;  922.20;   18.8;   72.33;   26.3;   10.1;    8.9;eor
       3730;20180701;   10;   7.3;   2.3;    3;   0.0;   0;   12.733;-999;   0.2;  14.4;  922.51;   17.5;   73.71;   24.9;   10.2;    8.9;eor
       3730;20180702;   10;   7.6;   1.9;    3;   0.0;   6;    8.217;-999;   3.7;  15.3;  922.45;   18.2;   74.75;   26.4;    9.0;    8.1;eor
       3730;20180703;   10;  12.4;   2.2;    3;  27.5;   8;    1.783;-999;   6.6;  16.4;  925.23;   17.0;   84.67;   22.7;   12.9;   12.0;eor
       3730;20180704;   10;   8.2;   2.1;    3;   2.4;   6;    6.217;-999;   4.1;  15.3;  925.60;   16.9;   80.13;   23.7;   11.1;   10.1;eor
       3730;20180705;   10;   7.4;   2.0;    3;  14.6;   6;    1.200;-999;   6.3;  14.5;  924.23;   14.6;   86.83;   20.4;    9.6;    8.5;eor
       3730;20180706;   10;   9.7;   2.2;    3;  20.3;   6;    0.617;-999;   7.5;  14.8;  927.62;   14.2;   91.25;   18.0;   11.9;   11.1;eor
       3730;20180707;   10;   7.1;   2.2;    3;   0.0;   0;    7.267;-999;   4.4;  13.7;  930.34;   16.1;   77.21;   22.3;   10.2;    9.2;eor
       3730;20180708;   10;   6.3;   1.5;    3;   0.0;   0;    2.383;-999;   5.6;  13.9;  929.31;   16.4;   76.67;   23.3;    9.1;    8.0;eor
       3730;20180709;   10;   8.4;   2.5;    3;   0.0;   0;   11.083;-999;   1.7;  13.2;  927.37;   17.1;   70.67;   24.9;    9.0;    8.0;eor
       3730;20180710;   10;   8.3;   2.1;    3;   5.9;   6;    0.667;-999;   6.2;  13.1;  924.26;   15.2;   77.42;   20.3;    8.9;    7.7;eor
       3730;20180711;   10;   8.5;   1.8;    3;   0.0;   0;    4.800;-999;   6.7;  12.2;  924.04;   14.5;   76.00;   19.0;    9.2;    7.5;eor
       3730;20180712;   10;   8.7;   2.6;    3;   0.0;   0;   12.200;-999;   0.8;  11.5;  925.55;   15.2;   70.08;   22.8;    6.1;    5.2;eor
       3730;20180713;   10;   7.6;   2.4;    3;   0.0;   0;   13.300;-999;   1.4;  11.3;  927.50;   17.4;   62.50;   25.5;    7.1;    5.6;eor
       3730;20180714;   10;   7.8;   2.4;    3;   1.5;   6;    7.683;-999;   5.5;  13.3;  926.59;   19.2;   63.21;   27.1;   11.5;   10.1;eor
       3730;20180715;   10;  14.8;   2.7;    3;   9.4;   6;    4.017;-999;   6.6;  14.8;  925.07;   17.0;   78.04;   24.7;   11.7;   11.1;eor
       3730;20180716;   10;   8.8;   2.1;    3;   0.0;   0;    6.783;-999;   5.0;  13.6;  922.54;   17.6;   71.75;   25.1;   10.7;    9.6;eor
       3730;20180717;   10;   8.5;   2.1;    3;   0.0;   6;    5.267;-999;   5.3;  12.7;  925.05;   17.3;   67.96;   24.8;   10.4;    9.3;eor
       3730;20180718;   10;   7.7;   2.3;    3;   0.0;   0;   12.100;-999;   2.3;  12.9;  925.78;   19.2;   61.58;   26.5;    9.9;    8.8;eor
       3730;20180719;   10;   8.5;   2.8;    3;   0.0;   0;   13.250;-999;   0.0;  12.6;  924.97;   18.5;   63.29;   26.8;    8.6;    7.0;eor
       3730;20180720;   10;  14.4;   3.1;    3;   3.7;   6;    6.283;-999;   5.2;  14.6;  923.12;   18.1;   72.33;   27.2;   10.9;   10.0;eor
       3730;20180721;   10;   9.8;   1.8;    3;   9.5;   6;    0.500;-999;   7.6;  15.3;  922.13;   15.9;   85.13;   20.5;   13.8;   13.7;eor
       3730;20180722;   10;   6.5;   2.1;    3;   6.0;   6;    0.150;-999;   7.9;  15.3;  923.88;   15.5;   87.17;   18.6;   13.6;   13.6;eor
       3730;20180723;   10;   5.5;   1.6;    3;   1.4;   6;    2.867;-999;   5.8;  15.8;  925.93;   16.5;   84.29;   22.3;   11.0;    9.9;eor
       3730;20180724;   10;   7.7;   2.2;    3;   0.0;   0;   11.767;-999;   0.3;  14.7;  923.95;   18.2;   73.13;   26.8;    9.1;    8.0;eor
       3730;20180725;   10;   9.1;   2.7;    3;   0.0;   0;   12.917;-999;   1.8;  14.4;  924.38;   20.0;   65.54;   27.6;   10.9;    9.7;eor
       3730;20180726;   10;   9.3;   2.8;    3;   0.0;   0;   11.217;-999;   1.6;  14.3;  923.98;   19.4;   66.25;   27.1;   10.5;    9.0;eor
       3730;20180727;   10;   7.7;   2.1;    3;   0.0;   0;   10.650;-999;   1.0;  14.6;  922.25;   19.3;   68.63;   27.6;   10.3;    9.0;eor
       3730;20180728;   10;  17.8;   2.0;    3;   0.6;   6;    3.033;-999;   5.0;  15.4;  922.41;   18.2;   74.79;   26.0;   10.4;    8.7;eor
       3730;20180729;   10;   8.7;   2.4;    3;   0.0;   0;   12.467;-999;   0.7;  15.3;  924.75;   19.9;   69.25;   27.8;   11.2;    9.7;eor
       3730;20180730;   10;   8.1;   2.5;    3;   0.0;   0;   12.383;-999;   0.0;  14.9;  925.92;   21.4;   63.13;   29.9;   12.2;   10.5;eor
       3730;20180731;   10;   7.7;   2.1;    3;   0.0;   6;   10.550;-999;   0.9;  15.3;  926.45;   21.6;   63.58;   30.8;   12.3;   10.8;eor
       3730;20180801;   10;  10.6;   3.1;    3;  14.6;   6;    8.300;-999;   2.4;  16.4;  927.66;   20.8;   70.08;   30.9;   11.7;   10.1;eor
       3730;20180802;   10;   6.6;   1.9;    3;   0.2;   6;    5.367;-999;   5.1;  18.7;  930.09;   19.9;   81.25;   25.9;   15.3;   14.8;eor
       3730;20180803;   10;   9.4;   2.7;    3;   0.0;   0;   12.183;-999;   0.6;  18.3;  928.11;   22.0;   72.08;   29.7;   13.9;   12.9;eor
       3730;20180804;   10;   9.6;   2.5;    3;   0.0;   0;   11.900;-999;   0.0;  17.2;  927.07;   22.0;   68.46;   30.1;   13.5;   12.5;eor
       3730;20180805;   10;   8.3;   2.5;    3;   0.0;   0;    9.800;-999;   1.5;  17.4;  927.18;   21.9;   69.13;   29.2;   13.8;   12.8;eor
       3730;20180806;   10;  23.3;   3.0;    3;   7.9;   8;    7.833;-999;   3.3;  17.1;  925.95;   20.8;   72.71;   29.7;   13.3;   12.3;eor
       3730;20180807;   10;   9.2;   2.1;    3;   1.0;   6;    4.550;-999;   6.7;  16.6;  924.06;   20.1;   72.50;   28.2;   13.3;   12.9;eor
       3730;20180808;   10;   9.2;   2.2;    3;   0.3;   6;    3.717;-999;   6.3;  16.1;  924.64;   20.0;   71.38;   27.8;   13.5;   12.3;eor
       3730;20180809;   10;  13.9;   2.1;    3;   2.7;   6;    8.533;-999;   4.3;  15.0;  924.52;   20.4;   68.42;   31.8;   11.1;    9.9;eor
       3730;20180810;   10;   9.6;   2.4;    3;   0.3;   6;    0.000;-999;   7.9;  13.3;  931.75;   15.2;   76.92;   17.5;   12.1;   11.0;eor
       3730;20180811;   10;   6.5;   2.1;    3;   0.0;   0;    7.617;-999;   3.0;  12.4;  931.08;   15.4;   73.08;   21.6;    8.5;    7.2;eor
       3730;20180812;   10;   6.8;   2.3;    3;   0.0;   0;   11.833;-999;   0.4;  13.5;  925.42;   17.6;   70.38;   27.1;    7.3;    6.1;eor
       3730;20180813;   10;  13.1;   2.1;    3;   8.3;   6;    3.067;-999;   4.4;  15.4;  921.57;   16.7;   82.25;   25.9;    9.9;    8.7;eor
       3730;20180814;   10;   9.8;   2.2;    3;   2.7;   6;    2.400;-999;   7.4;  15.1;  925.05;   15.8;   85.21;   21.7;   13.3;   13.1;eor
       3730;20180815;   10;   7.7;   2.4;    3;   0.0;   0;    9.600;-999;   3.3;  14.2;  928.38;   16.9;   75.96;   23.4;    9.9;    8.9;eor
       3730;20180816;   10;   8.1;   2.3;    3;   0.0;   0;   10.483;-999;   0.5;  13.4;  925.50;   17.3;   71.38;   26.3;    8.1;    6.4;eor
       3730;20180817;   10;   9.4;   2.4;    3;   1.6;   6;    7.917;-999;   3.5;  13.8;  925.20;   18.5;   69.71;   27.5;    9.5;    7.3;eor
       3730;20180818;   10;   7.7;   2.6;    3;   0.8;   6;    4.383;-999;   6.2;  16.1;  929.22;   17.7;   81.17;   24.4;   12.8;   11.9;eor
       3730;20180819;   10;  10.5;   2.5;    3;   4.3;   6;    7.717;-999;   3.3;  16.7;  929.27;   18.5;   80.08;   27.1;   10.8;   10.0;eor
       3730;20180820;   10;-999;-999;    3;   0.5;   6;    8.233;-999;   4.5;  17.5;  928.19;   19.9;   77.00;   26.6;   14.6;   13.3;eor
       3730;20180821;   10;   8.9;   2.7;    3;   0.6;   6;    9.950;-999;   2.6;  16.0;  927.68;   19.3;   74.17;   27.8;   10.8;   10.1;eor
       3730;20180822;   10;   8.4;   1.7;    3;   0.0;   6;    6.283;-999;   5.7;  15.8;  926.44;   19.5;   73.42;   29.2;   11.8;   10.8;eor
       3730;20180823;   10;  14.0;   2.6;    3;  13.9;   8;    3.450;-999;   6.2;  16.5;  924.44;   18.0;   81.04;   24.2;   13.3;   13.0;eor
       3730;20180824;   10;   9.6;   2.1;    3;  23.5;   6;    0.800;-999;   7.8;  14.9;  922.68;   16.0;   82.75;   22.0;   11.7;   11.6;eor
       3730;20180825;   10;   5.4;   1.6;    3;   8.7;   6;    0.000;-999;   7.8;  11.5;  923.02;   11.0;   87.38;   14.5;    8.4;    8.5;eor
       3730;20180826;   10;   7.0;   2.0;    3;   0.0;   0;    8.433;-999;   3.5;   8.8;  924.93;   10.0;   74.71;   16.5;    3.8;    2.3;eor
       3730;20180827;   10;-999;-999;    3;   0.0;   6;    4.533;-999;   6.1;  10.0;  925.40;   14.4;   65.08;   23.4;    3.0;    2.0;eor
       3730;20180828;   10;   6.6;   2.1;    3;   0.0;   0;   11.133;-999;   1.2;  14.0;  926.97;   16.8;   75.08;   25.1;    8.3;    7.2;eor
       3730;20180829;   10;  19.9;   2.1;    3;   6.2;   6;    8.433;-999;   2.6;  14.3;  924.52;   17.6;   74.71;   28.0;    8.3;    7.0;eor
       3730;20180830;   10;   8.2;   1.9;    3;  14.3;   6;    0.000;-999;   7.7;  14.7;  927.86;   14.1;   91.29;   16.1;   11.4;   11.0;eor
       3730;20180831;   10;   3.6;   1.1;    3;  33.6;   6;    0.000;-999;   7.7;  13.6;  926.36;   12.6;   93.25;   14.4;   10.5;    9.7;eor
       3730;20180901;   10;   7.7;   2.3;    3;   3.4;   6;    0.000;-999;   7.8;  11.9;  928.71;   10.8;   91.50;   11.8;    9.6;    9.6;eor
       3730;20180902;   10;   4.8;   1.1;    3;   0.0;   6;    0.017;-999;   7.9;  12.2;  927.38;   11.6;   89.54;   14.1;    9.5;    9.5;eor
       3730;20180903;   10;   5.4;   1.4;    3;   0.0;   6;    0.100;-999;   6.9;  12.6;  924.26;   13.1;   84.67;   16.9;    8.5;    7.1;eor
       3730;20180904;   10;   6.9;   1.6;    3;   0.0;   0;    3.983;-999;   3.8;  12.2;  924.73;   12.8;   84.08;   20.5;    5.0;    4.2;eor
       3730;20180905;   10;-999;-999;    3;   1.5;   4;    8.600;-999;   2.4;  13.4;  924.80;   14.8;   81.58;   23.6;    6.0;    4.5;eor
       3730;20180906;   10;-999;-999;    3;  15.0;   6;    7.667;-999;   3.9;  13.5;  921.47;   16.0;   77.33;   24.1;    8.3;    6.4;eor
       3730;20180907;   10;-999;-999;    3;   9.0;   6;    0.950;-999;   7.2;  14.4;  924.24;   13.9;   90.38;   17.1;   10.0;    8.9;eor
       3730;20180908;   10;-999;-999;    3;   0.0;   4;   10.417;-999;   1.9;  12.7;  928.37;   14.4;   79.88;   21.6;    8.6;    7.6;eor
       3730;20180909;   10;-999;-999;    3;   0.0;   4;   10.717;-999;   0.1;  12.3;  930.02;   14.8;   75.79;   24.2;    6.4;    5.0;eor
       3730;20180910;   10;-999;-999;    3;   0.0;   0;    8.867;-999;   1.3;  12.0;  932.03;   15.4;   72.79;   24.8;    6.9;    5.3;eor
       3730;20180911;   10;   6.7;   2.1;    3;   0.0;   0;   10.617;-999;   0.0;  12.2;  933.60;   16.3;   69.67;   25.9;    7.6;    5.7;eor
       3730;20180912;   10;   5.8;   2.0;    3;   0.0;   0;   10.567;-999;   1.0;  12.6;  930.60;   16.8;   68.75;   27.6;    6.8;    4.9;eor
       3730;20180913;   10;   9.2;   2.1;    3;  32.2;   6;    3.867;-999;   6.7;  15.0;  926.80;   17.6;   75.29;   23.4;   10.7;    9.2;eor
       3730;20180914;   10;   6.0;   1.6;    3;   7.8;   6;    4.133;-999;   6.7;  15.0;  927.57;   15.7;   84.88;   20.2;   12.1;   11.0;eor
       3730;20180915;   10;   5.5;   1.5;    3;   0.2;   6;    0.783;-999;   7.0;  14.5;  930.83;   14.6;   87.75;   18.4;   10.0;    8.7;eor
       3730;20180916;   10;   5.3;   1.4;    3;   1.0;   6;    7.400;-999;   5.1;  14.7;  930.06;   15.9;   82.38;   22.8;    9.3;    8.2;eor
       3730;20180917;   10;   8.3;   2.1;    3;   0.0;   0;   10.267;-999;   2.4;  15.2;  928.75;   17.2;   79.83;   23.9;   11.1;    9.8;eor
       3730;20180918;   10;  11.8;   2.1;    3;   2.9;   6;    5.417;-999;   1.7;  13.7;  927.59;   14.5;   84.38;   24.4;    8.7;    7.5;eor
       3730;20180919;   10;   6.1;   2.0;    3;   0.0;   0;    8.800;-999;   2.3;  13.8;  929.76;   16.0;   78.67;   24.6;   10.0;    8.3;eor
       3730;20180920;   10;   6.3;   2.1;    3;   0.0;   0;   10.250;-999;   0.0;  12.5;  928.41;   15.5;   74.83;   24.9;    7.0;    5.3;eor
       3730;20180921;   10;   9.8;   2.2;    3;  10.6;   6;    6.583;-999;   3.2;  13.0;  924.28;   16.5;   72.96;   26.9;    8.0;    6.5;eor
       3730;20180922;   10;   6.4;   1.9;    3;   3.2;   6;    4.500;-999;   5.9;  11.0;  929.73;   12.0;   79.42;   16.5;    8.7;    8.7;eor
       3730;20180923;   10;  16.1;   2.3;    3;  26.3;   8;    1.333;-999;   7.5;  14.9;  924.88;   16.1;   81.29;   23.6;    9.3;    8.4;eor
       3730;20180924;   10;   9.2;   2.7;    3;   1.8;   6;    4.917;-999;   5.6;   8.2;  936.44;    7.0;   82.83;   11.4;    2.2;    1.4;eor
       3730;20180925;   10;   7.5;   1.6;    3;   0.0;   0;   10.033;-999;   0.7;   7.1;  940.46;    5.4;   80.88;   13.6;   -1.2;   -2.0;eor
       3730;20180926;   10;   5.7;-999;    3;   0.0;   0;    9.950;-999;   0.3;   7.5;  939.58;    7.7;   74.96;   19.2;   -1.9;   -3.2;eor
       3730;20180927;   10;   5.4;   1.7;    3;   0.0;   0;    9.967;-999;   0.0;   8.8;  935.50;   10.9;   71.88;   22.6;    1.6;   -0.2;eor
       3730;20180928;   10;   8.0;   2.0;    3;   0.0;   0;    8.500;-999;   2.6;  10.9;  929.21;   12.4;   76.92;   20.8;    3.9;    1.8;eor
       3730;20180929;   10;   5.8;   1.7;    3;   0.0;   0;    4.400;-999;   6.2;  10.5;  928.96;   10.9;   80.83;   15.3;    7.7;    6.4;eor
       3730;20180930;   10;  10.5;   1.9;    3;  21.1;   6;    9.667;-999;   4.8;  10.7;  924.22;   13.2;   73.75;   21.4;    4.8;    4.7;eor
       3730;20181001;   10;   7.8;   2.0;    3;  13.4;   6;    0.000;-999;   7.6;   9.4;  923.68;    7.5;   89.42;   11.8;    3.6;    2.7;eor
       3730;20181002;   10;   6.8;   1.5;    3;   0.0;   0;    4.617;   0;   7.0;   7.5;  929.68;    7.1;   75.92;   11.8;    3.2;    3.2;eor
       3730;20181003;   10;   7.4;   2.0;    3;   0.0;   0;    0.000;   0;   7.6;  10.3;  932.85;    9.7;   85.46;   13.5;    4.7;    3.1;eor
       3730;20181004;   10;   5.1;   1.8;    3;   0.0;   0;    9.617;   0;   1.2;   9.7;  932.35;    9.3;   84.13;   18.1;    2.2;    0.8;eor
       3730;20181005;   10;   5.6;   1.8;    3;   0.0;   0;    9.567;   0;   0.3;  10.3;  927.94;   11.2;   80.54;   21.8;    2.2;    0.9;eor
       3730;20181006;   10;   5.5;   1.4;    3;   4.0;   6;    4.900;   0;   6.0;  11.8;  922.50;   12.8;   81.92;   21.5;    4.8;    3.3;eor
       3730;20181007;   10;   4.6;   1.4;    3;   0.0;   0;    2.050;   0;   5.3;  11.7;  922.81;   11.4;   87.29;   17.7;    5.3;    4.1;eor
       3730;20181008;   10;   6.9;   1.6;    3;   0.0;   6;    9.283;   0;   1.2;  10.9;  926.93;   10.6;   85.79;   18.7;    3.4;    1.9;eor
       3730;20181009;   10;   5.3;   1.6;    3;   0.0;   0;    7.433;   0;   4.0;  12.2;  928.65;   12.5;   84.83;   19.2;    7.4;    5.7;eor
       3730;20181010;   10;   4.7;   1.6;    3;   0.0;   0;    9.150;   0;   1.5;  10.9;  925.36;   12.2;   78.71;   22.8;    3.9;    2.0;eor
       3730;20181011;   10;  11.5;   2.2;    3;   0.0;   6;    5.833;   0;   2.6;  10.4;  923.91;   13.7;   68.58;   23.4;    3.2;    1.2;eor
       3730;20181012;   10;   5.3;   1.6;    3;   0.0;   0;    9.067;   0;   0.6;  10.7;  931.06;   12.4;   76.75;   23.0;    4.2;    2.5;eor
       3730;20181013;   10;   5.2;   1.7;    3;   0.0;   0;    8.950;   0;   0.0;  11.1;  928.84;   11.9;   81.25;   22.1;    3.5;    1.7;eor
       3730;20181014;   10;   7.0;   1.7;    3;   0.0;   0;    8.917;   0;   0.5;   8.1;  922.80;   11.4;   66.58;   23.7;    2.0;   -0.5;eor
       3730;20181015;   10;   8.4;   1.7;    3;   0.0;   0;    7.967;   0;   1.3;   8.0;  922.90;   10.5;   66.50;   21.5;    2.4;    0.0;eor
       3730;20181016;   10;   6.0;   1.6;    3;   0.0;   0;    8.783;   0;   1.0;   8.2;  926.41;    9.4;   73.00;   20.3;    1.1;   -1.0;eor
       3730;20181017;   10;   5.6;   1.6;    3;   0.0;   0;    8.700;   0;   0.3;   8.7;  926.19;    9.1;   78.00;   19.4;    1.4;   -0.6;eor
       3730;20181018;   10;   5.1;   1.3;    3;   0.0;   0;    6.800;   0;   0.0;   9.0;  926.18;    8.5;   82.54;   17.8;    1.9;    0.0;eor
       3730;20181019;   10;   5.3;   1.4;    3;   0.0;   0;    8.367;   0;   1.6;   8.9;  928.30;    7.6;   85.63;   16.5;    0.2;   -1.5;eor
       3730;20181020;   10;   5.8;   1.6;    3;   0.0;   0;    7.567;   0;   4.3;   9.6;  933.48;    9.1;   83.83;   16.1;    2.7;    1.6;eor
       3730;20181021;   10;   6.9;   1.9;    3;   0.0;   0;    4.233;   0;   4.7;   8.3;  932.26;    6.8;   84.58;   13.4;   -1.9;   -3.5;eor
       3730;20181022;   10;   6.4;   1.5;    3;   0.0;   0;    8.050;   0;   1.8;   6.3;  932.68;    3.5;   81.33;   12.3;   -3.8;   -6.0;eor
       3730;20181023;   10;   7.8;   2.0;    3;   0.0;   6;    5.733;   0;   4.1;   7.1;  933.78;    8.0;   68.96;   16.3;   -2.5;   -3.9;eor
       3730;20181024;   10;  10.4;   2.2;    3;   5.1;   6;    0.000;   0;   7.8;   9.9;  931.53;    9.7;   82.21;   12.6;    7.4;    7.1;eor
       3730;20181025;   10;   7.6;   2.3;    3;   0.0;   0;    7.617;   0;   1.4;   9.9;  926.82;    9.5;   84.29;   18.4;    1.7;   -0.5;eor
       3730;20181026;   10;   5.3;   1.4;    3;   0.0;   6;    7.567;   0;   2.8;   7.8;  918.41;    6.9;   80.54;   17.9;   -0.9;   -2.3;eor
       3730;20181027;   10;   8.2;   1.7;    3;  15.1;   8;    0.000;   0;   7.7;   7.2;  914.12;    4.1;   88.00;    8.5;    0.2;    0.1;eor
       3730;20181028;   10;-999;-999;    3;   0.0;   6;    0.000;   0;   7.9;   6.4;  910.22;    1.5;   94.08;    3.0;    0.7;    1.1;eor
       3730;20181029;   10;-999;-999;    3;  18.8;   4;    0.000;   0;   7.4;   7.2;  903.36;    3.6;   91.13;   11.9;    1.2;    1.6;eor
       3730;20181030;   10;-999;-999;    3;   0.0;   0;    0.000;   0;   5.0;   6.1;  907.78;    3.9;   76.79;   13.5;   -3.7;   -4.4;eor
       3730;20181031;   10;   3.8;   1.1;    3;   0.0;   0;    2.167;   0;   2.8;   6.3;  921.43;    2.1;   89.13;   11.0;   -4.1;   -5.3;eor
       3730;20181101;   10;  14.7;   2.2;    3;   0.0;   0;    5.667;   0;   3.3;   7.5;  920.18;    6.5;   80.17;   18.5;    0.2;   -1.6;eor
       3730;20181102;   10;   5.4;   1.4;    3;   0.5;   6;    2.350;   0;   7.4;   8.2;  928.04;    6.3;   86.42;   11.5;    0.7;   -1.0;eor
       3730;20181103;   10;   3.9;   1.0;    3;   0.0;   0;    2.417;   0;   6.3;   9.1;  929.78;    7.3;   89.92;   11.2;    3.2;    1.8;eor
       3730;20181104;   10;   3.0;   0.9;    3;   0.0;   0;    2.483;   0;   7.0;   8.7;  922.68;    6.2;   92.08;   12.9;    1.8;    1.7;eor
       3730;20181105;   10;  10.1;   2.4;    3;   0.0;   0;    6.167;   0;   2.5;   8.0;  917.52;   10.4;   67.92;   20.5;    2.8;    0.5;eor
       3730;20181106;   10;  14.9;   3.6;    3;   0.0;   0;    0.533;   0;   3.2;   7.5;  916.80;   14.3;   48.42;   19.9;    3.2;    0.6;eor
       3730;20181107;   10;   5.9;   1.2;    3;   0.4;   6;    5.233;   0;   3.5;   8.3;  920.06;    7.6;   81.13;   18.5;    0.1;   -1.7;eor
       3730;20181108;   10;   4.3;   1.3;    3;   0.1;   6;    0.000;   0;   7.8;   9.6;  926.21;    7.7;   90.83;    9.8;    1.9;    0.0;eor
       3730;20181109;   10;   2.8;   1.0;    3;   0.0;   0;    0.000;   0;   6.7;   7.8;  922.68;    4.7;   91.88;   10.9;    0.0;   -2.0;eor
       3730;20181110;   10;   5.7;   1.4;    3;   0.0;   6;    6.517;   0;   1.8;   7.1;  918.04;    5.0;   83.63;   16.2;   -2.4;   -3.5;eor
       3730;20181111;   10;   6.4;   1.8;    3;   0.0;   0;    5.250;   0;   4.3;   8.5;  921.98;    7.4;   83.88;   15.2;    0.8;   -1.6;eor
       3730;20181112;   10;   6.3;   1.5;    3;   0.0;   0;    6.267;   0;   2.0;   7.9;  926.59;    6.8;   82.17;   19.5;   -1.0;   -2.3;eor
       3730;20181113;   10;  12.8;   2.2;    3;   0.6;   6;    1.750;   0;   7.0;   8.3;  933.95;    6.3;   87.58;   15.0;    1.4;   -1.1;eor
       3730;20181114;   10;   4.2;   1.2;    3;   0.0;   0;    6.283;   0;   3.1;   7.1;  934.50;    3.7;   89.29;   12.7;   -2.8;   -4.8;eor
       3730;20181115;   10;   4.2;   1.0;    3;   0.0;   8;    6.300;   0;   3.8;   5.7;  931.73;    0.2;   91.29;    7.2;   -5.4;   -7.0;eor
       3730;20181116;   10;   3.6;   1.1;    3;   0.0;   0;    0.000;   0;   8.0;   5.4;  931.30;   -1.0;   95.50;    0.5;   -3.0;   -2.5;eor
       3730;20181117;   10;   4.1;   1.3;    3;   0.0;   0;    5.283;   0;   4.0;   4.7;  929.17;   -1.1;   84.46;    4.6;   -5.5;   -7.6;eor
       3730;20181118;   10;   4.9;   1.3;    3;   0.4;   8;    0.050;   0;   7.9;   4.8;  925.18;   -1.3;   86.50;   -0.2;   -2.2;   -2.9;eor
       3730;20181119;   10;   5.0;   1.2;    3;   0.2;   8;    0.000;   0;   7.1;   4.7;  914.47;   -1.8;   87.79;    0.5;   -7.3;   -8.8;eor
       3730;20181120;   10;   3.7;   1.2;    3;   0.0;   0;    5.850;   0;   3.0;   4.3;  911.35;   -2.5;   85.00;    4.9;   -7.5;   -9.0;eor
       3730;20181121;   10;   4.2;   1.1;    3;   0.0;   0;    6.150;   0;   5.0;   4.3;  918.55;   -2.3;   83.25;    4.9;   -8.1;  -10.0;eor
       3730;20181122;   10;   3.5;   1.0;    3;   0.0;   0;    3.217;   0;   5.9;   5.9;  924.14;    1.9;   84.13;   10.1;   -4.0;   -6.0;eor
       3730;20181123;   10;   3.6;   1.1;    3;   1.0;   6;    2.500;   0;   5.1;   5.4;  922.88;    0.5;   85.38;    7.0;   -5.6;   -8.1;eor
       3730;20181124;   10;   5.6;   1.3;    3;   2.8;   6;    0.000;   0;   7.6;   7.1;  919.94;    3.2;   91.79;    6.8;   -0.3;   -2.0;eor
       3730;20181125;   10;   4.2;   1.2;    3;   0.0;   6;    4.833;   0;   7.4;   6.1;  914.10;    1.1;   91.79;    7.0;   -3.7;   -5.6;eor
       3730;20181126;   10;   3.9;   1.2;    3;   3.1;   8;    0.000;   0;   8.0;   6.2;  912.45;    1.5;   90.88;    3.1;    0.2;    0.1;eor
       3730;20181127;   10;   3.6;   0.9;    3;   3.8;   8;    0.000;   1;   7.6;   6.0;  922.70;    0.3;   95.46;    1.0;   -0.2;   -0.6;eor
       3730;20181128;   10;   3.3;   1.2;    3;   0.0;   0;    5.900;   0;   6.3;   4.8;  928.68;   -2.3;   91.67;    2.1;   -6.5;   -8.4;eor
       3730;20181129;   10;   3.5;   1.3;    3;   0.0;   0;    3.400;   0;   7.2;   6.5;  925.57;    1.4;   94.29;    6.6;   -3.8;   -5.1;eor
       3730;20181130;   10;   8.9;   1.5;    3;   1.7;   8;    0.000;   0;   7.8;   7.4;  922.37;    4.2;   89.63;    7.9;    1.4;    0.5;eor
       3730;20181201;   10;   5.5;   1.6;    3;   0.0;   6;    2.250;   0;   6.8;   6.9;  923.85;    2.9;   91.04;    7.7;   -1.1;   -3.2;eor
       3730;20181202;   10;   5.9;   1.7;    3;  29.5;   6;    0.000;   0;   7.4;   8.3;  918.63;    4.9;   94.04;    8.7;   -1.3;   -2.8;eor
       3730;20181203;   10;  11.1;   2.5;    3;  15.3;   6;    0.167;   0;   7.5;   9.9;  918.44;    8.0;   92.46;   10.5;    6.2;    5.6;eor
       3730;20181204;   10;   8.9;   2.2;    3;   6.7;   6;    0.000;   0;   7.6;   8.1;  926.33;    5.5;   89.71;    9.4;    3.0;    2.8;eor
       3730;20181205;   10;   6.4;   1.0;    3;   3.2;   6;    0.000;   0;   7.9;   8.0;  929.53;    4.4;   94.88;    8.0;    0.9;   -0.3;eor
       3730;20181206;   10;   6.6;   1.9;    3;   3.8;   6;    0.750;   0;   7.7;   9.2;  928.13;    7.0;   91.96;   10.1;    4.9;    4.0;eor
       3730;20181207;   10;  14.5;   2.0;    3;   7.9;   8;    1.150;   0;   6.8;   8.5;  922.48;    6.6;   87.29;   12.3;    2.3;    0.7;eor
       3730;20181208;   10;  11.9;   2.5;    3;   4.9;   8;    0.000;   0;   7.5;   5.6;  922.11;    4.3;   67.46;    6.4;    2.3;    1.4;eor
       3730;20181209;   10;  16.5;   3.9;    3;  37.3;   8;    0.000;   0;   7.2;   6.6;  916.43;    4.6;   78.71;    9.7;    0.6;    0.1;eor
       3730;20181210;   10;  11.7;   2.6;    3;  19.9;   8;    0.000;   0;   7.4;   5.6;  926.83;    0.9;   86.42;    3.2;   -0.6;    0.0;eor
       3730;20181211;   10;   8.7;   1.6;    3;   0.1;   7;    0.850;  15;   7.6;   4.6;  928.11;   -1.7;   84.88;    1.9;   -6.2;   -1.7;eor
       3730;20181212;   10;   4.0;   1.5;    3;   0.0;   0;    5.467;  11;   1.9;   2.9;  925.90;   -7.8;   85.54;   -3.5;  -14.7;   -5.5;eor
       3730;20181213;   10;   3.7;   1.3;    3;   0.0;   0;    5.400;   9;   0.8;   2.1;  919.49;  -12.1;   86.13;   -6.2;  -17.4;   -5.6;eor
       3730;20181214;   10;   3.1;   1.2;    3;   0.0;   7;    5.367;  10;   2.4;   1.9;  922.55;  -13.3;   85.17;   -7.3;  -18.2;   -5.2;eor
       3730;20181215;   10;   3.6;   1.6;    3;   3.0;   7;    5.333;  10;   2.7;   1.9;  926.42;  -12.9;   84.00;   -7.2;  -17.2;   -5.1;eor
       3730;20181216;   10;   7.8;   1.4;    3;   4.1;   8;    0.000;  15;   7.5;   5.1;  920.17;   -2.4;   94.50;    3.9;  -12.5;   -4.4;eor
       3730;20181217;   10;   5.4;   1.7;    3;   1.7;   8;    0.083;  12;   7.9;   5.6;  927.92;   -0.2;   92.67;    2.9;   -6.1;   -1.4;eor
       3730;20181218;   10;   3.4;   1.6;    3;   0.0;   0;    5.300;  10;   3.8;   3.9;  929.50;   -5.1;   91.13;    0.3;   -9.8;   -5.8;eor
       3730;20181219;   10;   7.1;   1.6;    3;   1.1;   6;    0.000;  10;   7.2;   5.2;  923.43;   -0.9;   89.38;    3.9;   -9.2;   -5.6;eor
       3730;20181220;   10;   5.8;   2.3;    3;   2.4;   6;    2.817;  10;   7.0;   6.3;  925.50;    1.5;   92.42;    3.8;    0.1;   -0.2;eor
       3730;20181221;   10;  10.6;   2.5;    3;  13.5;   6;    0.000;   9;   7.5;   6.3;  924.30;    2.1;   89.00;    8.7;   -1.9;   -3.1;eor
       3730;20181222;   10;  16.0;   2.8;    3;  18.8;   6;    0.000;   1;   7.5;   7.9;  926.80;    5.9;   85.21;    9.3;    2.0;    0.9;eor
       3730;20181223;   10;   7.2;   2.3;    3;  55.8;   6;    0.000;   0;   7.3;   8.2;  929.62;    5.0;   94.21;    8.0;    3.7;    3.2;eor
       3730;20181224;   10;  13.9;   1.8;    3;  16.9;   4;    0.000;   0;   7.3;   6.9;  931.19;    2.2;   94.75;    9.6;   -3.3;   -4.8;eor
       3730;20181225;   10;   4.7;   1.7;    3;   0.0;   0;    4.467;   0;   3.7;   4.4;  938.21;   -2.8;   88.04;    2.1;   -7.7;   -9.3;eor
       3730;20181226;   10;   3.4;   1.3;    3;   0.0;   0;    5.317;   0;   1.5;   4.1;  936.03;   -4.3;   92.21;    1.9;   -8.6;  -10.1;eor
       3730;20181227;   10;   3.2;   1.4;    3;   0.0;   0;    3.250;   0;   6.3;   4.6;  931.93;   -2.9;   91.75;    2.7;   -7.4;   -9.6;eor
       3730;20181228;   10;   4.8;   1.5;    3;   0.0;   0;    5.350;   0;   4.4;   5.2;  932.48;   -0.9;   89.79;    4.6;   -5.9;   -7.7;eor
       3730;20181229;   10;   5.7;   1.1;    3;   3.5;   8;    0.133;   0;   5.7;   4.3;  936.11;   -3.9;   93.29;    0.3;   -7.3;   -8.9;eor
       3730;20181230;   10;   8.7;   2.3;    3;   4.4;   8;    0.000;   0;   7.3;   6.0;  937.61;    1.3;   89.13;    3.7;   -1.2;   -1.4;eor
       3730;20181231;   10;   5.1;   1.9;    3;   9.3;   8;    0.000;   0;   7.4;   6.3;  938.22;    0.9;   96.42;    2.3;   -1.0;   -2.4;eor
       3730;20190101;   10;   7.2;   1.5;    3;   5.6;   8;    3.717;   0;   6.9;   5.8;  934.90;    0.0;   94.04;    4.6;   -4.0;   -5.0;eor
       3730;20190102;   10;  11.5;   3.4;    3;   4.7;   8;    0.000;   5;   7.4;   4.6;  934.59;   -1.6;   84.46;    2.3;   -5.2;   -3.7;eor
       3730;20190103;   10;   4.6;   1.2;    3;   0.2;   7;    0.900;  11;   7.5;   3.4;  939.03;   -5.3;   82.92;   -1.9;   -8.4;   -3.4;eor
       3730;20190104;   10;   4.7;   1.5;    3;   0.0;   7;    0.033;  10;   6.3;   3.9;  938.39;   -3.7;   83.58;   -0.4;   -7.7;   -3.4;eor
       3730;20190105;   10;   4.7;   2.2;    3;  28.6;   8;    0.000;   8;   7.6;   5.0;  934.67;   -1.8;   92.58;   -0.3;   -3.6;   -1.9;eor
       3730;20190106;   10;   4.3;   1.7;    3;   8.5;   8;    0.000;  38;  -999;   5.8;  934.85;    0.1;   94.38;    1.2;   -0.5;   -0.2;eor
       3730;20190107;   10;   3.8;   1.0;    3;   2.3;   8;    0.467;  42;   7.7;   5.6;  935.70;   -0.1;   92.38;    3.5;   -2.4;    0.0;eor
       3730;20190108;   10;  11.4;   3.1;    3;  34.7;   8;    0.000;  37;   7.5;   5.6;  925.25;    0.4;   88.63;    2.7;   -1.8;    0.0;eor
       3730;20190109;   10;  12.0;   3.0;    3;  20.2;   7;    0.000;  60;  -999;   4.8;  918.65;   -2.0;   91.88;    1.1;   -4.0;    0.1;eor
       3730;20190110;   10;   5.9;   1.0;    3;  10.7;   7;    0.000;  81;  -999;   4.4;  924.63;   -3.4;   91.38;   -1.5;   -4.5;    0.1;eor
       3730;20190111;   10;   5.7;   1.8;    3;   5.3;   4;    2.033;  84;   7.6;   3.7;  929.00;   -4.6;   84.17;   -0.6;  -10.7;    0.1;eor
       3730;20190112;   10;   8.3;   2.4;    3;  19.5;   4;    0.017;  80;   7.6;   5.4;  928.03;   -0.4;   90.42;    2.2;   -2.8;    0.1;eor
       3730;20190113;   10;  12.2;   2.6;    3;  55.8;   8;    0.000;  84;   7.5;   6.2;  918.47;    1.0;   94.25;    5.9;    0.0;    0.1;eor
       3730;20190114;   10;  15.7;   3.8;    3;  12.2;   8;    0.000;  73;   7.2;   5.7;  917.98;    1.0;   86.38;    3.4;   -1.6;    0.1;eor
       3730;20190115;   10;   6.6;   2.1;    3;   0.0;   0;    2.983;  72;   6.8;   4.4;  927.33;   -1.4;   81.17;    4.1;   -8.9;    0.1;eor
       3730;20190116;   10;   4.6;   1.6;    3;   0.0;   0;    6.000;  68;   3.5;   3.8;  920.98;   -5.3;   90.46;    2.9;  -13.0;    0.1;eor
       3730;20190117;   10;   9.7;   2.9;    3;   3.4;   8;    2.533;  66;   4.7;   4.8;  916.80;   -0.3;   80.04;    6.3;   -8.0;    0.1;eor
       3730;20190118;   10;   8.6;   1.9;    3;   0.0;   7;    4.217;  66;   7.3;   3.5;  922.23;   -4.7;   78.96;    0.7;  -12.8;    0.1;eor
       3730;20190119;   10;   3.2;   1.3;    3;   0.0;   0;    5.433;  64;   4.8;   2.1;  919.37;  -11.6;   84.79;   -3.7;  -17.8;    0.0;eor
       3730;20190120;   10;   2.7;   1.1;    3;   0.0;   0;    1.267;  63;   6.7;   3.0;  918.98;   -7.3;   84.04;    2.7;  -14.8;   -0.2;eor
       3730;20190121;   10;   2.5;   0.7;    3;   0.0;   0;    0.000;  62;   7.9;   3.8;  922.43;   -4.5;   86.25;   -0.4;  -10.1;   -0.2;eor
       3730;20190122;   10;   3.1;   1.1;    3;   0.0;   7;    6.050;  62;   3.1;   2.5;  914.65;   -9.8;   84.63;   -2.7;  -18.1;   -0.2;eor
       3730;20190123;   10;   2.9;   0.9;    3;   0.0;   7;    5.917;  61;   5.0;   2.1;  903.44;  -11.2;   80.92;   -0.3;  -17.8;   -0.2;eor
       3730;20190124;   10;   4.6;   1.3;    3;   0.2;   7;    1.183;  61;   7.7;   3.0;  912.18;   -7.4;   82.29;    0.4;  -16.0;   -0.3;eor
       3730;20190125;   10;   5.1;   1.8;    3;   0.1;   8;    5.267;  64;   5.9;   2.6;  920.51;   -7.7;   76.29;   -0.5;  -14.6;   -0.3;eor
       3730;20190126;   10;   7.2;   2.2;    3;   3.9;   8;    0.000;  63;  -999;   5.1;  918.85;   -1.3;   89.92;    2.9;   -8.6;   -0.2;eor
       3730;20190127;   10;   9.0;   2.4;    3;   6.3;   8;    1.867;  65;   7.0;   5.3;  904.21;   -0.1;   86.29;    4.2;   -8.1;   -0.1;eor
       3730;20190128;   10;  15.1;   1.9;    3;   6.3;   7;    0.000;  69;   7.3;   4.6;  907.80;   -1.5;   84.71;   -0.1;   -2.7;   -0.1;eor
       3730;20190129;   10;   5.6;   1.7;    3;   2.9;   7;    4.133;  84;   5.8;   3.7;  911.38;   -5.3;   86.88;    0.5;  -17.7;    0.0;eor
       3730;20190130;   10;  11.6;   2.0;    3;   0.0;   7;    0.000;  80;   7.4;   3.4;  904.11;   -3.7;   73.17;    1.8;  -16.1;    0.0;eor
       3730;20190131;   10;   3.4;   1.2;    3;   0.0;   0;    3.733;  75;   6.4;   2.7;  903.93;   -7.5;   79.08;    2.6;  -17.7;    0.0;eor
       3730;20190201;   10;   5.3;   1.1;    3;   5.0;   8;    0.467;  72;   7.4;   4.3;  898.53;   -2.3;   83.08;    3.9;   -6.6;    0.0;eor
       3730;20190202;   10;   6.3;   1.3;    3;  11.7;   4;    1.833;  68;   7.5;   6.3;  903.21;    1.5;   92.54;    5.3;    0.2;    0.0;eor
       3730;20190203;   10;   9.2;   2.6;    3;  12.5;   4;    0.000;  67;   7.3;   5.4;  918.44;   -1.1;   93.92;    0.7;   -4.0;    0.0;eor
       3730;20190204;   10;   5.1;   1.4;    3;   0.0;   7;    6.983;  81;   3.5;   3.3;  931.69;   -6.4;   85.50;    1.8;  -16.0;    0.0;eor
       3730;20190205;   10;   3.7;   1.4;    3;   0.0;   0;    7.083;  75;   2.4;   2.7;  932.24;   -9.0;   86.79;    2.2;  -15.2;    0.0;eor
       3730;20190206;   10;   3.1;   1.3;    3;   0.0;   0;    7.150;  73;   3.2;   3.0;  930.02;   -8.2;   88.08;    3.4;  -15.4;    0.0;eor
       3730;20190207;   10;   6.1;   1.6;    3;   2.6;   8;    0.583;  71;   7.2;   4.7;  923.85;   -3.4;   91.50;    3.1;  -13.7;    0.0;eor
       3730;20190208;   10;   5.4;   1.7;    3;   0.0;   0;    7.017;  68;   5.3;   4.7;  924.79;   -0.9;   81.96;    8.3;   -6.8;    0.0;eor
       3730;20190209;   10;   9.7;   2.3;    3;   0.0;   8;    0.433;  66;   7.8;   5.3;  921.89;    1.7;   75.79;    7.4;   -7.7;    0.0;eor
       3730;20190210;   10;  17.5;   3.3;    3;  14.5;   8;    3.350;  63;   6.7;   5.1;  914.35;    3.4;   72.46;   13.1;   -4.0;    0.0;eor
       3730;20190211;   10;  12.9;   2.3;    3;  11.5;   8;    0.000;  68;   7.2;   5.1;  924.59;   -0.4;   86.17;    1.9;   -2.0;    0.0;eor
       3730;20190212;   10;   6.4;   1.7;    3;   0.6;   8;    0.000;  80;   6.5;   4.6;  937.65;   -1.5;   84.83;    2.4;  -11.0;    0.0;eor
       3730;20190213;   10;   4.4;   1.4;    3;   0.0;   0;    7.450;  75;   1.7;   3.6;  940.54;   -4.9;   84.75;    7.3;  -13.6;    0.0;eor
       3730;20190214;   10;   4.2;   1.3;    3;   0.0;   0;    7.517;  71;   2.3;   4.2;  940.47;   -3.2;   86.88;    6.6;  -10.0;    0.0;eor
       3730;20190215;   10;   3.9;   1.4;    3;   0.0;   0;    7.550;  67;   0.0;   3.7;  937.50;   -3.5;   78.46;    7.0;  -10.5;    0.0;eor
       3730;20190216;   10;   5.5;   1.5;    3;   0.0;   0;    7.600;  65;   0.0;   3.7;  934.87;   -1.6;   73.33;   12.6;  -10.8;    0.0;eor
       3730;20190217;   10;   5.5;   1.4;    3;   0.0;   0;    7.667;  63;   1.7;   3.7;  932.08;   -2.4;   73.54;    9.8;  -10.8;    0.0;eor
       3730;20190218;   10;   4.6;   1.2;    3;   0.0;   0;    7.750;  62;   0.2;   3.8;  927.48;   -2.0;   74.00;   10.0;  -10.5;    0.0;eor
       3730;20190219;   10;   6.3;   2.3;    3;   0.0;   0;    7.117;  62;   3.2;   4.7;  927.60;    1.4;   70.75;   10.2;   -6.5;    0.0;eor
       3730;20190220;   10;   3.8;   1.2;    3;   0.0;   0;    3.083;  60;   6.8;   5.3;  930.10;    1.6;   78.21;    9.1;   -4.7;    0.0;eor
       3730;20190221;   10;   5.8;   1.8;    3;   0.0;   6;    7.917;  58;   4.2;   5.3;  934.15;    2.3;   75.08;   11.9;   -3.8;    0.0;eor
       3730;20190222;   10;   4.9;   1.6;    3;   1.3;   6;    0.000;  55;   7.7;   6.6;  938.36;    2.3;   90.79;    5.8;   -0.7;    0.0;eor
       3730;20190223;   10;   4.2;   1.4;    3;   0.0;   0;    3.417;  53;   5.0;   5.4;  939.42;    0.4;   85.79;    6.3;   -6.5;    0.0;eor
       3730;20190224;   10;   3.8;   1.1;    3;   0.0;   0;    3.917;  51;   3.2;   3.9;  939.82;   -2.4;   78.08;    6.2;   -9.9;    0.0;eor
       3730;20190225;   10;   4.9;   1.3;    3;   0.0;   0;    8.750;  51;   1.7;   4.5;  940.18;   -0.7;   78.96;   10.7;   -8.5;    0.0;eor
       3730;20190226;   10;   5.4;   1.5;    3;   0.0;   0;    8.650;  49;   2.5;   4.4;  938.57;    0.1;   73.79;   11.3;   -7.2;    0.0;eor
       3730;20190227;   10;   5.5;   1.6;    3;   0.0;   0;    8.900;  48;   1.3;   4.8;  933.35;    1.8;   71.63;   13.6;   -5.3;    0.0;eor
       3730;20190228;   10;  11.9;   2.5;    3;   0.0;   6;    8.567;  47;   2.6;   5.4;  927.37;    6.0;   61.83;   15.8;   -2.3;    0.0;eor
       3730;20190301;   10;   6.4;   2.3;    3;  21.3;   8;    0.000;  42;   7.5;   6.4;  923.85;    2.8;   86.17;    7.1;    1.0;    0.0;eor
       3730;20190302;   10;   5.6;   1.8;    3;   0.0;   6;    0.233;  40;   7.8;   6.5;  925.37;    2.1;   91.29;    5.8;    0.8;    0.0;eor
       3730;20190303;   10;   6.7;   2.2;    3;   0.0;   0;    7.117;  39;   6.0;   5.9;  922.69;    3.9;   74.96;   11.6;    0.2;    0.0;eor
       3730;20190304;   10;  17.8;   2.8;    3;   8.3;   8;    3.333;  37;   7.0;   5.2;  914.09;    4.0;   67.08;   16.2;   -2.1;    0.0;eor
       3730;20190305;   10;   7.4;   2.0;    3;   0.7;   8;    2.500;  36;   6.8;   5.4;  919.57;    2.9;   73.21;    7.9;   -0.4;    0.0;eor
       3730;20190306;   10;  19.1;   2.7;    3;   0.0;   0;    5.383;  34;   5.8;   4.7;  915.60;    4.6;   59.67;   13.7;   -5.2;    0.0;eor
       3730;20190307;   10;  14.3;   3.4;    3;  12.5;   6;    0.017;  27;   7.7;   6.4;  913.42;    4.9;   76.96;   13.9;    1.3;    0.0;eor
       3730;20190308;   10;   8.8;   2.3;    3;   2.9;   6;    0.283;  25;   7.1;   6.3;  923.79;    2.3;   88.25;    6.2;   -0.2;    0.0;eor
       3730;20190309;   10;  10.9;   2.0;    3;   6.3;   6;    0.050;  23;   7.5;   6.7;  926.97;    3.4;   87.17;    9.2;    0.4;    0.0;eor
       3730;20190310;   10;  16.8;   3.7;    3;  11.1;   8;    0.133;  20;   7.0;   7.1;  922.75;    5.9;   77.46;   12.0;    1.3;    0.0;eor
       3730;20190311;   10;  21.0;   2.9;    3;  15.6;   8;    0.000;  15;   6.6;   4.7;  927.84;    0.4;   75.58;    4.8;   -2.5;    0.0;eor
       3730;20190312;   10;   6.8;   2.3;    3;   1.3;   8;    7.633;  32;   5.8;   4.1;  926.84;    1.3;   63.83;    7.3;   -3.0;    0.0;eor
       3730;20190313;   10;  16.6;   2.6;    3;   9.2;   8;    1.100;  23;   6.9;   5.4;  920.53;    1.8;   77.71;    9.2;   -1.1;    0.0;eor
       3730;20190314;   10;  12.1;   2.4;    3;  23.4;   8;    0.000;  28;   6.5;   5.9;  919.10;    1.8;   84.92;    4.8;    0.1;    0.0;eor
       3730;20190315;   10;   6.4;   2.7;    3;  32.9;   6;    0.000;  23;   6.5;   6.9;  921.22;    2.4;   95.46;    4.7;    0.4;    0.0;eor
       3730;20190316;   10;   8.2;   2.4;    3;   0.0;   6;    8.817;  18;   4.8;   6.2;  922.38;    5.9;   70.67;   16.1;   -0.7;    0.0;eor
       3730;20190317;   10;  12.6;   2.3;    3;   9.5;   8;    8.333;  14;   4.6;   5.0;  917.05;    4.8;   62.79;   17.2;   -4.6;    0.0;eor
       3730;20190318;   10;   9.8;   1.9;    3;   6.8;   8;    3.217;  13;   6.3;   5.2;  925.45;    0.9;   81.25;    5.8;   -1.8;    0.0;eor
       3730;20190319;   10;   4.1;   1.2;    3;   0.0;   7;    2.100;  21;   5.7;   4.5;  931.55;   -0.4;   78.38;    7.5;   -9.2;    0.0;eor
       3730;20190320;   10;   5.6;   1.7;    3;   0.0;   0;   10.117;  12;   0.5;   4.0;  936.77;   -0.7;   70.67;    7.5;   -9.2;   -1.3;eor
       3730;20190321;   10;   5.0;   1.5;    3;   0.0;   0;   10.183;  10;   0.7;   4.4;  935.79;    0.7;   70.71;   11.5;   -7.6;   -1.8;eor
       3730;20190322;   10;   6.2;   1.9;    3;   0.0;   0;   10.033;   7;   2.5;   5.1;  934.76;    4.3;   66.25;   16.7;   -5.3;   -1.8;eor
       3730;20190323;   10;   6.1;   1.8;    3;   0.0;   0;   10.267;   2;   0.3;   5.0;  933.15;    5.6;   61.38;   17.7;   -3.2;   -3.8;eor
       3730;20190324;   10;   8.5;   2.0;    3;   0.0;   6;   10.317;   0;   1.2;   6.0;  929.16;    6.7;   65.79;   17.4;   -2.7;   -5.0;eor
       3730;20190325;   10;   8.6;   2.1;    3;  10.6;   8;    0.050;-999;   6.8;   6.3;  927.42;    2.7;   84.13;    6.2;   -1.2;   -2.5;eor
       3730;20190326;   10;   5.0;   1.5;    3;   0.0;   7;    5.950;   7;   6.1;   5.0;  932.64;    0.9;   78.58;    6.3;   -2.1;   -3.9;eor
       3730;20190327;   10;   8.5;   2.0;    3;   0.0;   0;    4.367;   0;   6.8;   5.3;  934.74;    2.7;   73.00;    8.1;   -1.8;   -2.3;eor
       3730;20190328;   10;   8.6;   1.8;    3;   0.0;   0;   10.500;   0;   0.5;   5.0;  935.48;    3.7;   67.42;   12.4;   -3.5;   -5.2;eor
       3730;20190329;   10;   5.6;   1.9;    3;   0.0;   0;   10.517;   0;   0.0;   5.0;  933.76;    4.7;   64.63;   15.7;   -3.8;   -5.2;eor
       3730;20190330;   10;   6.1;   2.0;    3;   0.0;   0;   10.550;   0;   2.9;   5.3;  929.79;    6.4;   60.67;   17.1;   -2.6;   -4.1;eor
       3730;20190331;   10;   9.2;   2.3;    3;   0.0;   0;   10.567;   0;   0.3;   5.9;  925.70;    7.1;   62.88;   17.5;   -2.8;   -4.7;eor
       3730;20190401;   10;   6.6;   2.2;    3;   0.0;   0;   10.650;   0;   1.3;   6.6;  923.10;    6.5;   70.71;   16.6;   -2.8;   -4.3;eor
       3730;20190402;   10;   9.3;   2.5;    3;   0.0;   6;    7.267;   0;   7.0;   5.5;  918.30;    9.0;   54.33;   18.1;   -1.9;   -4.2;eor
       3730;20190403;   10;  16.5;   2.7;    3;   0.0;   0;    3.617;   0;   7.0;   6.3;  909.96;    8.1;   62.29;   16.0;    1.4;   -0.7;eor
       3730;20190404;   10;   9.6;   2.2;    3;   7.6;   8;    0.050;   0;   7.1;   6.2;  906.38;    2.7;   84.00;    6.3;   -0.1;    0.1;eor
       3730;20190405;   10;   5.0;   1.4;    3;   0.0;   7;    0.017;   0;   7.6;   6.3;  910.80;    2.8;   85.00;    6.1;   -0.8;   -0.2;eor
       3730;20190406;   10;   5.8;   1.8;    3;   0.0;   0;    9.333;   0;   5.2;   6.8;  910.33;    6.4;   73.96;   15.3;   -2.7;   -3.3;eor
       3730;20190407;   10;   6.6;   2.2;    3;   9.2;   6;    2.117;   0;   7.2;   7.6;  912.07;    7.1;   76.83;   13.9;    0.5;   -1.0;eor
       3730;20190408;   10;   5.1;   1.7;    3;   1.8;   6;    0.033;   0;   7.8;   7.9;  917.39;    6.3;   83.13;   10.3;    3.9;    3.9;eor
       3730;20190409;   10;   6.2;   1.8;    3;   9.6;   6;    0.400;   0;   7.8;   8.3;  916.35;    7.0;   83.58;   12.2;    3.0;    2.1;eor
       3730;20190410;   10;   6.0;   2.0;    3;   0.9;   6;    0.000;   0;   7.7;   8.8;  916.10;    6.8;   89.46;    9.7;    4.6;    4.7;eor
       3730;20190411;   10;   6.5;   2.0;    3;   0.0;   6;    0.000;   0;   7.9;   8.2;  920.50;    5.3;   91.63;    6.7;    3.9;    3.7;eor
       3730;20190412;   10;   5.6;   1.5;    3;   0.0;   6;    0.000;   0;   7.9;   6.6;  923.01;    3.9;   82.42;    6.1;    2.2;    2.2;eor
       3730;20190413;   10;   8.2;   1.9;    3;   3.9;   8;    0.783;   0;   7.5;   6.1;  922.38;    3.9;   76.33;    9.1;    0.7;    0.1;eor
       3730;20190414;   10;   6.6;   1.9;    3;   3.0;   8;    0.000;   0;   7.8;   6.2;  923.04;    1.1;   93.54;    2.0;   -0.3;   -1.6;eor
       3730;20190415;   10;   6.1;   2.0;    3;   0.0;   0;   11.250;   0;   1.3;   6.3;  925.38;    5.2;   74.08;   15.1;   -2.7;   -3.7;eor
       3730;20190416;   10;   6.6;   2.0;    3;   0.0;   0;    6.067;   0;   3.4;   6.2;  924.22;    7.5;   64.50;   15.9;   -1.9;   -4.5;eor
       3730;20190417;   10;   7.1;   2.1;    3;   0.0;   0;    8.717;   0;   3.9;   7.7;  927.31;    9.0;   69.83;   17.3;    1.6;   -0.6;eor
       3730;20190418;   10;   8.4;   2.1;    3;   0.0;   6;    8.667;   0;   2.0;   6.8;  928.49;    9.5;   62.71;   19.6;   -0.7;   -2.9;eor
       3730;20190419;   10;   6.8;   2.0;    3;   0.0;   0;   11.400;   0;   0.0;   6.3;  932.55;   10.5;   55.38;   20.1;    0.6;   -2.4;eor
       3730;20190420;   10;   7.0;   2.2;    3;   0.0;   0;   11.500;   0;   0.1;   7.0;  932.01;   10.6;   59.79;   21.0;   -0.6;   -2.4;eor
       3730;20190421;   10;   6.5;   2.0;    3;   0.0;   0;   11.083;   0;   5.4;   6.4;  925.46;   11.3;   54.50;   22.1;    1.0;   -1.0;eor
       3730;20190422;   10;   6.9;   1.6;    3;   0.0;   0;    9.167;   0;   5.8;   6.5;  915.22;   12.0;   52.58;   22.6;    0.4;   -1.4;eor
       3730;20190423;   10;   7.6;   2.0;    3;   0.0;   0;    3.650;   0;   7.5;   7.8;  908.38;   13.1;   54.46;   20.9;    4.5;    3.3;eor
       3730;20190424;   10;  14.0;   2.8;    3;   0.0;   0;    7.817;   0;   5.3;   7.4;  913.00;   13.4;   53.21;   21.9;    3.0;    1.3;eor
       3730;20190425;   10;  13.2;   2.7;    3;   0.0;   0;    2.317;   0;   6.2;   6.5;  917.45;   12.1;   53.25;   20.2;    0.8;   -0.7;eor
       3730;20190426;   10;   9.7;   2.2;    3;   6.2;   6;    0.000;   0;   5.9;   7.2;  922.20;    4.8;   83.21;    8.2;    0.3;   -0.7;eor
       3730;20190427;   10;  16.5;   2.3;    3;  11.9;   8;    0.933;   0;   7.5;   7.3;  925.05;    6.2;   78.17;   11.9;    1.8;    1.8;eor
       3730;20190428;   10;   6.9;   2.0;    3;   5.7;   8;    2.133;   0;   6.8;   6.2;  925.99;    3.8;   78.38;    8.4;    0.2;   -0.7;eor
       3730;20190429;   10;   6.0;   1.7;    3;   9.1;   8;    0.000;   0;   7.5;   6.8;  926.83;    3.0;   90.04;    5.4;    0.3;    0.1;eor
       3730;20190430;   10;   3.9;   1.7;    3;   3.7;   6;    0.000;   0;   7.1;   7.7;  925.75;    5.1;   87.58;    7.9;    0.6;   -0.9;eor
       3730;20190501;   10;   6.7;   1.7;    3;   0.0;   0;   11.800;-999;   1.3;   6.6;  922.65;    7.4;   69.04;   16.9;   -2.6;   -3.5;eor
       3730;20190502;   10;  13.6;   2.4;    3;  10.8;   6;    5.550;-999;   4.7;   7.3;  918.71;    8.7;   68.50;   18.0;   -1.0;   -3.1;eor
       3730;20190503;   10;   7.6;   1.9;    3;   1.4;   6;    0.150;   0;   7.7;   8.4;  918.18;    7.1;   83.67;   11.1;    3.2;    1.6;eor
       3730;20190504;   10;  11.2;   2.5;    3;  11.4;   8;    0.350;   0;   6.9;   7.1;  914.73;    4.4;   85.38;   10.5;   -0.5;   -0.7;eor
       3730;20190505;   10;   9.8;   2.6;    3;   3.0;   8;    0.050;   3;   6.4;   5.6;  920.92;    0.6;   88.38;    3.5;   -0.9;   -0.7;eor
       3730;20190506;   10;   5.0;   1.6;    3;   0.1;   8;    1.300;   0;   7.1;   5.6;  925.63;    2.1;   80.58;    5.9;   -1.7;   -4.0;eor
       3730;20190507;   10;   4.8;   1.5;    3;   0.0;   6;   10.800;   0;   4.0;   5.2;  923.51;    4.7;   65.29;   14.6;   -5.4;   -6.8;eor
       3730;20190508;   10;  12.3;   2.3;    3;   2.0;   6;    0.017;   0;   7.1;   7.9;  914.65;    9.0;   70.21;   15.4;    0.0;   -0.9;eor
       3730;20190509;   10;  17.4;   2.2;    3;   6.5;   6;    3.450;   0;   6.2;   7.9;  913.07;    8.2;   75.54;   14.8;    0.3;   -0.7;eor
       3730;20190510;   10;   6.0;   1.7;    3;   0.7;   6;    0.950;   0;   7.3;   8.9;  919.68;    9.2;   77.63;   14.5;    4.9;    3.8;eor
       3730;20190511;   10;   9.5;   2.3;    3;  23.4;   8;    1.033;   0;   7.6;   8.8;  921.16;    8.3;   80.42;   14.8;    4.0;    3.7;eor
       3730;20190512;   10;   5.2;   1.5;    3;  12.2;   8;    0.000;   0;   7.4;   6.8;  933.15;    2.5;   92.04;    4.1;    0.3;    0.1;eor
       3730;20190513;   10;   8.8;   2.0;    3;   0.0;   6;    0.033;   0;   7.7;   6.8;  935.89;    5.0;   79.83;    9.0;   -0.6;   -1.6;eor
       3730;20190514;   10;  12.4;   2.5;    3;   2.5;   8;    5.400;   0;   4.9;   5.8;  931.58;    3.6;   75.67;   10.6;   -2.6;   -4.1;eor
       3730;20190515;   10;   8.4;   2.2;    3;   0.0;   6;    0.000;   0;   7.8;   6.5;  926.31;    4.0;   81.29;    7.5;    0.4;   -1.5;eor
       3730;20190516;   10;   8.0;   2.3;    3;   0.0;   0;    8.550;   0;   4.3;   7.2;  919.64;    5.7;   78.96;   13.6;   -2.5;   -4.0;eor
       3730;20190517;   10;   6.8;   1.9;    3;   0.0;   0;    6.933;-999;   4.8;   7.5;  913.88;    9.8;   66.96;   18.9;   -0.8;   -2.0;eor
       3730;20190518;   10;   5.8;   1.9;    3;   0.0;   6;    6.117;-999;   7.0;   8.8;  912.74;   11.1;   69.21;   18.6;    1.9;    0.1;eor
       3730;20190519;   10;   8.4;   2.4;    3;   9.8;   6;    5.567;-999;   7.6;  10.6;  912.17;   11.6;   78.13;   17.9;    7.3;    6.7;eor
       3730;20190520;   10;   7.0;   2.3;    3;  69.9;   6;    0.000;-999;   7.8;  10.4;  913.45;    8.8;   91.38;   10.1;    7.0;    6.9;eor
       3730;20190521;   10;   5.9;   2.5;    3;  37.1;   6;    0.000;-999;   7.6;  10.0;  920.19;    8.0;   92.92;    9.8;    6.8;    6.7;eor
       3730;20190522;   10;   5.4;   2.3;    3;   1.5;   6;    0.150;-999;   7.8;  10.3;  925.86;    9.2;   88.92;   12.3;    5.4;    4.5;eor
       3730;20190523;   10;   8.0;   2.2;    3;   0.0;   0;   12.767;-999;   3.8;   9.1;  925.37;   11.3;   71.83;   19.1;    2.2;    0.8;eor
       3730;20190524;   10;   7.3;   2.0;    3;   0.0;   0;    8.183;-999;   4.6;   9.3;  922.60;   12.4;   68.25;   20.5;    2.3;    0.5;eor
       3730;20190525;   10;   8.3;   2.1;    3;  14.3;   6;    6.167;-999;   6.6;  10.5;  923.42;   11.4;   79.75;   18.9;    2.3;    1.0;eor
       3730;20190526;   10;   6.2;   1.6;    3;   0.0;   0;    2.083;-999;   7.0;  11.1;  923.75;   12.5;   78.21;   18.3;    7.9;    6.3;eor
       3730;20190527;   10;   5.5;   1.9;    3;  20.6;   6;    0.000;-999;   7.7;  11.6;  919.03;   11.9;   84.42;   16.7;    7.5;    6.2;eor
       3730;20190528;   10;   7.4;   2.4;    3;  22.1;   6;    0.000;-999;   7.5;  10.3;  917.59;    8.9;   89.50;   11.4;    5.8;    5.7;eor
       3730;20190529;   10;   5.6;   2.0;    3;   8.0;   6;    0.000;-999;   7.8;   9.1;  926.65;    7.2;   89.46;   10.1;    5.4;    5.1;eor
       3730;20190530;   10;   5.5;   1.4;    3;   0.0;   0;    6.317;-999;   6.0;   8.9;  932.73;   10.5;   72.75;   16.7;    5.1;    4.5;eor
       3730;20190531;   10;   5.8;   1.6;    3;   0.0;   0;    2.400;-999;   6.6;   9.9;  932.92;   12.6;   70.58;   19.6;    5.0;    3.7;eor
       3730;20190601;   10;   8.1;   2.4;    3;   0.0;   6;   13.433;-999;   3.1;  10.5;  929.92;   15.4;   64.75;   24.5;    3.0;    1.6;eor
       3730;20190602;   10;   7.9;   2.0;    3;   0.0;   0;   13.033;-999;   1.0;  10.9;  926.57;   17.5;   60.42;   27.1;    5.1;    3.7;eor
       3730;20190603;   10;  12.1;   2.3;    3;  49.1;   8;    9.217;-999;   2.7;  12.0;  925.19;   16.8;   69.29;   27.6;    7.0;    4.7;eor
       3730;20190604;   10;   6.8;   1.8;    3;   0.0;   6;   11.617;-999;   1.7;  12.7;  921.25;   18.1;   66.25;   28.7;    7.8;    6.9;eor
       3730;20190605;   10;   8.0;   2.3;    3;   0.0;   0;   12.467;-999;   1.7;  12.7;  916.50;   18.8;   61.92;   28.4;    7.0;    5.4;eor
       3730;20190606;   10;  10.4;   2.7;    3;   0.0;   0;    0.000;-999;   6.9;  11.3;  921.07;   13.6;   72.83;   18.0;   10.2;    8.5;eor
       3730;20190607;   10;  13.2;   2.9;    3;   0.0;   6;   13.533;-999;   2.8;   9.9;  920.75;   18.4;   54.13;   28.7;    7.8;    6.1;eor
       3730;20190608;   10;   9.0;   2.5;    3;   0.0;   0;    8.167;-999;   5.1;   8.8;  930.82;   14.1;   57.50;   20.3;    6.7;    5.2;eor
       3730;20190609;   10;   9.1;   1.8;    3;   2.6;   6;    4.583;-999;   6.6;  11.2;  928.79;   14.3;   71.13;   22.9;    5.0;    3.7;eor
       3730;20190610;   10;  11.5;   2.7;    3;   6.1;   6;    5.567;-999;   6.6;  14.5;  922.03;   16.0;   80.08;   21.1;   11.1;   11.1;eor
       3730;20190611;   10;   9.7;   2.7;    3;   1.9;   6;    9.100;-999;   5.4;  13.3;  918.72;   15.1;   77.88;   20.9;    9.1;    8.5;eor
       3730;20190612;   10;  11.2;   2.0;    3;   0.1;   6;    1.433;-999;   7.5;  12.8;  919.23;   13.6;   82.75;   17.2;   10.4;    9.5;eor
       3730;20190613;   10;   9.0;   2.2;    3;   0.0;   0;    7.800;-999;   4.2;  12.8;  923.25;   16.2;   71.92;   22.5;    8.1;    5.9;eor
       3730;20190614;   10;   8.4;   2.4;    3;   0.0;   0;   10.200;-999;   3.7;  12.9;  923.72;   17.9;   65.96;   27.0;    6.4;    4.6;eor
       3730;20190615;   10;  16.2;   2.4;    3;   0.8;   6;    5.017;-999;   6.0;  14.0;  923.53;   17.5;   70.75;   22.3;   11.3;    9.1;eor
       3730;20190616;   10;   5.1;   1.7;    3;   0.0;   0;    0.717;-999;   7.0;  12.5;  928.89;   14.5;   77.38;   19.1;    8.7;    7.0;eor
       3730;20190617;   10;   8.5;   2.0;    3;   0.0;   0;   11.233;-999;   2.9;  13.8;  926.47;   16.3;   76.04;   24.9;    5.8;    4.5;eor
       3730;20190618;   10;  10.0;   2.5;    3;  15.3;   6;   11.517;-999;   2.8;  13.4;  924.40;   18.2;   68.50;   27.7;    7.4;    5.5;eor
       3730;20190619;   10;  13.0;   2.6;    3;   1.6;   6;   10.600;-999;   4.7;  13.1;  921.62;   20.3;   59.21;   28.0;   12.7;   12.4;eor
       3730;20190620;   10;  11.7;   2.2;    3;  17.4;   6;    5.250;-999;   6.3;  14.7;  923.73;   15.9;   82.25;   21.9;   11.5;   10.7;eor
       3730;20190621;   10;   7.3;   1.8;    3;  12.5;   6;    2.950;-999;   7.5;  14.9;  925.75;   16.0;   82.96;   20.9;   11.1;   10.5;eor
       3730;20190622;   10;  10.3;   2.2;    3;  16.8;   6;    2.350;-999;   7.5;  15.1;  924.66;   15.3;   87.29;   21.8;   12.6;   12.5;eor
       3730;20190623;   10;   6.8;   2.1;    3;   0.0;   0;    7.033;-999;   7.0;  15.3;  926.09;   17.2;   79.88;   23.8;   11.9;   10.5;eor
       3730;20190624;   10;   7.9;   2.4;    3;   0.0;   0;   13.633;-999;   3.0;  16.3;  927.96;   19.9;   72.63;   28.0;    9.7;    8.6;eor
       3730;20190625;   10;   6.7;   2.2;    3;   0.0;   0;   13.633;-999;   0.4;  15.3;  929.72;   22.0;   62.00;   32.4;    9.7;    7.9;eor
       3730;20190626;   10;   7.2;   2.1;    3;   0.0;   0;   13.633;-999;   0.0;  15.7;  932.40;   23.2;   59.42;   33.3;   11.2;    9.7;eor
       3730;20190627;   10;   8.4;   2.6;    3;   0.0;   0;   12.933;-999;   1.6;  18.6;  931.40;   24.5;   62.88;   32.2;   13.2;   11.3;eor
       3730;20190628;   10;   8.7;   2.4;    3;   0.0;   0;   11.733;-999;   2.3;  15.2;  929.91;   21.7;   60.42;   28.1;   11.2;   10.3;eor
       3730;20190629;   10;   7.2;   2.2;    3;   0.0;   0;   13.633;-999;   0.0;  14.3;  927.74;   20.4;   63.46;   29.7;    9.6;    8.0;eor
       3730;20190630;   10;   9.1;   2.5;    3;   0.0;   0;   13.583;-999;   0.8;  16.5;  927.22;   23.0;   61.38;   31.8;   11.5;    9.8;eor
       3730;20190701;   10;  15.1;   2.4;    3;  11.6;   6;    3.867;-999;   7.0;  16.7;  927.05;   21.5;   65.88;   30.7;   12.8;   11.1;eor
       3730;20190702;   10;   9.8;   2.7;    3;   0.0;   6;    6.733;-999;   6.1;  17.4;  927.64;   19.7;   76.58;   24.7;   15.2;   14.3;eor
       3730;20190703;   10;   7.5;   1.7;    3;   0.0;   0;    5.617;-999;   6.8;  15.3;  927.81;   18.2;   74.25;   23.3;   13.3;   12.4;eor
       3730;20190704;   10;   8.2;   2.3;    3;   0.0;   0;   12.400;-999;   2.1;  14.8;  928.20;   18.5;   72.00;   25.0;   10.3;    9.5;eor
       3730;20190705;   10;   9.7;   2.7;    3;   0.0;   0;   10.767;-999;   1.0;  14.3;  926.43;   19.5;   66.96;   27.0;   10.3;    9.0;eor
       3730;20190706;   10;  19.0;   2.2;    3;   7.8;   8;    7.067;-999;   4.5;  14.1;  922.86;   18.6;   70.38;   28.3;   10.8;    9.1;eor
       3730;20190707;   10;  13.4;   2.2;    3;  15.2;   8;    3.567;-999;   6.8;  14.6;  922.30;   15.8;   82.79;   23.5;   11.5;   10.4;eor
       3730;20190708;   10;   6.8;   2.4;    3;  10.0;   4;    1.283;-999;   8.0;  15.3;  924.56;   14.7;   92.25;   18.1;   12.8;   12.7;eor
       3730;20190709;   10;   4.6;   1.7;    3;   0.0;   0;    1.517;-999;   7.7;  -999;  924.99;   13.8;-999;   18.8;   10.5;    9.8;eor
       3730;20190710;   10;   7.2;   2.1;    3;   0.0;   0;   12.350;-999;   1.4;  10.8;  925.83;   13.4;   72.71;   20.3;    5.7;    5.2;eor
       3730;20190711;   10;   4.7;   1.5;    3;   1.8;   6;    0.067;-999;   7.1;  11.5;  924.36;   12.1;   82.46;   18.0;    5.2;    3.8;eor
       3730;20190712;   10;  11.4;   2.1;    3;  55.1;   6;    0.083;-999;   7.8;  13.8;  923.55;   13.0;   92.46;   16.3;    9.4;    9.2;eor
       3730;20190713;   10;   7.6;   1.9;    3;   0.5;   6;    1.650;-999;   7.5;  12.6;  925.43;   13.5;   82.38;   17.4;   10.3;    9.7;eor
       3730;20190714;   10;   8.0;   2.2;    3;   0.0;   0;    7.900;-999;   6.5;  12.7;  923.23;   15.2;   75.58;   20.8;   10.5;   10.4;eor
       3730;20190715;   10;   7.6;   2.3;    3;   1.9;   6;    4.233;-999;   6.4;  13.4;  922.97;   14.3;   82.88;   19.3;    9.6;    8.4;eor
       3730;20190716;   10;   7.9;   2.3;    3;   0.0;   0;   13.267;-999;   1.3;  12.2;  924.97;   15.8;   71.25;   23.8;    6.8;    5.7;eor
       3730;20190717;   10;   7.6;   2.0;    3;   0.0;   0;   11.550;-999;   4.9;  12.0;  922.69;   17.0;   65.96;   24.5;    7.4;    5.8;eor
       3730;20190718;   10;   7.5;   2.0;    3;   0.0;   0;    7.467;-999;   6.3;  11.3;  922.66;   16.7;   63.33;   24.5;    8.2;    6.8;eor
       3730;20190719;   10;   6.8;   2.3;    3;   0.0;   0;   10.400;-999;   6.5;  13.6;  924.75;   18.4;   66.58;   26.3;   10.3;    8.5;eor
       3730;20190720;   10;  21.8;   2.2;    3;  19.9;   8;   11.033;-999;   5.0;  15.1;  925.46;   19.2;   72.42;   28.8;    9.9;    8.7;eor
       3730;20190721;   10;  10.3;   2.0;    3;   2.9;   6;    4.117;-999;   7.2;  17.4;  930.63;   18.5;   83.04;   25.5;   13.9;   13.6;eor
       3730;20190722;   10;   6.6;   2.1;    3;   0.0;   0;   11.217;-999;   3.2;  16.1;  932.36;   20.3;   71.17;   28.1;   12.5;   11.6;eor
       3730;20190723;   10;   8.4;   2.4;    3;   0.0;   0;   13.150;-999;   0.6;  16.7;  929.60;   21.4;   69.08;   29.9;   11.8;   10.3;eor
       3730;20190724;   10;   7.5;   2.1;    3;   0.0;   0;   12.650;-999;   1.5;  16.5;  927.01;   22.9;   63.38;   32.4;   12.0;   10.3;eor
       3730;20190725;   10;   7.5;   2.1;    3;   0.0;   0;   10.933;-999;   4.7;  17.3;  925.55;   23.2;   64.75;   32.2;   13.6;   12.2;eor
       3730;20190726;   10;  11.6;   2.4;    3;   8.7;   6;    6.050;-999;   6.0;  18.4;  921.01;   21.4;   75.08;   31.0;   13.5;   13.0;eor
       3730;20190727;   10;  13.9;   2.8;    3;  -999;   4;    5.633;-999;   6.7;  16.2;  914.02;   19.1;   75.25;   25.1;   13.7;   12.8;eor
       3730;20190728;   10;   7.3;   1.5;    3;  -999;   4;    0.000;-999;   7.6;  16.4;  912.95;   15.8;   91.13;   18.5;   14.2;   13.9;eor
       3730;20190729;   10;   6.1;   1.6;    3;   0.0;   0;    1.067;-999;   7.6;  16.3;  920.67;   16.7;   85.71;   20.4;   13.4;   13.4;eor
       3730;20190730;   10;   7.5;   2.1;    3;   0.9;   6;    8.633;-999;   5.3;  16.6;  923.01;   20.1;   72.96;   25.9;   14.4;   13.8;eor
       3730;20190731;   10;   8.9;   2.0;    3;   0.7;   4;    0.117;-999;   7.4;  15.0;  926.65;   16.0;   82.50;   18.6;   12.4;   11.2;eor
       3730;20190801;    3;   7.3;   2.1;    3;   0.7;   6;   10.383;-999;   4.1;  14.9;  925.69;   17.3;   77.13;   24.0;    8.9;    7.8;eor
       3730;20190802;    3;   8.8;   2.2;    3;  10.9;   6;    2.400;-999;   7.2;  15.6;  924.20;   15.8;   87.38;   21.6;   13.3;   12.4;eor
       3730;20190803;    3;   8.7;   3.1;    3;   0.0;   6;    6.600;-999;   6.0;  13.7;  925.09;   15.9;   77.96;   21.8;   10.5;    9.2;eor
       3730;20190804;    3;   7.4;   2.2;    3;   0.0;   6;   12.133;-999;   3.1;  12.7;  925.16;   16.5;   71.54;   24.0;    8.3;    7.1;eor
       3730;20190805;    3;   7.2;   1.9;    3;  25.3;   6;    2.883;-999;   7.5;  15.3;  923.92;   18.7;   73.42;   27.0;   10.2;    8.7;eor
       3730;20190806;    3;  10.8;   3.2;    3;  16.2;   6;    0.900;-999;   7.6;  16.9;  924.18;   16.4;   90.46;   20.4;   13.9;   13.0;eor
       3730;20190807;    3;   6.8;   1.6;    3;  27.0;   6;    1.033;-999;   7.7;  16.5;  921.36;   16.0;   91.04;   21.3;   12.2;   11.2;eor
       3730;20190808;    3;   6.7;   2.2;    3;   0.0;   0;   11.033;-999;   4.6;  15.9;  923.28;   17.8;   80.25;   24.8;   11.0;    9.9;eor
       3730;20190809;    3;   6.2;   1.7;    3;   0.0;   6;   10.600;-999;   3.1;  15.8;  922.50;   20.5;   69.83;   30.6;    9.5;    8.3;eor
       3730;20190810;    3;  11.3;   1.8;    3;   4.4;   6;    0.950;-999;   7.7;  17.3;  926.91;   18.2;   82.92;   22.0;   14.4;   14.6;eor
       3730;20190811;    3;  16.0;   1.7;    3;  28.1;   6;   10.567;-999;   4.3;  17.3;  924.84;   19.7;   76.92;   27.4;   11.1;   10.4;eor
       3730;20190812;    3;   9.3;   2.0;    3;  40.5;   6;    0.700;-999;   7.6;  16.3;  925.55;   15.4;   93.13;   18.4;   11.6;   11.5;eor
       3730;20190813;    3;   7.2;   2.1;    3;   1.0;   6;    1.033;-999;   7.8;  12.4;  927.37;   13.2;   82.67;   18.4;   10.6;   10.1;eor
       3730;20190814;    3;   6.3;   2.0;    3;   0.0;   0;   10.583;-999;   2.8;  11.1;  927.19;   13.3;   75.46;   19.4;    6.5;    5.2;eor
       3730;20190815;    3;   9.8;   1.8;    3;  13.3;   6;    3.350;-999;   5.9;  12.3;  925.57;   12.8;   83.92;   21.0;    5.0;    4.1;eor
       3730;20190816;    3;   5.9;   2.3;    3;   0.2;   6;   11.017;-999;   5.3;  12.5;  927.02;   14.8;   76.79;   20.8;    8.0;    7.0;eor
       3730;20190817;    3;   5.9;   1.9;    3;   0.0;   6;    2.233;-999;   7.0;  13.2;  924.03;   16.3;   74.08;   24.4;    6.8;    5.5;eor
       3730;20190818;    3;  13.8;   2.4;    3;  15.4;   6;   11.667;-999;   1.2;  14.4;  921.52;   20.5;   64.04;   30.0;   10.2;    9.0;eor
       3730;20190819;    3;  13.7;   2.4;    3;   7.1;   6;    1.550;-999;   7.8;  16.8;  926.90;   17.8;   83.38;   22.5;   14.9;   14.6;eor
       3730;20190820;    3;   9.3;   1.6;    3;  34.0;   6;    0.000;-999;   7.5;  15.3;  930.31;   14.3;   93.46;   17.8;   10.8;   10.7;eor
       3730;20190821;    3;   6.6;   1.4;    3;   0.0;   0;    1.667;-999;   7.9;  13.3;  933.52;   13.6;   85.83;   17.8;   10.7;   10.7;eor
       3730;20190822;    3;   8.2;   1.8;    3;   0.0;   6;    5.633;-999;   6.4;  14.4;  931.97;   14.6;   87.33;   19.1;   10.7;   10.1;eor
       3730;20190823;    3;   3.2;   1.3;    3;   0.0;   0;    0.000;-999;   7.8;  15.3;  931.59;   15.3;   87.58;   18.9;   12.6;   11.5;eor
       3730;20190824;    3;   7.7;   2.1;    3;   3.2;   6;    6.533;-999;   3.2;  15.9;  928.83;   16.2;   86.38;   24.9;   10.1;    8.9;eor
       3730;20190825;    3;   9.9;   2.3;    3;   0.0;   6;    8.267;-999;   2.0;  15.1;  928.33;   16.8;   80.75;   25.9;    8.8;    7.6;eor
       3730;20190826;    3;   7.0;   1.9;    3;   0.0;   6;    8.433;-999;   1.8;  15.6;  927.78;   17.2;   81.75;   26.2;   10.2;    8.8;eor
       3730;20190827;    3;   5.6;   1.8;    3;   0.0;   0;   11.183;-999;   1.8;  13.8;  927.10;   18.2;   70.79;   28.8;    8.0;    6.4;eor
       3730;20190828;    3;  11.4;   1.8;    3;  29.9;   8;    6.283;-999;   7.0;  16.2;  927.06;   18.3;   79.67;   27.3;   12.5;   11.3;eor
       3730;20190829;    3;   6.7;   2.0;    3;  15.2;   6;    4.467;-999;   5.4;  16.5;  929.58;   16.3;   89.63;   22.6;   12.1;   10.5;eor
       3730;20190830;    3;   7.6;   2.1;    3;   0.0;   0;   11.167;-999;   0.0;  15.4;  930.21;   17.8;   78.04;   26.3;    9.7;    8.1;eor
       3730;20190831;    3;   7.1;   2.3;    3;   8.5;   6;    8.983;-999;   2.4;  15.2;  925.37;   18.9;   71.75;   27.3;   10.6;    9.1;eor
       3730;20190901;    3;   9.0;   2.3;    3;  32.5;   6;    3.650;-999;   6.6;  16.1;  924.21;   17.0;   83.04;   23.5;   12.7;   10.9;eor
       3730;20190902;    3;   6.4;   1.5;    3;   3.0;   6;    0.000;-999;   7.8;  13.8;  929.17;   12.6;   94.13;   14.7;    9.2;    8.5;eor
       3730;20190903;    3;   6.4;   1.8;    3;   0.0;   4;   10.950;-999;   3.7;  11.6;  931.79;   12.7;   81.67;   20.2;    6.7;    5.9;eor
       3730;20190904;    3;   6.4;   1.9;    3;   0.0;   6;   10.950;-999;   0.7;  11.6;  926.57;   13.9;   75.67;   23.4;    4.9;    3.2;eor
       3730;20190905;    3;   9.2;   1.9;    3;  22.1;   6;    0.000;-999;   7.6;  12.3;  927.35;   11.6;   90.17;   14.1;    8.0;    8.1;eor
       3730;20190906;    3;   2.3;   0.8;    3;  16.1;   6;    0.000;-999;   7.9;  11.1;  928.45;   10.0;   90.75;   12.8;    8.0;    8.1;eor
       3730;20190907;    3;   7.0;   1.5;    3;   6.3;   6;    1.100;-999;   7.5;  11.2;  926.87;   10.1;   90.29;   14.2;    4.6;    4.0;eor
       3730;20190908;    3;   4.6;   1.4;    3;  16.0;   6;    0.000;-999;   6.9;   9.5;  923.87;    7.2;   92.92;    9.1;    3.5;    2.6;eor
       3730;20190909;    3;   5.3;   1.6;    3;   2.6;   6;    3.450;-999;   6.9;   9.7;  923.48;    8.5;   88.08;   13.7;    5.5;    4.6;eor
       3730;20190910;    3;   5.6;   1.6;    3;   0.0;   0;    9.783;-999;   6.3;  10.6;  924.45;   11.4;   80.38;   19.0;    3.6;    2.6;eor
       3730;20190911;    3;   8.2;   1.9;    3;   0.0;   6;    9.250;-999;   5.0;  12.3;  931.17;   13.7;   80.17;   20.9;    7.8;    7.0;eor
       3730;20190912;    3;   6.0;   1.9;    3;   0.0;   0;   10.000;-999;   3.7;  13.1;  937.93;   15.4;   77.83;   22.7;    9.0;    7.3;eor
       3730;20190913;    3;   6.3;   1.9;    3;   0.0;   0;   10.550;-999;   1.3;  13.1;  938.64;   14.9;   79.83;   23.9;    6.4;    5.3;eor
       3730;20190914;    3;   7.3;   1.7;    3;   0.0;   0;    8.517;-999;   5.5;  14.3;  936.38;   15.0;   84.75;   23.1;    7.6;    6.3;eor
       3730;20190915;    3;   5.4;   1.8;    3;   0.0;   0;   10.450;-999;   0.3;  13.8;  932.54;   16.1;   77.83;   26.0;    7.1;    5.5;eor
       3730;20190916;    3;   8.7;   2.2;    3;   0.0;   6;    9.000;-999;   2.5;  14.2;  928.56;   17.0;   76.29;   25.4;    9.3;    7.5;eor
       3730;20190917;    3;   8.6;   2.0;    3;   0.0;   6;    5.883;-999;   7.3;  13.9;  926.70;   16.1;   77.63;   22.5;   11.0;   10.2;eor
       3730;20190918;    3;   5.9;   1.9;    3;   0.0;   0;    0.000;-999;   8.0;  10.5;  929.17;   12.3;   72.75;   15.5;    9.3;    9.4;eor
       3730;20190919;    3;   9.1;   1.8;    3;   0.0;   0;    8.117;-999;   3.9;   8.7;  931.60;    9.6;   74.38;   15.5;    2.5;    0.9;eor
       3730;20190920;    3;   5.9;   1.6;    3;   0.0;   0;   10.250;-999;   4.4;   8.5;  931.68;    7.8;   82.46;   16.8;    0.1;   -1.3;eor
       3730;20190921;    3;   5.4;   1.7;    3;   0.0;   0;   10.217;-999;   1.8;   9.9;  926.51;   10.9;   78.54;   21.7;    0.6;   -0.8;eor
       3730;20190922;    3;   4.2;   1.3;    3;   3.2;   6;    5.600;-999;   7.2;  12.2;  920.72;   13.9;   79.33;   23.5;    7.5;    6.3;eor
       3730;20190923;    3;  12.3;   2.1;    3;   9.8;   6;    0.000;-999;   7.7;  11.8;  925.05;   11.1;   88.75;   15.6;    6.3;    5.1;eor
       3730;20190924;    3;   7.2;   1.5;    3;  10.8;   6;    4.000;-999;   6.5;  10.6;  922.14;   10.5;   83.96;   16.2;    2.5;    1.7;eor
       3730;20190925;    3;   7.6;   2.3;    3;  10.1;   6;    0.683;-999;   7.9;  12.3;  920.48;   11.5;   90.83;   14.0;    9.3;    8.5;eor
       3730;20190926;    3;   4.6;   1.7;    3;   5.8;   6;    0.000;-999;   7.5;  12.9;  923.91;   11.6;   94.58;   14.2;    9.2;    8.3;eor
       3730;20190927;    3;   5.8;   2.0;    3;   9.9;   6;    3.800;-999;   7.6;  13.5;  923.73;   14.1;   84.50;   20.0;    9.5;    8.4;eor
       3730;20190928;    3;   7.8;   1.7;    3;   1.5;   6;    0.367;-999;   7.5;  11.9;  926.56;   12.1;   85.29;   15.6;    7.6;    6.2;eor
       3730;20190929;    3;   7.1;   1.7;    3;   0.0;   6;    8.900;-999;   3.3;  11.8;  920.59;   12.6;   82.00;   21.8;    4.1;    3.0;eor
       3730;20190930;    3;  11.8;   2.9;    3;   0.0;   6;    5.067;-999;   6.0;  11.9;  922.20;   13.8;   76.67;   17.7;    5.9;    4.0;eor
       3730;20191001;    3;   6.7;   2.0;    3;   9.4;   6;    9.500;   0;   2.2;  10.9;  918.18;   13.0;   75.83;   22.6;    4.2;    2.7;eor
       3730;20191002;    3;  11.1;   2.5;    3;  25.9;   6;    0.017;   0;   7.4;  10.9;  918.32;    9.8;   89.29;   13.3;    2.0;    1.1;eor
       3730;20191003;    3;   6.6;   1.9;    3;   0.0;   0;    7.833;   0;   5.3;   7.6;  925.32;    6.1;   82.42;   11.9;    0.9;   -0.2;eor
       3730;20191004;    3;   8.2;   2.1;    3;  21.9;   6;    0.317;   0;   7.6;   8.6;  919.75;    7.0;   85.92;   11.1;    0.5;   -1.0;eor
       3730;20191005;    3;   6.1;   1.8;    3;  23.2;   6;    0.000;   0;   7.7;  10.2;  921.60;    8.2;   93.46;   10.6;    7.1;    6.9;eor
       3730;20191006;    3;  12.0;   1.5;    3;  20.6;   6;    0.000;   0;   7.4;  10.8;  921.73;    9.3;   92.42;   11.9;    7.2;    6.3;eor
       3730;20191007;    3;   7.6;   2.2;    3;   1.4;   6;    3.467;   0;   5.7;   8.6;  925.16;    7.0;   86.67;   11.7;    0.9;   -0.1;eor
       3730;20191008;    3;  11.0;   2.1;    3;   2.0;   6;    1.317;   0;   7.4;  10.4;  922.76;    9.9;   84.96;   20.5;    0.9;   -0.2;eor
       3730;20191009;    3;   8.2;   2.1;    3;  23.4;   6;    0.000;   0;   7.8;  11.0;  922.23;    9.4;   92.79;   13.8;    7.0;    6.8;eor
       3730;20191010;    3;   8.8;   2.1;    3;   1.2;   6;    0.050;   0;   6.4;   9.6;  926.80;    8.0;   89.79;   11.4;    2.2;    0.3;eor
       3730;20191011;    3;   5.7;   1.7;    3;   0.0;   0;    9.117;   0;   2.6;   8.4;  927.83;    7.6;   82.88;   18.5;   -0.2;   -1.0;eor
       3730;20191012;    3;   4.7;   1.7;    3;   0.0;   0;    8.567;   0;   3.8;   9.4;  926.42;   10.2;   78.38;   22.0;    1.1;   -0.7;eor
       3730;20191013;    3;   7.3;   1.5;    3;   0.0;   0;    8.333;   0;   1.1;  11.1;  925.88;   12.1;   80.33;   23.2;    4.5;    2.5;eor
       3730;20191014;    3;   4.7;   1.5;    3;   0.0;   0;    5.017;   0;   1.8;  10.2;  923.67;   10.4;   82.17;   21.1;    3.7;    1.6;eor
       3730;20191015;    3;  13.5;   2.4;    3;   5.9;   6;    4.733;   0;   5.1;  10.5;  918.20;   11.1;   80.54;   21.8;    3.2;    1.7;eor
       3730;20191016;    3;   5.0;   1.7;    3;   0.0;   0;    8.467;   0;   2.7;   9.0;  924.04;    8.3;   83.88;   16.0;    2.0;    0.6;eor
       3730;20191017;    3;   5.5;   1.6;    3;   0.0;   6;    8.083;   0;   5.5;   8.9;  923.93;    9.1;   79.96;   18.0;    1.4;    0.1;eor
       3730;20191018;    3;   5.7;   1.5;    3;   0.0;   6;    3.317;   0;   7.6;  10.6;  922.17;   11.2;   80.96;   18.6;    5.9;    4.6;eor
       3730;20191019;    3;   4.4;   1.3;    3;   0.9;   6;    0.467;   0;   7.5;  10.5;  919.40;    8.7;   92.67;   12.7;    3.5;    2.8;eor
       3730;20191020;    1;   5.2;   1.4;    1;   0.0;   0;    0.383;   0;   5.5;  10.9;  917.97;    9.7;   89.54;   17.5;    2.3;    1.2;eor
       3730;20191021;    1;   9.6;   1.6;    1;   1.7;   6;    1.933;   0;   7.3;  12.5;  925.98;   12.0;   88.46;   17.0;    6.5;    5.1;eor
       3730;20191022;    1;   5.8;   1.4;    1;   0.0;   0;    5.733;   0;   6.6;  12.5;  929.24;   12.3;   87.92;   16.7;    7.1;    5.9;eor
       3730;20191023;    1;   4.2;   1.3;    1;   0.0;   0;    7.050;   0;   5.0;   9.8;  922.99;   11.0;   78.58;   22.8;    2.0;    0.8;eor
       3730;20191024;    1;  12.5;   2.2;    1;   0.8;   6;    3.567;   0;   7.6;  11.0;  920.89;   12.5;   78.79;   23.4;    6.3;    5.2;eor
       3730;20191025;    1;   5.7;   1.5;    1;   0.0;   6;    0.000;   0;   6.2;  11.4;  929.54;   10.5;   90.08;   14.1;    3.5;    2.6;eor
       3730;20191026;    1;   4.7;   1.4;    1;   0.0;   0;    7.567;   0;   0.2;   9.3;  929.13;    9.6;   81.00;   21.4;    1.9;    0.4;eor
       3730;20191027;    1;   5.3;   1.5;    1;   4.7;   6;    6.883;   0;   3.6;   9.8;  928.54;   10.7;   78.50;   20.7;    2.8;    0.4;eor
       3730;20191028;    1;   5.0;   1.5;    1;  10.3;   6;    0.000;   0;   7.8;  11.8;  926.04;   10.0;   95.58;   12.0;    7.6;    7.9;eor
       3730;20191029;    1;   6.2;   1.6;    1;  18.3;   6;    0.000;   0;   7.8;   9.3;  925.47;    6.4;   96.38;    7.8;    4.3;    4.5;eor
       3730;20191030;    1;   5.2;   1.4;    1;  30.4;   6;    0.000;   0;   7.6;   8.2;  928.10;    4.7;   95.58;    6.1;    4.0;    4.1;eor
       3730;20191031;    1;   5.3;   1.2;    1;   1.6;   6;    0.433;   0;   7.6;   9.0;  925.90;    6.1;   95.04;    8.6;    4.0;    4.1;eor
       3730;20191101;    1;   4.6;   1.2;    1;   1.6;   6;    1.817;   0;   7.5;  10.2;  919.73;    8.2;   93.46;   13.0;    4.6;    4.9;eor
       3730;20191102;    1;   6.3;   1.6;    1;   0.3;   6;    1.300;   0;   7.0;  11.2;  909.11;    9.9;   91.96;   15.6;    4.4;    2.9;eor
       3730;20191103;    1;  12.0;   1.4;    1;  11.6;   6;    0.000;   0;   7.5;  10.0;  900.93;    8.4;   90.54;   10.9;    5.5;    5.0;eor
       3730;20191104;    1;  14.5;   2.1;    1;   9.7;   6;    3.700;   0;   6.5;   8.7;  905.06;    8.0;   82.21;   13.9;    2.1;    0.5;eor
       3730;20191105;    1;   6.8;   1.6;    1;   5.1;   6;    0.000;   0;   7.0;   8.2;  907.91;    5.0;   93.54;    8.2;    0.5;   -0.7;eor
       3730;20191106;    1;   6.0;   1.5;    1;   1.3;   6;    0.033;   0;   7.7;   7.4;  912.21;    4.0;   91.50;    7.1;    0.1;   -0.7;eor
       3730;20191107;    1;   4.0;   1.3;    1;   0.8;   6;    3.800;   0;   4.5;   6.4;  911.89;    2.8;   86.29;    9.4;   -3.2;   -4.5;eor
       3730;20191108;    1;   8.1;   1.3;    1;   1.0;   8;    0.000;   0;   7.9;   7.3;  911.28;    3.4;   93.21;    5.1;    1.1;    0.4;eor
       3730;20191109;    1;   4.2;   1.3;    1;   0.6;   6;    0.817;   0;   5.6;   6.3;  916.71;    1.7;   90.21;    6.1;   -4.7;   -5.9;eor
       3730;20191110;    1;   5.2;   1.3;    1;   0.0;   0;    6.550;   0;   2.9;   4.7;  917.53;   -1.0;   84.96;    8.1;   -6.5;   -7.9;eor
       3730;20191111;    1;   4.3;   1.1;    1;   5.4;   8;    3.733;   0;   4.1;   4.9;  916.93;   -0.4;   83.75;    6.8;   -6.8;   -8.0;eor
       3730;20191112;    1;   5.0;   1.6;    1;   5.7;   8;    0.000;   0;   6.4;   6.4;  914.38;    1.5;   93.92;    3.9;    0.2;    0.1;eor
       3730;20191113;    1;   6.2;   1.6;    1;   0.1;   8;    0.317;   3;   5.0;   5.7;  911.76;   -0.1;   94.21;    4.0;   -7.3;   -9.2;eor
       3730;20191114;    1;   4.1;   1.1;    1;   0.0;   0;    4.750;   0;   6.0;   4.8;  908.78;   -1.9;   88.96;    7.7;   -8.9;  -11.0;eor
       3730;20191115;    1;  21.0;   2.9;    1;   7.9;   8;    0.300;   0;   7.2;   6.2;  906.28;    3.8;   80.38;   14.3;   -2.8;   -3.4;eor
       3730;20191116;    1;   3.4;   1.1;    1;   2.2;   6;    0.783;   0;   7.0;   6.3;  914.97;    1.1;   94.29;    5.8;   -3.4;   -4.0;eor
       3730;20191117;    1;   3.8;   1.0;    1;   0.4;   6;    0.000;   0;   7.5;   6.8;  911.49;    2.3;   94.50;    3.7;    0.1;    0.0;eor
       3730;20191118;    1;   6.6;   1.8;    1;   0.0;   6;    5.183;   0;   5.5;   6.3;  916.75;    2.6;   86.50;    6.9;   -0.8;   -2.4;eor
       3730;20191119;    1;   5.2;   1.3;    1;   0.0;   6;    2.883;   0;   7.5;   5.9;  922.03;    1.4;   87.79;    5.1;   -3.4;   -4.5;eor
       3730;20191120;    1;   3.9;   1.2;    1;   0.0;   0;    1.967;   0;   7.8;   6.2;  919.82;    2.2;   86.96;    4.2;    0.4;    0.9;eor
       3730;20191121;    1;   3.0;   0.9;    1;   0.0;   0;    4.017;   0;   7.3;   6.1;  915.90;    1.0;   92.42;    6.7;   -3.0;   -3.8;eor
       3730;20191122;    1;   7.6;   1.0;    1;   0.0;   0;    1.417;   0;   6.3;   5.6;  913.62;   -0.3;   92.42;    9.3;   -3.4;   -4.4;eor
       3730;20191123;    1;  11.6;   2.9;    1;   0.0;   0;    1.167;   0;   7.9;   6.2;  906.87;    7.8;   63.25;   16.8;   -0.8;   -2.1;eor
       3730;20191124;    1;   3.3;   1.0;    1;   0.0;   0;    0.000;   0;   7.9;   7.8;  913.05;    5.1;   89.00;    8.7;    0.3;   -1.1;eor
       3730;20191125;    1;   3.6;   1.0;    1;   0.0;   6;    6.050;   0;   6.6;   6.7;  916.70;    2.8;   90.71;   11.3;   -2.6;   -3.8;eor
       3730;20191126;    1;   4.0;   1.1;    1;   0.0;   0;    4.333;   0;   7.4;   7.7;  915.85;    4.8;   90.25;   11.8;   -0.5;   -2.0;eor
       3730;20191127;    1;  10.3;   1.7;    1;   1.6;   6;    0.267;   0;   7.1;   7.6;  908.75;    4.2;   91.50;    8.7;   -0.1;   -1.0;eor
       3730;20191128;    1;   9.9;   1.8;    1;   7.4;   6;    0.617;   0;   7.3;   7.9;  911.03;    4.9;   91.42;    8.4;    2.3;    1.5;eor
       3730;20191129;    1;   6.0;   2.1;    1;  24.5;   8;    0.000;   0;   7.3;   7.3;  918.01;    3.1;   95.17;    5.4;    0.2;    0.1;eor
       3730;20191130;    1;   3.5;   1.2;    1;   0.0;   8;    2.933;   3;   7.3;   5.6;  926.64;   -0.2;   92.63;    1.9;   -5.4;   -5.6;eor
       3730;20191201;    1;   4.7;   1.1;    1;   1.2;   8;    0.200;   0;   6.7;   5.7;  921.27;   -0.3;   94.96;    2.5;   -5.3;   -5.8;eor
       3730;20191202;    1;   5.4;   1.6;    1;   1.3;   4;    0.000;   0;   7.8;   5.8;  927.55;    0.0;   95.42;    1.9;   -1.6;   -1.5;eor
       3730;20191203;    1;   4.1;   1.5;    1;   0.0;   0;    5.717;   0;   4.7;   4.3;  931.02;   -2.9;   87.46;    0.2;   -7.1;   -7.7;eor
       3730;20191204;    1;   3.2;   1.0;    1;   0.0;   0;    5.683;   0;   1.8;   4.3;  925.70;   -3.8;   91.83;    3.0;   -8.1;   -8.9;eor
       3730;20191205;    1;   5.1;   1.6;    1;   0.0;   0;    5.683;   0;   0.0;   4.9;  927.11;   -2.1;   92.38;    4.8;   -6.6;   -8.3;eor
       3730;20191206;    1;   5.1;   1.8;    1;   0.4;   6;    5.650;   0;   1.3;   4.8;  925.54;   -0.7;   82.71;    6.7;   -6.0;   -8.2;eor
       3730;20191207;    1;   5.0;   1.7;    1;   0.6;   4;    0.150;   0;   6.9;   7.1;  925.30;    2.7;   94.42;    5.9;   -1.2;   -2.3;eor
       3730;20191208;    1;   7.4;   2.2;    1;   0.4;   6;    5.400;   0;   6.0;   5.8;  920.83;    1.6;   84.79;    6.8;   -3.4;   -5.0;eor
       3730;20191209;    1;  10.1;   2.2;    1;  23.0;   4;    2.517;   0;   6.5;   6.6;  915.74;    3.7;   83.88;    8.6;    0.3;   -0.8;eor
       3730;20191210;    1;   8.0;   2.2;    1;   0.2;   4;    0.933;   4;   4.5;   4.7;  929.49;   -2.4;   89.63;    2.0;  -11.3;  -13.9;eor
       3730;20191211;    1;   4.4;   1.2;    1;   2.1;   8;    0.300;   4;   6.0;   4.6;  919.67;   -3.9;   95.54;    3.0;  -12.1;  -14.0;eor
       3730;20191212;    1;   6.8;   1.7;    1;   2.0;   8;    0.000;   4;   4.0;   4.9;  910.92;   -2.2;   91.83;    1.3;  -13.1;   -5.6;eor
       3730;20191213;    1;  13.2;   3.0;    1;   5.8;   8;    0.000;   7;   7.5;   5.2;  896.79;    0.4;   82.63;    6.5;  -10.7;   -4.7;eor
       3730;20191214;    1;  11.1;   2.7;    1;   5.0;   6;    0.150;   6;   6.0;   6.1;  909.17;    1.8;   88.38;    7.7;   -3.4;   -5.5;eor
       3730;20191215;    1;  10.0;   2.1;    1;   0.0;   0;    4.833;   2;   5.1;   5.9;  916.42;    2.3;   82.71;    7.3;   -2.5;   -4.5;eor
       3730;20191216;    1;  15.6;   2.6;    1;   0.0;   0;    2.833;   2;   7.5;   5.6;  917.37;    5.6;   68.08;   17.0;   -3.5;   -4.7;eor
       3730;20191217;    1;  13.5;   4.2;    1;   0.0;   0;    4.733;   0;   7.9;   6.5;  916.98;   10.6;   55.17;   17.5;    1.4;   -0.7;eor
       3730;20191218;    1;   5.6;   1.4;    1;   0.0;   6;    2.950;   0;   6.4;   7.1;  924.90;    5.4;   80.25;   13.1;   -1.2;   -3.1;eor
       3730;20191219;    1;  11.9;   2.2;    1;   0.0;   0;    3.583;   0;   4.0;   5.8;  920.37;    5.3;   70.08;   16.4;   -2.3;   -4.2;eor
       3730;20191220;    1;  17.7;   5.4;    1;  15.6;   8;    0.150;   0;   6.5;   6.1;  905.55;   11.9;   46.67;   17.0;    0.7;    0.2;eor
       3730;20191221;    1;  10.1;   1.5;    1;   4.8;   6;    0.000;   0;   5.8;   6.4;  903.48;    1.1;   96.96;    4.5;   -3.0;   -4.6;eor
       3730;20191222;    1;  12.6;   2.2;    1;  25.9;   8;    0.000;   0;   7.4;   6.7;  901.48;    2.9;   88.75;    5.7;   -0.6;   -1.5;eor
       3730;20191223;    1;   9.5;   2.5;    1;  22.2;   8;    0.000;   0;   7.3;   6.4;  917.99;    2.3;   89.50;    3.9;    0.1;    0.1;eor
       3730;20191224;    1;  14.4;   2.7;    1;  16.7;   6;    0.000;   0;   7.1;   6.6;  924.10;    3.0;   87.63;    7.8;   -1.0;   -2.7;eor
       3730;20191225;    1;  11.8;   2.5;    1;  19.5;   8;    0.000;   0;   7.5;   6.7;  927.13;    2.6;   90.83;    5.3;    0.7;    0.0;eor
       3730;20191226;    1;  10.7;   1.7;    1;   8.1;   8;    5.150;   0;   5.2;   5.4;  929.77;   -0.2;   90.58;    4.3;   -4.6;   -5.8;eor
       3730;20191227;    1;   4.7;   2.2;    1;   6.6;   8;    0.000;   0;   7.5;   6.8;  931.49;    1.9;   97.04;    3.3;    0.7;    0.4;eor
       3730;20191228;    1;   4.4;   1.8;    1;   0.0;   0;    2.783;   0;   5.9;   5.5;  940.37;    0.2;   88.00;    3.7;   -5.7;   -6.8;eor
       3730;20191229;    1;   3.5;   1.4;    1;   0.0;   0;    5.350;   0;   1.8;   4.0;  940.33;   -4.0;   88.17;    2.1;   -7.7;   -9.5;eor
       3730;20191230;    1;   4.1;   1.3;    1;   0.0;   0;    5.400;   0;   0.0;   4.7;  937.61;   -2.0;   88.46;    5.6;   -6.6;   -7.8;eor
       3730;20191231;    1;   4.1;   1.4;    1;   0.0;   0;    4.850;   0;   2.9;   5.4;  937.25;   -0.1;   89.00;    8.1;   -4.2;   -6.2;eor
