STATIONS_ID;MESS_DATUM;QN_3;  FX;  FM;QN_4; RSK;RSKF; SDK;SHK_TAG;  NM; VPM;  PM; TMK; UPM; TXK; TNK; TGK;eor
       3811;20180703;   10;   9.7;   2.3;    3;   0.0;   0;   14.367;-999;   0.6;   8.6;  998.94;   19.3;   41.88;   27.9;    8.7;    6.3;eor
       3811;20180704;   10;   8.5;   2.0;    3;   0.0;   0;   14.633;-999;   1.8;   9.0;  996.38;   22.4;   38.50;   32.0;   10.4;    8.6;eor
       3811;20180705;   10;  11.4;   3.4;    3;   0.0;   0;    9.367;-999;   5.7;  13.0;  993.41;   24.1;   45.67;   32.9;   15.2;   13.1;eor
       3811;20180706;   10;   9.7;   4.6;    3;   0.0;   0;    4.550;-999;   5.5;  13.1;  999.08;   19.2;   59.17;   24.2;   15.2;   13.3;eor
       3811;20180707;   10;  12.9;   4.7;    3;   0.0;   0;   14.983;-999;   2.5;   8.9; 1002.47;   19.2;   42.46;   26.6;   11.0;    9.1;eor
       3811;20180708;   10;   9.8;   3.9;    3;   0.0;   0;    8.767;-999;   5.5;  12.9; 1002.85;   19.6;   56.79;   26.2;   12.6;   11.2;eor
       3811;20180709;   10;  11.8;   4.5;    3;  12.7;   6;   11.083;-999;   5.6;  12.1; 1001.07;   20.5;   51.75;   25.9;   16.6;   16.2;eor
       3811;20180710;   10;   6.5;   1.5;    3;   2.8;   6;    1.733;-999;   5.9;  12.9;  998.34;   14.0;   81.08;   17.5;    9.5;    8.5;eor
       3811;20180711;   10;   8.7;   1.9;    3;   0.6;   6;    5.483;-999;   6.7;  12.7;  996.88;   15.3;   75.17;   22.3;    9.0;    8.1;eor
       3811;20180712;   10;  12.9;   3.6;    3;  14.4;   6;    0.033;-999;   6.8;  15.6;  996.99;   16.0;   85.17;   20.1;   12.0;   11.0;eor
       3811;20180713;   10;   9.7;   4.2;    3;   0.0;   0;   13.750;-999;   1.2;  14.2;  999.95;   21.7;   57.46;   28.4;   15.7;   14.5;eor
       3811;20180714;   10;   8.5;   3.0;    3;   0.0;   0;   13.400;-999;   1.3;  14.0; 1001.00;   20.4;   60.79;   27.1;   14.8;   13.1;eor
       3811;20180715;   10;   7.6;   2.2;    3;   0.0;   0;   13.833;-999;   2.4;  13.2;  999.20;   20.0;   59.04;   26.6;   12.8;   11.5;eor
       3811;20180716;   10;   9.9;   1.6;    3;   0.0;   0;   13.617;-999;   2.7;  12.3;  996.08;   20.8;   54.71;   28.7;   11.7;   10.4;eor
       3811;20180717;   10;  10.3;   2.9;    3;   0.0;   0;    9.867;-999;   4.4;  13.6;  994.32;   22.6;   53.79;   30.7;   13.5;   12.3;eor
       3811;20180718;   10;  13.1;   5.4;    3;   0.0;   0;   12.900;-999;   5.7;  13.6;  997.33;   22.1;   52.79;   27.9;   16.2;   14.9;eor
       3811;20180719;   10;   9.0;   3.4;    3;   0.0;   0;   11.400;-999;   2.4;  14.5;  999.08;   20.9;   59.88;   28.2;   13.9;   12.0;eor
       3811;20180720;   10;   6.5;   1.5;    3;   0.0;   0;   12.783;-999;   2.5;  12.3;  997.02;   21.4;   53.33;   28.4;   11.8;   10.1;eor
       3811;20180721;   10;   8.1;   2.3;    3;   0.0;   0;    5.633;-999;   5.5;  13.1;  994.11;   21.9;   52.75;   28.8;   13.1;   11.6;eor
       3811;20180722;   10;   8.7;   2.6;    3;   0.0;   6;    2.233;-999;   7.9;  16.1;  995.80;   21.9;   62.38;   27.2;   18.0;   16.9;eor
       3811;20180723;   10;   9.6;   3.0;    3;   0.0;   0;   13.067;-999;   2.0;  14.7;  998.36;   23.2;   53.88;   29.6;   16.0;   13.8;eor
       3811;20180724;   10;   6.2;   1.6;    3;   0.0;   0;   14.417;-999;   0.2;  14.6;  997.87;   23.7;   53.13;   31.4;   13.5;   11.7;eor
       3811;20180725;   10;   7.7;   1.9;    3;   0.0;   0;   12.867;-999;   1.9;  15.9;  997.63;   24.8;   54.54;   32.2;   16.0;   14.7;eor
       3811;20180726;   10;   8.3;   2.1;    3;   0.0;   0;   13.050;-999;   1.0;  15.1;  998.57;   25.4;   50.75;   32.5;   16.2;   14.1;eor
       3811;20180727;   10;  12.7;   1.9;    3;   1.7;   6;    5.433;-999;   4.5;  17.5;  996.85;   22.5;   67.00;   32.8;   16.9;   15.8;eor
       3811;20180728;   10;  11.6;   2.3;    3;   0.7;   6;   10.450;-999;   3.9;  18.3;  992.45;   23.7;   66.79;   33.1;   15.7;   14.7;eor
       3811;20180729;   10;   9.0;   1.9;    3;   0.0;   0;   12.517;-999;   5.1;  15.2;  998.13;   24.0;   54.54;   30.8;   15.9;   14.6;eor
       3811;20180730;   10;   7.0;   1.5;    3;   0.0;   0;   11.367;-999;   3.4;  15.7;  998.35;   27.9;   44.50;   35.3;   19.5;   18.2;eor
       3811;20180731;   10;   6.4;   1.7;    3;   0.0;   0;   12.500;-999;   1.4;  14.8;  998.40;   28.5;   41.08;   36.8;   18.3;   17.0;eor
       3811;20180801;   10;   9.6;   3.1;    3;   0.0;   0;   13.617;-999;   2.8;  17.5; 1000.91;   27.6;   48.63;   34.5;   21.7;   20.3;eor
       3811;20180802;   10;  11.8;   3.7;    3;   0.0;   0;   11.717;-999;   4.5;  18.3; 1003.57;   26.7;   53.92;   32.9;   20.9;   19.7;eor
       3811;20180803;   10;   6.4;   2.2;    3;   0.0;   0;   10.617;-999;   2.1;  16.7; 1003.18;   27.1;   48.54;   34.1;   19.7;   18.9;eor
       3811;20180804;   10;   9.7;   2.0;    3;   0.0;   6;   10.450;-999;   2.5;  16.0;  999.12;   27.5;   45.54;   34.5;   18.5;   17.5;eor
       3811;20180805;   10;  15.1;   3.8;    3;   0.0;   6;    6.683;-999;   4.0;  14.9; 1001.79;   22.0;   57.33;   27.2;   13.2;   11.4;eor
       3811;20180806;   10;   5.3;   1.6;    3;   0.0;   0;   13.917;-999;   0.0;  10.4; 1000.87;   21.3;   46.46;   30.1;   11.0;    9.3;eor
       3811;20180807;   10;   7.1;   1.8;    3;   0.0;   0;   11.317;-999;   2.8;  11.5;  995.15;   26.1;   39.25;   36.0;   13.1;   11.4;eor
       3811;20180808;   10;  17.9;   2.7;    3;   0.6;   6;    9.600;-999;   3.1;  16.1;  994.15;   26.2;   50.17;   36.4;   18.3;   17.1;eor
       3811;20180809;   10;  13.4;   2.7;    3;   1.3;   6;   12.183;-999;   1.7;  17.3;  995.50;   26.5;   55.17;   36.5;   17.5;   16.1;eor
       3811;20180810;   10;  11.8;   3.7;    3;   0.0;   6;    5.750;-999;   5.9;  12.2; 1002.86;   20.9;   50.17;   26.4;   13.5;   11.2;eor
       3811;20180811;   10;  13.8;   4.2;    3;   0.0;   6;    7.617;-999;   3.6;   9.9; 1003.09;   19.1;   47.21;   25.4;   10.5;    8.1;eor
       3811;20180812;   10;   9.1;   1.9;    3;   0.0;   0;   12.717;-999;   4.8;   8.3;  999.30;   19.2;   42.88;   28.7;    8.3;    6.6;eor
       3811;20180813;   10;  14.5;   3.1;    3;   0.0;   6;    9.000;-999;   5.3;  12.1;  991.22;   22.3;   48.71;   33.7;   11.8;    9.9;eor
       3811;20180814;   10;  14.2;   5.0;    3;   0.6;   6;    5.867;-999;   6.3;  14.8;  994.64;   20.6;   61.83;   25.6;   16.1;   14.9;eor
       3811;20180815;   10;  10.7;   3.3;    3;   0.0;   0;    6.617;-999;   5.0;  13.2; 1001.12;   20.2;   57.38;   25.7;   13.5;   11.6;eor
       3811;20180816;   10;   8.4;   1.7;    3;   0.0;   0;   12.567;-999;   1.1;  12.5;  999.51;   22.5;   50.54;   31.2;   12.5;   10.9;eor
       3811;20180817;   10;  11.4;   2.8;    3;   7.9;   6;   10.867;-999;   4.4;  13.8;  997.27;   24.2;   49.79;   32.8;   14.4;   12.7;eor
       3811;20180818;   10;   5.1;   1.7;    3;   0.0;   0;   10.233;-999;   5.0;  17.1; 1003.14;   21.1;   70.92;   26.9;   16.2;   15.1;eor
       3811;20180819;   10;   7.5;   1.8;    3;   0.0;   0;   12.200;-999;   2.9;  15.9; 1001.87;   22.8;   61.38;   31.3;   14.6;   13.6;eor
       3811;20180820;   10;  11.8;   3.8;    3;   0.3;   6;    7.800;-999;   4.7;  14.7; 1000.24;   22.6;   54.00;   27.2;   17.4;   15.2;eor
       3811;20180821;   10;   5.6;   1.8;    3;   0.0;   6;    4.183;-999;   5.3;  14.2; 1003.25;   21.0;   58.04;   25.5;   13.9;   12.0;eor
       3811;20180822;   10;   6.3;   1.4;    3;   0.0;   0;   12.400;-999;   0.7;  12.7; 1000.66;   21.2;   54.63;   30.4;   10.9;    9.8;eor
       3811;20180823;   10;  19.4;   2.5;    3;   0.8;   6;    8.700;-999;   3.2;  14.9;  994.32;   24.0;   54.50;   35.0;   15.4;   13.9;eor
       3811;20180824;   10;  15.7;   3.5;    3;   1.2;   6;    4.567;-999;   6.0;  15.8;  992.20;   20.1;   67.96;   25.8;   14.5;   13.4;eor
       3811;20180825;   10;  12.5;   4.1;    3;   0.0;   6;    3.100;-999;   6.6;  11.5;  993.42;   15.5;   66.17;   19.7;    9.7;    7.8;eor
       3811;20180826;   10;   8.4;   3.0;    3;   0.0;   0;    8.233;-999;   4.8;   8.6;  998.49;   13.9;   56.50;   20.7;    9.1;    7.4;eor
       3811;20180827;   10;  13.4;   4.2;    3;   0.0;   6;    4.383;-999;   6.0;   9.8;  996.59;   17.8;   49.38;   24.4;   10.8;    8.6;eor
       3811;20180828;   10;   6.9;   1.7;    3;   0.0;   0;    6.900;-999;   5.6;  11.6; 1001.80;   17.8;   59.08;   23.7;    9.9;    8.0;eor
       3811;20180829;   10;   8.6;   1.8;    3;   0.2;   6;   12.100;-999;   1.8;  11.0;  997.48;   19.1;   54.79;   29.2;    7.8;    6.6;eor
       3811;20180830;   10;  10.4;   4.1;    3;   2.0;   6;    0.100;-999;   7.2;  15.5;  998.01;   16.8;   80.58;   20.0;   12.9;   11.3;eor
       3811;20180831;   10;  10.7;   3.2;    3;   0.0;   0;    7.783;-999;   6.1;  10.5; 1003.51;   15.5;   61.33;   21.3;   10.1;    7.6;eor
       3811;20180901;   10;   8.1;   2.2;    3;   1.0;   6;    1.967;-999;   7.4;  10.8; 1006.67;   14.6;   66.25;   19.3;    7.2;    5.3;eor
       3811;20180902;   10;   6.2;   2.3;    3;   4.4;   6;    0.000;-999;   7.8;  15.5; 1005.40;   15.5;   87.67;   17.7;   13.5;   13.0;eor
       3811;20180903;   10;   5.6;   1.6;    3;   0.1;   6;    0.950;-999;   7.5;  16.9;  999.46;   18.5;   81.04;   23.7;   13.8;   12.4;eor
       3811;20180904;   10;   6.4;   1.8;    3;   0.0;   0;    7.483;-999;   4.4;  15.4;  998.12;   19.7;   68.67;   26.5;   14.8;   12.0;eor
       3811;20180905;   10;   6.0;   1.8;    3;   0.0;   0;   10.333;-999;   1.8;  13.5;  999.85;   18.6;   65.83;   26.0;   13.0;   10.5;eor
       3811;20180906;   10;   7.5;   1.7;    3;   0.1;   6;    8.767;-999;   4.0;  12.8;  995.02;   20.1;   58.13;   27.6;   11.5;    9.6;eor
       3811;20180907;   10;  10.1;   2.6;    3;   1.4;   6;    3.633;-999;   7.3;  15.7;  995.10;   18.6;   74.46;   24.4;   14.4;   12.9;eor
       3811;20180908;   10;   8.9;   2.2;    3;   0.0;   0;   11.183;-999;   4.2;  10.7; 1002.59;   15.7;   63.42;   22.2;   10.2;    8.6;eor
       3811;20180909;   10;   8.2;   2.0;    3;   0.0;   0;    4.133;-999;   6.4;  10.4; 1003.83;   17.3;   55.46;   25.1;    9.9;    8.8;eor
       3811;20180910;   10;   8.7;   2.6;    3;   0.0;   0;    6.817;-999;   6.0;  11.2; 1003.68;   19.3;   53.08;   27.1;    9.9;    8.2;eor
       3811;20180911;   10;  11.8;   3.4;    3;   0.0;   4;    9.433;-999;  -999;  11.6; 1003.78;   21.1;   48.54;   27.8;   15.8;   14.3;eor
       3811;20180912;   10;  11.3;   4.3;    3;   0.0;   0;   11.700;-999;   0.7;  12.1; 1002.00;   22.5;   46.96;   30.4;   13.3;   11.9;eor
       3811;20180913;   10;   7.1;   2.5;    3;   0.0;   6;    0.000;-999;   7.7;  13.7; 1002.34;   15.4;   78.58;   18.2;   13.8;   12.9;eor
       3811;20180914;   10;   4.8;   1.5;    3;   0.1;   6;    0.467;-999;   7.2;  13.4; 1002.54;   15.5;   76.58;   19.4;   11.9;   10.1;eor
       3811;20180915;   10;  10.0;   3.1;    3;   0.0;   0;    6.117;-999;   6.2;  10.9; 1004.63;   15.8;   63.42;   21.7;   10.4;    8.1;eor
       3811;20180916;   10;   6.0;   1.6;    3;   0.0;   0;   10.267;-999;   6.0;   9.8; 1005.82;   16.1;   56.88;   24.3;    8.0;    6.3;eor
       3811;20180917;   10;   7.7;   1.9;    3;   0.0;   0;    9.583;-999;   4.9;  10.6; 1002.23;   18.9;   52.13;   28.3;   10.0;    7.1;eor
       3811;20180918;   10;   8.8;   2.3;    3;   0.0;   0;   10.833;-999;   2.9;  12.1;  998.49;   22.1;   48.79;   30.9;   12.9;   10.3;eor
       3811;20180919;   10;   7.3;   2.3;    3;   0.0;   0;    8.400;-999;   3.5;  13.8; 1000.65;   22.6;   51.54;   29.9;   16.8;   13.9;eor
       3811;20180920;   10;  11.6;   3.0;    3;   0.0;   0;    9.967;-999;   4.2;  14.6;  999.60;   23.7;   51.38;   31.6;   17.9;   15.2;eor
       3811;20180921;   10;  20.2;   5.0;    3;   1.8;   6;    5.550;-999;   6.8;  13.8;  992.95;   20.6;   60.21;   30.7;   11.2;    9.3;eor
       3811;20180922;   10;  14.3;   5.4;    3;   0.0;   6;    5.900;-999;   4.6;   9.0; 1000.73;   13.6;   59.04;   17.5;    9.9;    8.6;eor
       3811;20180923;   10;  16.1;   4.5;    3;  30.6;   6;    0.033;-999;   7.8;  11.2;  993.82;   11.1;   84.83;   13.2;    8.1;    7.4;eor
       3811;20180924;   10;  17.0;   7.9;    3;   0.3;   6;    6.300;-999;   4.7;   8.7; 1007.84;    9.5;   73.88;   13.6;    6.3;    5.0;eor
       3811;20180925;   10;   9.7;   4.1;    3;   0.0;   0;    8.967;-999;   1.9;   7.4; 1018.86;    8.4;   68.29;   14.7;    4.4;    2.8;eor
       3811;20180926;   10;  11.1;   3.8;    3;   0.0;   0;    9.117;-999;   5.5;   7.0; 1015.76;   10.7;   56.58;   16.5;    3.4;    2.2;eor
       3811;20180927;   10;   9.7;   4.1;    3;   0.0;   0;    5.900;-999;   3.9;  10.4; 1008.80;   15.8;   56.79;   22.3;   11.5;   10.2;eor
       3811;20180928;   10;   8.5;   3.6;    3;   0.0;   6;    1.100;-999;   4.4;   8.6; 1004.72;   11.6;   63.46;   15.2;    3.1;    1.1;eor
       3811;20180929;   10;   7.9;   1.6;    3;   0.0;   0;    9.433;-999;   1.3;   7.3; 1010.03;    8.0;   70.04;   14.7;    3.3;    1.0;eor
       3811;20180930;   10;   5.1;   1.5;    3;   0.0;   0;   10.467;-999;   0.3;   6.5; 1000.01;    9.5;   61.08;   19.3;    0.7;   -0.7;eor
       3811;20181001;   10;  11.5;   3.9;    3;   0.3;   6;    2.733;-999;   6.2;   8.6;  995.77;    8.6;   76.92;   14.2;    2.5;    0.8;eor
       3811;20181002;   10;  16.2;   6.7;    3;   0.6;   6;    1.850;   0;   6.8;   8.5;  998.86;    8.2;   78.46;   11.0;    5.3;    4.0;eor
       3811;20181003;   10;  16.8;   7.5;    3;   0.3;   6;    2.967;   0;   6.3;   8.8; 1002.16;   11.3;   65.63;   14.5;    8.9;    7.3;eor
       3811;20181004;   10;   8.4;   3.1;    3;   0.0;   0;    4.817;   0;   5.8;   9.3; 1008.71;   10.8;   72.83;   17.4;    6.1;    4.8;eor
       3811;20181005;   10;   5.8;   1.7;    3;   0.0;   0;   10.117;   0;   2.8;   9.6; 1003.79;   13.4;   65.92;   21.8;    5.3;    2.6;eor
       3811;20181006;   10;   7.9;   2.3;    3;   0.0;   0;    5.517;   0;   6.3;  11.4;  994.43;   15.7;   65.33;   24.5;    5.7;    3.2;eor
       3811;20181007;   10;   9.3;   3.6;    3;   0.0;   0;    1.567;   0;   6.5;  10.9;  998.78;   12.8;   72.96;   16.5;    3.9;    2.0;eor
       3811;20181008;   10;   5.8;   1.3;    3;   0.0;   0;    6.450;   0;   5.8;   9.5; 1004.82;    8.8;   83.25;   16.5;    2.0;    0.2;eor
       3811;20181009;   10;   4.2;   1.2;    3;   0.0;   0;    7.150;   0;   6.6;  12.0; 1005.28;   12.8;   82.38;   22.3;    5.7;    4.4;eor
       3811;20181010;   10;  11.3;   2.7;    3;   0.0;   0;    9.700;   0;   0.8;  11.9; 1003.88;   15.4;   70.38;   23.7;    5.7;    4.2;eor
       3811;20181011;   10;   6.8;   1.8;    3;   0.0;   0;    9.733;   0;   0.0;  10.5; 1000.12;   15.9;   62.25;   25.3;    7.5;    5.0;eor
       3811;20181012;   10;   5.7;   1.8;    3;   0.0;   0;    9.350;   0;   0.8;  11.2; 1004.80;   15.9;   66.21;   26.8;    6.1;    3.9;eor
       3811;20181013;   10;   7.8;   2.0;    3;   0.0;   0;    9.683;   0;   0.0;  10.9; 1005.55;   15.6;   64.58;   24.9;    8.0;    6.0;eor
       3811;20181014;   10;   9.0;   2.3;    3;   0.0;   0;    9.550;   0;   0.0;   9.8;  998.46;   15.5;   59.00;   23.8;    6.2;    3.9;eor
       3811;20181015;   10;   6.9;   1.8;    3;   0.1;   6;    6.567;   0;   3.3;   8.5;  998.16;   14.1;   56.54;   23.4;    5.9;    4.0;eor
       3811;20181016;   10;   4.5;   1.4;    3;   0.0;   0;    3.450;   0;   5.4;  10.3; 1000.60;   13.0;   70.04;   19.7;    6.7;    4.5;eor
       3811;20181017;   10;   4.1;   1.3;    3;   0.0;   0;    8.967;   0;   0.5;  10.6; 1001.60;   11.8;   79.00;   20.8;    5.8;    4.2;eor
       3811;20181018;   10;   8.1;   2.5;    3;   1.3;   6;    6.533;   0;   3.8;  11.8; 1003.45;   11.3;   87.71;   16.9;    5.9;    3.8;eor
       3811;20181019;   10;   5.4;   1.8;    3;   0.0;   0;    0.200;   0;   7.9;  11.2; 1007.05;   10.8;   86.38;   12.7;    8.2;    6.4;eor
       3811;20181020;   10;   6.1;   1.7;    3;   0.0;   0;    2.300;   0;   7.6;   8.6; 1010.42;    9.3;   74.75;   13.0;    4.9;    2.7;eor
       3811;20181021;   10;   5.3;   1.5;    3;   0.0;   0;    5.550;   0;   3.9;   8.5; 1010.68;    8.5;   77.96;   14.8;    2.5;   -0.3;eor
       3811;20181022;   10;  10.0;   3.2;    3;   1.5;   6;    0.717;   0;   5.1;   8.8; 1009.95;    7.4;   85.38;   13.1;    2.3;   -0.5;eor
       3811;20181023;   10;  19.4;   8.4;    3;  10.4;   6;    0.000;   0;   7.2;   9.2;  999.85;    8.1;   83.83;   11.1;    4.6;    3.2;eor
       3811;20181024;   10;  19.7;   7.5;    3;   1.2;   6;    2.283;   0;   6.6;   9.5;  997.39;    9.9;   77.58;   12.0;    7.1;    5.6;eor
       3811;20181025;   10;  15.8;   6.6;    3;   0.5;   6;    0.033;   0;   7.9;  11.0;  996.08;   11.5;   81.46;   13.2;    9.5;    9.1;eor
       3811;20181026;   10;  10.4;   3.7;    3;   0.0;   6;    1.667;   0;   7.9;   9.7;  990.15;   10.4;   77.33;   13.5;    8.2;    7.2;eor
       3811;20181027;   10;  12.0;   4.2;    3;   0.0;   0;    0.800;   0;   7.9;   7.6;  989.31;    7.7;   72.08;    9.6;    4.1;    3.2;eor
       3811;20181028;   10;  10.5;   3.5;    3;   6.5;   6;    0.000;   0;   7.6;   7.4;  994.61;    4.3;   89.08;    5.3;    3.1;    2.8;eor
       3811;20181029;   10;  10.1;   4.2;    3;   0.1;   6;    0.000;   0;   7.8;   7.8;  986.78;    4.1;   94.79;    6.8;    3.2;    2.9;eor
       3811;20181030;   10;  24.4;   5.6;    3;   0.1;   6;    5.883;   0;   5.4;   9.2;  978.93;   11.5;   69.17;   19.7;    6.2;    4.8;eor
       3811;20181031;   10;  12.7;   2.9;    3;   0.0;   0;    7.983;   0;   3.0;   7.1;  999.35;    8.7;   64.04;   14.5;    4.1;    1.0;eor
       3811;20181101;   10;   9.4;   1.8;    3;   0.0;   0;    1.917;   0;   6.0;   8.5;  995.73;    7.4;   81.83;   12.2;    1.3;    0.0;eor
       3811;20181102;   10;   7.4;   2.1;    3;   0.0;   6;    2.283;   0;   7.3;   8.9; 1004.46;    9.2;   76.58;   13.6;    6.0;    2.7;eor
       3811;20181103;   10;   5.1;   2.2;    3;   0.0;   6;    0.000;   0;   8.0;   9.5; 1010.27;    8.8;   84.33;   10.5;    6.8;    6.0;eor
       3811;20181104;   10;   5.2;   2.0;    3;   0.0;   0;    0.000;   0;   8.0;  11.4; 1001.55;   10.5;   90.25;   12.2;    9.2;    8.5;eor
       3811;20181105;   10;   7.0;   2.0;    3;   0.0;   0;    3.033;   0;   6.5;  11.2;  994.42;   11.2;   84.46;   16.2;    6.6;    4.5;eor
       3811;20181106;   10;-999;-999;    3;   0.0;   0;    7.800;   0;  -999;  -999;    -999;    9.3;-999;   17.1;    4.1;    2.4;eor
       3811;20181107;   10;-999;-999;    3;   0.0;   0;    6.900;-999;  -999;  -999;    -999;   10.0;-999;   16.1;    5.4;    4.1;eor
       3811;20181108;   10;-999;-999;    3;   0.4;   4;    1.200;-999;  -999;  -999;    -999;   10.2;-999;   14.8;    7.0;    5.3;eor
       3811;20181109;   10;   5.5;-999;    3;   0.0;   0;    0.000;-999;  -999;  -999;    -999;    8.5;-999;   12.5;    3.0;    1.2;eor
       3811;20181110;   10;   6.2;   1.9;    3;   0.0;   6;    7.483;   0;   6.2;   8.6;  993.57;    7.2;   85.38;   14.8;    0.8;   -0.8;eor
       3811;20181111;   10;   9.3;   2.5;    3;   0.4;   6;    4.417;   0;   5.3;   9.4;  995.42;    8.6;   84.13;   14.3;    1.7;    0.2;eor
       3811;20181112;   10;   5.6;   2.1;    3;   0.0;   6;    4.567;   0;   6.1;  10.0; 1000.24;   11.0;   76.17;   15.8;    6.3;    3.9;eor
       3811;20181113;   10;  11.0;   3.6;    3;   2.3;   6;    0.450;   0;   5.5;  10.4; 1005.59;   10.3;   82.79;   12.5;    7.1;    5.4;eor
       3811;20181114;   10;   6.9;   2.9;    3;   0.0;   0;    7.117;   0;   4.0;   8.3; 1012.14;    6.9;   84.29;   11.9;    1.5;   -0.2;eor
       3811;20181115;   10;   4.6;   1.3;    3;   0.0;   0;    1.183;   0;   5.0;   7.2; 1011.44;    4.1;   87.38;   10.1;   -0.1;   -2.6;eor
       3811;20181116;   10;   6.1;   1.9;    3;   0.0;   0;    7.467;   0;   1.1;   6.3; 1015.14;    2.6;   85.08;    9.2;   -2.4;   -4.2;eor
       3811;20181117;   10;   7.5;   2.7;    3;   0.0;   0;    6.983;   0;   1.3;   5.6; 1017.15;    1.3;   83.21;    5.5;   -2.3;   -3.7;eor
       3811;20181118;   10;   4.9;   1.4;    3;   0.8;   8;    0.317;   0;   5.3;   4.9; 1011.28;   -1.7;   90.00;    2.0;   -4.9;   -6.9;eor
       3811;20181119;   10;  10.7;   4.0;    3;   1.5;   6;    0.000;   0;   7.6;   6.4; 1002.18;    2.5;   87.42;    3.8;    0.7;   -0.8;eor
       3811;20181120;   10;  13.9;   5.2;    3;   0.4;   8;    0.000;   0;   7.9;   5.3;  997.90;    1.4;   78.96;    2.0;    0.7;   -0.3;eor
       3811;20181121;   10;   8.5;   3.3;    3;   1.0;   6;    0.000;   0;   8.0;   5.7; 1001.45;    1.0;   87.08;    1.4;    0.6;    0.1;eor
       3811;20181122;   10;   7.0;   2.8;    3;   0.1;   6;    0.000;   0;   8.0;   6.0; 1004.63;    1.6;   87.88;    2.6;    0.8;    0.5;eor
       3811;20181123;   10;   4.0;   1.3;    3;   0.0;   0;    4.767;   0;   4.7;   6.3; 1002.90;    2.4;   86.96;    7.0;   -2.1;   -3.4;eor
       3811;20181124;   10;   3.1;   1.0;    3;   0.0;   6;    0.000;   0;   7.8;   6.7;  995.93;    2.1;   92.96;    5.6;   -2.1;   -3.6;eor
       3811;20181125;   10;   5.9;   1.6;    3;   0.1;   6;    2.417;   0;   6.7;   7.7;  993.84;    4.9;   89.67;    9.0;    0.4;   -0.8;eor
       3811;20181126;   10;   8.0;   3.2;    3;   0.0;   6;    0.000;   0;   8.0;   7.0;  994.25;    3.3;   90.17;    4.9;    1.5;    1.3;eor
       3811;20181127;   10;   6.3;   1.9;    3;   0.0;   0;    0.000;   0;   7.3;   4.6; 1003.18;   -1.4;   82.63;    1.5;   -6.4;   -8.2;eor
       3811;20181128;   10;   5.9;   1.8;    3;   0.0;   0;    6.800;   0;   2.3;   3.9; 1009.44;   -3.2;   79.96;    1.8;   -7.4;   -9.2;eor
       3811;20181129;   10;   7.3;   2.1;    3;   0.0;   6;    5.767;   0;   6.6;   3.6; 1004.25;   -1.4;   67.42;    5.0;   -7.2;   -8.5;eor
       3811;20181130;   10;   8.4;   2.8;    3;   8.6;   6;    0.000;   0;   7.8;   5.0;  998.10;    0.7;   77.50;    2.5;   -0.3;   -1.0;eor
       3811;20181201;   10;   8.8;   3.5;    3;   0.0;   0;    1.717;   0;   7.1;   7.3;  997.20;    4.4;   87.33;    7.8;    2.5;    0.6;eor
       3811;20181202;   10;  13.0;   4.5;    3;   8.2;   6;    0.000;   0;   7.4;   8.7;  986.95;    7.3;   83.79;   11.4;    4.2;    2.8;eor
       3811;20181203;   10;  13.5;   5.0;    3;   2.5;   6;    1.833;   0;   7.0;  11.2;  984.12;   11.4;   83.33;   14.3;    8.9;    7.0;eor
       3811;20181204;   10;  13.9;   6.0;    3;   0.4;   6;    1.800;   0;   4.3;   7.9;  997.38;    6.5;   80.25;   10.8;    1.0;   -1.2;eor
       3811;20181205;   10;   5.1;   2.2;    3;   0.0;   6;    6.500;   0;   4.0;   5.5; 1008.73;    2.0;   78.58;    6.4;   -0.6;   -3.5;eor
       3811;20181206;   10;  11.1;   3.9;    3;   0.1;   6;    0.017;   0;   7.9;   7.2;  999.75;    5.9;   75.50;   10.0;    1.1;    0.5;eor
       3811;20181207;   10;  15.6;   6.7;    3;   2.9;   6;    0.000;   0;   7.9;  10.7;  989.62;   11.0;   81.38;   12.0;    9.8;    8.9;eor
       3811;20181208;   10;  20.5;   8.2;    3;   5.9;   6;    2.533;   0;   5.8;   7.4;  985.26;    6.9;   74.46;   10.4;    5.0;    3.7;eor
       3811;20181209;   10;  18.0;   8.6;    3;   5.2;   6;    0.067;   0;   7.6;   8.0;  978.59;    7.3;   78.29;    9.0;    4.0;    3.6;eor
       3811;20181210;   10;  15.8;   8.3;    3;   3.0;   6;    0.633;   0;   7.4;   6.5;  993.66;    4.0;   79.88;    6.0;    2.3;    1.6;eor
       3811;20181211;   10;  17.2;   7.8;    3;   4.3;   6;    0.000;   0;   7.4;   6.8;  997.32;    3.3;   88.54;    4.2;    2.3;    1.1;eor
       3811;20181212;   10;   8.9;   3.5;    3;   0.2;   6;    0.017;   0;   7.8;   6.4; 1004.93;    1.8;   91.75;    3.2;   -0.7;   -1.2;eor
       3811;20181213;   10;   5.6;   1.8;    3;   0.0;   8;    0.000;   0;   8.0;   5.7; 1004.89;    0.3;   91.04;    1.2;   -0.7;   -1.6;eor
       3811;20181214;   10;   7.2;   2.8;    3;   0.0;   8;    0.000;   0;   7.9;   5.6; 1006.39;    0.3;   89.00;    0.8;   -0.3;   -0.6;eor
       3811;20181215;   10;   5.7;   2.0;    3;   0.0;   8;    0.000;   0;   7.9;   5.0; 1008.62;   -0.7;   86.75;   -0.3;   -1.1;   -1.3;eor
       3811;20181216;   10;   6.6;   2.3;    3;   0.0;   8;    0.633;   0;   7.9;   4.5;  998.15;   -0.6;   77.13;    0.1;   -1.1;   -1.3;eor
       3811;20181217;   10;   8.8;   3.6;    3;   1.0;   6;    0.533;   0;   7.7;   6.2; 1002.50;    2.6;   83.54;    5.1;   -0.1;   -0.5;eor
       3811;20181218;   10;   8.1;   3.3;    3;   0.0;   7;    2.017;   0;   6.2;   6.7; 1007.19;    3.6;   84.75;    6.8;    0.1;   -2.6;eor
       3811;20181219;   10;   5.1;   2.0;    3;   3.2;   6;    0.000;   0;   7.5;   6.0;  999.75;    1.4;   87.67;    3.8;   -2.1;   -4.6;eor
       3811;20181220;   10;   8.8;   3.4;    3;   1.3;   6;    0.983;   0;   7.8;   7.4;  997.48;    4.6;   86.54;    7.2;    2.3;    1.4;eor
       3811;20181221;   10;  18.2;   6.3;    3;   7.7;   6;    0.000;   0;   7.1;   8.5;  989.86;    7.9;   79.63;   11.4;    5.8;    4.8;eor
       3811;20181222;   10;  17.0;   6.5;    3;  10.4;   6;    0.000;   0;   7.8;   8.9;  991.48;    7.5;   85.79;   11.2;    5.5;    4.9;eor
       3811;20181223;   10;  13.0;   4.7;    3;  14.6;   6;    0.017;   0;   7.7;   8.4;  998.83;    6.3;   87.42;    7.9;    4.3;    3.9;eor
       3811;20181224;   10;  12.0;   4.6;    3;   0.6;   8;    0.133;   0;   7.7;   6.2; 1005.23;    2.3;   85.38;    4.7;    0.4;    0.0;eor
       3811;20181225;   10;  12.4;   6.4;    3;   0.2;   8;    0.000;   0;   7.8;   6.6; 1012.07;    3.4;   84.38;    4.5;    1.7;    1.1;eor
       3811;20181226;   10;  14.1;   6.5;    3;   0.0;   6;    0.000;   0;   7.9;   6.9; 1010.43;    3.8;   86.71;    4.8;    2.4;    2.1;eor
       3811;20181227;   10;   9.9;   4.3;    3;   0.0;   0;    3.983;   0;   6.7;   7.2; 1007.62;    5.2;   80.88;    7.2;    3.7;    2.2;eor
       3811;20181228;   10;  10.4;   4.6;    3;   0.6;   6;    0.000;   0;   7.8;   7.2; 1008.05;    3.8;   89.79;    4.5;    2.7;    1.9;eor
       3811;20181229;   10;  14.5;   6.1;    3;   3.6;   6;    0.167;   0;   7.8;   7.5; 1008.42;    4.2;   90.88;    5.7;    3.4;    2.6;eor
       3811;20181230;   10;  16.5;   7.4;    3;   0.0;   6;    0.050;   0;   7.3;   7.8; 1006.36;    5.8;   85.13;    6.9;    4.0;    3.0;eor
       3811;20181231;   10;   8.3;   3.2;    3;   0.0;   6;    0.000;   0;   7.7;   8.7; 1012.14;    6.1;   92.21;    7.4;    4.5;    3.7;eor
       3811;20190101;   10;  21.8;   8.8;    3;   5.7;   8;    0.000;   0;   7.0;   7.8; 1002.47;    6.2;   81.71;    7.8;    2.3;    1.7;eor
       3811;20190102;   10;  16.8;   7.7;    3;   0.0;   8;    1.667;   0;   5.4;   4.8; 1006.52;    1.5;   69.17;    3.1;   -1.4;   -2.7;eor
       3811;20190103;   10;  11.9;   5.4;    3;   0.3;   8;    0.000;   0;   6.1;   4.5; 1014.65;   -1.3;   81.33;    0.4;   -3.9;   -7.1;eor
       3811;20190104;   10;  11.6;   5.3;    3;   4.3;   8;    0.000;   1;   7.4;   5.9; 1011.02;    0.6;   91.79;    3.7;   -4.3;   -6.9;eor
       3811;20190105;   10;  13.5;   6.1;    3;   3.2;   6;    0.000;   0;   7.6;   8.6; 1002.38;    5.6;   94.54;    7.4;    3.6;    3.0;eor
       3811;20190106;   10;   8.9;   2.6;    3;   2.3;   6;    0.000;   0;   7.3;   6.2; 1009.36;    2.1;   88.04;    3.6;   -0.1;   -2.2;eor
       3811;20190107;   10;  14.2;   4.2;    3;   6.3;   6;    0.067;   0;   7.7;   7.6; 1008.15;    4.0;   93.21;    5.8;    2.0;    1.8;eor
       3811;20190108;   10;  18.3;   8.9;    3;  12.5;   8;    0.000;   0;   7.4;   7.3;  987.28;    4.2;   88.08;    5.5;    1.2;    0.5;eor
       3811;20190109;   10;  14.5;   8.1;    3;   6.1;   8;    0.000;   1;   7.6;   6.1;  988.90;    0.7;   94.38;    2.0;    0.1;    0.0;eor
       3811;20190110;   10;   9.2;   4.4;    3;   0.2;   8;    0.033;   0;   7.6;   5.6; 1003.23;    0.5;   88.33;    1.9;   -0.9;   -1.5;eor
       3811;20190111;   10;  13.0;   5.9;    3;   1.4;   8;    0.000;   0;   7.5;   5.7; 1000.69;    0.3;   90.54;    3.8;   -1.4;   -1.6;eor
       3811;20190112;   10;  14.0;   6.4;    3;   5.1;   6;    0.000;   0;   7.8;   7.3;  994.62;    4.2;   88.38;    5.7;    3.2;    2.6;eor
       3811;20190113;   10;  18.4;   8.3;    3;   8.6;   6;    0.000;   0;   7.6;   8.1;  981.07;    5.5;   88.75;    8.0;    4.4;    3.5;eor
       3811;20190114;   10;  19.1;   9.3;    3;   0.2;   8;    0.983;   0;   4.5;   5.3;  985.75;    2.2;   73.58;    5.7;   -0.1;   -1.3;eor
       3811;20190115;   10;  17.3;   8.9;    3;   1.1;   8;    0.000;   0;   7.6;   6.1;  994.38;    3.2;   78.58;    5.9;    0.1;    0.0;eor
       3811;20190116;   10;  15.2;   6.2;    3;   0.1;   6;    0.000;   0;   7.9;   6.9;  991.17;    5.0;   78.67;    5.9;    3.2;    2.2;eor
       3811;20190117;   10;  15.3;   6.4;    3;   1.8;   8;    0.150;   0;   7.0;   6.6;  984.11;    4.8;   76.54;    7.1;    1.4;    0.1;eor
       3811;20190118;   10;  12.4;   5.2;    3;   0.0;   0;    3.167;   0;   6.3;   4.6;  998.41;    0.0;   74.88;    2.0;   -1.7;   -2.7;eor
       3811;20190119;   10;   5.6;   1.8;    3;   0.0;   0;    6.983;   0;   5.8;   4.0; 1001.53;   -1.2;   72.00;    2.8;   -5.2;   -7.1;eor
       3811;20190120;   10;   3.5;   1.1;    3;   0.0;   0;    7.083;   0;   0.3;   3.7; 1000.85;   -4.3;   83.88;    0.5;   -7.7;   -9.5;eor
       3811;20190121;   10;   2.9;   1.0;    3;   0.0;   0;    5.133;   0;   3.6;   3.8; 1003.76;   -5.4;   91.83;   -1.1;   -7.6;   -9.2;eor
       3811;20190122;   10;   4.5;   1.9;    3;   0.0;   0;    7.250;   0;   0.7;   3.4;  993.78;   -4.5;   78.46;    0.1;   -7.9;  -10.5;eor
       3811;20190123;   10;   8.7;   2.8;    3;   0.0;   0;    5.833;   0;   5.3;   3.2;  985.80;   -6.3;   83.88;   -3.4;   -8.9;  -10.5;eor
       3811;20190124;   10;   5.9;   1.9;    3;   0.0;   8;    0.000;   0;   7.2;   3.5;  992.66;   -4.6;   81.29;   -3.1;   -7.5;   -9.8;eor
       3811;20190125;   10;  11.4;   2.6;    3;   1.5;   8;    1.500;   1;   7.2;   3.7;  996.23;   -3.7;   80.50;   -1.6;   -5.2;   -5.6;eor
       3811;20190126;   10;  13.4;   6.3;    3;   6.3;   8;    0.000;   3;   7.4;   6.3;  986.03;    1.5;   92.08;    3.7;   -1.6;   -2.0;eor
       3811;20190127;   10;  14.0;   4.8;    3;   1.3;   6;    1.833;   1;   6.8;   6.7;  973.75;    4.7;   78.75;    7.0;    3.2;   -0.1;eor
       3811;20190128;   10;  15.2;   5.3;    3;   1.0;   8;    4.050;   0;   7.1;   6.1;  974.78;    3.1;   80.25;    5.6;    0.6;   -0.1;eor
       3811;20190129;   10;  14.2;   4.9;    3;   0.0;   8;    0.367;   1;   5.9;   5.3;  985.89;    0.3;   85.71;    3.1;   -3.7;   -5.3;eor
       3811;20190130;   10;   8.9;   3.0;    3;   0.0;   0;    5.600;   0;   7.1;   4.5;  981.42;   -0.4;   76.00;    2.4;   -3.6;   -5.3;eor
       3811;20190131;   10;   5.3;   2.2;    3;   0.0;   0;    5.317;   0;   5.6;   4.7;  982.07;    1.1;   71.21;    4.2;   -1.3;   -3.1;eor
       3811;20190201;   10;   7.8;   2.6;    3;   0.5;   8;    0.000;   0;   7.2;   5.1;  977.40;    0.7;   78.67;    3.1;   -2.5;   -4.0;eor
       3811;20190202;   10;   7.5;   2.2;    3;   0.7;   8;    0.000;   1;   7.8;   6.1;  979.60;    0.9;   94.17;    1.4;    0.2;   -0.1;eor
       3811;20190203;   10;  10.0;   4.4;    3;   8.1;   8;    0.000;   1;   7.9;   6.0;  995.52;    0.2;   96.42;    0.5;   -1.3;   -0.7;eor
       3811;20190204;   10;   7.6;   3.3;    3;   0.0;   0;    7.300;   8;   5.2;   4.8; 1009.73;   -1.1;   84.67;    3.5;   -5.6;  -10.6;eor
       3811;20190205;   10;  10.4;   4.0;    3;   0.0;   8;    1.050;   7;   7.5;   4.8; 1009.25;    0.6;   74.88;    3.1;   -3.9;   -9.6;eor
       3811;20190206;   10;   8.2;   2.8;    3;   0.0;   0;    8.133;   4;   5.8;   5.1; 1007.59;    1.9;   73.13;    6.0;   -1.4;   -4.0;eor
       3811;20190207;   10;  11.3;   3.7;    3;   0.9;   6;    0.267;   4;   7.9;   4.7;  996.70;    0.0;   75.67;    4.0;   -5.9;   -7.8;eor
       3811;20190208;   10;  14.1;   5.6;    3;   0.0;   0;    7.833;   3;   4.0;   6.3;  997.20;    4.5;   74.96;    6.4;    2.4;    1.2;eor
       3811;20190209;   10;  15.6;   6.7;    3;   0.0;   6;    3.433;   0;   6.5;   6.5;  989.95;    6.7;   66.63;   10.1;    3.3;    1.2;eor
       3811;20190210;   10;  20.0;   6.0;    3;   5.1;   6;    0.000;   0;   6.7;   7.3;  982.36;    7.6;   70.38;   11.2;    4.4;    2.8;eor
       3811;20190211;   10;  17.8;   8.9;    3;   0.6;   8;    1.650;   0;   5.5;   6.4;  991.20;    4.0;   78.88;    6.9;    1.2;   -0.1;eor
       3811;20190212;   10;  13.5;   6.5;    3;   0.2;   8;    0.417;   0;   7.4;   5.8; 1010.30;    2.8;   77.00;    4.8;    1.5;    0.5;eor
       3811;20190213;   10;  12.0;   6.2;    3;   0.1;   6;    0.033;   0;   7.8;   7.3; 1015.63;    4.9;   83.04;    7.0;    3.0;    2.2;eor
       3811;20190214;   10;   7.1;   3.1;    3;   0.0;   0;    6.467;   0;   3.8;   6.3; 1017.61;    5.8;   68.79;   10.3;    2.7;   -0.1;eor
       3811;20190215;   10;   5.2;   2.3;    3;   0.0;   0;    8.850;   0;   0.4;   6.2; 1015.65;    6.2;   66.63;   14.6;    0.2;   -2.2;eor
       3811;20190216;   10;  10.0;   3.4;    3;   0.0;   0;    8.783;   0;   0.3;   5.9; 1009.29;    8.7;   53.83;   16.7;   -0.1;   -2.9;eor
       3811;20190217;   10;   6.9;   2.3;    3;   0.0;   0;    8.667;   0;   7.8;   6.5; 1006.45;    8.0;   61.71;   16.4;    2.4;   -0.7;eor
       3811;20190218;   10;   7.2;   2.9;    3;   0.0;   0;    9.017;   0;   2.0;   5.9; 1001.77;    8.9;   52.79;   16.5;    3.7;   -0.3;eor
       3811;20190219;   10;  10.9;   5.1;    3;   0.1;   6;    3.033;   0;   6.3;   6.8;  999.23;    6.7;   68.83;    9.7;    4.6;    3.1;eor
       3811;20190220;   10;  10.8;   4.7;    3;   0.0;   0;    3.467;   0;   6.8;   6.8; 1004.49;    6.1;   72.08;   10.8;    2.2;    0.1;eor
       3811;20190221;   10;  12.1;   5.3;    3;   3.8;   6;    0.200;   0;   7.7;   7.9; 1006.89;    7.5;   76.58;   10.6;    3.9;    2.9;eor
       3811;20190222;   10;  12.2;   4.1;    3;   0.0;   6;    0.933;   0;   5.7;   7.1; 1017.14;    3.6;   86.00;    8.4;   -2.6;   -4.5;eor
       3811;20190223;   10;   5.3;   1.8;    3;   0.0;   0;    6.917;   0;   4.5;   3.9; 1024.35;   -0.8;   69.46;    3.8;   -4.5;   -6.2;eor
       3811;20190224;   10;   4.9;   1.6;    3;   0.0;   0;    5.183;   0;   3.3;   4.3; 1021.00;    1.6;   65.92;   10.1;   -4.0;   -5.5;eor
       3811;20190225;   10;   7.5;   2.5;    3;   0.0;   0;    9.367;   0;   3.4;   4.7; 1018.95;    6.8;   48.13;   13.6;   -0.6;   -2.4;eor
       3811;20190226;   10;   7.1;   2.6;    3;   0.0;   0;    5.083;   0;   5.5;   6.0; 1015.11;    7.2;   59.54;   13.1;    2.4;   -1.8;eor
       3811;20190227;   10;   8.4;   2.7;    3;   0.0;   0;    9.600;   0;   1.1;   6.1; 1008.07;    7.7;   59.67;   15.8;    1.1;   -1.4;eor
       3811;20190228;   10;  13.3;   6.2;    3;   0.2;   6;    7.317;   0;   3.8;   7.0;  995.03;    9.5;   58.17;   14.1;    5.9;    4.0;eor
       3811;20190301;   10;   9.3;   4.3;    3;   0.3;   6;    0.067;   0;   7.8;   8.7;  994.14;    7.3;   83.88;   10.6;    3.1;    2.7;eor
       3811;20190302;   10;   8.8;   3.2;    3;   0.0;   6;    0.000;   0;   7.8;   6.8;  997.62;    4.4;   81.67;    7.3;    3.0;    2.6;eor
       3811;20190303;   10;  17.0;   7.3;    3;   0.7;   6;    1.350;   0;   7.8;   9.0;  990.72;    9.8;   73.79;   12.8;    7.2;    6.5;eor
       3811;20190304;   10;  26.4;   8.9;    3;   0.4;   6;    2.700;   0;   7.0;   7.5;  978.95;   10.5;   60.58;   16.1;    4.9;    3.9;eor
       3811;20190305;   10;  17.6;   7.8;    3;   1.0;   6;    2.183;   0;   5.0;   6.5;  987.22;    5.5;   72.21;    8.0;    2.7;    1.3;eor
       3811;20190306;   10;   9.4;   3.5;    3;   0.0;   6;    7.733;   0;   6.3;   7.0;  990.67;    7.7;   67.75;   13.2;    1.0;   -1.5;eor
       3811;20190307;   10;  17.9;   5.3;    3;   0.0;   6;    2.000;   0;   6.2;   7.6;  981.75;   11.1;   57.92;   15.8;    7.5;    6.1;eor
       3811;20190308;   10;  20.8;   7.7;    3;   1.3;   6;    2.150;   0;   4.1;   7.2;  991.17;    7.4;   69.79;    9.6;    4.6;    2.3;eor
       3811;20190309;   10;  20.4;   9.1;    3;   4.9;   6;    1.467;   0;   6.9;   7.5;  990.67;    8.3;   68.83;   12.0;    5.0;    3.4;eor
       3811;20190310;   10;  30.2;   7.0;    3;   7.5;   8;    0.067;   0;   6.6;   7.5;  986.77;    6.2;   78.88;   10.3;    1.6;    1.1;eor
       3811;20190311;   10;  16.8;   7.8;    3;   2.5;   8;    2.500;   0;   6.8;   6.1;  994.48;    3.6;   77.21;    6.4;    1.7;    1.1;eor
       3811;20190312;   10;  11.1;   4.9;    3;   0.0;   6;    3.033;   0;   7.5;   5.9;  998.75;    5.3;   68.42;    8.9;    1.1;   -0.5;eor
       3811;20190313;   10;  19.8;   8.5;    3;   0.9;   6;    4.433;   0;   6.5;   6.0;  986.67;    7.2;   59.29;   10.4;    3.6;    2.0;eor
       3811;20190314;   10;  19.4;   8.9;    3;   9.6;   6;    0.883;   0;   7.7;   7.3;  982.80;    6.0;   77.54;    8.9;    4.2;    3.5;eor
       3811;20190315;   10;  22.0;   8.4;    3;   6.6;   8;    1.733;   0;   7.7;   7.9;  983.68;    7.7;   74.71;   10.0;    5.9;    4.5;eor
       3811;20190316;   10;  16.1;   6.0;    3;   3.6;   6;    0.000;   0;   7.8;   8.0;  988.91;    7.8;   74.96;   10.8;    5.2;    4.5;eor
       3811;20190317;   10;  14.7;   5.4;    3;   4.2;   6;    5.317;   0;   6.1;   8.0;  985.54;    8.6;   73.17;   15.7;    5.0;    2.2;eor
       3811;20190318;   10;  15.3;   6.7;    3;   0.1;   6;    5.217;   0;   4.0;   6.2;  996.37;    5.3;   69.63;    9.2;    1.9;   -0.1;eor
       3811;20190319;   10;  11.4;   4.5;    3;   1.6;   8;    4.583;   0;   5.5;   6.1; 1008.25;    4.4;   73.17;    8.4;    0.8;   -0.5;eor
       3811;20190320;   10;   9.2;   3.0;    3;   0.0;   0;   11.000;   0;   2.5;   5.8; 1015.29;    6.4;   61.71;   12.2;    1.0;   -2.0;eor
       3811;20190321;   10;   6.3;   2.2;    3;   0.0;   0;   10.883;   0;   2.6;   7.8; 1015.93;    9.5;   65.92;   15.8;    4.5;    2.5;eor
       3811;20190322;   10;   5.1;   1.5;    3;   0.0;   0;    9.983;   0;   4.1;   9.6; 1013.44;    9.7;   80.17;   16.9;    2.3;    0.4;eor
       3811;20190323;   10;  11.2;   3.2;    3;   0.0;   0;   10.333;   0;   3.0;   9.4; 1009.06;   10.6;   76.21;   19.0;    3.3;    1.6;eor
       3811;20190324;   10;   6.7;   2.5;    3;   0.0;   0;    0.000;   0;   7.2;   8.6; 1006.63;    7.8;   81.13;   10.3;    4.2;    2.4;eor
       3811;20190325;   10;  13.2;   5.2;    3;   3.5;   6;    1.900;   0;   5.8;   6.6;  999.28;    3.9;   81.63;    8.7;    1.0;   -1.0;eor
       3811;20190326;   10;  14.2;   5.8;    3;   0.4;   6;    1.067;   0;   6.2;   6.8; 1007.53;    4.9;   79.67;    8.9;    1.6;   -0.1;eor
       3811;20190327;   10;   8.8;   4.3;    3;   1.9;   6;    0.400;   0;   7.9;   8.1; 1012.26;    7.1;   80.38;    9.7;    4.5;    3.7;eor
       3811;20190328;   10;   9.7;   3.7;    3;   1.8;   6;    0.000;   0;   7.8;  10.2; 1014.93;    8.1;   94.75;    9.3;    6.6;    6.3;eor
       3811;20190329;   10;   5.0;   1.1;    3;   0.0;   0;    3.817;   0;   7.0;   9.4; 1013.90;    9.0;   82.79;   14.3;    2.4;    0.6;eor
       3811;20190330;   10;   8.4;   2.8;    3;   0.0;   0;   11.500;   0;   4.8;   8.1; 1005.26;   10.0;   69.00;   17.9;    1.2;   -0.1;eor
       3811;20190331;   10;   7.0;   3.0;    3;   0.0;   0;    1.217;   0;   5.0;   8.1; 1004.81;    7.9;   75.67;   10.3;    2.9;    0.0;eor
       3811;20190401;   10;  10.0;   3.4;    3;   0.0;   0;   11.800;   0;   0.6;   4.8; 1006.51;    5.9;   54.00;   12.2;   -0.4;   -3.7;eor
       3811;20190402;   10;   6.6;   2.6;    3;   0.0;   0;   10.467;   0;   4.2;   6.3;  994.65;    8.6;   57.33;   16.4;    0.4;   -1.9;eor
       3811;20190403;   10;   7.3;   2.1;    3;   0.0;   6;    5.183;   0;   7.5;   8.9;  985.46;   12.2;   64.08;   18.7;    5.3;    3.5;eor
       3811;20190404;   10;  10.8;   2.7;    3;   0.0;   0;    7.983;   0;   4.2;   8.9;  980.71;   12.1;   66.00;   20.4;    3.8;    1.9;eor
       3811;20190405;   10;   8.2;   2.8;    3;   0.0;   0;    5.050;   0;   6.5;  10.4;  987.08;   10.8;   80.92;   15.6;    6.4;    3.9;eor
       3811;20190406;   10;   9.1;   2.1;    3;   0.0;   0;   10.467;   0;   1.5;   9.4;  988.72;   12.7;   68.67;   21.3;    4.5;    2.5;eor
       3811;20190407;   10;   8.4;   1.9;    3;   0.0;   0;   10.900;   0;   0.5;   9.3;  989.49;   11.6;   70.50;   18.9;    3.5;    1.7;eor
       3811;20190408;   10;   6.7;   1.9;    3;   0.0;   0;   11.933;   0;   2.3;   8.1;  991.61;   12.7;   58.25;   19.4;    5.8;    2.8;eor
       3811;20190409;   10;   7.6;   3.2;    3;   0.0;   0;    9.633;   0;   3.5;   7.6;  995.25;    7.9;   72.46;   12.7;    2.8;   -0.2;eor
       3811;20190410;   10;  11.7;   3.3;    3;   0.0;   0;   10.950;   0;   1.3;   5.1;  998.35;    5.4;   59.92;   11.2;   -0.2;   -2.9;eor
       3811;20190411;   10;  10.2;   3.2;    3;   0.0;   0;    4.267;   0;   4.8;   4.4; 1004.87;    3.1;   59.08;    6.5;   -1.0;   -3.9;eor
       3811;20190412;   10;   6.7;   2.7;    3;   0.0;   8;    0.000;   0;   7.8;   5.1; 1006.53;    2.7;   69.25;    4.0;    1.6;    1.4;eor
       3811;20190413;   10;   9.1;   2.7;    3;   0.0;   6;    2.100;   0;   6.8;   5.4; 1004.68;    3.6;   69.29;    7.5;   -0.1;   -3.5;eor
       3811;20190414;   10;   7.2;   2.9;    3;   2.1;   6;    0.900;   0;   7.8;   7.3; 1005.30;    4.8;   84.21;    9.9;    1.4;    0.3;eor
       3811;20190415;   10;   8.2;   2.5;    3;   0.0;   0;   12.433;   0;   1.0;   5.7; 1007.82;    7.6;   56.88;   13.9;   -0.2;   -2.9;eor
       3811;20190416;   10;   9.0;   2.5;    3;   0.0;   0;   12.450;   0;   0.0;   5.4; 1004.30;    8.5;   52.63;   16.3;   -0.2;   -3.4;eor
       3811;20190417;   10;   9.0;   2.4;    3;   0.0;   0;   12.450;   0;   0.0;   6.3; 1007.96;   10.0;   52.79;   17.9;    1.2;   -2.4;eor
       3811;20190418;   10;  10.4;   2.5;    3;   0.0;   0;   12.467;   0;   0.0;   6.9; 1011.03;   12.2;   52.54;   20.6;    2.7;   -0.4;eor
       3811;20190419;   10;   8.5;   2.1;    3;   0.0;   0;   12.533;   0;   0.0;   7.3; 1013.35;   14.0;   50.00;   22.5;    4.4;    1.4;eor
       3811;20190420;   10;   5.7;   1.6;    3;   0.0;   0;   12.517;   0;   2.5;   7.3; 1011.35;   13.8;   50.29;   22.6;    2.9;    1.1;eor
       3811;20190421;   10;   6.9;   1.7;    3;   0.0;   0;   12.633;   0;   1.4;   7.1; 1004.58;   13.5;   50.29;   21.3;    3.2;    1.2;eor
       3811;20190422;   10;  13.6;   3.5;    3;   0.0;   0;   12.650;   0;   0.8;   7.1;  997.72;   12.0;   53.21;   18.6;    5.2;    1.9;eor
       3811;20190423;   10;  16.4;   5.9;    3;   0.0;   0;    5.867;   0;   4.3;   9.0;  989.85;   13.1;   60.17;   18.4;    8.3;    6.5;eor
       3811;20190424;   10;  13.6;   3.9;    3;   0.0;   0;   11.883;   0;   4.8;  11.5;  988.29;   16.1;   64.46;   22.7;    9.9;    8.3;eor
       3811;20190425;   10;   7.8;   2.8;    3;   0.0;   0;   12.217;   0;   5.5;   8.9;  993.29;   18.1;   45.96;   25.4;    9.5;    8.1;eor
       3811;20190426;   10;  14.0;   4.2;    3;   5.0;   6;    8.917;   0;   6.9;  11.5;  992.02;   14.7;   70.25;   21.1;    8.8;    6.5;eor
       3811;20190427;   10;  12.0;   3.7;    3;   5.3;   6;    3.900;   0;   7.8;  10.7;  995.78;   11.7;   79.17;   17.9;    8.0;    7.7;eor
       3811;20190428;   10;   8.8;   3.1;    3;   0.0;   6;    3.317;   0;   7.8;   9.4; 1000.20;    9.3;   80.54;   13.5;    6.6;    5.6;eor
       3811;20190429;   10;   9.3;   4.3;    3;   5.8;   6;    0.000;   0;   7.3;  10.3; 1000.11;    8.7;   90.67;   11.1;    4.9;    3.2;eor
       3811;20190430;   10;  10.5;   3.3;    3;   1.3;   6;   12.450;   0;   1.0;   7.4;  999.77;    9.1;   65.79;   16.5;    2.6;    0.7;eor
       3811;20190501;   10;  10.9;   4.4;    3;   0.0;   0;    4.233;-999;   6.8;  10.1;  995.51;   12.4;   71.08;   17.9;    4.7;    2.4;eor
       3811;20190502;   10;   9.9;   3.6;    3;   0.3;   6;    5.483;-999;   6.2;  10.3;  989.86;   11.1;   78.75;   16.6;    7.2;    4.6;eor
       3811;20190503;   10;  11.0;   4.3;    3;   1.5;   6;    0.750;-999;   7.7;   7.4;  991.06;    8.3;   67.71;   10.9;    4.8;    3.6;eor
       3811;20190504;   10;   8.3;   3.0;    3;   7.0;   6;    0.617;-999;   6.4;   7.0;  990.12;    4.2;   85.63;    7.5;    1.4;   -0.1;eor
       3811;20190505;   10;   9.5;   3.1;    3;   0.0;   6;    6.467;-999;   6.2;   6.2;  998.25;    5.6;   69.67;   11.3;    0.6;   -1.3;eor
       3811;20190506;   10;   9.2;   3.8;    3;   0.0;   0;    3.983;-999;   6.5;   6.4; 1000.40;    6.9;   65.67;   10.8;    2.7;    0.2;eor
       3811;20190507;   10;   5.8;   1.9;    3;   0.2;   6;    1.550;-999;   6.8;   7.0; 1000.05;    6.8;   72.50;   11.7;    2.2;    0.5;eor
       3811;20190508;   10;  10.3;   2.7;    3;   0.9;   6;    6.183;-999;   6.9;   8.1;  989.70;   11.1;   64.46;   17.0;    0.9;   -0.8;eor
       3811;20190509;   10;   8.4;   2.9;    3;   1.5;   6;    5.383;-999;   7.0;  10.3;  983.23;   13.5;   68.04;   18.7;   10.4;    9.2;eor
       3811;20190510;   10;  12.4;   4.3;    3;   0.0;   6;    3.700;-999;   6.8;  10.6;  990.78;   12.2;   76.00;   17.7;    7.2;    5.9;eor
       3811;20190511;   10;  12.3;   3.2;    3;  16.7;   6;    0.100;-999;   7.8;  11.2;  994.82;    9.6;   93.33;   11.7;    6.8;    5.7;eor
       3811;20190512;   10;  10.3;   4.4;    3;   0.0;   0;    6.850;-999;   7.8;   8.2; 1009.43;    9.9;   70.00;   15.1;    5.9;    3.9;eor
       3811;20190513;   10;  12.3;   3.6;    3;   0.0;   0;   10.483;-999;   4.6;   7.0; 1016.46;    9.3;   61.79;   14.6;    3.3;    1.7;eor
       3811;20190514;   10;  11.0;   3.9;    3;   0.0;   6;    6.700;-999;   4.2;   6.6; 1012.59;    7.8;   63.92;   12.4;    2.3;   -0.3;eor
       3811;20190515;   10;   7.6;   2.6;    3;   3.9;   6;    0.000;-999;   7.5;   7.3; 1006.61;    6.5;   74.63;    9.2;    2.2;    0.3;eor
       3811;20190516;   10;   6.0;   2.0;    3;   0.5;   6;    0.000;-999;   7.8;   9.6;  997.98;    7.6;   92.21;    9.4;    5.4;    4.1;eor
       3811;20190517;   10;   7.8;   2.0;    3;   0.0;   0;    6.767;-999;   5.0;  11.0;  992.89;   12.6;   77.00;   19.1;    6.2;    4.5;eor
       3811;20190518;   10;   7.8;   2.5;    3;   0.0;   0;   13.983;-999;   1.5;  11.3;  989.75;   14.4;   71.13;   21.6;    5.0;    3.3;eor
       3811;20190519;   10;   9.6;   2.5;    3;   0.0;   0;   14.017;-999;   6.0;  12.1;  987.04;   17.8;   62.92;   25.0;    7.0;    5.9;eor
       3811;20190520;   10;   5.2;   1.4;    3;   3.9;   6;    2.150;-999;   6.5;  14.4;  984.33;   15.2;   83.92;   20.2;    9.3;    7.9;eor
       3811;20190521;   10;  11.4;   2.7;    3;   0.0;   6;    9.967;-999;   6.4;  14.0;  987.63;   15.7;   80.13;   22.2;    8.5;    7.6;eor
       3811;20190522;   10;  13.5;   6.2;    3;   1.8;   6;    0.000;-999;   7.9;  12.7;  996.47;   12.1;   90.08;   14.0;   10.1;    9.0;eor
       3811;20190523;   10;   9.1;   3.0;    3;   0.0;   0;   12.750;-999;   6.3;  10.1; 1000.60;   13.6;   67.04;   19.1;    7.5;    5.9;eor
       3811;20190524;   10;   7.2;   2.0;    3;   0.0;   6;   10.283;-999;   7.4;  11.4;  996.67;   15.3;   67.71;   23.0;    6.7;    5.3;eor
       3811;20190525;   10;   8.0;   3.1;    3;   0.0;   0;   10.450;-999;   5.7;  12.1;  997.32;   14.6;   72.88;   19.1;    9.2;    7.8;eor
       3811;20190526;   10;  10.8;   3.4;    3;   0.0;   0;   13.067;-999;   6.3;  11.2;  995.90;   15.9;   64.33;   22.9;    7.2;    5.8;eor
       3811;20190527;   10;  10.1;   3.6;    3;   1.1;   6;    4.300;-999;   7.6;  13.9;  990.67;   17.3;   70.42;   22.5;   13.5;   12.3;eor
       3811;20190528;   10;   8.9;   2.4;    3;   2.2;   6;    0.067;-999;   7.8;  13.1;  989.40;   14.6;   79.04;   18.2;   11.7;   11.2;eor
       3811;20190529;   10;  10.0;   2.9;    3;   0.0;   0;    8.150;-999;   6.3;   9.1; 1002.25;   12.4;   65.08;   17.4;    4.8;    3.1;eor
       3811;20190530;   10;   8.6;   2.3;    3;   0.0;   6;   13.267;-999;   4.0;   9.3; 1006.62;   14.4;   60.29;   22.0;    2.8;    1.1;eor
       3811;20190531;   10;   8.1;   2.5;    3;   0.0;   6;    2.900;-999;   7.8;  15.2; 1006.00;   18.4;   72.00;   23.0;   13.8;   11.9;eor
       3811;20190601;   10;  12.0;   2.3;    3;   0.0;   0;   13.283;-999;   5.4;  15.3; 1003.83;   20.1;   68.17;   27.1;   12.4;   10.2;eor
       3811;20190602;   10;   6.7;   1.7;    3;   0.0;   0;   14.917;-999;   2.8;  15.3; 1000.03;   22.4;   60.04;   29.9;   11.7;   10.3;eor
       3811;20190603;   10;  14.2;   2.7;    3;   0.0;   0;   13.850;-999;   1.9;  15.5;  996.64;   24.6;   53.21;   32.0;   15.2;   13.5;eor
       3811;20190604;   10;   5.1;   1.6;    3;   0.0;   0;   14.667;-999;   2.1;  16.0;  994.79;   22.4;   62.96;   30.0;   14.1;   13.0;eor
       3811;20190605;   10;   8.4;   2.5;    3;   0.0;   0;   14.867;-999;   0.5;  16.2;  990.75;   24.6;   56.54;   32.0;   14.4;   13.1;eor
       3811;20190606;   10;  15.0;   4.0;    3;   1.1;   6;    7.233;-999;   5.5;  16.6;  991.90;   20.0;   71.96;   27.6;   14.8;   13.8;eor
       3811;20190607;   10;   8.7;   2.5;    3;   0.0;   0;    9.600;-999;   4.2;  15.6;  996.52;   18.6;   73.83;   24.5;   12.0;   11.3;eor
       3811;20190608;   10;  14.1;   4.8;    3;   0.0;   6;    7.750;-999;   4.0;  10.7; 1003.17;   16.9;   57.25;   22.5;    9.0;    7.3;eor
       3811;20190609;   10;   7.8;   2.3;    3;   0.0;   6;   10.850;-999;   6.3;  10.3; 1005.23;   19.3;   49.63;   26.1;    8.1;    6.8;eor
       3811;20190610;   10;  17.1;   2.0;    3;  17.7;   8;    5.550;-999;   7.8;  16.7;  995.33;   22.4;   63.29;   27.9;   16.2;   16.3;eor
       3811;20190611;   10;  14.6;   2.4;    3;   6.5;   6;    8.367;-999;   6.4;  20.3;  992.03;   21.4;   80.96;   27.3;   16.1;   15.6;eor
       3811;20190612;   10;  22.9;   3.0;    3;   4.6;   6;    6.700;-999;   6.9;  19.5;  991.14;   20.6;   82.29;   31.9;   15.1;   14.2;eor
       3811;20190613;   10;   5.2;   1.6;    3;   0.0;   0;    8.150;-999;   4.5;  15.4;  997.56;   18.5;   74.46;   24.3;   13.6;   12.5;eor
       3811;20190614;   10;   7.6;   2.5;    3;   0.0;   0;   10.733;-999;   4.3;  15.4;  999.31;   22.7;   59.96;   29.6;   12.3;   11.3;eor
       3811;20190615;   10;  12.9;   4.6;    3;   0.0;   0;   10.200;-999;   7.4;  18.6;  993.92;   24.6;   61.71;   31.1;   17.4;   16.1;eor
       3811;20190616;   10;   5.9;   2.2;    3;   0.5;   6;    3.333;-999;   7.5;  15.2; 1002.52;   17.8;   75.42;   22.3;   15.2;   13.4;eor
       3811;20190617;   10;   7.1;   1.6;    3;   0.0;   0;   13.883;-999;   2.6;  14.2; 1003.54;   20.6;   62.79;   27.4;   12.7;   11.5;eor
       3811;20190618;   10;   9.1;   2.1;    3;   0.0;   0;   14.617;-999;   1.3;  14.7;  998.83;   22.0;   59.67;   29.0;   12.7;   11.1;eor
       3811;20190619;   10;  15.1;   1.9;    3;   0.4;   6;   11.483;-999;   6.5;  17.3;  992.50;   24.0;   61.04;   31.1;   15.1;   14.3;eor
       3811;20190620;   10;   8.8;   2.6;    3;   1.3;   6;    7.267;-999;   6.3;  17.7;  993.65;   21.5;   70.83;   28.1;   16.0;   15.0;eor
       3811;20190621;   10;   7.3;   2.6;    3;   0.0;   0;    9.583;-999;   3.8;  15.9;  999.67;   19.6;   71.50;   25.3;   14.5;   12.6;eor
       3811;20190622;   10;   9.2;   2.9;    3;   0.0;   0;   10.300;-999;   3.2;  13.7; 1002.51;   21.0;   57.25;   27.9;   13.4;   11.2;eor
       3811;20190623;   10;   9.5;   2.8;    3;   0.0;   0;   13.600;-999;   3.0;  13.3; 1003.35;   21.5;   54.46;   28.4;   12.7;   11.3;eor
       3811;20190624;   10;   9.5;   2.3;    3;   0.0;   0;   15.083;-999;   2.0;  11.7; 1005.47;   22.2;   50.29;   29.9;   11.9;   10.4;eor
       3811;20190625;   10;   8.5;   2.3;    3;   0.0;   0;   15.267;-999;   4.0;  16.9; 1003.93;   25.3;   56.88;   33.5;   14.3;   12.9;eor
       3811;20190626;   10;   9.3;   3.8;    3;   0.0;   0;   14.767;-999;   1.7;  20.1; 1002.91;   29.3;   52.00;   37.2;   20.6;   19.3;eor
       3811;20190627;   10;  10.4;   4.6;    3;   0.0;   0;   15.183;-999;   0.8;  12.3; 1005.81;   21.3;   51.04;   27.2;   12.9;   11.4;eor
       3811;20190628;   10;   6.7;   2.6;    3;   0.0;   0;    8.817;-999;   3.6;  11.8; 1006.52;   17.6;   61.38;   24.1;   11.4;   10.0;eor
       3811;20190629;   10;   4.8;   1.4;    3;   0.0;   0;   15.217;-999;   0.3;  12.2; 1003.23;   21.4;   53.79;   30.9;    9.5;    8.7;eor
       3811;20190630;   10;  10.2;   3.1;    3;   0.0;   0;   14.817;-999;   0.0;  13.3;  996.38;   27.1;   44.00;   37.9;   13.0;   11.8;eor
       3811;20190701;   10;  11.7;   3.4;    3;   0.0;   6;    6.867;-999;   5.6;  13.0;  997.07;   23.5;   45.46;   30.4;   17.9;   16.9;eor
       3811;20190702;   10;  14.1;   4.6;    3;   0.0;   0;   11.133;-999;   3.4;  10.3; 1002.09;   18.5;   49.46;   23.9;   10.5;    8.2;eor
       3811;20190703;   10;  10.8;   3.4;    3;   0.0;   0;   11.633;-999;   2.5;   8.5; 1004.95;   16.1;   49.54;   22.7;    8.3;    6.9;eor
       3811;20190704;   10;  11.0;   2.7;    3;   0.0;   0;   13.883;-999;   4.5;   8.6; 1004.30;   16.5;   49.25;   23.9;    8.8;    7.1;eor
       3811;20190705;   10;  10.9;   3.7;    3;   0.0;   6;    1.200;-999;   7.4;  11.2;  997.60;   19.3;   50.71;   25.7;   12.4;   11.4;eor
       3811;20190706;   10;  12.7;   4.0;    3;   1.6;   6;    9.800;-999;   6.0;  12.6;  991.88;   20.6;   56.13;   29.1;   11.5;   10.2;eor
       3811;20190707;   10;  12.7;   4.8;    3;   0.0;   0;    6.017;-999;   6.7;  10.2;  994.12;   15.9;   58.54;   21.0;   10.7;    9.0;eor
       3811;20190708;   10;  10.9;   4.3;    3;   0.0;   6;    3.533;-999;   7.0;   9.0;  998.45;   15.1;   53.63;   20.2;   10.7;    9.1;eor
       3811;20190709;   10;  10.7;   3.6;    3;   0.0;   6;    0.267;-999;   7.7;  10.2; 1000.14;   14.3;   63.42;   18.1;   10.6;    9.2;eor
       3811;20190710;   10;  10.0;   3.8;    3;   0.0;   6;   11.817;-999;   3.5;  10.1; 1000.04;   16.4;   56.46;   23.8;    9.4;    8.3;eor
       3811;20190711;   10;   9.3;   1.8;    3;   7.6;   6;    0.533;-999;   7.8;  12.3;  995.93;   18.1;   60.54;   23.8;   10.5;    8.6;eor
       3811;20190712;   10;  12.4;   2.9;    3;   0.0;   6;    4.417;-999;   7.0;  15.9;  993.04;   18.2;   78.29;   25.6;   14.1;   13.4;eor
       3811;20190713;   10;  13.0;   4.1;    3;   5.2;   6;    2.683;-999;   7.3;  15.8;  995.20;   17.2;   81.75;   23.8;   14.6;   14.0;eor
       3811;20190714;   10;   8.6;   3.6;    3;   0.0;   6;    2.100;-999;   7.1;  15.6;  998.92;   16.3;   84.92;   21.1;   14.1;   13.7;eor
       3811;20190715;   10;   6.4;   2.6;    3;   0.0;   0;    0.000;-999;   7.6;  13.1;  999.32;   15.9;   73.04;   18.9;   12.1;   10.5;eor
       3811;20190716;   10;   9.9;   4.6;    3;   0.0;   6;    2.083;-999;   7.2;  12.5;  998.20;   16.1;   68.54;   21.7;   13.5;   13.0;eor
       3811;20190717;   10;   7.7;   2.4;    3;   0.0;   0;    7.383;-999;   5.5;  12.4;  996.91;   17.8;   63.67;   24.3;   11.3;   10.2;eor
       3811;20190718;   10;   7.2;   1.8;    3;   0.0;   6;   13.500;-999;   3.4;  11.8;  994.70;   20.0;   55.54;   28.5;    9.5;    8.6;eor
       3811;20190719;   10;   8.3;   2.8;    3;   1.1;   6;    1.250;-999;   8.0;  16.1;  996.51;   20.1;   68.33;   23.9;   16.1;   15.4;eor
       3811;20190720;   10;  24.9;   2.3;    3;   6.5;   8;   11.133;-999;   7.9;  16.4;  996.55;   23.0;   63.25;   32.2;   14.6;   13.1;eor
       3811;20190721;   10;  12.0;   3.5;    3;   0.0;   0;    9.733;-999;   6.0;  16.4; 1001.11;   21.4;   67.04;   28.0;   15.7;   14.2;eor
       3811;20190722;   10;   9.7;   2.6;    3;   0.0;   6;    6.383;-999;   7.8;  14.2; 1005.06;   22.1;   56.46;   28.2;   14.7;   12.7;eor
       3811;20190723;   10;   9.0;   2.4;    3;   0.0;   0;   14.550;-999;   0.5;  15.7; 1003.52;   24.5;   54.00;   32.2;   16.5;   15.2;eor
       3811;20190724;   10;   6.7;   1.5;    3;   0.0;   0;   14.550;-999;   1.3;  14.1; 1000.23;   25.7;   49.33;   34.4;   14.6;   13.4;eor
       3811;20190725;   10;   7.0;   1.7;    3;   0.0;   0;   14.383;-999;   0.3;  13.9;  999.32;   26.9;   44.42;   35.6;   15.8;   14.3;eor
       3811;20190726;   10;   8.8;   2.8;    3;   0.0;   0;   14.300;-999;   0.0;  15.2;  994.76;   25.4;   49.25;   32.0;   16.8;   15.6;eor
       3811;20190727;   10;  10.7;   3.3;    3;   0.0;   0;   13.117;-999;   1.5;  13.5;  987.55;   24.1;   46.58;   30.0;   16.3;   14.7;eor
       3811;20190728;   10;   9.9;   2.7;    3;   0.0;   0;    9.600;-999;   5.6;  17.5;  984.36;   24.4;   58.42;   30.6;   17.8;   17.0;eor
       3811;20190729;   10;  11.5;   3.9;    3;   0.0;   0;    9.650;-999;   5.1;  19.6;  990.49;   24.5;   64.88;   30.8;   17.8;   16.8;eor
       3811;20190730;   10;  11.0;   3.4;    3;   0.0;   0;    3.283;-999;   7.0;  19.2;  993.91;   24.3;   65.17;   29.0;   19.3;   18.2;eor
       3811;20190731;   10;  12.9;   2.2;    3;   6.0;   6;    3.133;-999;   5.5;  18.8;  997.39;   18.9;   86.67;   25.1;   13.9;   13.6;eor
       3811;20190801;    3;   6.6;   2.3;    3;   0.0;   0;    9.450;-999;   4.0;  15.1;  999.02;   19.4;   70.67;   26.3;   13.6;   12.7;eor
       3811;20190802;    3;   7.1;   1.6;    3;   1.3;   6;    2.850;-999;   7.1;  14.7;  996.82;   19.3;   68.79;   26.2;   13.1;   12.0;eor
       3811;20190803;    3;  10.2;   2.5;    3;   4.7;   6;    4.033;-999;   5.1;  16.2;  996.79;   17.8;   80.00;   23.4;   14.1;   13.3;eor
       3811;20190804;    3;   9.0;   2.6;    3;   0.0;   0;    9.350;-999;   3.1;  15.0;  998.19;   19.2;   70.29;   25.4;   13.2;   11.9;eor
       3811;20190805;    3;   9.4;   1.5;    3;   0.1;   6;    3.283;-999;   7.9;  15.8;  994.81;   19.3;   72.17;   25.2;   11.8;   10.5;eor
       3811;20190806;    3;  13.6;   3.1;    3;   0.1;   6;    7.033;-999;   7.1;  16.7;  992.70;   22.3;   64.38;   28.9;   16.6;   14.3;eor
       3811;20190807;    3;   8.3;   3.4;    3;   2.3;   6;    2.383;-999;   7.5;  18.7;  990.40;   19.7;   81.63;   23.7;   16.7;   15.6;eor
       3811;20190808;    3;  12.8;   5.2;    3;   0.0;   0;   10.900;-999;   4.1;  14.3;  993.90;   21.2;   60.25;   28.0;   15.0;   14.0;eor
       3811;20190809;    3;   7.7;   2.2;    3;   4.7;   6;    9.133;-999;   7.0;  14.9;  994.33;   23.7;   53.58;   30.7;   16.1;   14.0;eor
       3811;20190810;    3;  13.4;   4.0;    3;   0.0;   0;    1.600;-999;   6.3;  18.9;  994.91;   21.5;   74.29;   26.1;   15.3;   12.8;eor
       3811;20190811;    3;   9.7;   2.9;    3;   0.1;   6;   10.683;-999;   4.0;  13.5;  997.60;   22.9;   51.67;   29.6;   14.4;   12.2;eor
       3811;20190812;    3;  12.1;   3.2;    3;   0.0;   0;    1.833;-999;   7.9;  13.2;  997.62;   19.6;   58.75;   23.0;   16.5;   15.7;eor
       3811;20190813;    3;  18.5;   4.7;    3;   0.1;   6;   10.683;-999;   5.8;  11.7;  998.62;   18.2;   57.00;   23.3;   12.0;    9.8;eor
       3811;20190814;    3;  10.0;   2.8;    3;   0.0;   0;    9.917;-999;   2.5;   9.5; 1000.05;   15.8;   56.46;   23.0;    8.1;    7.1;eor
       3811;20190815;    3;  13.8;   3.6;    3;   0.2;   6;    2.917;-999;   6.3;  12.5;  995.97;   17.3;   63.79;   22.4;    9.1;    7.0;eor
       3811;20190816;    3;  11.3;   4.0;    3;   0.0;   0;    6.883;-999;   6.2;  13.1;  998.45;   18.2;   65.21;   24.7;   12.4;   11.2;eor
       3811;20190817;    3;  12.8;   3.9;    3;   0.3;   6;    0.550;-999;   7.7;  13.3;  994.56;   20.1;   57.75;   26.5;   12.3;    9.8;eor
       3811;20190818;    3;  23.3;   4.2;    3;   9.2;   6;    5.117;-999;   6.3;  18.2;  991.17;   22.7;   69.54;   31.6;   17.3;   16.7;eor
       3811;20190819;    3;  11.5;   2.2;    3;   0.0;   6;    5.950;-999;   6.0;  16.2;  998.61;   19.8;   72.79;   25.7;   15.6;   14.2;eor
       3811;20190820;    3;   8.0;   2.2;    3;   3.5;   6;    4.367;-999;   7.9;  13.6; 1004.03;   18.9;   65.92;   25.5;   12.7;   11.9;eor
       3811;20190821;    3;   7.3;   2.1;    3;   0.0;   0;   10.033;-999;   4.0;  13.0; 1009.82;   17.1;   69.71;   23.4;   10.2;    9.1;eor
       3811;20190822;    3;   6.7;   1.7;    3;   0.0;   0;   12.183;-999;   2.8;  11.7; 1009.28;   17.9;   62.33;   26.3;    8.7;    7.8;eor
       3811;20190823;    3;   5.6;   1.4;    3;   0.0;   0;   12.533;-999;   0.0;  12.9; 1008.02;   19.1;   63.54;   28.0;    9.5;    7.9;eor
       3811;20190824;    3;   8.0;   2.1;    3;   0.0;   0;   11.800;-999;   3.5;  15.5; 1004.93;   21.1;   64.67;   29.4;   10.1;    8.7;eor
       3811;20190825;    3;  10.4;   2.4;    3;   0.1;   6;   10.317;-999;   2.3;  18.0; 1002.36;   24.8;   60.17;   33.1;   17.8;   15.8;eor
       3811;20190826;    3;   9.2;   1.9;    3;   0.0;   0;   10.383;-999;   4.1;  18.1; 1001.67;   23.7;   65.46;   32.7;   16.0;   15.1;eor
       3811;20190827;    3;   7.4;   1.9;    3;   0.0;   0;    6.150;-999;   6.1;  18.4;  999.81;   23.9;   65.33;   31.2;   16.3;   15.5;eor
       3811;20190828;    3;  10.2;   2.2;    3;   0.0;   6;    6.967;-999;   4.5;  18.7;  997.86;   24.5;   63.46;   32.5;   16.9;   15.7;eor
       3811;20190829;    3;  10.4;   2.2;    3;   0.0;   6;    5.350;-999;   6.5;  18.0; 1000.30;   22.4;   68.13;   30.0;   16.1;   14.8;eor
       3811;20190830;    3;   6.8;   1.4;    3;   0.0;   0;    9.633;-999;   1.5;  18.9; 1003.58;   23.7;   67.42;   31.7;   16.6;   15.1;eor
       3811;20190831;    3;   8.6;   2.2;    3;   0.0;   0;   11.867;-999;   0.1;  17.4;  998.10;   24.8;   60.04;   33.0;   16.3;   15.3;eor
       3811;20190901;    3;  13.0;   4.3;    3;   0.2;   6;    7.150;-999;   4.8;  16.6;  993.85;   22.7;   61.63;   31.2;   17.0;   15.9;eor
       3811;20190902;    3;   9.9;   4.1;    3;   0.0;   0;    6.667;-999;   3.7;  10.1; 1003.30;   16.5;   55.63;   22.6;   10.7;    8.0;eor
       3811;20190903;    3;  11.8;   3.4;    3;   0.0;   0;    5.617;-999;   5.6;   9.0; 1005.27;   16.9;   49.92;   24.5;    9.4;    7.6;eor
       3811;20190904;    3;  10.8;   2.6;    3;   0.3;   6;   12.167;-999;   2.8;  10.2;  998.74;   18.9;   51.75;   28.0;    8.8;    7.4;eor
       3811;20190905;    3;  12.3;   4.7;    3;   0.0;   0;    5.367;-999;   5.3;  11.3;  999.05;   17.6;   58.33;   22.9;   12.1;   10.6;eor
       3811;20190906;    3;   6.1;   1.8;    3;   0.1;   6;   11.917;-999;   4.5;   9.1; 1005.43;   14.0;   60.38;   20.2;    8.0;    5.7;eor
       3811;20190907;    3;   4.9;   1.6;    3;   0.1;   6;    1.000;-999;   8.0;  11.0; 1000.61;   14.1;   68.83;   18.4;    9.6;    8.2;eor
       3811;20190908;    3;   5.3;   1.3;    3;   3.3;   6;    2.300;-999;   7.8;  11.0;  999.37;   15.2;   65.92;   21.2;    9.5;    8.7;eor
       3811;20190909;    3;  15.8;   4.6;    3;  38.1;   6;    0.000;-999;   7.7;  13.8;  993.72;   12.5;   94.54;   13.5;   11.9;   11.3;eor
       3811;20190910;    3;  10.1;   3.8;    3;   0.0;   0;    7.633;-999;   2.3;  11.7;  999.45;   13.8;   76.29;   19.2;    8.8;    7.1;eor
       3811;20190911;    3;   8.0;   2.2;    3;   0.0;   6;   11.267;-999;   1.7;  10.8; 1004.95;   15.1;   66.75;   22.5;    6.9;    5.6;eor
       3811;20190912;    3;   9.1;   3.5;    3;   0.0;   6;    3.383;-999;   5.8;  14.7; 1009.61;   17.1;   75.83;   23.2;   13.9;   13.0;eor
       3811;20190913;    3;  12.8;   4.2;    3;   0.0;   6;    2.083;-999;   6.8;  15.7; 1011.94;   18.0;   75.88;   22.8;   13.9;   12.2;eor
       3811;20190914;    3;   5.0;   1.5;    3;   0.0;   0;    9.833;-999;   4.2;  10.7; 1014.53;   13.9;   70.13;   20.0;    7.4;    6.2;eor
       3811;20190915;    3;  10.8;   3.9;    3;   0.0;   0;    9.383;-999;   6.0;  10.7; 1004.07;   16.6;   60.58;   25.0;    7.0;    6.0;eor
       3811;20190916;    3;   7.3;   2.6;    3;   2.0;   6;    0.050;-999;   7.9;  13.0; 1001.32;   13.8;   83.25;   16.4;   10.9;    9.9;eor
       3811;20190917;    3;  15.4;   6.2;    3;   1.3;   6;    4.517;-999;   4.8;  11.0;  999.05;   12.1;   78.33;   17.1;    9.8;    8.5;eor
       3811;20190918;    3;  12.6;   6.0;    3;   0.0;   6;    7.367;-999;   2.5;   9.1; 1005.02;   11.0;   70.25;   16.6;    7.0;    5.6;eor
       3811;20190919;    3;   9.6;   3.7;    3;   0.0;   0;    4.500;-999;   6.7;   8.3; 1009.79;   10.2;   68.13;   15.9;    6.2;    3.5;eor
       3811;20190920;    3;   8.1;   2.5;    3;   0.0;   0;   10.317;-999;   5.3;   8.6; 1010.41;   10.3;   70.83;   16.9;    5.3;    3.6;eor
       3811;20190921;    3;   4.3;   1.5;    3;   0.0;   0;   11.200;-999;   0.3;   9.5; 1004.76;   12.4;   69.42;   21.4;    3.9;    2.5;eor
       3811;20190922;    3;   8.1;   2.0;    3;   0.0;   0;   11.000;-999;   1.1;   9.4;  996.15;   14.0;   64.79;   24.0;    4.8;    3.2;eor
       3811;20190923;    3;   6.9;   1.9;    3;   0.2;   6;    7.617;-999;   7.1;  10.9;  995.59;   14.3;   69.50;   21.8;    5.3;    3.3;eor
       3811;20190924;    3;   5.2;   1.9;    3;   0.3;   6;    3.667;-999;   7.8;  15.0;  995.03;   16.5;   81.13;   21.2;   12.8;   11.6;eor
       3811;20190925;    3;  12.8;   2.5;    3;   2.6;   6;    0.050;-999;   7.8;  14.9;  989.63;   14.7;   88.88;   17.1;   12.5;   11.4;eor
       3811;20190926;    3;   7.6;   3.2;    3;   1.4;   6;    4.450;-999;   5.6;  14.3;  994.07;   15.9;   79.67;   21.4;   11.6;   10.2;eor
       3811;20190927;    3;  12.8;   3.5;    3;   2.8;   6;    0.017;-999;   7.0;  16.1;  993.27;   15.8;   89.58;   19.1;   12.5;   11.4;eor
       3811;20190928;    3;  13.5;   5.5;    3;   4.7;   6;    4.817;-999;   5.5;  13.5;  994.92;   15.0;   79.63;   20.3;   12.3;   10.8;eor
       3811;20190929;    3;  17.7;   5.9;    3;   3.7;   6;    0.500;-999;   7.3;  12.7;  987.83;   16.3;   69.04;   19.6;   13.0;   11.9;eor
       3811;20190930;    3;  23.7;   8.9;    3;   1.5;   6;    3.017;-999;   5.9;  12.7;  986.17;   15.0;   73.92;   16.9;   10.4;    8.7;eor
       3811;20191001;    3;  18.1;   6.0;    3;   0.8;   6;    4.050;-999;   7.5;  13.7;  985.98;   15.7;   76.58;   21.0;   10.5;    9.1;eor
       3811;20191002;    3;  12.9;   4.5;    3;   4.0;   6;    1.700;   0;   5.3;  11.2;  987.90;   10.5;   86.42;   15.3;    5.8;    4.3;eor
       3811;20191003;    3;  13.2;   5.4;    3;   0.1;   6;    4.733;   0;   6.2;  10.1;  995.74;   10.2;   81.54;   14.8;    6.8;    5.7;eor
       3811;20191004;    3;   6.9;   2.2;    3;  25.8;   6;    0.950;   0;   8.0;  10.7;  991.94;   10.1;   87.21;   13.5;    8.6;    7.3;eor
       3811;20191005;    3;  11.7;   3.7;    3;   2.0;   6;    0.000;   0;   7.7;  10.2;  993.84;    8.3;   92.58;    9.4;    6.4;    5.2;eor
       3811;20191006;    3;   7.8;   2.1;    3;   0.0;   0;    1.183;   0;   7.5;   8.1; 1001.39;    6.4;   84.58;   10.1;    2.4;    0.6;eor
       3811;20191007;    3;   4.1;   1.4;    3;   0.0;   6;    9.683;   0;   3.2;   6.9; 1001.37;    5.3;   79.38;   12.1;   -0.3;   -2.2;eor
       3811;20191008;    3;  11.6;   4.3;    3;   7.0;   6;    0.000;   0;   7.8;  11.9;  991.83;   10.8;   90.42;   12.9;    6.1;    5.0;eor
       3811;20191009;    3;  12.1;   4.8;    3;   0.1;   6;    3.983;   0;   6.0;  11.7;  990.70;   12.6;   80.92;   16.7;    9.6;    8.3;eor
       3811;20191010;    3;  13.7;   5.6;    3;   1.5;   6;    3.017;   0;   6.8;  10.5;  994.46;   11.2;   78.75;   15.2;    8.9;    7.6;eor
       3811;20191011;    3;  15.5;   6.3;    3;   0.0;   6;    1.733;   0;   7.1;  11.7;  997.60;   13.0;   77.50;   16.1;    9.1;    7.8;eor
       3811;20191012;    3;  13.9;   5.5;    3;   0.0;   6;    9.567;   0;   3.3;  13.0;  994.92;   17.6;   65.29;   22.6;   13.5;   12.1;eor
       3811;20191013;    3;   8.6;   3.6;    3;   0.0;   4;    7.950;   0;   3.6;  15.7;  996.01;   20.4;   65.83;   25.8;   16.5;   14.9;eor
       3811;20191014;    3;   6.9;   2.3;    3;   0.0;   0;    9.533;   0;   1.0;  14.7;  996.50;   18.7;   68.79;   24.7;   10.9;    8.9;eor
       3811;20191015;    3;   7.9;   2.1;    3;   2.2;   6;    9.033;   0;   4.7;  13.7;  989.71;   14.7;   83.21;   23.1;    8.6;    6.8;eor
       3811;20191016;    3;  15.8;   6.1;    3;   1.0;   6;    1.850;   0;   7.3;  12.4;  993.01;   14.0;   77.96;   16.1;   11.4;   10.8;eor
       3811;20191017;    3;  10.9;   3.0;    3;   0.1;   6;    2.700;   0;   6.8;  11.8;  996.15;   14.3;   72.50;   18.4;   10.7;    8.3;eor
       3811;20191018;    3;   9.1;   3.1;    3;   0.5;   6;    4.450;   0;   7.6;  13.6;  993.84;   15.5;   78.00;   19.5;   10.7;    8.9;eor
       3811;20191019;    3;   6.8;   2.0;    3;   0.5;   6;    0.150;   0;   7.9;  12.4;  993.34;   12.7;   84.17;   15.6;    9.9;    8.1;eor
       3811;20191020;    3;   7.0;   1.9;    3;   0.0;   0;    7.700;   0;   6.8;  12.9;  993.30;   13.9;   82.08;   20.7;    9.1;    7.8;eor
       3811;20191021;    3;   4.8;   1.8;    3;   0.0;   0;    2.483;   0;   7.4;  13.6;  999.95;   13.6;   87.50;   18.4;    8.4;    6.8;eor
       3811;20191022;    3;   5.1;   1.6;    3;   0.0;   0;    6.333;   0;   6.7;  12.9; 1005.73;   13.0;   87.42;   19.8;    8.7;    6.3;eor
       3811;20191023;    1;   5.1;   1.6;    1;   0.0;   0;    2.400;   0;   5.5;  13.0; 1000.75;   11.3;   96.71;   16.7;    6.9;    5.5;eor
       3811;20191024;    1;   7.3;   1.5;    1;   0.0;   0;    4.233;   0;  -999;  13.3;  993.58;   12.3;   92.58;   19.0;    8.6;    8.8;eor
       3811;20191025;    1;  12.2;   3.5;    1;   0.0;   0;    4.100;   0;   6.8;  12.5; 1002.02;   14.0;   78.17;   18.6;   10.0;    7.1;eor
       3811;20191026;    1;  11.3;   3.7;    1;   0.0;   0;    6.183;   0;   7.8;  12.3; 1000.11;   14.8;   73.42;   20.0;    9.8;    7.2;eor
       3811;20191027;    1;  12.7;   5.4;    1;   3.4;   6;    1.033;   0;   7.7;  10.6;  999.65;   11.3;   79.71;   17.0;    5.2;    3.9;eor
       3811;20191028;    1;   9.7;   3.9;    1;   0.0;   0;    5.233;   0;   3.8;   8.6; 1003.59;    6.8;   87.42;   11.3;    4.2;    2.7;eor
       3811;20191029;    1;   6.4;   1.7;    1;   0.0;   0;    3.250;   0;   5.8;   7.9; 1006.47;    5.5;   88.29;    9.8;    1.8;   -0.5;eor
       3811;20191030;    1;   4.3;   1.3;    1;   0.0;   0;    1.083;   0;   6.1;   6.9; 1011.37;    2.1;   97.54;    4.7;   -2.2;   -3.0;eor
       3811;20191031;    1;   4.3;   1.1;    1;   0.0;   0;    7.650;   0;   6.3;   5.4; 1008.13;    0.5;   86.08;    7.5;   -4.1;   -5.4;eor
       3811;20191101;    1;   7.6;   2.1;    1;   1.6;   6;    6.333;   0;   5.1;   6.3;  995.37;    2.8;   82.92;    8.9;   -4.6;   -6.6;eor
       3811;20191102;    1;  12.5;   3.6;    1;   0.2;   6;    1.283;   0;   7.8;  12.2;  978.36;   12.7;   82.04;   17.0;    7.2;    6.0;eor
       3811;20191103;    1;   5.8;   1.8;    1;   3.6;   6;    0.000;   0;   7.8;  11.9;  973.35;   11.0;   90.13;   13.1;    8.3;    7.0;eor
       3811;20191104;    1;  12.0;   4.1;    1;   1.1;   6;    4.583;   0;   7.0;  11.3;  973.96;   11.2;   84.83;   14.8;    9.0;    8.0;eor
       3811;20191105;    1;  10.7;   4.3;    1;   0.0;   6;    1.233;   0;   5.0;   9.4;  979.30;    9.0;   82.13;   11.9;    5.5;    4.1;eor
       3811;20191106;    1;   9.6;   3.6;    1;   2.6;   6;    0.550;   0;   7.5;   9.4;  983.65;    8.1;   87.67;   11.1;    5.7;    4.6;eor
       3811;20191107;    1;   9.7;   2.4;    1;   0.0;   0;    5.933;   0;   6.6;   8.8;  986.14;    8.5;   80.67;   13.3;    4.5;    2.3;eor
       3811;20191108;    1;   5.6;   2.0;    1;   1.0;   6;    0.500;   0;   7.9;   9.0;  988.30;    6.6;   92.00;    9.3;    2.9;    0.7;eor
       3811;20191109;    1;   8.8;   3.3;    1;   0.3;   6;    0.000;   0;   7.6;   9.0;  989.88;    6.1;   95.75;    7.2;    4.0;    2.6;eor
       3811;20191110;    1;   4.2;   1.5;    1;   0.0;   0;    7.850;   0;   0.8;   6.7;  995.68;    3.1;   88.08;    9.9;   -1.1;   -2.9;eor
       3811;20191111;    1;   8.8;   2.2;    1;   0.1;   6;    7.817;   0;   2.8;   5.9;  993.64;    2.2;   82.63;    7.9;   -1.1;   -3.2;eor
       3811;20191112;    1;   8.1;   2.7;    1;   0.0;   0;    0.000;   0;   8.0;   6.9;  988.73;    4.7;   80.29;    7.2;    1.0;    0.5;eor
       3811;20191113;    1;   6.5;   2.1;    1;   0.0;   6;    0.000;   0;   7.8;   7.0;  985.88;    4.7;   82.29;    6.8;    2.3;   -0.3;eor
       3811;20191114;    1;   9.4;   2.6;    1;   0.0;   0;    7.367;   0;   4.9;   6.6;  989.88;    4.1;   81.13;    8.5;   -0.2;   -2.9;eor
       3811;20191115;    1;  10.0;   3.4;    1;   0.3;   6;    1.683;   0;   7.5;   8.4;  986.05;    6.2;   88.50;   10.4;    3.0;    1.6;eor
       3811;20191116;    1;  11.0;   3.0;    1;   0.2;   6;    1.433;   0;   6.9;   8.0;  990.59;    5.1;   90.71;    7.8;    0.3;   -1.7;eor
       3811;20191117;    1;   6.3;   2.2;    1;   5.3;   6;    0.000;   0;   7.6;   8.4;  991.92;    4.4;   98.50;    8.3;   -1.1;   -2.7;eor
       3811;20191118;    1;  10.1;   2.8;    1;   4.3;   6;    0.500;   0;   5.6;   8.6;  989.54;    6.1;   91.00;    8.1;    2.3;    0.1;eor
       3811;20191119;    1;  13.9;   3.3;    1;   6.0;   6;    3.550;   0;   7.1;   7.4;  998.58;    6.0;   79.38;    8.8;    4.0;    2.8;eor
       3811;20191120;    1;   3.7;   1.7;    1;   0.2;   6;    0.000;   0;   7.8;   8.2;  999.69;    4.3;   99.08;    4.9;    3.6;    3.5;eor
       3811;20191121;    1;   5.0;   1.6;    1;   1.2;   6;    0.000;   0;   8.0;   9.8;  992.93;    6.7;   99.25;    8.2;    4.8;    4.7;eor
       3811;20191122;    1;   5.6;   1.6;    1;   0.0;   0;    6.517;   0;   7.0;   9.0;  992.08;    6.4;   93.67;   10.7;    0.2;   -1.4;eor
       3811;20191123;    1;  10.3;   3.3;    1;   0.0;   0;    1.850;   0;   5.2;   8.3;  988.44;    6.0;   88.21;    9.6;    0.0;   -1.4;eor
       3811;20191124;    1;   4.9;   1.5;    1;   0.0;   0;    5.733;   0;   7.0;   7.6;  991.05;    4.1;   91.96;   10.4;   -0.4;   -1.8;eor
       3811;20191125;    1;   5.0;   1.1;    1;   0.0;   0;    0.000;   0;   8.0;   7.0;  993.36;    1.9;  100.00;    3.5;    0.0;   -0.2;eor
       3811;20191126;    1;   8.2;   2.0;    1;   0.0;   8;    0.883;   0;   8.0;   8.4;  990.26;    6.0;   89.88;    8.9;    3.3;    3.1;eor
       3811;20191127;    1;   9.9;   2.7;    1;   5.2;   6;    0.000;   0;   6.9;   8.7;  980.73;    6.5;   89.79;    9.3;    4.4;    2.5;eor
       3811;20191128;    1;  16.0;   6.9;    1;   3.7;   6;    3.517;   0;   6.6;   9.3;  976.60;   10.3;   74.13;   12.8;    8.5;    7.3;eor
       3811;20191129;    1;  14.1;   7.0;    1;   0.0;   6;    4.667;   0;   5.0;   7.3;  987.15;    5.8;   78.67;    9.5;    0.2;   -1.6;eor
       3811;20191130;    1;   8.5;   3.1;    1;   0.0;   6;    1.250;   0;   6.3;   6.5; 1003.45;    2.4;   89.29;    5.1;   -0.5;   -2.5;eor
       3811;20191201;    1;   3.4;   1.3;    1;   0.0;   0;    1.500;   0;   7.8;   6.3; 1003.62;    1.6;   92.08;    4.9;   -0.6;   -1.7;eor
       3811;20191202;    1;  11.6;   4.9;    1;   0.4;   6;    0.283;   0;   7.7;   6.6; 1003.25;    2.6;   89.92;    4.9;   -0.6;   -2.4;eor
       3811;20191203;    1;   7.2;   3.3;    1;   0.0;   8;    3.300;   0;   7.4;   7.2; 1008.54;    3.9;   89.38;    6.3;    1.9;    0.7;eor
       3811;20191204;    1;   8.1;   2.6;    1;   0.0;   0;    6.617;   0;  -999;   6.0; 1006.05;    2.4;   83.08;    7.0;   -1.9;   -3.7;eor
       3811;20191205;    1;  10.2;   2.6;    1;   0.0;   0;    6.550;   0;   1.2;   5.1; 1002.38;    0.5;   81.88;    4.5;   -2.8;   -4.4;eor
       3811;20191206;    1;  15.8;   7.0;    1;   6.8;   6;    3.383;   0;   5.0;   5.7;  994.74;    3.2;   74.13;    5.7;    0.1;   -1.0;eor
       3811;20191207;    1;  16.0;   8.0;    1;   0.5;   6;    0.050;   0;   7.5;   8.4;  991.83;    7.6;   80.08;    9.5;    4.6;    4.0;eor
       3811;20191208;    1;  19.6;   7.1;    1;   0.4;   6;    0.650;   0;   7.9;   8.6;  987.44;    9.0;   74.67;   10.8;    6.3;    5.4;eor
       3811;20191209;    1;  17.4;   5.9;    1;   2.0;   6;    5.583;   0;   6.0;   7.9;  984.45;    7.3;   77.21;   10.1;    4.7;    3.3;eor
       3811;20191210;    1;  11.9;   5.1;    1;   0.0;   4;    4.800;   0;   1.7;   6.4; 1003.52;    3.0;   84.13;    5.6;    0.0;   -2.2;eor
       3811;20191211;    1;   6.2;   1.9;    1;   0.9;   8;    0.500;   0;   7.3;   5.0;  994.34;    1.7;   72.88;    5.2;   -0.8;   -2.2;eor
       3811;20191212;    1;   8.9;   3.0;    1;   0.0;   6;    1.150;   0;   7.2;   6.5;  984.93;    2.5;   88.92;    4.8;   -0.1;   -2.1;eor
       3811;20191213;    1;  11.3;   3.5;    1;   4.5;   8;    3.033;   0;   4.6;   6.0;  967.79;    1.4;   88.00;    4.3;   -0.6;   -2.1;eor
       3811;20191214;    1;  20.0;   6.9;    1;   4.6;   6;    0.333;   0;   6.9;   7.1;  973.51;    5.0;   81.29;    6.3;    3.6;    2.3;eor
       3811;20191215;    1;  17.3;   5.1;    1;   2.8;   6;    1.217;   0;   7.7;   8.0;  985.77;    6.6;   80.71;   10.7;    3.7;    2.2;eor
       3811;20191216;    1;   7.4;   2.5;    1;   0.3;   6;    1.133;   0;   7.9;   8.8;  992.00;    7.6;   83.46;   12.1;    5.1;    3.1;eor
       3811;20191217;    1;   6.9;   2.3;    1;   0.0;   0;    3.533;   0;   7.9;   8.5;  989.76;    9.1;   74.08;   15.2;    3.6;    1.9;eor
       3811;20191218;    1;  10.4;   2.7;    1;   0.4;   6;    0.000;   0;   6.5;   8.8;  998.65;    7.3;   86.71;   11.6;    0.7;   -0.4;eor
       3811;20191219;    1;   7.6;   1.7;    1;   0.0;   0;    2.750;-999;   6.4;   7.8;  997.62;    3.9;   95.75;    9.3;   -0.2;   -1.7;eor
       3811;20191220;    1;   6.8;   2.2;    1;   2.8;   6;    5.667;   0;   4.8;   8.4;  979.29;    6.5;   86.63;   12.2;   -0.1;   -2.1;eor
       3811;20191221;    1;   8.9;   2.9;    1;   0.0;   0;    5.733;   0;   5.8;   8.3;  976.52;    6.0;   88.00;    9.3;   -1.3;   -3.2;eor
       3811;20191222;    1;   7.3;   1.6;    1;   0.1;   6;    0.000;   0;   6.9;   7.1;  972.18;    2.8;   93.79;    7.1;   -2.1;   -3.7;eor
       3811;20191223;    1;  13.3;   6.2;    1;   0.1;   6;    1.683;   0;   7.8;   8.3;  985.33;    6.9;   83.46;    8.1;    5.7;    4.4;eor
       3811;20191224;    1;  10.8;   4.9;    1;   2.1;   6;    2.450;   0;   7.5;   7.8;  992.96;    6.3;   82.33;    7.9;    4.6;    4.0;eor
       3811;20191225;    1;  11.2;   5.2;    1;   1.0;   6;    0.000;   0;   7.8;   8.5;  996.54;    5.8;   91.83;    7.4;    4.5;    3.6;eor
       3811;20191226;    1;   8.6;   3.9;    1;   0.0;   6;    2.383;   0;   7.1;   7.4; 1005.67;    4.4;   88.08;    6.4;    3.0;    1.5;eor
       3811;20191227;    1;   7.0;   2.7;    1;   0.1;   8;    0.000;   0;   7.8;   6.6; 1010.62;    2.8;   88.83;    4.1;    1.3;    0.7;eor
       3811;20191228;    1;   7.0;   2.3;    1;   0.0;   7;    0.000;   0;   8.0;   5.4; 1022.48;    0.4;   86.13;    1.7;   -2.5;   -4.5;eor
       3811;20191229;    1;   5.4;   1.9;    1;   0.0;   0;    6.017;   0;   5.5;   4.5; 1020.77;   -1.0;   79.42;    2.2;   -4.8;   -6.3;eor
       3811;20191230;    1;  14.1;   5.8;    1;   0.0;   0;    1.550;   0;   6.9;   4.1; 1012.36;    5.0;   47.21;    7.5;    1.1;    0.3;eor
       3811;20191231;    1;  13.4;   6.1;    1;   0.0;   4;    0.733;   0;   6.2;   6.2; 1011.40;    5.3;   69.42;    6.3;    3.9;    3.1;eor
       3811;20200101;    1;   6.8;   2.4;    1;   0.0;   0;    6.250;   0;   3.1;   6.0; 1015.34;    2.2;   83.04;    5.4;   -2.7;   -5.3;eor
       3811;20200102;    1;  10.4;   3.0;    1;   0.0;   0;    6.767;   0;   1.0;   4.6; 1009.31;    1.4;   69.63;    8.1;   -4.4;   -6.4;eor
       3811;20200103;    1;  16.1;   6.6;    1;   2.0;   6;    0.000;   0;   6.8;   7.5; 1001.69;    5.5;   82.75;    8.2;    2.0;    0.3;eor
