STATIONS_ID;MESS_DATUM;QN_3;  FX;  FM;QN_4; RSK;RSKF; SDK;SHK_TAG;  NM; VPM;  PM; TMK; UPM; TXK; TNK; TGK;eor
       3904;20180626;-999;-999;-999;    3;   0.0;   0;   13.750;-999;  -999;  12.9;    -999;   18.6;   64.79;   26.4;    8.7;    7.6;eor
       3904;20180627;-999;-999;-999;    3;   0.0;   0;   13.233;-999;  -999;  13.6;    -999;   19.9;   62.13;   27.2;    9.9;    8.2;eor
       3904;20180628;-999;-999;-999;    3;   0.0;   0;   12.250;-999;  -999;  13.1;    -999;   20.3;   57.54;   27.0;   10.3;    8.2;eor
       3904;20180629;-999;-999;-999;    3;   0.0;   0;    9.533;-999;  -999;  15.4;    -999;   22.5;   59.38;   28.9;   14.6;   13.0;eor
       3904;20180630;-999;-999;-999;    3;   0.0;   0;   12.717;-999;  -999;  15.2;    -999;   23.3;   56.13;   31.1;   13.2;   11.7;eor
       3904;20180701;-999;-999;-999;    3;   0.0;   0;   13.733;-999;  -999;  10.4;    -999;   20.9;   44.29;   27.3;   12.1;   10.0;eor
       3904;20180702;-999;-999;-999;    3;   0.0;   0;   13.767;-999;  -999;  10.9;    -999;   20.9;   46.46;   28.5;   11.7;    9.1;eor
       3904;20180703;-999;-999;-999;    3;   0.0;   0;   11.750;-999;  -999;  12.0;    -999;   21.0;   53.58;   29.8;   10.3;    9.0;eor
       3904;20180704;-999;-999;-999;    3;   3.4;   4;    6.967;-999;  -999;  17.6;    -999;   19.8;   77.79;   29.6;   12.3;   11.9;eor
       3904;20180705;-999;-999;-999;    3;   3.1;   4;    0.017;-999;  -999;  18.7;    -999;   17.8;   91.83;   21.6;   13.3;   12.8;eor
       3904;20180706;-999;-999;-999;    3;   0.0;   0;    9.217;-999;  -999;  15.7;    -999;   20.3;   70.42;   27.8;   13.4;   12.1;eor
       3904;20180707;-999;-999;-999;    3;   0.0;   0;    9.233;-999;  -999;  14.3;    -999;   20.3;   65.29;   28.5;   12.3;   10.9;eor
       3904;20180708;-999;-999;-999;    3;   0.0;   0;   13.733;-999;  -999;  11.9;    -999;   19.3;   59.29;   27.3;    9.6;    8.6;eor
       3904;20180709;-999;-999;-999;    3;   0.0;   0;   13.233;-999;  -999;  12.9;    -999;   19.2;   62.38;   26.3;   10.1;    8.4;eor
       3904;20180710;-999;-999;-999;    3;   0.0;   0;    2.500;-999;  -999;  12.4;    -999;   16.9;   66.13;   20.6;   12.9;   11.5;eor
       3904;20180711;-999;-999;-999;    3;   0.0;   0;    7.667;-999;  -999;  12.6;    -999;   17.0;   67.96;   23.1;    8.8;    7.7;eor
       3904;20180712;-999;-999;-999;    3;   0.0;   0;    6.633;-999;  -999;  14.6;    -999;   19.4;   67.58;   26.1;   12.6;   11.4;eor
       3904;20180713;-999;-999;-999;    3;   0.0;   0;   10.567;-999;  -999;  14.6;    -999;   20.3;   65.42;   28.6;   12.0;   10.6;eor
       3904;20180714;-999;-999;-999;    3;   0.0;   0;   11.633;-999;  -999;  14.2;    -999;   22.0;   59.67;   30.5;   12.3;   11.2;eor
       3904;20180715;-999;-999;-999;    3;   0.0;   0;    9.117;-999;  -999;  15.3;    -999;   21.2;   63.46;   29.8;   12.9;   12.0;eor
       3904;20180716;-999;-999;-999;    3;   0.0;   0;   11.533;-999;  -999;  14.0;    -999;   20.8;   63.29;   30.7;   10.7;    9.9;eor
       3904;20180717;-999;-999;-999;    3;   0.0;   0;   10.900;-999;  -999;  14.3;    -999;   21.5;   61.13;   30.2;   12.2;   10.9;eor
       3904;20180718;-999;-999;-999;    3;   0.0;   0;   12.500;-999;  -999;  12.8;    -999;   20.4;   59.21;   29.2;   11.0;    9.4;eor
       3904;20180719;-999;-999;-999;    3;   0.0;   0;   13.383;-999;  -999;  12.1;    -999;   20.7;   56.75;   30.0;    9.9;    8.6;eor
       3904;20180720;-999;-999;-999;    3;   0.0;   0;   10.700;-999;  -999;  14.1;    -999;   21.4;   59.71;   29.9;   11.0;   10.0;eor
       3904;20180721;-999;-999;-999;    3;   0.0;   0;    6.967;-999;  -999;  16.3;    -999;   20.7;   68.92;   26.3;   13.3;   12.3;eor
       3904;20180722;-999;-999;-999;    3;   0.0;   0;    9.733;-999;  -999;  13.9;    -999;   21.1;   61.58;   29.9;   13.1;   11.8;eor
       3904;20180723;-999;-999;-999;    3;   0.0;   0;   11.683;-999;  -999;  14.5;    -999;   21.8;   60.46;   30.1;   11.5;   10.4;eor
       3904;20180724;-999;-999;-999;    3;   0.0;   0;   12.817;-999;  -999;  15.1;    -999;   23.5;   58.67;   32.9;   12.7;   11.7;eor
       3904;20180725;-999;-999;-999;    3;   0.0;   0;   13.100;-999;  -999;  15.3;    -999;   25.4;   54.75;   35.1;   14.4;   12.9;eor
       3904;20180726;-999;-999;-999;    3;   0.0;   0;   11.617;-999;  -999;  16.0;    -999;   25.6;   54.79;   36.2;   14.9;   13.7;eor
       3904;20180727;-999;-999;-999;    3;   0.0;   4;   13.283;-999;  -999;  15.0;    -999;   26.1;   51.42;   35.7;   14.7;   13.5;eor
       3904;20180728;-999;-999;-999;    3;   0.1;   4;    6.383;-999;  -999;  16.5;    -999;   24.1;   55.96;   29.7;   17.1;   15.1;eor
       3904;20180729;-999;-999;-999;    3;   0.0;   0;    9.267;-999;  -999;  13.6;    -999;   22.4;   54.92;   30.8;   12.6;   10.8;eor
       3904;20180730;-999;-999;-999;    3;   0.0;   0;   12.383;-999;  -999;  15.6;    -999;   24.2;   56.75;   32.8;   14.8;   13.8;eor
       3904;20180731;-999;-999;-999;    3;   0.0;   0;   11.100;-999;  -999;  16.1;    -999;   24.3;   58.00;   33.0;   14.0;   12.8;eor
       3904;20180801;-999;-999;-999;    3;   6.4;   4;    2.383;-999;  -999;  19.4;    -999;   19.7;   84.58;   23.5;   15.1;   14.1;eor
       3904;20180802;-999;-999;-999;    3;   0.0;   0;   10.683;-999;  -999;  17.9;    -999;   23.5;   69.08;   33.3;   14.3;   13.9;eor
       3904;20180803;-999;-999;-999;    3;   0.0;   0;   12.317;-999;  -999;  18.5;    -999;   26.2;   59.58;   36.2;   15.9;   15.1;eor
       3904;20180804;-999;-999;-999;    3;   0.0;   0;   11.400;-999;  -999;  16.6;    -999;   27.1;   51.54;   36.1;   16.8;   15.9;eor
       3904;20180805;-999;-999;-999;    3;   0.0;   0;   12.500;-999;  -999;  15.9;    -999;   24.8;   54.04;   31.9;   15.2;   13.2;eor
       3904;20180806;-999;-999;-999;    3;   0.0;   0;   13.083;-999;  -999;  14.0;    -999;   23.9;   53.42;   34.1;   13.6;   11.1;eor
       3904;20180807;-999;-999;-999;    3;   9.4;   4;   11.100;-999;  -999;  16.2;    -999;   25.5;   56.25;   36.6;   14.9;   14.3;eor
       3904;20180808;-999;-999;-999;    3;   0.1;   4;    6.517;-999;  -999;  19.5;    -999;   22.1;   74.58;   27.3;   16.8;   16.0;eor
       3904;20180809;-999;-999;-999;    3;   1.8;   4;    3.267;-999;  -999;  18.3;    -999;   20.5;   76.46;   28.7;   15.3;   14.3;eor
       3904;20180810;-999;-999;-999;    3;   0.0;   0;    7.417;-999;  -999;  11.9;    -999;   17.8;   61.67;   23.8;   10.7;    9.2;eor
       3904;20180811;-999;-999;-999;    3;   0.0;   0;    9.050;-999;  -999;  11.4;    -999;   17.8;   59.04;   24.4;    8.4;    7.4;eor
       3904;20180812;-999;-999;-999;    3;   7.1;   4;   12.317;-999;  -999;  11.0;    -999;   17.8;   61.58;   28.1;    6.9;    5.7;eor
       3904;20180813;-999;-999;-999;    3;   1.9;   4;    2.867;-999;  -999;  16.5;    -999;   18.3;   79.33;   23.8;   12.5;   11.3;eor
       3904;20180814;-999;-999;-999;    3;   0.0;   0;    1.833;-999;  -999;  16.5;    -999;   18.1;   80.29;   23.3;   12.3;   10.6;eor
       3904;20180815;-999;-999;-999;    3;   0.0;   0;    3.050;-999;  -999;  15.4;    -999;   18.2;   76.58;   24.1;   11.6;   10.7;eor
       3904;20180816;-999;-999;-999;    3;   0.0;   0;   10.583;-999;  -999;  14.1;    -999;   19.6;   68.71;   30.1;    9.6;    8.3;eor
       3904;20180817;-999;-999;-999;    3;   0.0;   0;    7.333;-999;  -999;  15.4;    -999;   19.3;   71.67;   28.1;   11.7;    9.7;eor
       3904;20180818;-999;-999;-999;    3;   0.0;   0;   12.817;-999;  -999;  11.7;    -999;   17.9;   63.96;   27.1;    8.3;    6.9;eor
       3904;20180819;-999;-999;-999;    3;   0.0;   0;   12.833;-999;  -999;  13.7;    -999;   19.1;   66.96;   29.1;    8.8;    7.5;eor
       3904;20180820;-999;-999;-999;    3;   0.0;   0;    4.233;-999;  -999;  16.6;    -999;   19.3;   76.38;   27.4;   11.8;   10.7;eor
       3904;20180821;-999;-999;-999;    3;   0.0;   0;    9.967;-999;  -999;  16.5;    -999;   21.4;   69.75;   30.1;   14.1;   13.1;eor
       3904;20180822;-999;-999;-999;    3;   0.0;   0;   12.350;-999;  -999;  15.8;    -999;   22.0;   65.83;   32.4;   12.4;   11.0;eor
       3904;20180823;-999;-999;-999;    3;   0.0;   0;    9.050;-999;  -999;  16.9;    -999;   22.0;   68.79;   32.1;   12.0;   10.9;eor
       3904;20180824;-999;-999;-999;    3;   1.4;   4;    4.850;-999;  -999;  12.4;    -999;   17.3;   64.58;   21.9;   11.2;    8.8;eor
       3904;20180825;-999;-999;-999;    3;   0.2;   4;    4.600;-999;  -999;  10.1;    -999;   14.2;   64.13;   20.0;    5.3;    3.5;eor
       3904;20180826;-999;-999;-999;    3;   1.8;   4;    9.383;-999;  -999;   8.4;    -999;   14.0;   58.38;   21.8;    2.9;    0.9;eor
       3904;20180827;-999;-999;-999;    3;   1.0;   4;    0.350;-999;  -999;  14.8;    -999;   14.9;   86.92;   19.4;    9.2;    7.5;eor
       3904;20180828;-999;-999;-999;    3;   0.0;   0;    9.850;-999;  -999;  13.4;    -999;   16.0;   78.13;   25.4;    8.8;    9.6;eor
       3904;20180829;-999;-999;-999;    3;  18.9;   4;    5.600;-999;  -999;  16.3;    -999;   17.0;   83.88;   23.8;    9.2;    7.4;eor
       3904;20180830;-999;-999;-999;    3;   0.6;   4;    1.633;-999;  -999;  15.2;    -999;   16.5;   81.88;   21.2;   11.7;   11.2;eor
       3904;20180831;-999;-999;-999;    3;   0.0;   0;    2.067;-999;  -999;  12.3;    -999;   15.0;   73.58;   20.0;    9.0;    7.7;eor
       3904;20180901;-999;-999;-999;    3;   0.0;   0;   11.233;-999;  -999;  10.1;    -999;   14.8;   63.88;   21.9;    7.5;    5.8;eor
       3904;20180902;-999;-999;-999;    3;   0.0;   0;    5.833;-999;  -999;  11.7;    -999;   15.2;   69.38;   22.6;    5.9;    4.5;eor
       3904;20180903;-999;-999;-999;    3;   1.4;   4;    3.800;-999;  -999;  15.3;    -999;   18.0;   75.17;   23.9;   13.0;   12.0;eor
       3904;20180904;-999;-999;-999;    3;   0.0;   0;    6.367;-999;  -999;  16.0;    -999;   17.7;   81.21;   24.9;   10.5;    9.7;eor
       3904;20180905;-999;-999;-999;    3;   7.9;   4;    6.967;-999;  -999;  16.8;    -999;   20.0;   75.46;   28.4;   13.3;   12.1;eor
       3904;20180906;-999;-999;-999;    3;   7.6;   4;    2.317;-999;  -999;  18.6;    -999;   18.6;   87.21;   24.2;   14.4;   13.6;eor
       3904;20180907;-999;-999;-999;    3;   0.8;   4;    3.717;-999;  -999;  14.3;    -999;   15.0;   83.79;   18.8;    5.9;    4.8;eor
       3904;20180908;-999;-999;-999;    3;   0.0;   0;    9.817;-999;  -999;  11.1;    -999;   13.1;   77.17;   21.7;    3.7;    3.1;eor
       3904;20180909;-999;-999;-999;    3;   0.0;   0;   11.767;-999;  -999;  12.2;    -999;   15.7;   74.00;   25.2;    6.6;    5.9;eor
       3904;20180910;-999;-999;-999;    3;   0.0;   0;    9.967;-999;  -999;  13.0;    -999;   16.7;   73.08;   26.8;    8.4;    7.7;eor
       3904;20180911;-999;-999;-999;    3;   0.0;   0;   11.383;-999;  -999;  12.5;    -999;   16.6;   72.17;   27.4;    7.3;    6.3;eor
       3904;20180912;-999;-999;-999;    3;   0.0;   0;   11.833;-999;  -999;  13.0;    -999;   18.3;   67.96;   29.6;    7.6;    6.7;eor
       3904;20180913;-999;-999;-999;    3;   0.0;   4;    0.200;-999;  -999;  15.9;    -999;   16.9;   82.29;   19.9;   13.3;   12.4;eor
       3904;20180914;-999;-999;-999;    3;   0.0;   0;    3.783;-999;  -999;  13.0;    -999;   15.8;   74.04;   21.7;    6.7;    4.8;eor
       3904;20180915;-999;-999;-999;    3;   0.0;   0;    8.783;-999;  -999;  10.9;    -999;   13.0;   76.42;   22.8;    5.1;    3.9;eor
       3904;20180916;-999;-999;-999;    3;   0.0;   0;   11.250;-999;  -999;  10.6;    -999;   14.2;   71.46;   26.1;    4.7;    2.9;eor
       3904;20180917;-999;-999;-999;    3;   0.0;   0;   11.517;-999;  -999;  11.2;    -999;   15.4;   70.42;   27.8;    4.3;    3.3;eor
       3904;20180918;-999;-999;-999;    3;   0.0;   0;   10.700;-999;  -999;  13.8;    -999;   19.0;   67.83;   30.6;    7.6;    6.4;eor
       3904;20180919;-999;-999;-999;    3;   0.0;   0;   10.583;-999;  -999;  15.2;    -999;   18.7;   74.50;   28.5;   10.1;    8.9;eor
       3904;20180920;-999;-999;-999;    3;   0.0;   0;   10.933;-999;  -999;  13.4;    -999;   16.9;   74.29;   26.6;    7.9;    6.5;eor
       3904;20180921;-999;-999;-999;    3;   2.2;   4;    2.000;-999;  -999;  12.5;    -999;   15.0;   73.38;   20.4;    9.1;    5.6;eor
       3904;20180922;-999;-999;-999;    3;   3.8;   4;    3.900;-999;  -999;  10.2;    -999;   12.3;   73.17;   18.9;    5.4;    3.7;eor
       3904;20180923;-999;-999;-999;    3;   6.0;   4;    0.000;-999;  -999;  15.9;    -999;   15.0;   90.42;   20.7;    5.9;    4.7;eor
       3904;20180924;-999;-999;-999;    3;   0.0;   0;    7.200;-999;  -999;   8.8;    -999;    9.0;   79.08;   15.5;    2.8;    1.3;eor
       3904;20180925;-999;-999;-999;    3;   0.0;   0;    9.450;-999;  -999;   8.0;    -999;    8.2;   76.92;   16.6;    1.0;   -0.2;eor
       3904;20180926;-999;-999;-999;    3;   0.0;   0;   11.017;-999;  -999;   7.6;    -999;    8.8;   72.83;   19.8;    0.1;   -1.5;eor
       3904;20180927;-999;-999;-999;    3;   0.0;   0;   10.783;-999;  -999;   9.2;    -999;   10.6;   76.38;   23.3;    0.3;   -1.1;eor
       3904;20180928;-999;-999;-999;    3;   0.0;   0;    6.617;-999;  -999;  10.0;    -999;   11.2;   77.54;   21.0;    1.8;    0.9;eor
       3904;20180929;-999;-999;-999;    3;   0.0;   0;   10.767;-999;  -999;   7.7;    -999;   10.0;   66.67;   17.5;    2.0;    0.2;eor
       3904;20180930;-999;-999;-999;    3;   0.0;   4;   10.500;-999;  -999;   8.2;    -999;    9.2;   73.58;   20.0;   -0.3;   -1.7;eor
       3904;20181001;-999;-999;-999;    3;   0.5;   4;    2.833;   0;  -999;   8.8;    -999;    8.8;   78.79;   16.2;    1.1;   -0.5;eor
       3904;20181002;-999;-999;-999;    3;   0.9;   4;    0.000;   0;  -999;  10.0;    -999;    8.5;   88.67;   11.8;    1.1;   -1.1;eor
       3904;20181003;-999;-999;-999;    3;   0.0;   0;    4.400;   0;  -999;  11.5;    -999;   12.2;   81.96;   18.7;    2.3;    0.7;eor
       3904;20181004;-999;-999;-999;    3;   0.0;   0;    8.933;   0;  -999;   9.3;    -999;    9.3;   81.67;   20.2;    0.7;   -0.4;eor
       3904;20181005;-999;-999;-999;    3;   0.0;   0;    9.267;   0;  -999;  10.2;    -999;   10.7;   81.96;   21.9;    3.1;    0.8;eor
       3904;20181006;-999;-999;-999;    3;   0.5;   4;    8.567;   0;  -999;  11.4;    -999;   12.8;   79.75;   23.9;    2.9;    1.8;eor
       3904;20181007;-999;-999;-999;    3;   0.0;   0;    0.817;   0;  -999;  13.0;    -999;   13.3;   85.50;   17.3;    6.3;    4.3;eor
       3904;20181008;-999;-999;-999;    3;   0.0;   0;   10.017;   0;  -999;  11.0;    -999;   10.9;   85.00;   20.7;    3.7;    1.8;eor
       3904;20181009;-999;-999;-999;    3;   0.0;   0;    8.233;   0;  -999;  12.3;    -999;   12.6;   85.75;   23.2;    5.0;    3.3;eor
       3904;20181010;-999;-999;-999;    3;   0.0;   0;    9.717;   0;  -999;  12.7;    -999;   14.3;   80.46;   23.6;    5.6;    3.0;eor
       3904;20181011;-999;-999;-999;    3;   0.0;   0;    5.317;   0;  -999;  12.7;    -999;   14.6;   78.38;   23.7;    6.7;    4.9;eor
       3904;20181012;-999;-999;-999;    3;   0.0;   0;    6.750;   0;  -999;  14.0;    -999;   16.8;   75.67;   25.7;    9.8;    7.7;eor
       3904;20181013;-999;-999;-999;    3;   0.0;   0;    9.917;   0;  -999;  12.7;    -999;   15.9;   74.75;   26.9;    7.3;    5.9;eor
       3904;20181014;-999;-999;-999;    3;   0.0;   0;    8.700;   0;  -999;  11.4;    -999;   15.5;   69.38;   26.0;    6.3;    4.6;eor
       3904;20181015;-999;-999;-999;    3;   0.0;   0;    9.567;   0;  -999;  10.1;    -999;   13.3;   71.38;   26.0;    4.2;    2.3;eor
       3904;20181016;-999;-999;-999;    3;   0.0;   0;    6.000;   0;  -999;  10.8;    -999;   12.1;   79.00;   23.3;    3.9;    1.9;eor
       3904;20181017;-999;-999;-999;    3;   0.0;   0;    8.433;   0;  -999;  10.6;    -999;   12.1;   79.13;   24.2;    3.3;    1.6;eor
       3904;20181018;-999;-999;-999;    3;   0.0;   0;    5.483;   0;  -999;  12.3;    -999;   12.6;   84.83;   19.6;    6.5;    4.2;eor
       3904;20181019;-999;-999;-999;    3;   0.0;   0;    9.317;   0;  -999;  10.7;    -999;   10.6;   85.04;   19.4;    4.0;    1.8;eor
       3904;20181020;-999;-999;-999;    3;   0.0;   0;    7.450;   0;  -999;   9.6;    -999;    9.6;   82.25;   17.7;    2.5;   -0.2;eor
       3904;20181021;-999;-999;-999;    3;   0.0;   0;    9.650;   0;  -999;   7.8;    -999;    7.2;   79.46;   17.9;   -0.8;   -2.6;eor
       3904;20181022;-999;-999;-999;    3;   0.0;   0;    3.850;   0;  -999;   8.7;    -999;    7.8;   82.25;   16.5;   -0.1;   -1.7;eor
       3904;20181023;-999;-999;-999;    3;   0.0;   0;    4.250;   0;  -999;   8.1;    -999;    7.7;   79.08;   15.1;   -1.8;   -3.7;eor
       3904;20181024;-999;-999;-999;    3;   0.1;   4;    0.000;   0;  -999;  12.5;    -999;   12.6;   85.04;   14.6;    9.7;    7.2;eor
       3904;20181025;-999;-999;-999;    3;   0.0;   0;    2.433;   0;  -999;  11.5;    -999;   12.4;   80.25;   15.7;    6.6;    3.7;eor
       3904;20181026;-999;-999;-999;    3;   0.1;   4;    0.000;   0;  -999;   9.4;    -999;    9.4;   79.63;   10.6;    6.7;    5.3;eor
       3904;20181027;-999;-999;-999;    3;   0.0;   0;    0.567;   0;  -999;   7.3;    -999;    5.0;   84.04;    8.7;   -0.6;   -2.7;eor
       3904;20181028;-999;-999;-999;    3;   1.0;   4;    0.267;   0;  -999;   6.7;    -999;    5.7;   74.29;    7.5;    3.5;    1.5;eor
       3904;20181029;-999;-999;-999;    3;   5.5;   4;    0.000;   0;  -999;   7.6;    -999;    5.4;   85.08;    6.2;    4.4;    3.8;eor
       3904;20181030;-999;-999;-999;    3;   4.6;   4;    0.000;   0;  -999;   7.9;    -999;    5.2;   88.96;    7.4;    2.3;    1.7;eor
       3904;20181031;-999;-999;-999;    3;   0.0;   0;    0.000;   0;  -999;   7.8;    -999;    5.4;   86.21;   10.9;   -1.5;   -3.5;eor
       3904;20181101;-999;-999;-999;    3;   4.7;   4;    0.183;   0;  -999;   9.4;    -999;    6.7;   93.96;   10.5;    1.7;   -0.1;eor
       3904;20181102;-999;-999;-999;    3;   0.1;   4;    0.150;   0;  -999;   9.8;    -999;    7.8;   91.92;   10.0;    0.0;   -1.4;eor
       3904;20181103;-999;-999;-999;    3;   0.0;   0;    5.767;   0;  -999;   7.5;    -999;    4.2;   91.42;    9.9;   -0.1;   -1.9;eor
       3904;20181104;-999;-999;-999;    3;   0.0;   0;    7.633;   0;  -999;   8.6;    -999;    6.6;   88.17;   15.0;   -0.7;   -1.5;eor
       3904;20181105;-999;-999;-999;    3;   0.0;   0;    1.850;   0;  -999;   9.9;    -999;    8.5;   89.83;   14.4;    2.6;    0.6;eor
       3904;20181106;-999;-999;-999;    3;   0.0;   0;    4.950;   0;  -999;  10.1;    -999;    8.7;   90.42;   14.8;    4.2;    2.5;eor
       3904;20181107;-999;-999;-999;    3;   0.8;   4;    4.350;   0;  -999;  10.2;    -999;   10.9;   80.04;   17.6;    4.0;    0.6;eor
       3904;20181108;-999;-999;-999;    3;   0.0;   0;    2.733;   0;  -999;   9.9;    -999;    9.7;   82.25;   13.9;    4.9;    3.2;eor
       3904;20181109;-999;-999;-999;    3;   0.5;   4;    3.800;   0;  -999;   9.7;    -999;    8.2;   88.33;   14.4;    1.2;    0.0;eor
       3904;20181110;-999;-999;-999;    3;  17.0;   4;    0.000;   0;  -999;  12.5;    -999;   12.6;   85.75;   14.4;    9.5;    7.8;eor
       3904;20181111;-999;-999;-999;    3;   0.6;   4;    1.000;   0;  -999;  11.8;    -999;   12.6;   81.33;   16.0;    9.5;    7.3;eor
       3904;20181112;-999;-999;-999;    3;  24.8;   4;    0.233;   0;  -999;  13.2;    -999;   13.6;   85.71;   19.9;    9.8;    9.3;eor
       3904;20181113;-999;-999;-999;    3;   0.0;   4;    2.817;   0;  -999;  10.4;    -999;    9.3;   88.13;   13.4;    0.5;   -0.4;eor
       3904;20181114;-999;-999;-999;    3;   0.0;   0;    0.000;   0;  -999;   8.5;    -999;    4.6;   99.17;    7.5;    0.3;   -0.2;eor
       3904;20181115;-999;-999;-999;    3;   0.0;   0;    0.000;   0;  -999;   8.7;    -999;    5.7;   95.21;    7.0;    4.3;    4.7;eor
       3904;20181116;-999;-999;-999;    3;   0.0;   0;    5.067;   0;  -999;   7.4;    -999;    5.1;   84.79;   11.0;   -0.9;   -2.9;eor
       3904;20181117;-999;-999;-999;    3;   0.0;   0;    8.033;   0;  -999;   5.7;    -999;    3.6;   74.46;   10.8;   -3.7;   -5.4;eor
       3904;20181118;-999;-999;-999;    3;   0.0;   0;    7.967;   0;  -999;   4.8;    -999;    3.7;   60.38;    8.4;   -1.9;   -4.0;eor
       3904;20181119;-999;-999;-999;    3;   2.6;   4;    0.000;   0;  -999;   5.5;    -999;    2.6;   74.25;    5.4;   -2.4;   -4.4;eor
       3904;20181120;-999;-999;-999;    3;   0.0;   4;    1.483;   0;  -999;   5.4;    -999;    3.5;   69.00;    5.1;    2.2;   -0.8;eor
       3904;20181121;-999;-999;-999;    3;   0.0;   0;    0.283;   0;  -999;   6.2;    -999;    3.3;   80.33;    5.9;   -0.6;   -1.6;eor
       3904;20181122;-999;-999;-999;    3;   0.0;   0;    5.017;   0;  -999;   5.9;    -999;    2.3;   82.46;    7.7;   -3.0;   -4.3;eor
       3904;20181123;-999;-999;-999;    3;   2.5;   4;    4.717;   0;  -999;   6.1;    -999;    1.6;   88.67;    8.1;   -4.5;   -5.7;eor
       3904;20181124;-999;-999;-999;    3;   2.4;   4;    0.267;   0;  -999;   8.4;    -999;    5.7;   91.25;    9.5;    2.7;    2.4;eor
       3904;20181125;-999;-999;-999;    3;   0.6;   4;    0.000;   0;  -999;   8.9;    -999;    5.9;   96.00;    7.5;    2.3;    1.2;eor
       3904;20181126;-999;-999;-999;    3;   0.1;   4;    0.000;   0;  -999;   8.0;    -999;    5.9;   86.88;    7.5;    4.1;    3.2;eor
       3904;20181127;-999;-999;-999;    3;   0.0;   4;    0.000;   0;  -999;   7.6;    -999;    4.8;   88.21;    6.3;    3.1;    1.9;eor
       3904;20181128;-999;-999;-999;    3;   3.5;   4;    0.000;   0;  -999;   8.2;    -999;    5.6;   90.25;    7.5;    3.6;    1.1;eor
       3904;20181129;-999;-999;-999;    3;   0.4;   4;    0.000;   0;  -999;   8.8;    -999;    8.0;   81.92;   10.2;    4.2;    2.8;eor
       3904;20181130;-999;-999;-999;    3;   0.1;   4;    0.117;   0;  -999;   9.4;    -999;    7.8;   87.79;   11.4;    1.3;   -0.7;eor
       3904;20181201;-999;-999;-999;    3;   7.9;   4;    0.083;   0;  -999;   9.5;    -999;    7.9;   89.13;    9.6;    6.4;    5.4;eor
       3904;20181202;-999;-999;-999;    3;  13.1;   4;    0.000;   0;  -999;  12.8;    -999;   11.3;   94.63;   14.3;    8.1;    7.6;eor
       3904;20181203;-999;-999;-999;    3;  -999;-999;    0.000;   0;  -999;  -999;    -999;   12.5;-999;   14.1;    9.3;    9.2;eor
       3904;20181204;-999;-999;-999;    3;   0.0;   0;    1.717;   0;  -999;   8.3;    -999;    6.6;   84.50;   11.4;   -0.7;   -2.0;eor
       3904;20181205;-999;-999;-999;    3;   1.9;   4;    0.567;   0;  -999;   8.4;    -999;    5.4;   92.96;    8.0;    2.2;    1.7;eor
       3904;20181206;-999;-999;-999;    3;   0.1;   4;    0.317;   0;  -999;  11.9;    -999;   10.5;   92.88;   12.5;    7.1;    6.8;eor
       3904;20181207;-999;-999;-999;    3;   7.6;   4;    0.000;   0;  -999;  10.6;    -999;   10.2;   84.42;   12.0;    7.2;    5.8;eor
       3904;20181208;-999;-999;-999;    3;  11.8;   4;    0.000;   0;  -999;   9.1;    -999;    8.0;   84.83;   11.3;    6.1;    4.9;eor
       3904;20181209;-999;-999;-999;    3;   6.9;   4;    0.283;   0;  -999;   8.7;    -999;    8.0;   81.38;   10.9;    3.0;    0.6;eor
       3904;20181210;-999;-999;-999;    3;   0.3;   4;    1.350;   0;  -999;   7.1;    -999;    5.1;   80.54;    7.7;   -2.0;   -3.8;eor
       3904;20181211;-999;-999;-999;    3;   0.0;   0;    0.817;   0;  -999;   5.5;    -999;   -1.0;   97.13;    2.9;   -4.3;   -5.4;eor
       3904;20181212;-999;-999;-999;    3;   0.0;   0;    5.133;   0;  -999;   5.8;    -999;   -0.3;   96.08;    4.3;   -3.1;   -4.4;eor
       3904;20181213;-999;-999;-999;    3;   0.0;   0;    4.200;   0;  -999;   4.7;    -999;   -0.1;   78.00;    2.6;   -5.4;   -6.7;eor
       3904;20181214;-999;-999;-999;    3;   0.0;   0;    0.000;   0;  -999;   4.1;    -999;    0.6;   65.17;    1.2;   -0.4;   -1.1;eor
       3904;20181215;-999;-999;-999;    3;   4.0;   4;    2.117;   0;  -999;   4.0;    -999;   -0.2;   66.46;    1.3;   -2.0;   -4.3;eor
       3904;20181216;-999;-999;-999;    3;   1.6;   4;    0.000;   3;  -999;   6.1;    -999;    0.5;   95.17;    2.5;   -1.7;   -1.8;eor
       3904;20181217;-999;-999;-999;    3;   0.2;   4;    0.317;   0;  -999;   8.2;    -999;    5.0;   93.96;    7.4;    1.2;    0.2;eor
       3904;20181218;-999;-999;-999;    3;   1.0;   4;    3.850;   0;  -999;   7.2;    -999;    5.0;   83.21;    8.5;    1.0;   -1.1;eor
       3904;20181219;-999;-999;-999;    3;   3.5;   4;    0.567;   0;  -999;   9.3;    -999;    7.8;   86.96;   10.8;    5.8;    4.5;eor
       3904;20181220;-999;-999;-999;    3;   9.0;   4;    0.000;   0;  -999;   9.1;    -999;    7.2;   89.25;    8.0;    6.4;    5.7;eor
       3904;20181221;-999;-999;-999;    3;   6.9;   4;    0.000;   0;  -999;  10.9;    -999;   10.4;   86.13;   13.5;    7.1;    6.3;eor
       3904;20181222;-999;-999;-999;    3;   6.6;   4;    0.133;   0;  -999;  10.5;    -999;   10.6;   82.00;   12.7;    7.8;    6.9;eor
       3904;20181223;-999;-999;-999;    3;  14.0;   4;    0.000;   0;  -999;  11.2;    -999;   10.0;   90.92;   13.5;    7.9;    6.7;eor
       3904;20181224;-999;-999;-999;    3;   0.0;   0;    0.850;   0;  -999;   7.7;    -999;    5.0;   86.25;   13.3;   -3.4;   -5.1;eor
       3904;20181225;-999;-999;-999;    3;   0.0;   0;    2.100;   0;  -999;   5.3;    -999;   -1.8;   98.88;    1.9;   -4.9;   -5.3;eor
       3904;20181226;-999;-999;-999;    3;   0.0;   0;    0.000;   0;  -999;   4.8;    -999;   -3.0;   98.67;   -2.0;   -4.9;   -4.5;eor
       3904;20181227;-999;-999;-999;    3;   0.0;   0;    0.000;   0;  -999;   5.1;    -999;   -2.1;   97.96;   -0.8;   -3.6;   -3.0;eor
       3904;20181228;-999;-999;-999;    3;   0.0;   0;    0.000;   0;  -999;   5.5;    -999;   -1.0;   96.33;   -0.5;   -1.4;   -1.1;eor
       3904;20181229;-999;-999;-999;    3;   1.0;   4;    0.000;   0;  -999;   6.2;    -999;    0.8;   95.58;    3.6;   -1.1;   -1.0;eor
       3904;20181230;-999;-999;-999;    3;   0.1;   4;    0.000;   0;  -999;   8.1;    -999;    5.2;   92.04;    6.9;    3.3;    2.2;eor
       3904;20181231;-999;-999;-999;    3;   0.1;   4;    0.000;   0;  -999;   9.6;    -999;    6.8;   97.08;    9.0;    5.4;    5.0;eor
       3904;20190101;-999;-999;-999;    3;   1.1;   4;    0.000;   0;  -999;   8.5;    -999;    6.0;   90.67;    7.1;    4.2;    2.5;eor
       3904;20190102;-999;-999;-999;    3;   0.0;   0;    0.100;   0;  -999;   5.6;    -999;    2.8;   75.58;    5.3;   -3.5;   -5.2;eor
       3904;20190103;-999;-999;-999;    3;   0.0;   0;    2.083;   0;  -999;   5.6;    -999;    0.5;   87.58;    4.8;   -5.7;   -7.1;eor
       3904;20190104;-999;-999;-999;    3;   1.2;   4;    1.267;   0;  -999;   5.9;    -999;    1.7;   85.83;    5.3;   -3.6;   -5.0;eor
       3904;20190105;-999;-999;-999;    3;   0.1;   4;    0.000;   0;  -999;   7.2;    -999;    4.0;   88.42;    6.5;    1.3;   -0.1;eor
       3904;20190106;-999;-999;-999;    3;   0.0;   0;    0.000;   0;  -999;   7.0;    -999;    4.1;   85.46;    5.7;    1.1;   -1.5;eor
       3904;20190107;-999;-999;-999;    3;   1.3;   4;    0.200;   0;  -999;   7.3;    -999;    3.9;   89.75;    6.1;    1.7;    1.2;eor
       3904;20190108;-999;-999;-999;    3;   1.6;   4;    0.883;   0;  -999;   7.8;    -999;    6.0;   83.92;    7.6;    3.9;    2.2;eor
       3904;20190109;-999;-999;-999;    3;   0.1;   4;    2.233;   0;  -999;   5.8;    -999;    3.3;   74.92;    6.2;   -0.7;   -2.4;eor
       3904;20190110;-999;-999;-999;    3;   0.0;   0;    1.083;   0;  -999;   4.9;    -999;    1.0;   75.29;    3.4;   -2.4;   -3.1;eor
       3904;20190111;-999;-999;-999;    3;   2.1;   4;    0.000;   0;  -999;   6.2;    -999;    0.9;   94.88;    3.6;   -1.7;   -2.3;eor
       3904;20190112;-999;-999;-999;    3;   3.4;   4;    0.000;   0;  -999;   8.0;    -999;    5.3;   89.96;    7.3;    3.6;    3.1;eor
       3904;20190113;-999;-999;-999;    3;   1.2;   4;    0.000;   0;  -999;   9.7;    -999;    8.3;   88.83;    9.9;    6.7;    4.2;eor
       3904;20190114;-999;-999;-999;    3;   1.2;   4;    1.067;   0;  -999;   7.1;    -999;    4.6;   83.46;    7.5;   -1.0;   -2.3;eor
       3904;20190115;-999;-999;-999;    3;   0.0;   0;    0.000;   0;  -999;   7.2;    -999;    4.5;   85.96;    6.4;    1.7;    0.4;eor
       3904;20190116;-999;-999;-999;    3;   3.2;   4;    2.450;   0;  -999;   6.4;    -999;    5.0;   74.00;    6.4;    3.4;   -0.3;eor
       3904;20190117;-999;-999;-999;    3;   2.5;   4;    1.467;   0;  -999;   7.2;    -999;    4.2;   86.13;    6.3;   -0.7;   -3.5;eor
       3904;20190118;-999;-999;-999;    3;   0.0;   0;    4.000;   0;  -999;   5.0;    -999;   -0.8;   86.50;    4.2;   -6.4;   -7.9;eor
       3904;20190119;-999;-999;-999;    3;   0.0;   0;    7.717;   0;  -999;   4.3;    -999;   -1.5;   79.13;    3.6;   -6.9;   -8.0;eor
       3904;20190120;-999;-999;-999;    3;   0.0;   0;    7.783;   0;  -999;   3.9;    -999;   -3.3;   82.46;    1.2;   -8.8;  -10.1;eor
       3904;20190121;-999;-999;-999;    3;   0.0;   0;    7.850;   0;  -999;   3.4;    -999;   -5.7;   85.33;    1.4;  -10.0;  -11.4;eor
       3904;20190122;-999;-999;-999;    3;   1.0;   4;    0.000;   0;  -999;   4.1;    -999;   -4.0;   88.21;   -0.7;  -10.9;  -12.1;eor
       3904;20190123;-999;-999;-999;    3;   0.0;   0;    0.000;   1;  -999;   4.8;    -999;   -0.9;   84.00;    0.4;   -2.2;   -2.5;eor
       3904;20190124;-999;-999;-999;    3;   0.5;   4;    0.000;   1;  -999;   3.8;    -999;   -2.3;   72.88;   -1.4;   -2.8;   -3.5;eor
       3904;20190125;-999;-999;-999;    3;   0.4;   4;    0.000;   1;  -999;   5.2;    -999;   -0.5;   87.83;    1.1;   -2.5;   -5.6;eor
       3904;20190126;-999;-999;-999;    3;   8.0;   4;    0.000;   0;  -999;   7.6;    -999;    3.6;   95.50;    5.5;    1.1;    0.7;eor
       3904;20190127;-999;-999;-999;    3;  10.3;   4;    0.067;   0;  -999;   7.9;    -999;    5.1;   89.83;    6.5;    2.3;    1.6;eor
       3904;20190128;-999;-999;-999;    3;   0.1;   4;    0.033;   0;  -999;   6.3;    -999;    2.7;   84.25;    4.1;    0.1;   -1.8;eor
       3904;20190129;-999;-999;-999;    3;   1.3;   4;    1.000;   0;  -999;   5.5;    -999;    1.3;   81.79;    3.3;   -1.9;   -4.4;eor
       3904;20190130;-999;-999;-999;    3;  11.4;   4;    0.000;   3;  -999;   5.6;    -999;    0.5;   87.58;    1.7;   -1.9;   -4.9;eor
       3904;20190131;-999;-999;-999;    3;   1.3;   4;    1.983;  15;  -999;   5.5;    -999;    0.1;   88.83;    3.6;   -1.7;   -1.2;eor
       3904;20190201;-999;-999;-999;    3;   4.0;   4;    0.000;  10;  -999;   6.8;    -999;    2.2;   94.42;    4.9;   -2.5;   -2.1;eor
       3904;20190202;-999;-999;-999;    3;   0.4;   4;    0.000;   4;  -999;   7.1;    -999;    2.7;   95.38;    5.0;    0.7;    0.1;eor
       3904;20190203;-999;-999;-999;    3;   0.0;   0;    1.517;   0;  -999;   5.5;    -999;    2.0;   78.25;    5.0;   -5.2;   -6.4;eor
       3904;20190204;-999;-999;-999;    3;   0.0;   0;    4.117;   0;  -999;   4.8;    -999;   -0.8;   84.67;    5.0;   -6.8;   -7.8;eor
       3904;20190205;-999;-999;-999;    3;   0.0;   0;    8.533;   0;  -999;   4.8;    -999;   -0.3;   81.63;    7.0;   -6.2;   -6.9;eor
       3904;20190206;-999;-999;-999;    3;   0.3;   4;    6.650;   0;  -999;   4.8;    -999;   -1.3;   86.67;    7.4;   -7.8;   -8.5;eor
       3904;20190207;-999;-999;-999;    3;   1.6;   4;    2.567;   0;  -999;   7.3;    -999;    5.4;   80.92;    9.6;    0.1;   -0.4;eor
       3904;20190208;-999;-999;-999;    3;   8.1;   4;    0.000;   0;  -999;   7.8;    -999;    6.9;   78.75;    8.8;    4.5;    3.3;eor
       3904;20190209;-999;-999;-999;    3;   6.2;   4;    0.233;   0;  -999;   8.3;    -999;    8.1;   77.08;   10.2;    5.9;    3.9;eor
       3904;20190210;-999;-999;-999;    3;  19.4;   4;    0.000;   0;  -999;   8.5;    -999;    7.1;   83.92;    9.6;    2.9;    1.9;eor
       3904;20190211;-999;-999;-999;    3;   0.0;   0;    1.350;   0;  -999;   6.6;    -999;    4.2;   79.92;    7.5;   -3.1;   -4.7;eor
       3904;20190212;-999;-999;-999;    3;   0.0;   0;    2.633;   0;  -999;   5.5;    -999;   -0.6;   93.21;    5.6;   -4.3;   -5.8;eor
       3904;20190213;-999;-999;-999;    3;   0.0;   0;    1.533;   0;  -999;   5.8;    -999;   -0.2;   95.88;    4.7;   -4.3;   -5.8;eor
       3904;20190214;-999;-999;-999;    3;   0.0;   0;    7.683;   0;  -999;   5.6;    -999;    1.4;   85.21;   12.9;   -4.9;   -6.3;eor
       3904;20190215;-999;-999;-999;    3;   0.0;   0;    9.367;   0;  -999;   5.5;    -999;    2.6;   78.50;   16.3;   -5.0;   -6.4;eor
       3904;20190216;-999;-999;-999;    3;   0.0;   0;    9.250;   0;  -999;   5.6;    -999;    1.8;   82.46;   14.9;   -6.3;   -7.3;eor
       3904;20190217;-999;-999;-999;    3;   0.0;   0;    6.950;   0;  -999;   5.5;    -999;    2.3;   81.38;   16.6;   -5.1;   -6.3;eor
       3904;20190218;-999;-999;-999;    3;   0.0;   0;    9.083;   0;  -999;   5.6;    -999;    2.8;   77.67;   14.6;   -6.0;   -7.2;eor
       3904;20190219;-999;-999;-999;    3;   1.5;   4;    3.233;   0;  -999;   6.6;    -999;    3.1;   87.00;   10.7;   -3.4;   -4.0;eor
       3904;20190220;-999;-999;-999;    3;   0.0;   0;    5.350;   0;  -999;   6.4;    -999;    2.0;   90.50;   12.1;   -4.1;   -5.5;eor
       3904;20190221;-999;-999;-999;    3;   0.1;   4;    6.667;   0;  -999;   7.9;    -999;    6.2;   83.71;   14.7;   -2.0;   -2.9;eor
       3904;20190222;-999;-999;-999;    3;   0.0;   0;    3.483;   0;  -999;   9.0;    -999;    7.9;   84.75;   14.1;    0.4;   -1.9;eor
       3904;20190223;-999;-999;-999;    3;   0.0;   0;    9.600;   0;  -999;   5.8;    -999;    4.9;   71.08;   13.0;   -2.1;   -4.3;eor
       3904;20190224;-999;-999;-999;    3;   0.0;   0;    9.917;   0;  -999;   4.2;    -999;    4.9;   54.29;   15.6;   -3.6;   -5.8;eor
       3904;20190225;-999;-999;-999;    3;   0.0;   0;    9.767;   0;  -999;   5.4;    -999;    6.1;   62.17;   18.8;   -2.8;   -5.3;eor
       3904;20190226;-999;-999;-999;    3;   0.0;   0;    9.883;   0;  -999;   6.5;    -999;    5.9;   74.25;   19.6;   -3.9;   -5.8;eor
       3904;20190227;-999;-999;-999;    3;   0.0;   0;   10.067;   0;  -999;   6.3;    -999;    6.1;   73.04;   21.4;   -3.6;   -6.2;eor
       3904;20190228;-999;-999;-999;    3;   4.0;   4;    6.183;   0;  -999;   7.9;    -999;    6.1;   81.79;   15.7;   -4.3;   -6.3;eor
       3904;20190301;-999;-999;-999;    3;   0.2;   4;    0.000;   0;  -999;   9.2;    -999;    8.1;   85.04;    9.2;    6.0;    5.1;eor
       3904;20190302;-999;-999;-999;    3;   0.2;   4;    0.633;   0;  -999;   9.4;    -999;    8.3;   85.75;   11.2;    5.9;    5.4;eor
       3904;20190303;-999;-999;-999;    3;   1.6;   4;    0.000;   0;  -999;   9.8;    -999;   10.2;   78.17;   12.6;    8.0;    7.0;eor
       3904;20190304;-999;-999;-999;    3;   5.5;   4;    0.533;   0;  -999;   8.5;    -999;    9.0;   74.00;   12.6;    5.6;    4.6;eor
       3904;20190305;-999;-999;-999;    3;   3.4;   4;    0.000;   0;  -999;   8.0;    -999;    6.4;   82.79;    7.9;    4.7;    2.7;eor
       3904;20190306;-999;-999;-999;    3;   7.2;   4;    1.183;   0;  -999;   8.7;    -999;    8.6;   79.08;   14.1;    0.7;   -1.1;eor
       3904;20190307;-999;-999;-999;    3;   5.0;   4;    4.317;   0;  -999;   8.9;    -999;    9.1;   77.21;   13.9;    7.0;    5.3;eor
       3904;20190308;-999;-999;-999;    3;   1.7;   4;    1.133;   0;  -999;   7.7;    -999;    7.8;   72.88;    9.9;    6.2;    5.3;eor
       3904;20190309;-999;-999;-999;    3;   9.4;   4;    1.133;   0;  -999;   9.5;    -999;    9.8;   78.63;   12.1;    6.6;    6.1;eor
       3904;20190310;-999;-999;-999;    3;   8.5;   4;    3.483;   0;  -999;   8.9;    -999;   10.0;   71.63;   14.6;    5.7;    4.3;eor
       3904;20190311;-999;-999;-999;    3;   0.0;   0;    4.950;   0;  -999;   5.5;    -999;    5.5;   61.63;    9.2;   -1.6;   -3.2;eor
       3904;20190312;-999;-999;-999;    3;   1.4;   4;    3.967;   0;  -999;   5.7;    -999;    6.1;   63.21;   11.1;   -0.5;   -2.0;eor
       3904;20190313;-999;-999;-999;    3;   3.5;   4;    0.150;   0;  -999;   7.3;    -999;    5.8;   78.96;    7.6;    4.6;    2.8;eor
       3904;20190314;-999;-999;-999;    3;  11.0;   4;    0.083;   0;  -999;   8.4;    -999;    7.0;   83.33;    9.4;    4.8;    1.2;eor
       3904;20190315;-999;-999;-999;    3;   4.2;   4;    0.000;   0;  -999;  10.8;    -999;    9.8;   88.38;   12.3;    1.4;   -0.5;eor
       3904;20190316;-999;-999;-999;    3;   0.0;   0;    0.033;   0;  -999;   9.7;    -999;    9.8;   79.75;   11.3;    7.1;    2.8;eor
       3904;20190317;-999;-999;-999;    3;   3.8;   4;    1.417;   0;  -999;   7.9;    -999;    7.4;   76.17;   10.6;    2.6;    1.0;eor
       3904;20190318;-999;-999;-999;    3;   0.0;   4;    4.250;   0;  -999;   6.6;    -999;    5.1;   76.58;   10.5;   -1.4;   -3.0;eor
       3904;20190319;-999;-999;-999;    3;   0.0;   0;   11.217;   0;  -999;   5.1;    -999;    2.7;   74.13;   11.5;   -4.7;   -5.7;eor
       3904;20190320;-999;-999;-999;    3;   0.0;   0;   11.283;   0;  -999;   5.5;    -999;    3.8;   73.25;   13.9;   -4.8;   -5.8;eor
       3904;20190321;-999;-999;-999;    3;   0.0;   0;   11.317;   0;  -999;   5.6;    -999;    6.1;   67.08;   17.1;   -3.6;   -4.7;eor
       3904;20190322;-999;-999;-999;    3;   0.0;   0;   11.300;   0;  -999;   6.1;    -999;    7.1;   67.50;   18.9;   -2.9;   -4.6;eor
       3904;20190323;-999;-999;-999;    3;   0.0;   0;   10.717;   0;  -999;   7.3;    -999;    7.4;   72.54;   17.6;   -2.9;   -4.3;eor
       3904;20190324;-999;-999;-999;    3;   0.0;   0;    3.933;   0;  -999;   7.4;    -999;    5.8;   81.00;   14.3;   -2.2;   -4.1;eor
       3904;20190325;-999;-999;-999;    3;   0.8;   4;    5.500;   0;  -999;   6.2;    -999;    4.3;   75.79;   10.4;   -4.3;   -5.8;eor
       3904;20190326;-999;-999;-999;    3;   0.0;   0;    3.617;   0;  -999;   6.1;    -999;    7.0;   62.58;   12.4;    1.1;   -1.4;eor
       3904;20190327;-999;-999;-999;    3;   0.0;   0;   10.117;   0;  -999;   6.3;    -999;    6.1;   70.58;   13.1;   -1.3;   -3.0;eor
       3904;20190328;-999;-999;-999;    3;   0.0;   0;   11.017;   0;  -999;   6.9;    -999;    7.4;   70.71;   16.0;   -2.2;   -4.2;eor
       3904;20190329;-999;-999;-999;    3;   0.0;   0;   11.650;   0;  -999;   7.7;    -999;    9.0;   70.88;   18.1;    0.0;   -2.0;eor
       3904;20190330;-999;-999;-999;    3;   0.0;   0;   11.050;   0;  -999;   7.3;    -999;    9.0;   69.67;   20.8;   -0.4;   -2.1;eor
       3904;20190331;-999;-999;-999;    3;   0.0;   0;    9.817;   0;  -999;   7.6;    -999;   10.3;   65.21;   20.8;   -1.1;   -2.8;eor
       3904;20190401;-999;-999;-999;    3;   0.0;   0;   11.317;   0;  -999;   7.8;    -999;   10.6;   64.33;   19.3;    1.3;   -0.9;eor
       3904;20190402;-999;-999;-999;    3;   3.5;   4;    0.850;   0;  -999;   9.1;    -999;   10.2;   74.00;   15.4;    2.4;    0.8;eor
       3904;20190403;-999;-999;-999;    3;   0.0;   4;    0.000;   0;  -999;   8.2;    -999;    6.8;   82.54;    8.2;    4.7;    3.3;eor
       3904;20190404;-999;-999;-999;    3;   1.5;   4;    0.350;   0;  -999;   7.4;    -999;    5.5;   82.21;    8.9;   -1.1;   -2.8;eor
       3904;20190405;-999;-999;-999;    3;   0.0;   0;    1.667;   0;  -999;   7.6;    -999;    5.2;   85.88;   11.1;   -2.5;   -4.0;eor
       3904;20190406;-999;-999;-999;    3;   0.0;   0;   10.433;   0;  -999;   8.2;    -999;    9.7;   71.21;   16.4;    2.9;    1.2;eor
       3904;20190407;-999;-999;-999;    3;   0.2;   4;    3.167;   0;  -999;   9.1;    -999;    8.7;   81.67;   16.8;    0.3;   -0.9;eor
       3904;20190408;-999;-999;-999;    3;   0.0;   0;    0.000;   0;  -999;  10.6;    -999;    9.3;   89.96;   13.0;    2.9;    1.6;eor
       3904;20190409;-999;-999;-999;    3;  14.2;   4;    0.200;   0;  -999;  11.5;    -999;   10.5;   90.29;   13.9;    7.2;    6.4;eor
       3904;20190410;-999;-999;-999;    3;   0.6;   4;    0.017;   0;  -999;   9.8;    -999;    9.0;   85.00;   13.0;    0.9;   -1.3;eor
       3904;20190411;-999;-999;-999;    3;   0.0;   0;   12.483;   0;  -999;   5.4;    -999;    5.4;   64.63;   12.2;   -2.2;   -3.8;eor
       3904;20190412;-999;-999;-999;    3;   0.0;   0;   10.600;   0;  -999;   4.5;    -999;    4.2;   57.79;    9.9;   -3.2;   -4.2;eor
       3904;20190413;-999;-999;-999;    3;   0.4;   4;    5.833;   0;  -999;   5.0;    -999;    2.9;   68.58;    7.9;   -3.1;   -5.5;eor
       3904;20190414;-999;-999;-999;    3;   0.1;   4;    2.400;   0;  -999;   5.6;    -999;    2.5;   77.46;   10.5;   -5.6;   -7.1;eor
       3904;20190415;-999;-999;-999;    3;   0.0;   0;   12.200;   0;  -999;   6.9;    -999;    7.0;   71.46;   17.3;   -3.9;   -5.8;eor
       3904;20190416;-999;-999;-999;    3;   5.0;   4;    4.583;   0;  -999;   9.6;    -999;    9.4;   80.46;   15.3;    1.0;   -1.4;eor
       3904;20190417;-999;-999;-999;    3;   0.0;   0;    3.050;   0;  -999;  10.9;    -999;   11.9;   79.79;   18.2;    5.4;    2.5;eor
       3904;20190418;-999;-999;-999;    3;   0.0;   0;   12.700;   0;  -999;   8.3;    -999;   13.3;   59.17;   21.2;    4.0;    1.3;eor
       3904;20190419;-999;-999;-999;    3;   0.0;   0;   12.650;   0;  -999;   8.8;    -999;   15.0;   55.83;   24.4;    4.3;    2.2;eor
       3904;20190420;-999;-999;-999;    3;   0.0;   0;   12.817;   0;  -999;   7.8;    -999;   13.5;   57.29;   24.6;    2.2;    0.5;eor
       3904;20190421;-999;-999;-999;    3;   0.0;   0;   12.550;   0;  -999;   7.8;    -999;   14.2;   55.25;   24.6;    3.6;    1.0;eor
       3904;20190422;-999;-999;-999;    3;   0.0;   0;   12.417;   0;  -999;   7.8;    -999;   15.9;   47.08;   24.2;    6.2;    2.3;eor
       3904;20190423;-999;-999;-999;    3;   0.0;   4;    4.183;   0;  -999;   9.6;    -999;   14.7;   57.96;   20.3;    6.4;    4.9;eor
       3904;20190424;-999;-999;-999;    3;  12.9;   4;    4.550;   0;  -999;  10.9;    -999;   12.4;   78.33;   22.4;    3.5;    1.9;eor
       3904;20190425;-999;-999;-999;    3;   5.5;   4;    0.200;   0;  -999;  10.2;    -999;   10.7;   80.33;   17.3;    3.6;    1.9;eor
       3904;20190426;-999;-999;-999;    3;   0.2;   4;    4.067;   0;  -999;  10.4;    -999;   10.8;   81.00;   15.2;    8.3;    5.4;eor
       3904;20190427;-999;-999;-999;    3;   4.7;   4;    2.100;   0;  -999;   9.0;    -999;    8.5;   80.83;   12.6;    3.7;    2.2;eor
       3904;20190428;-999;-999;-999;    3;   5.7;   4;    2.033;   0;  -999;   8.3;    -999;    6.5;   85.79;   10.4;    0.5;   -0.5;eor
       3904;20190429;-999;-999;-999;    3;   0.0;   0;    4.500;   0;  -999;   8.4;    -999;    8.6;   78.25;   15.5;    1.9;    2.2;eor
       3904;20190430;-999;-999;-999;    3;   0.0;   0;    8.450;   0;  -999;   9.0;    -999;   12.4;   65.54;   18.8;    3.6;    2.5;eor
       3904;20190501;-999;-999;-999;    3;   0.0;   0;   11.817;-999;  -999;   8.8;    -999;   11.7;   69.79;   20.9;    2.4;    0.5;eor
       3904;20190502;-999;-999;-999;    3;   1.2;   4;    5.017;-999;  -999;   9.6;    -999;   11.3;   74.58;   18.5;    2.3;    1.3;eor
       3904;20190503;-999;-999;-999;    3;   0.0;   4;    4.683;-999;  -999;   9.0;    -999;   10.8;   71.08;   15.7;    3.5;    1.6;eor
       3904;20190504;-999;-999;-999;    3;   1.8;   4;    3.317;-999;  -999;   7.2;    -999;    6.1;   77.21;   10.8;   -0.9;   -2.5;eor
       3904;20190505;-999;-999;-999;    3;   0.3;   4;    4.783;-999;  -999;   6.4;    -999;    4.9;   75.83;   12.0;   -3.2;   -4.6;eor
       3904;20190506;-999;-999;-999;    3;   0.0;   0;    5.400;-999;  -999;   6.5;    -999;    7.0;   68.54;   12.5;   -1.4;   -2.5;eor
       3904;20190507;-999;-999;-999;    3;   0.5;   4;    6.133;-999;  -999;   7.2;    -999;    9.1;   66.17;   15.3;    3.5;    2.3;eor
       3904;20190508;-999;-999;-999;    3;  10.1;   4;    0.100;-999;  -999;  10.5;    -999;    9.8;   85.54;   13.5;    5.0;    4.3;eor
       3904;20190509;-999;-999;-999;    3;  11.6;   4;    1.100;-999;  -999;  11.4;    -999;   10.8;   87.88;   15.6;    7.7;    7.1;eor
       3904;20190510;-999;-999;-999;    3;  25.5;   4;    8.133;-999;  -999;   9.7;    -999;   11.9;   72.83;   18.3;    3.2;    1.9;eor
       3904;20190511;-999;-999;-999;    3;  12.1;   4;    0.667;-999;  -999;  11.1;    -999;    9.4;   93.13;   12.1;    2.6;    1.2;eor
       3904;20190512;-999;-999;-999;    3;   0.0;   0;   10.600;-999;  -999;   7.0;    -999;    7.9;   69.33;   14.9;    0.7;   -0.6;eor
       3904;20190513;-999;-999;-999;    3;   0.0;   0;   13.400;-999;  -999;   6.0;    -999;    9.6;   56.54;   16.6;    0.5;   -0.9;eor
       3904;20190514;-999;-999;-999;    3;   0.0;   0;   13.350;-999;  -999;   6.3;    -999;    9.6;   56.67;   16.5;    0.6;   -1.3;eor
       3904;20190515;-999;-999;-999;    3;   0.0;   0;   13.383;-999;  -999;   6.0;    -999;    9.5;   56.00;   16.6;   -0.1;   -1.9;eor
       3904;20190516;-999;-999;-999;    3;   0.0;   0;   11.017;-999;  -999;   7.8;    -999;   10.9;   61.54;   18.2;    1.1;   -0.6;eor
       3904;20190517;-999;-999;-999;    3;   1.1;   4;    2.750;-999;  -999;  10.6;    -999;   13.4;   70.96;   19.7;    7.6;    6.3;eor
       3904;20190518;-999;-999;-999;    3;   2.9;   4;    3.000;-999;  -999;  12.9;    -999;   14.3;   80.79;   20.3;   10.0;    9.6;eor
       3904;20190519;-999;-999;-999;    3;   0.0;   0;    5.033;-999;  -999;  13.7;    -999;   15.2;   80.33;   20.9;   11.2;    8.9;eor
       3904;20190520;-999;-999;-999;    3;   0.0;   0;    3.800;-999;  -999;  12.8;    -999;   14.9;   76.67;   21.1;    9.5;    8.5;eor
       3904;20190521;-999;-999;-999;    3;   0.0;   0;    0.000;-999;  -999;  11.7;    -999;   13.2;   77.25;   15.2;    4.7;    2.7;eor
       3904;20190522;-999;-999;-999;    3;   0.0;   0;    8.583;-999;  -999;   8.9;    -999;   11.7;   69.88;   20.9;    2.4;    0.4;eor
       3904;20190523;-999;-999;-999;    3;   0.0;   0;   12.600;-999;  -999;  10.1;    -999;   14.4;   66.83;   23.3;    4.5;    2.7;eor
       3904;20190524;-999;-999;-999;    3;   0.0;   0;   10.567;-999;  -999;  10.9;    -999;   15.8;   66.00;   24.4;    6.3;    4.3;eor
       3904;20190525;-999;-999;-999;    3;   0.0;   0;    7.033;-999;  -999;  10.6;    -999;   14.8;   66.25;   22.5;    6.7;    4.9;eor
       3904;20190526;-999;-999;-999;    3;   0.0;   0;    7.950;-999;  -999;  11.7;    -999;   15.1;   70.88;   22.8;    4.6;    2.5;eor
       3904;20190527;-999;-999;-999;    3;   2.2;   4;    2.333;-999;  -999;  13.7;    -999;   15.5;   78.75;   21.5;   11.8;   10.1;eor
       3904;20190528;-999;-999;-999;    3;   0.3;   4;    6.450;-999;  -999;  10.4;    -999;   13.2;   69.42;   17.4;    5.5;    3.5;eor
       3904;20190529;-999;-999;-999;    3;   0.0;   0;    9.267;-999;  -999;   9.2;    -999;   12.6;   67.71;   20.6;    3.0;    1.3;eor
       3904;20190530;-999;-999;-999;    3;   0.3;   4;    0.617;-999;  -999;  13.1;    -999;   14.2;   81.08;   20.0;    5.5;    3.8;eor
       3904;20190531;-999;-999;-999;    3;   0.0;   0;    8.267;-999;  -999;  14.3;    -999;   17.2;   75.75;   23.8;    9.3;    7.7;eor
       3904;20190601;-999;-999;-999;    3;   0.0;   0;   13.633;-999;  -999;  14.4;    -999;   18.6;   70.96;   27.7;    7.5;    5.7;eor
       3904;20190602;-999;-999;-999;    3;   0.0;   0;   13.733;-999;  -999;  14.5;    -999;   21.0;   65.25;   30.5;    9.4;    7.2;eor
       3904;20190603;-999;-999;-999;    3;   0.0;   0;    9.150;-999;  -999;  14.3;    -999;   19.6;   66.96;   27.6;   11.5;    8.8;eor
       3904;20190604;-999;-999;-999;    3;   0.3;   4;   12.917;-999;  -999;  15.0;    -999;   21.2;   64.50;   31.1;    9.3;    7.2;eor
       3904;20190605;-999;-999;-999;    3;  20.1;   4;    7.533;-999;  -999;  16.9;    -999;   21.5;   69.46;   28.7;   13.7;   12.1;eor
       3904;20190606;-999;-999;-999;    3;   0.0;   0;    2.583;-999;  -999;  11.5;    -999;   13.0;   77.92;   17.0;    8.0;    6.8;eor
       3904;20190607;-999;-999;-999;    3;   1.9;   4;    7.117;-999;  -999;  11.5;    -999;   15.2;   67.83;   23.2;    7.8;    6.2;eor
       3904;20190608;-999;-999;-999;    3;   0.0;   0;    4.533;-999;  -999;  10.1;    -999;   14.4;   63.13;   19.2;    7.4;    5.9;eor
       3904;20190609;-999;-999;-999;    3;   0.0;   0;    8.017;-999;  -999;  11.8;    -999;   15.2;   71.29;   22.6;    4.7;    3.4;eor
       3904;20190610;-999;-999;-999;    3;  15.7;   4;    2.800;-999;  -999;  14.9;    -999;   16.1;   82.42;   21.7;   11.2;   10.4;eor
       3904;20190611;-999;-999;-999;    3;   5.0;   4;    3.083;-999;  -999;  13.3;    -999;   15.2;   78.25;   19.2;   11.8;   11.6;eor
       3904;20190612;-999;-999;-999;    3;   4.4;   4;    3.850;-999;  -999;  13.2;    -999;   14.6;   81.13;   20.0;    7.7;    6.7;eor
       3904;20190613;-999;-999;-999;    3;   5.2;   4;    9.133;-999;  -999;  12.1;    -999;   14.5;   75.58;   22.2;    7.4;    5.9;eor
       3904;20190614;-999;-999;-999;    3;   5.6;   4;    6.983;-999;  -999;  14.6;    -999;   17.1;   77.33;   24.8;    8.2;    7.0;eor
       3904;20190615;-999;-999;-999;    3;   0.0;   0;    5.550;-999;  -999;  15.8;    -999;   18.8;   74.50;   24.0;   14.7;   14.2;eor
       3904;20190616;-999;-999;-999;    3;   0.0;   0;    7.300;-999;  -999;  13.6;    -999;   17.3;   70.38;   21.9;   10.0;    8.9;eor
       3904;20190617;-999;-999;-999;    3;   0.0;   0;   12.417;-999;  -999;  13.7;    -999;   18.4;   68.96;   26.4;    8.1;    7.3;eor
       3904;20190618;-999;-999;-999;    3;   0.0;   0;   11.517;-999;  -999;  16.2;    -999;   20.4;   70.71;   28.0;   10.4;    9.7;eor
       3904;20190619;-999;-999;-999;    3;   0.3;   4;    8.167;-999;  -999;  17.2;    -999;   20.8;   72.25;   28.2;   12.5;   11.3;eor
       3904;20190620;-999;-999;-999;    3;   0.0;   0;    4.150;-999;  -999;  16.2;    -999;   18.4;   77.83;   23.7;   13.5;   12.4;eor
       3904;20190621;-999;-999;-999;    3;   0.0;   0;   12.150;-999;  -999;  11.4;    -999;   17.6;   60.71;   23.3;    9.5;    8.0;eor
       3904;20190622;-999;-999;-999;    3;   0.0;   0;    2.517;-999;  -999;  13.8;    -999;   17.9;   69.00;   24.2;    9.2;    8.0;eor
       3904;20190623;-999;-999;-999;    3;   0.0;   0;   11.600;-999;  -999;  16.7;    -999;   20.5;   71.63;   27.7;   11.0;    9.9;eor
       3904;20190624;-999;-999;-999;    3;   0.0;   0;   13.550;-999;  -999;  18.3;    -999;   23.8;   65.67;   31.4;   14.9;   13.0;eor
       3904;20190625;-999;-999;-999;    3;   0.0;   0;   13.283;-999;  -999;  18.3;    -999;   26.2;   59.25;   34.6;   17.3;   16.3;eor
       3904;20190626;-999;-999;-999;    3;   0.0;   0;   13.583;-999;  -999;  20.7;    -999;   27.3;   61.38;   35.9;   15.7;   14.8;eor
       3904;20190627;-999;-999;-999;    3;   0.0;   0;   13.483;-999;  -999;  16.1;    -999;   25.6;   51.42;   31.6;   12.7;   11.1;eor
       3904;20190628;-999;-999;-999;    3;   0.0;   0;   13.733;-999;  -999;  13.1;    -999;   21.8;   55.75;   31.0;   11.2;    9.2;eor
       3904;20190629;-999;-999;-999;    3;   0.0;   0;   13.733;-999;  -999;  12.7;    -999;   22.8;   53.08;   33.6;    9.8;    7.9;eor
       3904;20190630;-999;-999;-999;    3;   0.1;   4;   13.533;-999;  -999;  18.0;    -999;   24.4;   62.25;   34.1;   11.4;   10.4;eor
       3904;20190701;-999;-999;-999;    3;   0.1;   4;    8.533;-999;  -999;  14.7;    -999;   21.7;   59.13;   27.9;   12.1;   10.8;eor
       3904;20190702;-999;-999;-999;    3;   0.0;   0;   13.750;-999;  -999;  11.2;    -999;   18.9;   55.75;   25.9;    9.8;    8.3;eor
       3904;20190703;-999;-999;-999;    3;   0.0;   0;   13.633;-999;  -999;  10.1;    -999;   19.2;   49.17;   26.3;    8.4;    7.0;eor
       3904;20190704;-999;-999;-999;    3;   0.0;   0;   13.700;-999;  -999;  10.1;    -999;   19.5;   48.21;   27.9;    9.0;    6.9;eor
       3904;20190705;-999;-999;-999;    3;   0.0;   0;    9.750;-999;  -999;  10.9;    -999;   19.9;   53.92;   30.4;    8.3;    6.7;eor
       3904;20190706;-999;-999;-999;    3;   0.0;   0;   12.833;-999;  -999;  11.7;    -999;   21.4;   52.75;   31.5;    8.4;    6.6;eor
       3904;20190707;-999;-999;-999;    3;   1.1;   4;    1.583;-999;  -999;  13.6;    -999;   17.3;   69.29;   20.8;   13.6;    9.2;eor
       3904;20190708;-999;-999;-999;    3;   0.0;   0;   10.150;-999;  -999;   9.5;    -999;   15.4;   57.71;   22.6;    6.9;    5.2;eor
       3904;20190709;-999;-999;-999;    3;   0.0;   0;   11.883;-999;  -999;   9.1;    -999;   14.7;   59.50;   22.7;    5.5;    3.7;eor
       3904;20190710;-999;-999;-999;    3;   0.2;   4;   13.700;-999;  -999;   9.9;    -999;   17.5;   55.17;   26.3;    5.4;    3.5;eor
       3904;20190711;-999;-999;-999;    3;   5.6;   4;    2.017;-999;  -999;  15.6;    -999;   16.9;   81.08;   23.9;   13.1;   12.4;eor
       3904;20190712;-999;-999;-999;    3;   4.0;   4;    5.000;-999;  -999;  16.1;    -999;   17.6;   82.63;   27.2;   11.7;   10.2;eor
       3904;20190713;-999;-999;-999;    3;   1.5;   4;    3.983;-999;  -999;  14.5;    -999;   17.3;   75.83;   23.3;    9.9;    9.1;eor
       3904;20190714;-999;-999;-999;    3;   0.0;   0;    4.150;-999;  -999;  12.9;    -999;   17.4;   66.63;   22.5;   10.9;    9.4;eor
       3904;20190715;-999;-999;-999;    3;   0.0;   0;    4.333;-999;  -999;  12.7;    -999;   16.0;   70.96;   21.4;    8.3;    6.7;eor
       3904;20190716;-999;-999;-999;    3;   0.0;   0;   11.817;-999;  -999;  11.4;    -999;   16.0;   67.63;   24.6;    6.0;    4.5;eor
       3904;20190717;-999;-999;-999;    3;   0.0;   0;   13.450;-999;  -999;  12.1;    -999;   18.5;   62.79;   27.9;    7.9;    5.9;eor
       3904;20190718;-999;-999;-999;    3;   3.1;   4;    6.767;-999;  -999;  13.9;    -999;   19.7;   64.63;   28.7;   11.0;    9.5;eor
       3904;20190719;-999;-999;-999;    3;   0.0;   4;    3.883;-999;  -999;  16.9;    -999;   19.5;   76.50;   24.5;   13.8;   12.6;eor
       3904;20190720;-999;-999;-999;    3;   0.0;   0;    9.533;-999;  -999;  15.8;    -999;   22.8;   61.92;   31.1;   13.6;   12.0;eor
       3904;20190721;-999;-999;-999;    3;   0.0;   0;    9.567;-999;  -999;  14.6;    -999;   21.1;   62.63;   28.9;   12.4;   10.6;eor
       3904;20190722;-999;-999;-999;    3;   0.0;   0;   13.317;-999;  -999;  13.5;    -999;   21.2;   60.21;   31.7;    9.6;    8.1;eor
       3904;20190723;-999;-999;-999;    3;   0.0;   0;   13.367;-999;  -999;  14.2;    -999;   24.3;   55.17;   35.5;   11.5;   10.4;eor
       3904;20190724;-999;-999;-999;    3;   0.0;   0;   13.283;-999;  -999;  15.2;    -999;   26.9;   51.21;   39.0;   13.2;   11.5;eor
       3904;20190725;-999;-999;-999;    3;   0.0;   0;   12.900;-999;  -999;  15.5;    -999;   28.9;   46.71;   39.9;   17.0;   15.8;eor
       3904;20190726;-999;-999;-999;    3;   0.1;   4;   10.650;-999;  -999;  16.6;    -999;   26.8;   51.46;   35.5;   17.7;   16.8;eor
       3904;20190727;-999;-999;-999;    3;   0.3;   4;    0.400;-999;  -999;  19.3;    -999;   21.2;   76.83;   24.1;   18.8;   18.4;eor
       3904;20190728;-999;-999;-999;    3;   0.9;   4;    0.000;-999;  -999;  17.4;    -999;   18.5;   81.33;   20.9;   11.2;    9.4;eor
       3904;20190729;-999;-999;-999;    3;   0.0;   4;   11.783;-999;  -999;  12.9;    -999;   18.9;   65.50;   27.8;    8.8;    7.2;eor
       3904;20190730;-999;-999;-999;    3;   0.1;   4;    9.367;-999;  -999;  13.6;    -999;   19.9;   62.08;   27.9;    9.9;    8.4;eor
       3904;20190731;-999;-999;-999;    3;   0.0;   0;    9.133;-999;  -999;  12.4;    -999;   19.3;   57.33;   25.2;    9.4;    7.5;eor
       3904;20190801;-999;-999;-999;    3;   0.0;   0;    6.350;-999;  -999;  11.7;    -999;   18.1;   61.96;   27.6;    7.6;    5.8;eor
       3904;20190802;-999;-999;-999;    3;   0.0;   4;    7.450;-999;  -999;  13.5;    -999;   20.3;   60.71;   28.8;   12.7;   11.1;eor
       3904;20190803;-999;-999;-999;    3;   0.0;   0;    8.283;-999;  -999;  14.2;    -999;   19.2;   66.88;   26.5;   10.3;    8.8;eor
       3904;20190804;-999;-999;-999;    3;   0.3;   4;   11.817;-999;  -999;  13.5;    -999;   21.4;   58.46;   30.5;   10.6;    8.7;eor
       3904;20190805;-999;-999;-999;    3;   1.1;   4;    7.000;-999;  -999;  15.9;    -999;   22.3;   62.04;   29.1;   17.7;   16.8;eor
       3904;20190806;-999;-999;-999;    3;   9.4;   4;    2.233;-999;  -999;  17.6;    -999;   20.0;   76.67;   27.0;   14.4;   13.3;eor
       3904;20190807;-999;-999;-999;    3;   0.2;   4;    1.767;-999;  -999;  17.7;    -999;   19.2;   80.67;   23.6;   13.6;   12.6;eor
       3904;20190808;-999;-999;-999;    3;   0.0;   0;    8.583;-999;  -999;  14.9;    -999;   19.5;   70.92;   28.0;   11.4;   10.4;eor
       3904;20190809;-999;-999;-999;    3;  13.4;   4;    1.483;-999;  -999;  20.2;    -999;   21.1;   81.54;   29.5;   13.9;   12.6;eor
       3904;20190810;-999;-999;-999;    3;   0.0;   0;    8.100;-999;  -999;  14.8;    -999;   21.0;   61.71;   25.6;   14.7;   13.2;eor
       3904;20190811;-999;-999;-999;    3;   1.1;   4;    4.217;-999;  -999;  13.8;    -999;   16.8;   73.75;   22.3;   10.9;    9.7;eor
       3904;20190812;-999;-999;-999;    3;   2.4;   4;    5.683;-999;  -999;  14.9;    -999;   15.6;   84.13;   21.9;   10.1;    9.1;eor
       3904;20190813;-999;-999;-999;    3;   0.0;   0;    6.133;-999;  -999;  11.7;    -999;   16.7;   63.83;   21.6;   12.1;   10.9;eor
       3904;20190814;-999;-999;-999;    3;   0.2;   4;    5.950;-999;  -999;  13.1;    -999;   17.4;   67.46;   23.5;   12.5;   12.1;eor
       3904;20190815;-999;-999;-999;    3;   1.6;   4;    2.367;-999;  -999;  15.0;    -999;   17.6;   75.38;   22.5;    9.5;    8.3;eor
       3904;20190816;-999;-999;-999;    3;   0.7;   4;   10.767;-999;  -999;  13.2;    -999;   16.4;   73.75;   24.0;    7.2;    6.2;eor
       3904;20190817;-999;-999;-999;    3;  21.2;   4;    0.000;-999;  -999;  17.2;    -999;   17.7;   85.00;   19.9;   15.0;   14.9;eor
       3904;20190818;-999;-999;-999;    3;   0.1;   4;    1.783;-999;  -999;  19.7;    -999;   20.3;   83.17;   25.1;   14.8;   13.8;eor
       3904;20190819;-999;-999;-999;    3;   0.0;   0;    7.550;-999;  -999;  14.0;    -999;   17.2;   74.08;   23.7;    8.9;    7.2;eor
       3904;20190820;-999;-999;-999;    3;   0.0;   0;    2.950;-999;  -999;  12.1;    -999;   14.5;   76.29;   21.5;    7.3;    6.6;eor
       3904;20190821;-999;-999;-999;    3;   0.0;   0;    9.733;-999;  -999;  12.1;    -999;   15.6;   73.25;   24.9;    5.9;    5.0;eor
       3904;20190822;-999;-999;-999;    3;   0.0;   0;   12.667;-999;  -999;  12.2;    -999;   17.1;   68.17;   26.7;    6.4;    5.2;eor
       3904;20190823;-999;-999;-999;    3;   0.0;   0;   12.617;-999;  -999;  12.3;    -999;   18.5;   64.38;   28.7;    7.8;    6.6;eor
       3904;20190824;-999;-999;-999;    3;   0.0;   0;   12.500;-999;  -999;  13.7;    -999;   19.7;   64.63;   29.9;    9.0;    7.5;eor
       3904;20190825;-999;-999;-999;    3;   0.0;   0;   12.250;-999;  -999;  15.3;    -999;   21.1;   66.67;   31.5;   10.2;    9.0;eor
       3904;20190826;-999;-999;-999;    3;   0.0;   0;   12.183;-999;  -999;  16.3;    -999;   22.8;   65.38;   32.8;   12.0;   10.7;eor
       3904;20190827;-999;-999;-999;    3;   0.0;   0;   11.983;-999;  -999;  16.2;    -999;   22.9;   64.71;   33.2;   13.7;   12.7;eor
       3904;20190828;-999;-999;-999;    3;   0.1;   4;    7.817;-999;  -999;  16.8;    -999;   22.9;   65.50;   32.2;   15.4;   14.4;eor
       3904;20190829;-999;-999;-999;    3;   0.0;   0;    8.967;-999;  -999;  16.9;    -999;   21.1;   70.75;   28.3;   13.1;   11.5;eor
       3904;20190830;-999;-999;-999;    3;   0.0;   0;   12.200;-999;  -999;  14.0;    -999;   19.0;   69.08;   28.5;    9.8;    8.1;eor
       3904;20190831;-999;-999;-999;    3;   6.5;   4;   10.667;-999;  -999;  15.7;    -999;   20.8;   69.38;   33.1;   10.5;    9.5;eor
       3904;20190901;-999;-999;-999;    3;   0.0;   0;    3.683;-999;  -999;  14.0;    -999;   16.8;   75.83;   22.4;    8.3;    7.1;eor
       3904;20190902;-999;-999;-999;    3;   0.0;   0;   11.517;-999;  -999;   9.5;    -999;   14.3;   64.88;   23.0;    5.5;    4.5;eor
       3904;20190903;-999;-999;-999;    3;   0.0;   0;   12.233;-999;  -999;  10.9;    -999;   15.2;   68.25;   24.3;    5.2;    4.1;eor
       3904;20190904;-999;-999;-999;    3;   0.3;   4;   10.683;-999;  -999;  12.3;    -999;   16.8;   68.58;   26.0;    6.5;    5.4;eor
       3904;20190905;-999;-999;-999;    3;   0.0;   0;    3.467;-999;  -999;  11.3;    -999;   14.5;   70.29;   21.4;    6.4;    5.0;eor
       3904;20190906;-999;-999;-999;    3;   0.9;   4;   11.767;-999;  -999;   8.9;    -999;   12.5;   67.04;   21.2;    3.1;    1.5;eor
       3904;20190907;-999;-999;-999;    3;   1.4;   4;    0.617;-999;  -999;  12.6;    -999;   12.7;   85.71;   16.5;    9.7;    8.5;eor
       3904;20190908;-999;-999;-999;    3;   0.5;   4;    1.550;-999;  -999;  12.0;    -999;   12.4;   83.88;   16.6;    8.5;    7.2;eor
       3904;20190909;-999;-999;-999;    3;   0.0;   0;    6.833;-999;  -999;  10.0;    -999;   12.2;   74.50;   19.7;    4.6;    2.8;eor
       3904;20190910;-999;-999;-999;    3;   0.0;   0;   11.833;-999;  -999;   8.5;    -999;   11.7;   68.71;   22.5;    2.7;    0.7;eor
       3904;20190911;-999;-999;-999;    3;   0.3;   4;    3.367;-999;  -999;  10.2;    -999;   13.2;   69.92;   21.6;    2.7;    1.1;eor
       3904;20190912;-999;-999;-999;    3;   0.0;   4;    3.983;-999;  -999;  15.5;    -999;   17.6;   78.58;   24.5;   10.0;    8.7;eor
       3904;20190913;-999;-999;-999;    3;   0.0;   0;    3.350;-999;  -999;  15.3;    -999;   16.7;   81.42;   23.7;    9.5;    8.2;eor
       3904;20190914;-999;-999;-999;    3;   0.0;   0;   11.283;-999;  -999;  13.6;    -999;   17.5;   71.42;   25.5;    9.2;    7.3;eor
       3904;20190915;-999;-999;-999;    3;   0.1;   4;   11.833;-999;  -999;  11.3;    -999;   16.0;   68.63;   28.5;    5.3;    4.2;eor
       3904;20190916;-999;-999;-999;    3;   0.0;   0;    5.850;-999;  -999;  11.6;    -999;   16.8;   65.33;   27.1;    5.8;    4.0;eor
       3904;20190917;-999;-999;-999;    3;   0.0;   0;    7.350;-999;  -999;  11.2;    -999;   16.0;   63.38;   22.6;    6.5;    3.2;eor
       3904;20190918;-999;-999;-999;    3;   0.0;   0;   11.600;-999;  -999;   7.9;    -999;   11.0;   64.29;   19.5;    1.9;   -0.1;eor
       3904;20190919;-999;-999;-999;    3;   0.0;   0;   11.533;-999;  -999;   7.7;    -999;   11.1;   62.29;   18.3;    2.2;   -0.3;eor
       3904;20190920;-999;-999;-999;    3;   0.0;   0;   11.400;-999;  -999;   6.9;    -999;   11.4;   58.00;   22.2;    1.1;   -0.7;eor
       3904;20190921;-999;-999;-999;    3;   0.0;   0;   11.333;-999;  -999;   8.1;    -999;   15.4;   50.08;   25.5;    3.9;    1.1;eor
       3904;20190922;-999;-999;-999;    3;  10.9;   4;    4.650;-999;  -999;  13.0;    -999;   16.8;   69.08;   27.4;    7.4;    5.9;eor
       3904;20190923;-999;-999;-999;    3;   0.0;   0;    1.233;-999;  -999;  14.3;    -999;   14.8;   85.25;   19.0;    7.8;    6.9;eor
       3904;20190924;-999;-999;-999;    3;   5.4;   4;    0.017;-999;  -999;  13.5;    -999;   13.0;   89.79;   17.6;    6.6;    5.6;eor
       3904;20190925;-999;-999;-999;    3;   3.8;   4;    0.850;-999;  -999;  15.2;    -999;   14.9;   89.50;   16.6;   13.9;   12.8;eor
       3904;20190926;-999;-999;-999;    3;   6.1;   4;    0.033;-999;  -999;  16.7;    -999;   16.2;   90.33;   18.1;   13.9;   12.4;eor
       3904;20190927;-999;-999;-999;    3;   1.7;   4;    2.317;-999;  -999;  15.3;    -999;   15.4;   86.83;   17.7;   12.4;   10.9;eor
       3904;20190928;-999;-999;-999;    3;   0.0;   0;    1.933;-999;  -999;  13.4;    -999;   15.4;   76.63;   17.8;   13.6;   13.0;eor
       3904;20190929;-999;-999;-999;    3;   8.4;   4;    1.917;-999;  -999;  14.3;    -999;   15.7;   79.17;   18.6;   13.2;   12.0;eor
       3904;20190930;-999;-999;-999;    3;   0.3;   4;    2.317;-999;  -999;  13.0;    -999;   14.0;   81.46;   17.3;    8.4;    7.1;eor
       3904;20191001;-999;-999;-999;    3;   3.5;   4;    0.117;   0;  -999;  15.6;    -999;   15.4;   88.63;   18.6;    8.7;    7.8;eor
       3904;20191002;-999;-999;-999;    3;   0.1;   4;    4.550;   0;  -999;  10.7;    -999;   12.1;   75.50;   16.3;    2.1;    0.9;eor
       3904;20191003;-999;-999;-999;    3;   0.1;   4;    6.483;   0;  -999;   8.9;    -999;    8.7;   80.92;   14.5;    1.9;    1.0;eor
       3904;20191004;-999;-999;-999;    3;   3.8;   4;    0.767;   0;  -999;  11.7;    -999;   11.4;   86.83;   16.6;    6.1;    4.9;eor
       3904;20191005;-999;-999;-999;    3;   2.8;   4;    0.250;   0;  -999;  11.4;    -999;   11.9;   81.33;   13.6;    9.6;    8.1;eor
       3904;20191006;-999;-999;-999;    3;   6.5;   4;    0.000;   0;  -999;  11.8;    -999;   10.5;   92.79;   14.2;    8.4;    6.7;eor
       3904;20191007;-999;-999;-999;    3;   0.5;   4;    0.083;   0;  -999;  12.2;    -999;   11.4;   90.63;   14.3;    5.6;    4.2;eor
       3904;20191008;-999;-999;-999;    3;  14.1;   4;    0.000;   0;  -999;  13.8;    -999;   12.6;   93.58;   14.8;   11.1;    8.6;eor
       3904;20191009;-999;-999;-999;    3;  25.1;   4;    1.133;   0;  -999;  12.0;    -999;   11.6;   87.88;   13.3;    9.6;    8.6;eor
       3904;20191010;-999;-999;-999;    3;   0.2;   4;    4.283;   0;  -999;  11.2;    -999;   11.2;   84.21;   15.6;    5.2;    3.7;eor
       3904;20191011;-999;-999;-999;    3;   0.0;   4;    2.233;   0;  -999;  12.4;    -999;   12.2;   87.75;   18.8;    5.4;    3.8;eor
       3904;20191012;-999;-999;-999;    3;   0.0;   0;    4.800;   0;  -999;  13.8;    -999;   14.4;   83.58;   19.6;    6.5;    4.0;eor
       3904;20191013;-999;-999;-999;    3;   0.1;   4;    7.067;   0;  -999;  15.9;    -999;   17.8;   79.08;   24.7;   11.7;    9.6;eor
       3904;20191014;-999;-999;-999;    3;   0.0;   0;    9.383;   0;  -999;  13.9;    -999;   16.2;   77.83;   23.6;    8.9;    7.9;eor
       3904;20191015;-999;-999;-999;    3;   9.0;   4;    0.000;   0;  -999;  14.0;    -999;   12.7;   94.42;   14.4;    9.0;    7.8;eor
       3904;20191016;-999;-999;-999;    1;   3.5;   4;    0.533;   0;  -999;  12.5;    -999;   13.6;   80.92;   17.2;   11.0;   10.7;eor
       3904;20191017;-999;-999;-999;    1;   8.3;   4;    0.000;   0;  -999;  14.5;    -999;   14.2;   89.13;   15.1;   13.5;   12.7;eor
       3904;20191018;-999;-999;-999;    1;   1.7;   4;    2.667;   0;  -999;  12.3;    -999;   13.0;   82.50;   15.6;    5.9;    4.6;eor
       3904;20191019;-999;-999;-999;    1;  10.5;   4;    0.000;   0;  -999;  13.3;    -999;   12.5;   91.42;   16.4;    7.0;    5.9;eor
       3904;20191020;-999;-999;-999;    1;  17.1;   4;    0.017;   0;  -999;  15.2;    -999;   13.7;   97.00;   15.0;   11.9;   11.5;eor
       3904;20191021;-999;-999;-999;    1;   0.0;   0;    1.250;   0;  -999;  12.6;    -999;   12.8;   85.04;   15.0;    6.5;    4.7;eor
       3904;20191022;-999;-999;-999;    1;   0.0;   0;    4.100;   0;  -999;  10.8;    -999;    9.7;   90.08;   15.8;    4.3;    3.2;eor
       3904;20191023;-999;-999;-999;    1;   0.0;   0;    5.300;   0;  -999;  12.3;    -999;   12.0;   87.79;   17.6;    6.9;    5.4;eor
       3904;20191024;-999;-999;-999;    1;   0.0;   0;    6.500;   0;  -999;  13.0;    -999;   13.9;   83.58;   20.3;    8.7;    6.9;eor
       3904;20191025;-999;-999;-999;    1;   0.0;   0;    3.850;   0;  -999;  12.5;    -999;   14.3;   77.13;   17.3;   10.9;    9.3;eor
       3904;20191026;-999;-999;-999;    1;   0.0;   0;    7.567;   0;  -999;  12.3;    -999;   13.3;   80.71;   19.1;    5.1;    3.4;eor
       3904;20191027;-999;-999;-999;    1;   2.4;   4;    0.000;   0;  -999;  11.3;    -999;   10.2;   90.00;   14.9;    4.4;    2.8;eor
       3904;20191028;-999;-999;-999;    1;   0.0;   0;    4.633;   0;  -999;   8.6;    -999;    6.5;   88.71;   10.6;    2.6;    1.4;eor
       3904;20191029;-999;-999;-999;    1;   0.0;   0;    2.217;   0;  -999;   8.4;    -999;    6.5;   86.83;   11.0;    1.6;   -0.4;eor
       3904;20191030;-999;-999;-999;    1;   0.0;   0;    1.283;   0;  -999;   7.4;    -999;    5.1;   84.33;    9.1;    0.6;   -1.3;eor
       3904;20191031;-999;-999;-999;    1;   0.1;   4;    8.633;   0;  -999;   7.2;    -999;    5.6;   79.50;   11.6;    0.4;   -1.4;eor
       3904;20191101;-999;-999;-999;    1;  12.2;   4;    0.000;   0;  -999;  11.3;    -999;    9.8;   91.54;   13.4;    6.1;    5.8;eor
       3904;20191102;-999;-999;-999;    1;  13.0;   4;    1.350;   0;  -999;  13.2;    -999;   13.1;   88.08;   15.8;   10.2;    9.5;eor
       3904;20191103;-999;-999;-999;    1;   2.8;   4;    0.050;   0;  -999;  12.3;    -999;   11.8;   89.17;   14.6;   10.4;    9.1;eor
       3904;20191104;-999;-999;-999;    1;   4.5;   4;    1.217;   0;  -999;  11.2;    -999;   10.7;   86.75;   13.7;    8.9;    7.7;eor
       3904;20191105;-999;-999;-999;    1;   7.2;   4;    2.417;   0;  -999;  10.3;    -999;    8.9;   90.08;   11.4;    5.1;    3.8;eor
       3904;20191106;-999;-999;-999;    1;   1.6;   4;    0.000;   0;  -999;  10.6;    -999;    8.8;   93.25;   10.3;    7.0;    6.7;eor
       3904;20191107;-999;-999;-999;    1;   7.4;   4;    1.133;   0;  -999;   9.0;    -999;    7.3;   87.67;    9.9;   -0.5;   -2.4;eor
       3904;20191108;-999;-999;-999;    1;   0.0;   0;    4.350;   0;  -999;   7.8;    -999;    4.7;   91.46;   10.2;   -0.6;   -1.9;eor
       3904;20191109;-999;-999;-999;    1;   0.2;   4;    0.283;   0;  -999;   7.4;    -999;    3.5;   93.67;    6.8;   -1.7;   -3.4;eor
       3904;20191110;-999;-999;-999;    1;   0.0;   0;    0.450;   0;  -999;   7.1;    -999;    2.4;   96.88;    5.5;   -1.0;   -1.1;eor
       3904;20191111;-999;-999;-999;    1;   7.1;   4;    1.183;   0;  -999;   7.6;    -999;    4.7;   89.25;    7.9;    2.6;    2.4;eor
       3904;20191112;-999;-999;-999;    1;   3.1;   4;    0.467;   0;  -999;   7.6;    -999;    4.7;   89.08;    6.4;   -1.7;   -3.4;eor
       3904;20191113;-999;-999;-999;    1;   0.4;   4;    0.000;   0;  -999;   7.8;    -999;    4.5;   91.67;    5.9;    1.8;    1.3;eor
       3904;20191114;-999;-999;-999;    1;   0.1;   4;    0.050;   0;  -999;   7.4;    -999;    4.8;   86.29;    6.8;    2.1;    0.5;eor
       3904;20191115;-999;-999;-999;    1;   0.0;   0;    0.017;   0;  -999;   6.8;    -999;    4.3;   82.17;    6.0;   -0.7;   -2.5;eor
       3904;20191116;-999;-999;-999;    1;   0.0;   4;    3.067;   0;  -999;   6.0;    -999;    0.6;   93.67;    8.2;   -3.2;   -4.7;eor
       3904;20191117;-999;-999;-999;    1;   8.0;   4;    0.000;   0;  -999;   6.9;    -999;    2.1;   95.50;    5.0;   -1.4;   -2.1;eor
       3904;20191118;-999;-999;-999;    1;   6.9;   4;    0.000;   0;  -999;   7.3;    -999;    3.3;   94.67;    5.3;    2.5;    2.2;eor
       3904;20191119;-999;-999;-999;    1;   0.0;   0;    3.517;   0;  -999;   7.0;    -999;    3.1;   91.54;    7.4;   -2.5;   -4.3;eor
       3904;20191120;-999;-999;-999;    1;   0.0;   0;    2.850;   0;  -999;   6.0;    -999;    0.6;   94.08;    5.2;   -3.0;   -5.1;eor
       3904;20191121;-999;-999;-999;    1;   0.9;   4;    0.350;   0;  -999;   6.9;    -999;    3.3;   88.83;    6.7;    1.1;   -1.2;eor
       3904;20191122;-999;-999;-999;    1;   0.0;   0;    5.317;   0;  -999;   8.3;    -999;    6.6;   85.46;   10.4;    3.1;    2.8;eor
       3904;20191123;-999;-999;-999;    1;   0.0;   0;    0.133;   0;  -999;   7.2;    -999;    4.1;   87.67;    8.6;   -0.9;   -2.1;eor
       3904;20191124;-999;-999;-999;    1;   0.0;   0;    3.633;   0;  -999;   6.9;    -999;    2.4;   95.17;    8.9;   -1.8;   -3.3;eor
       3904;20191125;-999;-999;-999;    1;   1.2;   4;    0.000;   0;  -999;   8.5;    -999;    5.3;   94.79;    8.9;    0.8;   -0.9;eor
       3904;20191126;-999;-999;-999;    1;   1.9;   4;    0.000;   0;  -999;  10.8;    -999;    9.7;   90.04;   11.5;    6.8;    6.2;eor
       3904;20191127;-999;-999;-999;    1;  11.1;   4;    0.017;   0;  -999;  10.8;    -999;   10.5;   84.71;   11.7;    7.1;    5.3;eor
       3904;20191128;-999;-999;-999;    1;   3.0;   4;    0.133;   0;  -999;  10.3;    -999;   10.4;   81.96;   11.2;    9.1;    8.0;eor
       3904;20191129;-999;-999;-999;    1;   2.5;   4;    1.000;   0;  -999;   8.5;    -999;    6.1;   88.79;    9.3;   -0.6;   -2.6;eor
       3904;20191130;-999;-999;-999;    1;   0.0;   0;    0.617;   0;  -999;   6.2;    -999;    0.4;   98.46;    3.1;   -2.3;   -3.6;eor
       3904;20191201;-999;-999;-999;    1;   4.9;   4;    0.000;   0;  -999;   6.0;    -999;    1.9;   86.00;    3.9;    0.6;   -0.8;eor
       3904;20191202;-999;-999;-999;    1;   0.0;   4;    6.000;   0;  -999;   5.6;    -999;   -0.1;   91.63;    5.9;   -5.1;   -7.3;eor
       3904;20191203;-999;-999;-999;    1;   0.0;   0;    0.833;   0;  -999;   6.7;    -999;    1.9;   94.67;    6.8;   -2.8;   -4.2;eor
       3904;20191204;-999;-999;-999;    1;   0.0;   0;    7.100;   0;  -999;   5.5;    -999;   -0.1;   91.54;    6.6;   -4.9;   -6.8;eor
       3904;20191205;-999;-999;-999;    1;   0.0;   0;    0.000;   0;  -999;   5.0;    -999;   -2.6;   98.38;   -0.8;   -6.0;   -8.0;eor
       3904;20191206;-999;-999;-999;    1;   5.5;   4;    0.000;   0;  -999;   7.3;    -999;    3.0;   95.58;    8.3;   -0.8;   -0.9;eor
       3904;20191207;-999;-999;-999;    1;   0.3;   4;    0.000;   0;  -999;   9.9;    -999;    8.8;   86.96;    9.8;    8.2;    7.4;eor
       3904;20191208;-999;-999;-999;    1;   5.3;   4;    0.000;   0;  -999;  10.3;    -999;    9.2;   87.67;   10.8;    7.8;    7.2;eor
       3904;20191209;-999;-999;-999;    1;   4.2;   4;    0.283;   0;  -999;   8.2;    -999;    6.9;   81.79;    8.4;    3.4;   -0.2;eor
       3904;20191210;-999;-999;-999;    1;   2.9;   4;    0.000;   0;  -999;   6.3;    -999;    1.8;   90.79;    4.2;   -3.1;   -4.8;eor
       3904;20191211;-999;-999;-999;    1;   5.9;   4;    0.000;   0;  -999;   7.4;    -999;    4.2;   89.83;    5.7;    3.0;    2.3;eor
       3904;20191212;-999;-999;-999;    1;   6.0;   4;    0.183;   0;  -999;   7.1;    -999;    4.2;   85.25;    5.2;    2.3;    1.7;eor
       3904;20191213;-999;-999;-999;    1;   8.2;   4;    0.000;   0;  -999;   7.8;    -999;    5.3;   86.88;    6.7;    2.4;    1.7;eor
       3904;20191214;-999;-999;-999;    1;   4.5;   4;    1.417;   0;  -999;   8.1;    -999;    7.3;   79.46;    9.6;    4.4;    3.8;eor
       3904;20191215;-999;-999;-999;    1;   0.9;   4;    0.267;   0;  -999;   9.5;    -999;    9.2;   81.67;   11.3;    7.3;    5.3;eor
       3904;20191216;-999;-999;-999;    1;   0.5;   4;    0.350;   0;  -999;  10.3;    -999;    8.7;   91.38;   12.0;    5.8;    3.5;eor
       3904;20191217;-999;-999;-999;    1;   5.3;   4;    0.050;   0;  -999;  10.4;    -999;   12.6;   71.83;   16.5;    6.8;    4.6;eor
       3904;20191218;-999;-999;-999;    1;   0.0;   0;    2.800;   0;  -999;   9.9;    -999;    8.1;   91.04;   10.8;    4.5;    1.5;eor
       3904;20191219;-999;-999;-999;    1;   0.0;   0;    6.783;   0;  -999;   9.2;    -999;    9.9;   77.33;   15.7;    3.1;    0.9;eor
       3904;20191220;-999;-999;-999;    1;  10.3;   4;    0.000;   0;  -999;   9.4;    -999;    9.4;   78.88;   12.0;    6.3;    3.2;eor
       3904;20191221;-999;-999;-999;    1;   2.0;   4;    0.233;   0;  -999;   8.2;    -999;    6.0;   87.00;    8.2;    0.2;   -1.5;eor
       3904;20191222;-999;-999;-999;    1;   2.2;   4;    0.050;   0;  -999;   9.3;    -999;    8.4;   83.75;    9.3;    7.4;    5.8;eor
       3904;20191223;-999;-999;-999;    1;   1.1;   4;    0.083;   0;  -999;   8.9;    -999;    7.8;   83.96;    8.9;    6.7;    4.0;eor
       3904;20191224;-999;-999;-999;    1;   4.2;   4;    1.367;   0;  -999;   9.0;    -999;    8.2;   82.46;   11.2;    5.5;    3.6;eor
       3904;20191225;-999;-999;-999;    1;   0.2;   4;    0.567;   0;  -999;   8.6;    -999;    7.7;   81.29;   10.0;    0.6;   -1.5;eor
       3904;20191226;-999;-999;-999;    1;   7.7;   4;    0.167;   0;  -999;   7.0;    -999;    2.2;   96.75;    5.1;   -2.2;   -3.7;eor
       3904;20191227;-999;-999;-999;    1;   1.3;   4;    0.967;   0;  -999;   8.9;    -999;    6.5;   91.75;    8.4;    5.0;    4.5;eor
