STATIONS_ID;MESS_DATUM;QN_3;  FX;  FM;QN_4; RSK;RSKF; SDK;SHK_TAG;  NM; VPM;  PM; TMK; UPM; TXK; TNK; TGK;eor
       3975;20180704;-999;-999;-999;    3;   0.0;   0;   12.467;-999;  -999;  10.7;    -999;   21.0;   44.92;   28.8;   13.3;    9.4;eor
       3975;20180705;-999;-999;-999;    3;   3.0;   4;    8.450;-999;  -999;  15.3;    -999;   18.8;   73.96;   27.8;   14.6;   11.5;eor
       3975;20180706;-999;-999;-999;    3;   3.2;   4;    2.933;-999;  -999;  16.3;    -999;   17.8;   80.88;   24.0;   13.2;   10.1;eor
       3975;20180707;-999;-999;-999;    3;   0.0;   0;   13.567;-999;  -999;  10.8;    -999;   17.6;   57.04;   23.8;   11.0;    8.0;eor
       3975;20180708;-999;-999;-999;    3;   0.0;   0;   12.467;-999;  -999;  10.8;    -999;   18.6;   51.92;   25.6;   11.7;    8.3;eor
       3975;20180709;-999;-999;-999;    3;   0.0;   0;   10.683;-999;  -999;  12.6;    -999;   19.4;   57.63;   25.4;   12.9;    9.8;eor
       3975;20180710;-999;-999;-999;    3;   3.1;   4;    3.317;-999;  -999;  12.5;    -999;   14.4;   76.25;   17.5;    9.4;    6.7;eor
       3975;20180711;-999;-999;-999;    3;   9.0;   4;    2.033;-999;  -999;  11.6;    -999;   12.4;   81.71;   17.7;    9.3;    6.6;eor
       3975;20180712;-999;-999;-999;    3;   0.0;   0;    6.800;-999;  -999;  13.2;    -999;   15.7;   76.08;   21.6;   10.3;   10.0;eor
       3975;20180713;-999;-999;-999;    3;   0.0;   0;   10.983;-999;  -999;  13.8;    -999;   18.9;   65.63;   25.1;   12.1;    9.7;eor
       3975;20180714;-999;-999;-999;    3;   0.0;   0;   11.283;-999;  -999;  12.9;    -999;   20.1;   56.71;   26.9;   13.0;   11.0;eor
       3975;20180715;-999;-999;-999;    3;   6.0;   4;    6.633;-999;  -999;  13.7;    -999;   18.7;   65.46;   25.9;   13.8;   11.2;eor
       3975;20180716;-999;-999;-999;    3;   0.0;   0;    5.333;-999;  -999;  14.4;    -999;   17.6;   72.96;   23.6;   13.1;   11.2;eor
       3975;20180717;-999;-999;-999;    3;   0.0;   0;   12.467;-999;  -999;  13.1;    -999;   20.4;   58.50;   27.5;   12.4;   10.4;eor
       3975;20180718;-999;-999;-999;    3;   0.0;   0;   12.583;-999;  -999;  12.6;    -999;   20.7;   52.67;   26.6;   15.3;   11.3;eor
       3975;20180719;-999;-999;-999;    3;   0.0;   0;   13.383;-999;  -999;  10.8;    -999;   19.7;   49.38;   26.2;   13.0;    9.4;eor
       3975;20180720;-999;-999;-999;    3;   0.3;   4;   11.617;-999;  -999;  12.2;    -999;   22.1;   47.75;   29.0;   15.7;   12.4;eor
       3975;20180721;-999;-999;-999;    3;   8.4;   4;    0.000;-999;  -999;  17.3;    -999;   17.6;   86.08;   19.7;   15.6;   14.9;eor
       3975;20180722;-999;-999;-999;    3;   0.3;   4;    0.833;-999;  -999;  17.7;    -999;   17.5;   88.75;   21.8;   15.4;   15.2;eor
       3975;20180723;-999;-999;-999;    3;   0.9;   4;    5.917;-999;  -999;  16.7;    -999;   19.5;   74.67;   26.2;   15.2;   13.7;eor
       3975;20180724;-999;-999;-999;    3;   0.0;   0;   12.217;-999;  -999;  15.0;    -999;   22.4;   59.71;   29.6;   15.2;   13.1;eor
       3975;20180725;-999;-999;-999;    3;   0.0;   0;   11.583;-999;  -999;  14.4;    -999;   24.2;   49.25;   30.8;   18.2;   15.1;eor
       3975;20180726;-999;-999;-999;    3;   0.0;   0;   11.183;-999;  -999;  13.4;    -999;   24.1;   46.46;   30.5;   18.2;   14.2;eor
       3975;20180727;-999;-999;-999;    3;   1.0;   4;    9.317;-999;  -999;  14.9;    -999;   23.2;   53.79;   29.6;   17.0;   14.7;eor
       3975;20180728;-999;-999;-999;    3;   3.4;   4;    7.300;-999;  -999;  16.6;    -999;   22.0;   63.67;   29.5;   17.1;   14.2;eor
       3975;20180729;-999;-999;-999;    3;   0.0;   0;    9.733;-999;  -999;  16.4;    -999;   22.5;   63.25;   28.8;   16.0;   14.0;eor
       3975;20180730;-999;-999;-999;    3;   0.0;   0;   11.183;-999;  -999;  14.6;    -999;   25.1;   48.42;   32.7;   18.1;   14.7;eor
       3975;20180731;-999;-999;-999;    3;   0.0;   0;   12.417;-999;  -999;  14.5;    -999;   26.6;   44.29;   34.3;   18.3;   15.3;eor
       3975;20180801;-999;-999;-999;    3;   1.4;   4;   10.567;-999;  -999;  17.3;    -999;   24.4;   59.17;   33.8;   19.0;   16.0;eor
       3975;20180802;-999;-999;-999;    3;   0.2;   4;    7.100;-999;  -999;  19.5;    -999;   23.0;   70.25;   30.1;   18.1;   16.5;eor
       3975;20180803;-999;-999;-999;    3;   0.0;   0;   11.417;-999;  -999;  18.3;    -999;   25.0;   59.79;   32.8;   18.9;   15.8;eor
       3975;20180804;-999;-999;-999;    3;   0.1;   4;    6.417;-999;  -999;  18.7;    -999;   24.1;   64.17;   31.9;   19.5;   16.5;eor
       3975;20180805;-999;-999;-999;    3;   0.0;   0;   11.917;-999;  -999;  16.3;    -999;   23.0;   59.96;   29.2;   18.1;   15.6;eor
       3975;20180806;-999;-999;-999;    3;   0.0;   0;   13.067;-999;  -999;  12.4;    -999;   22.7;   48.50;   30.8;   15.2;   12.6;eor
       3975;20180807;-999;-999;-999;    3;   0.0;   0;   10.400;-999;  -999;  14.6;    -999;   25.3;   46.13;   32.1;   19.1;   15.2;eor
       3975;20180808;-999;-999;-999;    3;   0.0;   4;    7.283;-999;  -999;  16.2;    -999;   23.7;   56.00;   28.8;   19.1;   16.2;eor
       3975;20180809;-999;-999;-999;    3;   0.0;   4;   12.650;-999;  -999;  15.5;    -999;   24.1;   55.08;   32.9;   16.9;   14.7;eor
       3975;20180810;-999;-999;-999;    3;   0.0;   0;    2.633;-999;  -999;  12.3;    -999;   18.0;   60.54;   22.4;   13.2;    9.8;eor
       3975;20180811;-999;-999;-999;    3;   0.0;   0;    7.300;-999;  -999;  10.8;    -999;   17.1;   58.50;   22.9;   11.4;    8.4;eor
       3975;20180812;-999;-999;-999;    3;   0.0;   0;   12.850;-999;  -999;   9.4;    -999;   19.7;   43.58;   27.9;   11.4;    7.9;eor
       3975;20180813;-999;-999;-999;    3;   1.3;   4;    6.667;-999;  -999;  14.1;    -999;   20.6;   60.38;   28.6;   14.9;   11.3;eor
       3975;20180814;-999;-999;-999;    3;   0.4;   4;    1.533;-999;  -999;  14.8;    -999;   17.0;   77.38;   21.2;   13.7;   10.1;eor
       3975;20180815;-999;-999;-999;    3;   0.0;   0;    6.767;-999;  -999;  14.1;    -999;   17.7;   71.79;   24.2;   12.8;    9.4;eor
       3975;20180816;-999;-999;-999;    3;   0.0;   0;   12.150;-999;  -999;  12.9;    -999;   20.9;   55.38;   28.9;   13.1;   10.6;eor
       3975;20180817;-999;-999;-999;    3;   0.0;   0;   10.767;-999;  -999;  11.8;    -999;   22.6;   45.63;   30.1;   15.1;   12.0;eor
       3975;20180818;-999;-999;-999;    3;   0.0;   0;   10.017;-999;  -999;  14.5;    -999;   22.2;   55.96;   29.0;   16.4;   14.0;eor
       3975;20180819;-999;-999;-999;    3;   0.0;   0;   11.917;-999;  -999;  14.2;    -999;   22.9;   53.71;   30.4;   16.0;   12.7;eor
       3975;20180820;-999;-999;-999;    3;   0.0;   0;   12.383;-999;  -999;  13.8;    -999;   22.0;   53.79;   28.7;   16.4;   12.8;eor
       3975;20180821;-999;-999;-999;    3;   0.0;   0;   10.933;-999;  -999;  14.1;    -999;   21.7;   57.00;   28.5;   15.1;   11.8;eor
       3975;20180822;-999;-999;-999;    3;   0.0;   0;   10.367;-999;  -999;  13.8;    -999;   23.0;   52.04;   30.9;   16.0;   13.6;eor
       3975;20180823;-999;-999;-999;    3;   0.2;   4;    4.833;-999;  -999;  15.2;    -999;   21.7;   59.46;   28.5;   17.8;   14.8;eor
       3975;20180824;-999;-999;-999;    3;   2.6;   4;    1.683;-999;  -999;  15.0;    -999;   17.4;   74.71;   21.8;   12.8;   10.5;eor
       3975;20180825;-999;-999;-999;    3;   0.7;   4;    0.167;-999;  -999;  10.9;    -999;   12.1;   77.42;   15.4;    8.4;    5.9;eor
       3975;20180826;-999;-999;-999;    3;   0.0;   0;   10.950;-999;  -999;   8.3;    -999;   11.9;   63.33;   18.4;    5.9;    2.2;eor
       3975;20180827;-999;-999;-999;    3;   0.0;   0;    4.817;-999;  -999;  10.4;    -999;   15.7;   58.92;   21.4;    7.9;    4.4;eor
       3975;20180828;-999;-999;-999;    3;   0.0;   0;    8.617;-999;  -999;  12.4;    -999;   17.7;   64.17;   24.5;   13.6;    9.6;eor
       3975;20180829;-999;-999;-999;    3;   7.8;   4;   11.083;-999;  -999;  12.4;    -999;   19.4;   57.92;   27.5;   11.3;    7.5;eor
       3975;20180830;-999;-999;-999;    3;   0.0;   0;    1.250;-999;  -999;  14.5;    -999;   15.3;   82.67;   18.1;   10.7;    7.8;eor
       3975;20180831;-999;-999;-999;    3;   0.6;   4;    0.167;-999;  -999;  12.4;    -999;   13.2;   82.04;   17.1;   10.0;    7.5;eor
       3975;20180901;-999;-999;-999;    3;   5.9;   4;    0.217;-999;  -999;  10.7;    -999;   13.2;   71.04;   15.7;   11.5;   10.7;eor
       3975;20180902;-999;-999;-999;    3;   3.0;   4;    0.000;-999;  -999;  14.5;    -999;   13.5;   93.00;   15.2;   12.0;   11.5;eor
       3975;20180903;-999;-999;-999;    3;   5.9;   4;    0.783;-999;  -999;  16.5;    -999;   15.4;   94.38;   19.3;   13.7;   13.5;eor
       3975;20180904;-999;-999;-999;    3;   1.4;   4;    4.600;-999;  -999;  16.6;    -999;   17.3;   85.58;   23.1;   14.4;   12.6;eor
       3975;20180905;-999;-999;-999;    3;   0.0;   0;   11.033;-999;  -999;  15.4;    -999;   17.9;   77.29;   24.0;   13.0;   11.3;eor
       3975;20180906;-999;-999;-999;    3;   5.5;   4;    9.150;-999;  -999;  14.3;    -999;   18.2;   70.96;   24.3;   12.5;   10.9;eor
       3975;20180907;-999;-999;-999;    3;   5.0;   4;    2.683;-999;  -999;  15.6;    -999;   15.2;   90.50;   18.6;   10.8;    8.1;eor
       3975;20180908;-999;-999;-999;    3;   0.0;   0;    9.467;-999;  -999;  11.6;    -999;   14.5;   72.67;   20.6;   10.1;    7.5;eor
       3975;20180909;-999;-999;-999;    3;   0.0;   0;    6.600;-999;  -999;  11.7;    -999;   16.1;   65.79;   23.7;   10.3;    7.5;eor
       3975;20180910;-999;-999;-999;    3;   0.0;   0;    9.333;-999;  -999;  11.2;    -999;   17.9;   57.17;   24.9;   11.2;    7.5;eor
       3975;20180911;-999;-999;-999;    3;   0.0;   0;   11.450;-999;  -999;  11.2;    -999;   18.2;   55.50;   25.0;   12.8;    8.5;eor
       3975;20180912;-999;-999;-999;    3;   0.7;   4;   11.350;-999;  -999;  11.8;    -999;   20.6;   50.75;   28.5;   13.8;    9.2;eor
       3975;20180913;-999;-999;-999;    3;   1.8;   4;    4.217;-999;  -999;  15.4;    -999;   17.7;   76.33;   23.1;   13.6;   12.0;eor
       3975;20180914;-999;-999;-999;    3;   0.0;   0;    2.100;-999;  -999;  14.2;    -999;   15.4;   81.96;   20.0;   12.6;   10.3;eor
       3975;20180915;-999;-999;-999;    3;   0.0;   0;    9.050;-999;  -999;  10.9;    -999;   14.7;   66.75;   19.4;    9.6;    6.0;eor
       3975;20180916;-999;-999;-999;    3;   0.0;   0;   10.733;-999;  -999;   9.6;    -999;   14.9;   59.29;   22.7;    7.6;    5.1;eor
       3975;20180917;-999;-999;-999;    3;   0.0;   0;   10.867;-999;  -999;  11.6;    -999;   18.1;   57.33;   25.1;   11.1;    9.0;eor
       3975;20180918;-999;-999;-999;    3;   0.2;   4;   10.817;-999;  -999;  13.8;    -999;   20.2;   61.75;   28.0;   13.2;   11.0;eor
       3975;20180919;-999;-999;-999;    3;   0.3;   4;    7.333;-999;  -999;  14.5;    -999;   19.6;   64.96;   25.2;   15.8;   12.9;eor
       3975;20180920;-999;-999;-999;    3;   0.0;   0;   10.683;-999;  -999;  14.8;    -999;   20.4;   64.33;   27.1;   13.5;   11.9;eor
       3975;20180921;-999;-999;-999;    3;   1.7;   4;    5.250;-999;  -999;  13.8;    -999;   17.9;   69.92;   26.7;   10.5;    9.8;eor
       3975;20180922;-999;-999;-999;    3;   0.9;   4;    2.933;-999;  -999;   8.6;    -999;   11.6;   64.17;   15.2;    8.6;    7.4;eor
       3975;20180923;-999;-999;-999;    3;  28.1;   4;    0.633;-999;  -999;  12.8;    -999;   12.6;   86.33;   21.5;    6.8;    6.7;eor
       3975;20180924;-999;-999;-999;    3;   0.0;   4;    3.517;-999;  -999;   7.7;    -999;    7.6;   74.42;   12.0;    4.1;    1.4;eor
       3975;20180925;-999;-999;-999;    3;   0.0;   0;    9.350;-999;  -999;   6.3;    -999;    6.3;   68.46;   12.0;    1.7;   -0.9;eor
       3975;20180926;-999;-999;-999;    3;   0.0;   0;    7.917;-999;  -999;   6.3;    -999;    7.8;   61.96;   15.3;    0.6;   -1.0;eor
       3975;20180927;-999;-999;-999;    3;   0.0;   0;   10.517;-999;  -999;   8.2;    -999;   13.0;   59.08;   22.6;    4.5;    3.1;eor
       3975;20180928;-999;-999;-999;    3;   0.0;   0;    9.533;-999;  -999;   9.2;    -999;   13.0;   63.29;   19.5;    5.3;    1.8;eor
       3975;20180929;-999;-999;-999;    3;   0.0;   0;   10.383;-999;  -999;   6.2;    -999;    7.9;   60.46;   13.8;    2.6;   -1.0;eor
       3975;20180930;-999;-999;-999;    3;   0.0;   0;   10.350;-999;  -999;   7.4;    -999;    9.3;   64.50;   17.7;    2.1;    0.5;eor
       3975;20181001;-999;-999;-999;    3;   0.4;   4;    3.500;   0;  -999;   8.3;    -999;    8.1;   77.00;   12.3;    5.5;    3.2;eor
       3975;20181002;-999;-999;-999;    3;   0.3;   4;    0.150;   0;  -999;   7.6;    -999;    5.8;   81.71;    8.2;    3.3;    2.5;eor
       3975;20181003;-999;-999;-999;    3;   0.8;   4;    3.533;   0;  -999;   9.2;    -999;    9.4;   79.00;   14.2;    4.4;    1.0;eor
       3975;20181004;-999;-999;-999;    3;   0.0;   0;   10.117;   0;  -999;   8.3;    -999;    8.9;   75.29;   16.3;    3.1;    0.1;eor
       3975;20181005;-999;-999;-999;    3;   0.0;   0;   10.133;   0;  -999;   8.9;    -999;   11.5;   69.08;   19.9;    4.3;    1.9;eor
       3975;20181006;-999;-999;-999;    3;   0.0;   0;    6.267;   0;  -999;  11.6;    -999;   13.6;   75.38;   21.0;    7.1;    5.6;eor
       3975;20181007;-999;-999;-999;    3;   5.1;   4;    8.017;   0;  -999;  12.8;    -999;   13.8;   82.29;   21.2;    9.6;    8.2;eor
       3975;20181008;-999;-999;-999;    3;   0.0;   4;    7.367;   0;  -999;  12.2;    -999;   12.5;   85.29;   18.7;    9.3;    7.3;eor
       3975;20181009;-999;-999;-999;    3;   0.0;   0;    9.100;   0;  -999;  12.1;    -999;   12.0;   87.00;   18.7;    7.0;    6.5;eor
       3975;20181010;-999;-999;-999;    3;   0.0;   0;    6.633;   0;  -999;  12.4;    -999;   13.1;   83.42;   19.4;    9.2;    7.6;eor
       3975;20181011;-999;-999;-999;    3;   0.0;   4;    9.300;   0;  -999;   9.3;    -999;   14.9;   58.08;   22.6;    9.0;    7.5;eor
       3975;20181012;-999;-999;-999;    3;   0.0;   0;    9.550;   0;  -999;  10.6;    -999;   16.4;   57.75;   24.2;   10.9;    8.1;eor
       3975;20181013;-999;-999;-999;    3;   0.0;   0;    9.567;   0;  -999;  10.9;    -999;   14.8;   66.54;   23.0;    9.2;    6.5;eor
       3975;20181014;-999;-999;-999;    3;   0.0;   0;    9.533;   0;  -999;   9.3;    -999;   15.9;   53.13;   21.8;    9.6;    7.5;eor
       3975;20181015;-999;-999;-999;    3;   0.0;   0;    9.433;   0;  -999;   8.8;    -999;   15.4;   51.88;   21.7;    9.6;    5.8;eor
       3975;20181016;-999;-999;-999;    3;   0.0;   0;    8.733;   0;  -999;   9.8;    -999;   13.4;   65.29;   20.9;    7.3;    4.1;eor
       3975;20181017;-999;-999;-999;    3;   0.0;   0;    9.083;   0;  -999;  10.4;    -999;   12.7;   72.88;   20.0;    7.6;    5.0;eor
       3975;20181018;-999;-999;-999;    3;   0.0;   0;    7.250;   0;  -999;  10.8;    -999;   12.4;   76.17;   18.8;    7.9;    5.1;eor
       3975;20181019;-999;-999;-999;    3;   0.0;   0;    7.500;   0;  -999;  10.7;    -999;   10.5;   84.54;   15.4;    6.5;    4.2;eor
       3975;20181020;-999;-999;-999;    3;   0.0;   0;    5.267;   0;  -999;   9.4;    -999;    9.2;   81.83;   15.0;    5.7;    2.4;eor
       3975;20181021;-999;-999;-999;    3;   0.0;   0;    7.850;   0;  -999;   7.4;    -999;    7.7;   72.17;   13.5;    4.1;    0.0;eor
       3975;20181022;-999;-999;-999;    3;   0.7;   4;    5.750;   0;  -999;   7.7;    -999;    7.1;   77.63;   13.2;    1.6;   -0.5;eor
       3975;20181023;-999;-999;-999;    3;   2.0;   4;    0.000;   0;  -999;   7.6;    -999;    6.9;   77.92;    9.7;    2.9;   -0.2;eor
       3975;20181024;-999;-999;-999;    3;  15.6;   4;    0.083;   0;  -999;  10.9;    -999;    9.5;   90.79;   11.4;    8.3;    7.2;eor
       3975;20181025;-999;-999;-999;    3;   1.1;   4;    0.350;   0;  -999;  10.8;    -999;   10.0;   88.08;   11.4;    8.2;    7.9;eor
       3975;20181026;-999;-999;-999;    3;   2.3;   4;    4.600;   0;  -999;   8.7;    -999;    8.7;   77.71;   12.2;    6.1;    4.3;eor
       3975;20181027;-999;-999;-999;    3;   9.2;   4;    0.000;   0;  -999;   7.5;    -999;    5.0;   85.88;    6.7;    3.5;    3.1;eor
       3975;20181028;-999;-999;-999;    3;   9.1;   4;    0.000;   0;  -999;   6.5;    -999;    1.7;   94.04;    3.5;    0.1;    0.1;eor
       3975;20181029;-999;-999;-999;    3;   0.3;   4;    0.000;   0;  -999;   7.9;    -999;    4.2;   94.88;   10.3;    1.7;    1.7;eor
       3975;20181030;-999;-999;-999;    3;   1.8;   4;    1.367;   0;  -999;   7.8;    -999;    7.6;   74.71;   13.0;    3.1;    0.8;eor
       3975;20181031;-999;-999;-999;    3;   0.0;   0;    5.600;   0;  -999;   6.9;    -999;    6.5;   71.75;   12.0;    1.8;   -0.7;eor
       3975;20181101;-999;-999;-999;    3;   0.0;   0;    1.633;   0;  -999;   7.8;    -999;    6.7;   80.67;   13.0;    3.3;    0.4;eor
       3975;20181102;-999;-999;-999;    3;   0.0;   0;    1.717;   0;  -999;   8.5;    -999;    7.1;   85.17;   11.1;    3.6;    0.4;eor
       3975;20181103;-999;-999;-999;    3;   0.0;   0;    0.617;   0;  -999;   9.1;    -999;    8.3;   82.79;   10.8;    6.4;    6.0;eor
       3975;20181104;-999;-999;-999;    3;   0.0;   0;    0.000;   0;  -999;  10.5;    -999;    8.8;   92.63;   10.2;    7.8;    7.7;eor
       3975;20181105;-999;-999;-999;    3;   0.0;   0;    2.983;   0;  -999;  10.7;    -999;    9.6;   89.67;   13.8;    7.5;    5.4;eor
       3975;20181106;-999;-999;-999;    3;   0.0;   0;    6.350;   0;  -999;   9.9;    -999;    9.0;   86.92;   14.9;    5.1;    3.1;eor
       3975;20181107;-999;-999;-999;    3;   0.0;   0;    0.000;   0;  -999;   9.4;    -999;    6.1;   99.75;    7.8;    3.1;    2.0;eor
       3975;20181108;-999;-999;-999;    3;   0.0;   0;    0.367;   0;  -999;  10.1;    -999;    7.6;   95.50;   10.9;    3.5;    1.8;eor
       3975;20181109;-999;-999;-999;    3;   0.0;   0;    0.000;   0;  -999;   9.7;    -999;    7.4;   93.88;    8.4;    5.8;    4.0;eor
       3975;20181110;-999;-999;-999;    3;   0.2;   4;    0.000;   0;  -999;   9.3;    -999;    6.6;   95.21;    7.6;    5.7;    5.8;eor
       3975;20181111;-999;-999;-999;    3;   1.2;   4;    2.050;   0;  -999;   9.9;    -999;    7.8;   93.50;   11.8;    5.6;    4.0;eor
       3975;20181112;-999;-999;-999;    3;   0.0;   0;    7.333;   0;  -999;   9.0;    -999;    8.2;   83.58;   12.3;    4.7;    3.5;eor
       3975;20181113;-999;-999;-999;    3;   5.2;   4;    0.050;   0;  -999;   9.6;    -999;    6.9;   95.71;    9.8;    4.2;    1.2;eor
       3975;20181114;-999;-999;-999;    3;   0.0;   0;    0.000;   0;  -999;   8.1;    -999;    4.0;   99.25;    5.5;    1.7;   -0.3;eor
       3975;20181115;-999;-999;-999;    3;   0.0;   0;    5.183;   0;  -999;   7.2;    -999;    3.2;   94.21;    5.8;    1.0;    0.2;eor
       3975;20181116;-999;-999;-999;    3;   0.0;   0;    7.667;   0;  -999;   6.2;    -999;    2.3;   87.08;    6.6;   -0.4;   -1.2;eor
       3975;20181117;-999;-999;-999;    3;   0.0;   0;    7.600;   0;  -999;   5.3;    -999;    1.9;   75.96;    5.0;   -0.1;   -1.4;eor
       3975;20181118;-999;-999;-999;    3;   0.0;   0;    7.650;   0;  -999;   3.7;    -999;    1.0;   57.25;    5.2;   -3.6;   -6.4;eor
       3975;20181119;-999;-999;-999;    3;   0.0;   0;    0.000;   0;  -999;   4.4;    -999;   -1.0;   77.21;    0.1;   -3.6;   -6.5;eor
       3975;20181120;-999;-999;-999;    3;   2.9;   4;    0.000;   0;  -999;   5.3;    -999;   -0.3;   88.79;    0.7;   -1.5;   -3.2;eor
       3975;20181121;-999;-999;-999;    3;   0.0;   0;    0.000;   3;  -999;   5.8;    -999;    0.2;   92.71;    1.2;   -0.8;   -1.4;eor
       3975;20181122;-999;-999;-999;    3;   0.0;   0;    0.000;   0;  -999;   6.1;    -999;    1.3;   91.67;    2.6;   -0.4;   -2.5;eor
       3975;20181123;-999;-999;-999;    3;   1.3;   4;    0.000;   0;  -999;   6.2;    -999;    0.6;   96.33;    1.5;    0.1;    0.1;eor
       3975;20181124;-999;-999;-999;    3;   0.5;   4;    0.500;   0;  -999;   7.6;    -999;    3.6;   95.38;    6.8;    1.4;    1.5;eor
       3975;20181125;-999;-999;-999;    3;   0.0;   0;    0.000;   0;  -999;   7.1;    -999;    2.8;   95.71;    3.8;    2.0;    1.3;eor
       3975;20181126;-999;-999;-999;    3;   0.2;   4;    0.000;   0;  -999;   6.3;    -999;    2.7;   84.71;    3.7;    1.7;    0.8;eor
       3975;20181127;-999;-999;-999;    3;   0.0;   0;    0.000;   0;  -999;   5.4;    -999;    0.6;   84.46;    1.7;   -1.9;   -3.3;eor
       3975;20181128;-999;-999;-999;    3;   0.0;   0;    5.150;   0;  -999;   4.5;    -999;   -1.5;   82.33;    1.5;   -3.5;   -5.7;eor
       3975;20181129;-999;-999;-999;    3;   0.4;   4;    4.300;   0;  -999;   3.9;    -999;   -1.2;   71.50;    2.6;   -3.8;   -4.8;eor
       3975;20181130;-999;-999;-999;    3;   5.3;   4;    0.000;   0;  -999;   4.7;    -999;   -1.3;   84.46;    0.2;   -2.5;   -2.9;eor
       3975;20181201;-999;-999;-999;    3;   0.7;   4;    1.267;   0;  -999;   7.3;    -999;    2.9;   96.88;    6.7;    0.2;    0.1;eor
       3975;20181202;-999;-999;-999;    3;  25.1;   4;    0.000;   0;  -999;   9.0;    -999;    5.7;   96.63;    9.3;    1.8;    0.7;eor
       3975;20181203;-999;-999;-999;    3;  37.3;   4;    0.083;   0;  -999;  11.1;    -999;    9.0;   96.83;   10.4;    7.5;    7.1;eor
       3975;20181204;-999;-999;-999;    3;   0.6;   4;    0.100;   0;  -999;   7.9;    -999;    4.8;   89.88;    8.3;   -1.0;   -3.5;eor
       3975;20181205;-999;-999;-999;    3;   0.1;   4;    0.000;   0;  -999;   5.5;    -999;    0.3;   87.58;    1.6;   -2.6;   -3.9;eor
       3975;20181206;-999;-999;-999;    3;   0.3;   4;    0.000;   0;  -999;   7.9;    -999;    4.5;   90.79;    8.6;    0.8;    0.5;eor
       3975;20181207;-999;-999;-999;    3;   1.4;   4;    0.033;   0;  -999;  10.3;    -999;    8.6;   91.79;   10.0;    5.8;    4.8;eor
       3975;20181208;-999;-999;-999;    3;  11.7;   4;    0.000;   0;  -999;   7.1;    -999;    4.5;   83.46;    6.2;    3.5;    2.9;eor
       3975;20181209;-999;-999;-999;    3;   8.2;   4;    0.000;   0;  -999;   7.9;    -999;    5.0;   90.13;    6.8;    2.5;    2.1;eor
       3975;20181210;-999;-999;-999;    3;   2.6;   4;    0.467;   0;  -999;   6.1;    -999;    1.5;   89.42;    2.5;    0.0;    0.0;eor
       3975;20181211;-999;-999;-999;    3;   1.5;   4;    0.000;   0;  -999;   5.9;    -999;    0.7;   91.42;    1.3;    0.2;    0.0;eor
       3975;20181212;-999;-999;-999;    3;   0.1;   4;    0.750;   0;  -999;   5.6;    -999;   -0.1;   91.92;    1.5;   -2.7;   -4.7;eor
       3975;20181213;-999;-999;-999;    3;   0.0;   0;    0.617;   0;  -999;   4.1;    -999;   -2.4;   79.25;   -1.6;   -3.0;   -3.8;eor
       3975;20181214;-999;-999;-999;    3;   0.0;   0;    1.050;   0;  -999;   3.8;    -999;   -3.0;   77.08;   -2.1;   -4.5;   -5.5;eor
       3975;20181215;-999;-999;-999;    3;   0.0;   0;    0.000;   0;  -999;   3.5;    -999;   -3.2;   73.46;   -2.7;   -6.3;   -8.3;eor
       3975;20181216;-999;-999;-999;    3;   0.7;   4;    0.000;   0;  -999;   4.3;    -999;   -3.4;   88.25;    0.0;   -6.4;   -8.5;eor
       3975;20181217;-999;-999;-999;    3;   1.0;   4;    0.017;   0;  -999;   6.3;    -999;    0.7;   98.04;    2.2;   -1.2;   -1.0;eor
       3975;20181218;-999;-999;-999;    3;   0.0;   0;    0.233;   0;  -999;   6.5;    -999;    1.5;   95.79;    3.3;   -0.1;   -1.1;eor
       3975;20181219;-999;-999;-999;    3;   7.7;   4;    0.000;   0;  -999;   5.6;    -999;    0.0;   90.88;    0.7;   -0.9;   -1.5;eor
       3975;20181220;-999;-999;-999;    3;   4.2;   4;    0.000;   0;  -999;   7.0;    -999;    2.6;   94.21;    4.1;    0.3;    0.1;eor
       3975;20181221;-999;-999;-999;    3;  12.5;   4;    0.000;   0;  -999;   8.2;    -999;    5.5;   89.92;    9.0;    2.8;    2.1;eor
       3975;20181222;-999;-999;-999;    3;   6.5;   4;    0.000;   0;  -999;   9.1;    -999;    7.4;   88.38;    9.0;    5.2;    4.1;eor
       3975;20181223;-999;-999;-999;    3;  30.8;   4;    0.000;   0;  -999;   8.6;    -999;    5.9;   92.58;    9.6;    4.7;    4.1;eor
       3975;20181224;-999;-999;-999;    3;   0.4;   4;    0.117;   0;  -999;   7.0;    -999;    2.7;   93.25;    9.8;   -0.9;   -1.6;eor
       3975;20181225;-999;-999;-999;    3;   0.0;   0;    0.000;   0;  -999;   5.1;    -999;   -0.5;   87.17;    0.6;   -1.3;   -2.1;eor
       3975;20181226;-999;-999;-999;    3;   0.0;   0;    4.517;   0;  -999;   5.0;    -999;   -0.9;   86.75;    1.3;   -4.1;   -5.1;eor
       3975;20181227;-999;-999;-999;    3;   0.0;   0;    3.250;   0;  -999;   5.6;    -999;    0.9;   87.08;    5.3;   -0.6;   -1.5;eor
       3975;20181228;-999;-999;-999;    3;   0.2;   4;    5.733;   0;  -999;   5.2;    -999;   -0.2;   86.46;    3.3;   -2.7;   -4.0;eor
       3975;20181229;-999;-999;-999;    3;   6.3;   4;    0.000;   1;  -999;   5.5;    -999;   -1.3;   98.83;    0.8;   -3.0;   -2.9;eor
       3975;20181230;-999;-999;-999;    3;   3.2;   4;    0.200;   0;  -999;   7.0;    -999;    2.9;   93.38;    4.2;    0.5;    0.2;eor
       3975;20181231;-999;-999;-999;    3;   0.4;   4;    0.000;   0;  -999;   8.0;    -999;    3.7;   99.88;    5.0;    2.7;    2.8;eor
       3975;20190101;-999;-999;-999;    3;   8.8;   4;    0.000;   0;  -999;   7.6;    -999;    3.7;   95.04;    4.8;    0.0;   -0.1;eor
       3975;20190102;-999;-999;-999;    3;   0.8;   4;    2.300;   1;  -999;   4.7;    -999;   -0.9;   81.04;    0.7;   -2.8;   -6.0;eor
       3975;20190103;-999;-999;-999;    3;   0.0;   0;    3.867;   2;  -999;   3.9;    -999;   -2.9;   78.25;   -0.6;   -4.8;   -6.0;eor
       3975;20190104;-999;-999;-999;    3;   1.1;   4;    0.000;   2;  -999;   5.0;    -999;   -1.9;   93.13;   -0.3;   -3.4;   -4.3;eor
       3975;20190105;-999;-999;-999;    3;   8.2;   4;    0.000;  11;  -999;   6.5;    -999;    0.9;   99.46;    3.1;   -0.4;   -0.4;eor
       3975;20190106;-999;-999;-999;    3;   3.6;   4;    0.000;   4;  -999;   7.0;    -999;    2.3;   96.58;    3.1;    1.4;    1.2;eor
       3975;20190107;-999;-999;-999;    3;   5.2;   4;    0.000;   0;  -999;   6.8;    -999;    1.9;   97.25;    2.9;    0.0;    0.0;eor
       3975;20190108;-999;-999;-999;    3;   8.3;   4;    0.000;   3;  -999;   6.3;    -999;    1.3;   94.00;    2.6;   -0.1;   -0.1;eor
       3975;20190109;-999;-999;-999;    3;   0.5;   4;    0.000;   8;  -999;   5.3;    -999;   -1.0;   93.79;    0.8;   -1.8;   -3.0;eor
       3975;20190110;-999;-999;-999;    3;   0.4;   4;    0.017;   8;  -999;   4.6;    -999;   -2.0;   86.13;   -0.7;   -5.4;   -8.9;eor
       3975;20190111;-999;-999;-999;    3;   1.3;   4;    0.000;   6;  -999;   4.3;    -999;   -3.5;   90.13;   -1.1;   -4.9;   -6.7;eor
       3975;20190112;-999;-999;-999;    3;  12.7;   4;    0.000;  15;  -999;   6.1;    -999;    0.1;   98.92;    0.9;   -1.2;   -1.1;eor
       3975;20190113;-999;-999;-999;    3;  16.9;   4;    0.000;  15;  -999;   7.2;    -999;    2.5;   98.00;    5.4;    0.0;    0.0;eor
       3975;20190114;-999;-999;-999;    3;   1.4;   4;    1.117;   7;  -999;   5.7;    -999;    1.4;   84.00;    3.6;   -1.3;   -1.8;eor
       3975;20190115;-999;-999;-999;    3;   0.0;   0;    0.017;   8;  -999;   5.4;    -999;    0.8;   83.42;    2.4;   -1.2;   -1.3;eor
       3975;20190116;-999;-999;-999;    3;   0.0;   0;    2.700;   5;  -999;   5.6;    -999;    1.9;   79.67;    3.6;    0.2;   -1.8;eor
       3975;20190117;-999;-999;-999;    3;   3.0;   4;    0.000;   0;  -999;   6.0;    -999;    2.6;   81.04;    4.5;   -0.8;   -1.0;eor
       3975;20190118;-999;-999;-999;    3;   0.4;   4;    2.817;   2;  -999;   4.5;    -999;   -2.2;   85.92;    0.9;   -5.4;   -8.7;eor
       3975;20190119;-999;-999;-999;    3;   0.0;   0;    7.117;   4;  -999;   3.2;    -999;   -4.4;   74.08;   -0.2;   -7.1;   -8.8;eor
       3975;20190120;-999;-999;-999;    3;   0.0;   0;    2.700;   3;  -999;   3.2;    -999;   -5.9;   82.46;   -3.9;   -9.2;  -10.4;eor
       3975;20190121;-999;-999;-999;    3;   0.0;   0;    7.233;   3;  -999;   3.3;    -999;   -4.3;   76.08;   -0.6;   -8.0;  -10.5;eor
       3975;20190122;-999;-999;-999;    3;   0.0;   0;    0.000;   3;  -999;   3.4;    -999;   -5.9;   86.08;   -5.3;   -7.6;   -9.9;eor
       3975;20190123;-999;-999;-999;    3;   1.4;   4;    0.000;   3;  -999;   3.3;    -999;   -6.5;   88.79;   -5.7;   -8.0;   -7.7;eor
       3975;20190124;-999;-999;-999;    3;   0.1;   4;    0.000;   5;  -999;   3.7;    -999;   -5.0;   87.63;   -3.2;   -5.9;   -5.9;eor
       3975;20190125;-999;-999;-999;    3;   0.7;   4;    0.000;   6;  -999;   3.6;    -999;   -5.4;   87.58;   -3.2;   -6.6;   -6.6;eor
       3975;20190126;-999;-999;-999;    3;   6.7;   4;    0.000;  12;  -999;   5.9;    -999;   -0.2;   96.46;    2.2;   -3.5;   -3.4;eor
       3975;20190127;-999;-999;-999;    3;   1.7;   4;    2.233;  11;  -999;   6.2;    -999;    2.4;   85.46;    4.3;    0.8;    0.3;eor
       3975;20190128;-999;-999;-999;    3;   2.2;   4;    0.000;   8;  -999;   5.5;    -999;    0.1;   88.63;    1.9;   -0.8;   -0.8;eor
       3975;20190129;-999;-999;-999;    3;   1.4;   4;    0.283;  20;  -999;   4.9;    -999;   -1.6;   89.38;   -0.2;   -4.9;   -8.3;eor
       3975;20190130;-999;-999;-999;    3;   0.3;   4;    2.633;  19;  -999;   4.1;    -999;   -2.5;   79.67;    0.8;   -6.8;   -8.2;eor
       3975;20190131;-999;-999;-999;    3;   0.7;   4;    7.633;  18;  -999;   3.8;    -999;   -2.4;   75.00;    2.3;   -7.7;  -11.4;eor
       3975;20190201;-999;-999;-999;    3;   1.9;   4;    0.000;  16;  -999;   4.6;    -999;   -0.6;   79.25;    2.3;   -2.7;   -2.7;eor
       3975;20190202;-999;-999;-999;    3;   0.0;   4;    0.000;  14;  -999;   5.8;    -999;    0.3;   93.54;    2.1;   -1.2;   -2.4;eor
       3975;20190203;-999;-999;-999;    3;  14.5;   4;    0.000;  16;  -999;   5.3;    -999;   -1.0;   91.75;    0.8;   -2.1;   -1.4;eor
       3975;20190204;-999;-999;-999;    3;   0.0;   0;    8.300;  33;  -999;   3.9;    -999;   -3.3;   82.75;    3.2;   -6.7;  -11.4;eor
       3975;20190205;-999;-999;-999;    3;   0.0;   0;    0.000;  30;  -999;   3.7;    -999;   -5.4;   91.13;   -3.0;   -8.4;  -10.8;eor
       3975;20190206;-999;-999;-999;    3;   0.0;   0;    5.533;  30;  -999;   3.7;    -999;   -4.8;   87.17;    1.2;   -8.2;  -12.3;eor
       3975;20190207;-999;-999;-999;    3;   3.0;   4;    0.000;  30;  -999;   4.3;    -999;   -3.9;   91.25;    1.6;   -8.9;  -12.8;eor
       3975;20190208;-999;-999;-999;    3;   0.3;   4;    6.183;  29;  -999;   6.0;    -999;    2.3;   83.04;    4.9;    0.6;   -1.5;eor
       3975;20190209;-999;-999;-999;    3;   0.0;   0;    2.950;  23;  -999;   5.9;    -999;    4.2;   70.67;    7.3;    0.8;   -0.7;eor
       3975;20190210;-999;-999;-999;    3;   5.0;   4;    0.000;  16;  -999;   6.3;    -999;    4.9;   73.21;   10.2;    2.0;    0.7;eor
       3975;20190211;-999;-999;-999;    3;   0.8;   4;    0.067;  13;  -999;   5.7;    -999;    1.4;   85.29;    2.8;   -0.3;   -1.3;eor
       3975;20190212;-999;-999;-999;    3;   0.6;   4;    0.083;  12;  -999;   5.1;    -999;    0.4;   80.46;    1.1;   -1.0;   -1.0;eor
       3975;20190213;-999;-999;-999;    3;   0.0;   0;    7.817;  12;  -999;   4.7;    -999;    1.1;   72.42;    6.5;   -3.2;   -5.4;eor
       3975;20190214;-999;-999;-999;    3;   0.0;   0;    7.150;  12;  -999;   4.6;    -999;    2.2;   66.50;   10.4;   -2.6;   -4.5;eor
       3975;20190215;-999;-999;-999;    3;   0.0;   0;    9.000;  11;  -999;   5.0;    -999;    3.4;   66.08;   12.7;   -2.5;   -4.7;eor
       3975;20190216;-999;-999;-999;    3;   0.0;   0;    8.983;   9;  -999;   5.1;    -999;    4.5;   63.38;   11.6;   -0.9;   -3.6;eor
       3975;20190217;-999;-999;-999;    3;   0.0;   0;    9.067;   6;  -999;   5.3;    -999;    4.4;   66.17;   12.2;   -2.1;   -3.0;eor
       3975;20190218;-999;-999;-999;    3;   0.0;   0;    9.133;   0;  -999;   4.8;    -999;    5.0;   58.04;   13.3;   -1.2;   -3.5;eor
       3975;20190219;-999;-999;-999;    3;   0.0;   0;    2.683;   0;  -999;   6.1;    -999;    4.6;   71.67;    9.0;    1.0;   -2.2;eor
       3975;20190220;-999;-999;-999;    3;   0.0;   0;    0.500;   0;  -999;   6.5;    -999;    3.1;   85.96;    6.8;   -0.8;   -3.0;eor
       3975;20190221;-999;-999;-999;    3;   0.1;   4;    0.500;   0;  -999;   7.1;    -999;    5.3;   79.38;    9.0;    1.3;   -1.4;eor
       3975;20190222;-999;-999;-999;    3;   0.0;   4;    0.300;   0;  -999;   7.5;    -999;    5.6;   82.00;    8.5;   -1.5;   -2.5;eor
       3975;20190223;-999;-999;-999;    3;   0.0;   0;    8.500;   0;  -999;   3.3;    -999;   -0.5;   57.63;    4.9;   -4.3;   -5.6;eor
       3975;20190224;-999;-999;-999;    3;   0.0;   0;    6.600;   0;  -999;   2.8;    -999;    1.0;   44.21;    8.6;   -4.3;   -5.6;eor
       3975;20190225;-999;-999;-999;    3;   0.0;   0;    9.200;   0;  -999;   4.7;    -999;    5.3;   51.38;   14.9;   -1.8;   -3.4;eor
       3975;20190226;-999;-999;-999;    3;   0.0;   0;    9.700;   0;  -999;   5.2;    -999;    8.0;   51.17;   14.9;    1.9;   -1.5;eor
       3975;20190227;-999;-999;-999;    3;   0.0;   0;    9.600;   0;  -999;   5.3;    -999;    8.7;   47.50;   16.2;    2.6;   -1.2;eor
       3975;20190228;-999;-999;-999;    3;   0.0;   0;    8.850;   0;  -999;   6.6;    -999;    9.7;   54.54;   14.6;    5.4;    0.2;eor
       3975;20190301;-999;-999;-999;    3;   7.5;   4;    0.033;   0;  -999;   8.5;    -999;    6.5;   88.29;    7.7;    5.2;    4.9;eor
       3975;20190302;-999;-999;-999;    3;   0.5;   4;    0.000;   0;  -999;   7.7;    -999;    4.5;   91.25;    6.0;    2.9;    2.4;eor
       3975;20190303;-999;-999;-999;    3;   0.0;   0;    0.000;   0;  -999;   7.7;    -999;    7.8;   73.21;    9.4;    5.9;    4.9;eor
       3975;20190304;-999;-999;-999;    3;   1.3;   4;    1.517;   0;  -999;   6.3;    -999;    8.1;   59.42;   12.3;    2.9;    1.8;eor
       3975;20190305;-999;-999;-999;    3;   4.8;   4;    0.433;   0;  -999;   6.5;    -999;    3.5;   83.71;    5.9;    1.5;    0.8;eor
       3975;20190306;-999;-999;-999;    3;   0.0;   0;    4.500;   0;  -999;   7.4;    -999;    6.2;   78.92;   10.6;    2.1;    0.4;eor
       3975;20190307;-999;-999;-999;    3;   0.7;   4;    1.533;   0;  -999;   7.2;    -999;    7.4;   69.58;   10.9;    4.9;    3.0;eor
       3975;20190308;-999;-999;-999;    3;   3.1;   4;    0.950;   0;  -999;   6.5;    -999;    4.9;   76.08;    8.1;    2.2;    0.0;eor
       3975;20190309;-999;-999;-999;    3;   4.7;   4;    0.050;   0;  -999;   7.5;    -999;    6.0;   79.67;    8.7;    3.0;    1.1;eor
       3975;20190310;-999;-999;-999;    3;   7.5;   4;    0.167;   0;  -999;   8.1;    -999;    7.3;   79.04;   11.4;    2.4;    1.8;eor
       3975;20190311;-999;-999;-999;    3;   2.2;   4;    1.700;   0;  -999;   5.3;    -999;    1.4;   79.25;    3.5;   -0.1;   -0.1;eor
       3975;20190312;-999;-999;-999;    3;   0.2;   4;    5.850;   2;  -999;   5.0;    -999;    3.4;   66.33;    7.2;    0.5;   -0.1;eor
       3975;20190313;-999;-999;-999;    3;   1.2;   4;    2.217;   0;  -999;   5.5;    -999;    4.4;   67.00;    6.9;    2.3;    1.2;eor
       3975;20190314;-999;-999;-999;    3;   9.0;   4;    0.000;   0;  -999;   6.7;    -999;    2.7;   90.83;    4.5;    1.2;    0.8;eor
       3975;20190315;-999;-999;-999;    3;  34.1;   4;    0.000;   0;  -999;   8.5;    -999;    6.1;   89.00;    9.3;    3.4;    2.1;eor
       3975;20190316;-999;-999;-999;    3;   9.7;   4;    0.217;   0;  -999;   8.9;    -999;    6.9;   89.04;    9.6;    4.1;   -0.2;eor
       3975;20190317;-999;-999;-999;    3;   4.3;   4;    6.717;   0;  -999;   6.7;    -999;    7.1;   69.54;   15.1;    3.0;   -0.1;eor
       3975;20190318;-999;-999;-999;    3;   1.1;   4;    2.867;   0;  -999;   5.8;    -999;    2.2;   80.96;    5.7;   -0.3;   -2.8;eor
       3975;20190319;-999;-999;-999;    3;   0.0;   0;    5.883;   0;  -999;   4.8;    -999;    1.8;   72.50;    6.8;   -1.5;   -4.2;eor
       3975;20190320;-999;-999;-999;    3;   0.0;   0;   10.733;   0;  -999;   4.4;    -999;    3.7;   57.17;   10.1;   -1.4;   -4.6;eor
       3975;20190321;-999;-999;-999;    3;   0.0;   0;   10.783;   0;  -999;   4.7;    -999;    6.5;   51.38;   13.9;   -1.4;   -3.1;eor
       3975;20190322;-999;-999;-999;    3;   0.0;   0;   10.883;   0;  -999;   6.9;    -999;   10.3;   54.96;   17.8;    4.4;    1.7;eor
       3975;20190323;-999;-999;-999;    3;   0.0;   0;   10.917;   0;  -999;   7.5;    -999;   10.8;   60.79;   17.3;    5.1;    1.2;eor
       3975;20190324;-999;-999;-999;    3;   0.0;   0;    7.983;   0;  -999;   8.3;    -999;    8.2;   77.88;   14.3;    3.9;    1.8;eor
       3975;20190325;-999;-999;-999;    3;   5.2;   4;    3.367;   0;  -999;   6.3;    -999;    2.7;   84.50;    5.8;   -0.8;   -2.1;eor
       3975;20190326;-999;-999;-999;    3;   0.4;   4;    1.950;   0;  -999;   5.6;    -999;    2.3;   79.63;    5.5;   -1.9;   -3.4;eor
       3975;20190327;-999;-999;-999;    3;   0.0;   0;    0.483;   0;  -999;   6.4;    -999;    4.6;   77.08;    7.8;    2.0;    0.2;eor
       3975;20190328;-999;-999;-999;    3;   0.0;   4;    0.400;   0;  -999;   7.7;    -999;    6.8;   77.79;   10.4;    2.9;    0.6;eor
       3975;20190329;-999;-999;-999;    3;   0.0;   0;    9.617;   0;  -999;   7.7;    -999;    8.8;   70.63;   14.5;    4.9;    1.8;eor
       3975;20190330;-999;-999;-999;    3;   0.0;   0;   11.333;   0;  -999;   6.8;    -999;    9.7;   60.33;   16.6;    2.9;    0.3;eor
       3975;20190331;-999;-999;-999;    3;   0.0;   0;    9.400;   0;  -999;   6.8;    -999;   10.3;   57.54;   17.0;    5.2;    0.7;eor
       3975;20190401;-999;-999;-999;    3;   0.0;   0;   11.133;   0;  -999;   7.0;    -999;    8.1;   65.67;   13.6;    3.4;    2.2;eor
       3975;20190402;-999;-999;-999;    3;   0.6;   4;   11.083;   0;  -999;   6.7;    -999;   10.3;   53.88;   18.4;    2.0;   -0.2;eor
       3975;20190403;-999;-999;-999;    3;   0.0;   0;    6.300;   0;  -999;   7.9;    -999;   11.3;   61.58;   17.6;    4.2;    3.6;eor
       3975;20190404;-999;-999;-999;    3;   0.0;   0;    5.183;   0;  -999;   7.7;    -999;    7.2;   77.50;   15.8;    3.6;    3.7;eor
       3975;20190405;-999;-999;-999;    3;   0.0;   0;    0.983;   0;  -999;   7.9;    -999;    5.6;   87.13;   11.1;    3.1;    1.4;eor
       3975;20190406;-999;-999;-999;    3;   0.0;   0;    9.250;   0;  -999;   8.2;    -999;   10.1;   69.17;   16.9;    1.7;    0.1;eor
       3975;20190407;-999;-999;-999;    3;   0.0;   0;    8.083;   0;  -999;   7.7;    -999;    9.7;   64.67;   15.0;    4.0;    1.0;eor
       3975;20190408;-999;-999;-999;    3;   0.4;   4;    8.317;   0;  -999;   8.7;    -999;   10.3;   70.50;   15.4;    4.5;    0.9;eor
       3975;20190409;-999;-999;-999;    3;   0.3;   4;    1.967;   0;  -999;   9.4;    -999;   10.3;   76.38;   16.5;    7.1;    5.1;eor
       3975;20190410;-999;-999;-999;    3;   0.0;   0;    2.567;   0;  -999;   6.9;    -999;    7.3;   66.88;   11.1;    2.9;    1.4;eor
       3975;20190411;-999;-999;-999;    3;   0.0;   0;    7.983;   0;  -999;   4.8;    -999;    4.1;   59.63;    9.6;   -0.4;   -2.1;eor
       3975;20190412;-999;-999;-999;    3;   0.0;   0;    6.750;   0;  -999;   4.0;    -999;    1.9;   57.67;    6.2;   -2.0;   -3.6;eor
       3975;20190413;-999;-999;-999;    3;   0.0;   0;    7.750;   0;  -999;   4.2;    -999;    3.2;   55.63;    7.9;   -0.3;   -2.3;eor
       3975;20190414;-999;-999;-999;    3;   0.0;   0;    5.783;   0;  -999;   5.3;    -999;    3.0;   70.42;    8.0;   -1.4;   -3.9;eor
       3975;20190415;-999;-999;-999;    3;   0.0;   0;   11.567;   0;  -999;   5.2;    -999;    8.3;   51.83;   14.5;    2.4;    0.8;eor
       3975;20190416;-999;-999;-999;    3;   0.0;   0;   12.117;   0;  -999;   4.8;    -999;    9.8;   40.58;   16.4;    2.7;   -0.1;eor
       3975;20190417;-999;-999;-999;    3;   0.0;   0;   12.383;   0;  -999;   5.2;    -999;   11.3;   40.42;   17.7;    5.0;    2.3;eor
       3975;20190418;-999;-999;-999;    3;   0.0;   0;   11.783;   0;  -999;   6.9;    -999;   12.7;   49.13;   18.5;    5.9;    1.9;eor
       3975;20190419;-999;-999;-999;    3;   0.0;   0;   12.550;   0;  -999;   6.7;    -999;   14.5;   42.25;   21.1;    7.4;    3.8;eor
       3975;20190420;-999;-999;-999;    3;   0.0;   0;   12.633;   0;  -999;   5.5;    -999;   14.8;   35.42;   21.3;    8.4;    4.6;eor
       3975;20190421;-999;-999;-999;    3;   0.0;   0;   12.683;   0;  -999;   5.5;    -999;   14.8;   34.58;   21.1;    8.4;    3.9;eor
       3975;20190422;-999;-999;-999;    3;   0.0;   0;   12.500;   0;  -999;   6.1;    -999;   14.5;   37.83;   20.9;    9.1;    6.3;eor
       3975;20190423;-999;-999;-999;    3;   0.0;   0;    8.617;   0;  -999;   8.9;    -999;   13.5;   58.17;   20.0;    8.9;    7.4;eor
       3975;20190424;-999;-999;-999;    3;   0.0;   0;   10.317;   0;  -999;   8.9;    -999;   15.9;   53.92;   24.8;    7.4;    4.7;eor
       3975;20190425;-999;-999;-999;    3;   0.0;   0;   11.083;   0;  -999;   7.4;    -999;   15.5;   45.92;   23.6;    6.2;    2.3;eor
       3975;20190426;-999;-999;-999;    3;   1.8;   4;    2.467;   0;  -999;   9.0;    -999;    8.4;   82.21;   13.0;    6.3;    4.2;eor
       3975;20190427;-999;-999;-999;    3;  10.9;   4;    3.350;   0;  -999;   9.0;    -999;    7.6;   86.83;   13.8;    4.2;    3.9;eor
       3975;20190428;-999;-999;-999;    3;   0.6;   4;    3.917;   0;  -999;   7.2;    -999;    5.5;   80.88;   10.3;    2.5;    2.1;eor
       3975;20190429;-999;-999;-999;    3;  10.4;   4;    0.000;   0;  -999;   8.3;    -999;    5.4;   92.13;    7.6;    3.3;    1.0;eor
       3975;20190430;-999;-999;-999;    3;   0.0;   0;    8.900;   0;  -999;   7.8;    -999;    8.9;   70.88;   15.3;    4.7;    1.2;eor
       3975;20190501;-999;-999;-999;    3;   0.0;   0;    8.433;-999;  -999;   8.4;    -999;    9.9;   69.63;   16.8;    2.9;   -0.3;eor
       3975;20190502;-999;-999;-999;    3;   1.1;   4;   10.433;-999;  -999;   8.7;    -999;   12.2;   63.17;   16.8;    7.3;    3.0;eor
       3975;20190503;-999;-999;-999;    3;   0.9;   4;    2.900;-999;  -999;   8.5;    -999;    8.0;   79.79;   11.3;    3.8;    0.7;eor
       3975;20190504;-999;-999;-999;    3;   4.5;   4;    0.000;-999;  -999;   7.0;    -999;    3.5;   89.33;    7.5;   -0.7;   -2.5;eor
       3975;20190505;-999;-999;-999;    3;   0.0;   4;    2.333;-999;  -999;   5.8;    -999;    2.6;   79.50;    7.3;   -0.8;   -3.5;eor
       3975;20190506;-999;-999;-999;    3;   1.3;   4;    2.900;-999;  -999;   5.6;    -999;    3.5;   72.96;    8.9;   -1.5;   -3.8;eor
       3975;20190507;-999;-999;-999;    3;   0.0;   0;    5.383;-999;  -999;   5.7;    -999;    6.0;   63.13;   11.3;   -0.2;   -3.2;eor
       3975;20190508;-999;-999;-999;    3;   2.0;   4;    2.267;-999;  -999;   8.5;    -999;    8.7;   73.79;   13.6;    3.4;   -0.3;eor
       3975;20190509;-999;-999;-999;    3;   4.1;   4;    1.233;-999;  -999;   9.7;    -999;    9.5;   81.96;   13.7;    6.7;    5.5;eor
       3975;20190510;-999;-999;-999;    3;   1.9;   4;    4.650;-999;  -999;   8.9;    -999;   10.6;   71.17;   15.3;    7.7;    4.2;eor
       3975;20190511;-999;-999;-999;    3;   4.4;   4;    1.917;-999;  -999;  10.3;    -999;   10.9;   79.63;   16.0;    6.7;    6.1;eor
       3975;20190512;-999;-999;-999;    3;   0.0;   0;    4.950;-999;  -999;   7.0;    -999;    7.6;   69.54;   12.5;    4.6;    4.0;eor
       3975;20190513;-999;-999;-999;    3;   0.0;   0;   11.733;-999;  -999;   5.5;    -999;    8.2;   53.17;   14.0;    3.2;   -1.1;eor
       3975;20190514;-999;-999;-999;    3;   0.1;   4;    5.333;-999;  -999;   5.8;    -999;    5.9;   63.38;   10.9;    2.1;   -1.8;eor
       3975;20190515;-999;-999;-999;    3;   0.4;   4;    0.000;-999;  -999;   6.1;    -999;    4.8;   71.25;    8.2;    0.4;   -2.6;eor
       3975;20190516;-999;-999;-999;    3;   3.6;   4;    0.000;-999;  -999;   8.4;    -999;    6.0;   88.92;    7.5;    4.3;    3.8;eor
       3975;20190517;-999;-999;-999;    3;   0.0;   0;    8.333;-999;  -999;   9.4;    -999;   11.0;   74.00;   17.7;    5.1;    3.8;eor
       3975;20190518;-999;-999;-999;    3;   0.0;   0;   11.667;-999;  -999;  10.2;    -999;   13.6;   67.46;   19.9;    7.4;    5.1;eor
       3975;20190519;-999;-999;-999;    3;   0.0;   0;   10.750;-999;  -999;  10.9;    -999;   15.9;   63.38;   22.4;    9.9;    6.6;eor
       3975;20190520;-999;-999;-999;    3;  21.2;   4;    1.717;-999;  -999;  13.4;    -999;   13.0;   89.25;   16.5;   10.6;    8.3;eor
       3975;20190521;-999;-999;-999;    3;   6.5;   4;    0.017;-999;  -999;  13.8;    -999;   12.1;   97.58;   14.4;   11.0;   11.1;eor
       3975;20190522;-999;-999;-999;    3;   0.1;   4;    0.133;-999;  -999;  12.0;    -999;   10.7;   92.88;   14.1;    6.4;    3.5;eor
       3975;20190523;-999;-999;-999;    3;   0.0;   0;   10.650;-999;  -999;   9.6;    -999;   11.6;   73.08;   18.3;    5.2;    1.9;eor
       3975;20190524;-999;-999;-999;    3;   0.0;   0;   10.450;-999;  -999;  10.1;    -999;   14.7;   62.04;   20.7;    8.3;    5.1;eor
       3975;20190525;-999;-999;-999;    3;   2.7;   4;    7.683;-999;  -999;  11.4;    -999;   14.4;   72.21;   21.1;    9.5;    6.4;eor
       3975;20190526;-999;-999;-999;    3;   0.0;   0;   11.517;-999;  -999;  11.6;    -999;   14.5;   73.25;   21.0;    8.2;    5.6;eor
       3975;20190527;-999;-999;-999;    3;   0.0;   0;    7.917;-999;  -999;  11.8;    -999;   15.7;   67.13;   20.7;   11.1;    7.3;eor
       3975;20190528;-999;-999;-999;    3;   2.2;   4;    0.533;-999;  -999;  12.1;    -999;   12.0;   85.88;   14.9;    7.6;    6.6;eor
       3975;20190529;-999;-999;-999;    3;   0.0;   0;    0.383;-999;  -999;   9.5;    -999;    9.7;   79.46;   13.9;    5.7;    1.5;eor
       3975;20190530;-999;-999;-999;    3;   0.0;   0;   13.333;-999;  -999;   8.2;    -999;   12.8;   58.96;   18.9;    4.1;   -0.2;eor
       3975;20190531;-999;-999;-999;    3;   0.0;   0;    4.617;-999;  -999;  12.7;    -999;   16.3;   68.79;   21.4;   12.5;    9.0;eor
       3975;20190601;-999;-999;-999;    3;   0.0;   0;   13.567;-999;  -999;  12.8;    -999;   18.7;   62.04;   25.3;   11.6;    8.1;eor
       3975;20190602;-999;-999;-999;    3;   0.0;   0;   13.567;-999;  -999;  13.0;    -999;   21.1;   54.50;   27.4;   14.3;    9.7;eor
       3975;20190603;-999;-999;-999;    3;   0.0;   0;   12.083;-999;  -999;  13.7;    -999;   21.1;   57.63;   28.8;   13.8;    9.3;eor
       3975;20190604;-999;-999;-999;    3;   0.0;   0;   13.383;-999;  -999;  13.5;    -999;   21.2;   57.63;   28.6;   13.0;    9.2;eor
       3975;20190605;-999;-999;-999;    3;   0.0;   0;   12.433;-999;  -999;  13.7;    -999;   23.3;   49.92;   29.8;   15.1;   11.4;eor
       3975;20190606;-999;-999;-999;    3;   0.2;   4;    6.617;-999;  -999;  12.9;    -999;   15.6;   73.00;   21.4;    9.7;    8.4;eor
       3975;20190607;-999;-999;-999;    3;   0.3;   4;   11.517;-999;  -999;  12.4;    -999;   17.5;   66.00;   26.3;    9.4;    7.1;eor
       3975;20190608;-999;-999;-999;    3;   0.1;   4;    8.067;-999;  -999;   9.0;    -999;   14.5;   57.08;   20.5;   10.3;    4.8;eor
       3975;20190609;-999;-999;-999;    3;   0.0;   0;    9.533;-999;  -999;  11.4;    -999;   17.7;   56.38;   25.2;    9.8;    4.4;eor
       3975;20190610;-999;-999;-999;    3;   1.3;   4;    4.100;-999;  -999;  15.0;    -999;   17.2;   77.92;   24.9;   13.3;   10.2;eor
       3975;20190611;-999;-999;-999;    3;   0.0;   0;    7.650;-999;  -999;  16.0;    -999;   18.0;   79.13;   24.4;   13.3;   12.8;eor
       3975;20190612;-999;-999;-999;    3;   2.2;   4;    3.567;-999;  -999;  15.4;    -999;   15.8;   85.58;   22.7;   11.9;   11.0;eor
       3975;20190613;-999;-999;-999;    3;   0.0;   0;   11.533;-999;  -999;  12.5;    -999;   17.0;   67.67;   24.4;   10.0;    8.9;eor
       3975;20190614;-999;-999;-999;    3;   0.0;   0;   10.250;-999;  -999;  13.8;    -999;   21.9;   54.00;   29.3;   13.4;   10.6;eor
       3975;20190615;-999;-999;-999;    3;   9.0;   4;   10.500;-999;  -999;  16.0;    -999;   20.6;   66.13;   23.2;   16.3;   14.6;eor
       3975;20190616;-999;-999;-999;    3;   0.4;   4;    1.533;-999;  -999;  15.6;    -999;   15.7;   87.25;   19.1;   12.5;   10.4;eor
       3975;20190617;-999;-999;-999;    3;   0.0;   0;   10.350;-999;  -999;  13.9;    -999;   18.7;   67.33;   24.9;   11.5;    8.5;eor
       3975;20190618;-999;-999;-999;    3;   0.0;   0;   11.800;-999;  -999;  14.4;    -999;   21.2;   58.88;   27.5;   14.8;   12.2;eor
       3975;20190619;-999;-999;-999;    3;  10.0;   4;   11.583;-999;  -999;  14.1;    -999;   22.9;   52.04;   28.9;   17.7;   13.0;eor
       3975;20190620;-999;-999;-999;    3;  11.8;   4;    5.717;-999;  -999;  16.3;    -999;   17.3;   83.17;   23.2;   13.3;   11.4;eor
       3975;20190621;-999;-999;-999;    3;   0.0;   0;    8.850;-999;  -999;  14.8;    -999;   18.0;   74.00;   23.7;   12.9;   10.2;eor
       3975;20190622;-999;-999;-999;    3;   0.0;   0;    5.517;-999;  -999;  15.3;    -999;   18.1;   74.08;   21.9;   13.1;   10.8;eor
       3975;20190623;-999;-999;-999;    3;   0.0;   0;   10.883;-999;  -999;  15.8;    -999;   19.6;   70.63;   24.6;   15.2;   13.8;eor
       3975;20190624;-999;-999;-999;    3;   0.0;   0;   13.717;-999;  -999;  15.2;    -999;   22.3;   59.08;   28.6;   15.8;   14.2;eor
       3975;20190625;-999;-999;-999;    3;   0.0;   0;   13.700;-999;  -999;  16.1;    -999;   24.3;   54.88;   31.6;   16.4;   14.5;eor
       3975;20190626;-999;-999;-999;    3;   0.0;   0;   13.717;-999;  -999;  18.2;    -999;   26.9;   53.79;   34.1;   19.4;   16.0;eor
       3975;20190627;-999;-999;-999;    3;   0.0;   0;   13.717;-999;  -999;  15.4;    -999;   24.2;   51.46;   29.6;   15.2;   11.7;eor
       3975;20190628;-999;-999;-999;    3;   0.0;   0;   13.717;-999;  -999;  10.9;    -999;   19.9;   49.42;   27.5;   12.9;   10.0;eor
       3975;20190629;-999;-999;-999;    3;   0.0;   0;   13.717;-999;  -999;  10.8;    -999;   22.4;   43.63;   31.1;   13.6;   11.2;eor
       3975;20190630;-999;-999;-999;    3;   0.0;   0;   13.700;-999;  -999;  12.7;    -999;   25.6;   41.25;   33.6;   17.0;   12.3;eor
       3975;20190701;-999;-999;-999;    3;   0.0;   0;    9.600;-999;  -999;  17.2;    -999;   24.8;   54.75;   30.9;   19.0;   16.6;eor
       3975;20190702;-999;-999;-999;    3;   0.0;   0;   13.683;-999;  -999;  10.5;    -999;   19.5;   47.75;   24.3;   13.2;    9.9;eor
       3975;20190703;-999;-999;-999;    3;   0.0;   0;   13.683;-999;  -999;   8.5;    -999;   17.3;   45.42;   24.0;   10.0;    6.8;eor
       3975;20190704;-999;-999;-999;    3;   0.0;   0;   13.633;-999;  -999;   8.6;    -999;   17.7;   44.96;   24.8;    9.9;    6.8;eor
       3975;20190705;-999;-999;-999;    3;   0.0;   0;    4.400;-999;  -999;  10.2;    -999;   18.4;   49.17;   25.5;   12.9;   10.1;eor
       3975;20190706;-999;-999;-999;    3;   4.5;   4;   10.917;-999;  -999;   9.7;    -999;   21.8;   39.38;   29.4;   15.4;   12.1;eor
       3975;20190707;-999;-999;-999;    3;   0.0;   0;    3.283;-999;  -999;  12.9;    -999;   16.1;   70.96;   19.8;   11.3;    8.8;eor
       3975;20190708;-999;-999;-999;    3;   0.0;   0;    9.267;-999;  -999;   8.7;    -999;   14.5;   54.21;   20.2;    9.3;    6.8;eor
       3975;20190709;-999;-999;-999;    3;   0.0;   0;    8.350;-999;  -999;   8.7;    -999;   12.9;   59.88;   18.7;    8.3;    4.8;eor
       3975;20190710;-999;-999;-999;    3;   0.1;   4;   12.550;-999;  -999;   8.7;    -999;   14.2;   56.71;   21.2;    6.0;    3.3;eor
       3975;20190711;-999;-999;-999;    3;   4.5;   4;    0.817;-999;  -999;  11.7;    -999;   14.8;   70.79;   20.7;   11.8;    9.8;eor
       3975;20190712;-999;-999;-999;    3;  35.6;   4;    6.883;-999;  -999;  14.9;    -999;   15.7;   84.50;   21.2;   12.3;   12.2;eor
       3975;20190713;-999;-999;-999;    3;   2.2;   4;    2.150;-999;  -999;  14.8;    -999;   14.1;   91.83;   18.1;   12.6;   12.5;eor
       3975;20190714;-999;-999;-999;    3;   0.0;   0;    3.783;-999;  -999;  13.8;    -999;   15.6;   79.08;   20.7;   11.4;    9.6;eor
       3975;20190715;-999;-999;-999;    3;   0.0;   0;   11.200;-999;  -999;  12.7;    -999;   16.6;   69.54;   23.1;   10.3;    8.4;eor
       3975;20190716;-999;-999;-999;    3;   0.0;   0;    9.183;-999;  -999;  12.0;    -999;   15.3;   71.83;   22.2;    9.0;    7.0;eor
       3975;20190717;-999;-999;-999;    3;   0.0;   0;   12.483;-999;  -999;  12.4;    -999;   17.9;   63.17;   24.1;   11.3;    9.1;eor
       3975;20190718;-999;-999;-999;    3;   0.0;   0;   11.867;-999;  -999;  12.6;    -999;   19.2;   59.21;   25.5;   12.1;    9.7;eor
       3975;20190719;-999;-999;-999;    3;   0.0;   0;    2.583;-999;  -999;  15.2;    -999;   19.3;   67.92;   24.0;   15.6;   14.6;eor
       3975;20190720;-999;-999;-999;    3;   2.4;   4;   11.583;-999;  -999;  15.7;    -999;   22.8;   58.96;   29.7;   15.4;   13.4;eor
       3975;20190721;-999;-999;-999;    3;   4.7;   4;    5.533;-999;  -999;  17.6;    -999;   19.7;   77.00;   24.6;   16.1;   13.2;eor
       3975;20190722;-999;-999;-999;    3;   0.0;   0;   12.750;-999;  -999;  14.1;    -999;   21.2;   58.50;   28.0;   14.5;   12.0;eor
       3975;20190723;-999;-999;-999;    3;   0.0;   0;   13.350;-999;  -999;  14.5;    -999;   24.2;   49.08;   31.3;   17.1;   14.0;eor
       3975;20190724;-999;-999;-999;    3;   0.0;   0;   13.283;-999;  -999;  16.0;    -999;   26.4;   47.71;   33.3;   19.1;   16.1;eor
       3975;20190725;-999;-999;-999;    3;   0.0;   0;   13.233;-999;  -999;  15.0;    -999;   27.7;   42.83;   35.5;   20.3;   17.7;eor
       3975;20190726;-999;-999;-999;    3;   0.3;   4;   12.650;-999;  -999;  13.1;    -999;   27.7;   36.63;   34.8;   21.8;   18.2;eor
       3975;20190727;-999;-999;-999;    3;   6.7;   4;    0.933;-999;  -999;  16.1;    -999;   20.7;   66.54;   25.1;   16.5;   16.0;eor
       3975;20190728;-999;-999;-999;    3;   0.3;   4;    4.583;-999;  -999;  18.7;    -999;   19.6;   83.13;   25.2;   16.8;   16.3;eor
       3975;20190729;-999;-999;-999;    3;   0.0;   0;    0.117;-999;  -999;  19.3;    -999;   17.8;   94.33;   20.3;   16.3;   16.6;eor
       3975;20190730;-999;-999;-999;    3;   3.0;   4;    3.617;-999;  -999;  17.9;    -999;   20.1;   77.50;   25.0;   16.7;   14.0;eor
       3975;20190731;-999;-999;-999;    3;   1.9;   4;    4.117;-999;  -999;  16.2;    -999;   17.4;   81.88;   22.0;   14.7;   12.7;eor
       3975;20190801;-999;-999;-999;    3;   0.0;   0;   10.333;-999;  -999;  12.4;    -999;   18.4;   61.33;   23.9;   13.5;   10.5;eor
       3975;20190802;-999;-999;-999;    3;   0.4;   4;    7.067;-999;  -999;  12.0;    -999;   18.8;   57.21;   25.0;   12.9;    9.9;eor
       3975;20190803;-999;-999;-999;    3;   0.7;   4;    3.583;-999;  -999;  15.0;    -999;   16.0;   82.33;   21.2;   12.8;   10.3;eor
       3975;20190804;-999;-999;-999;    3;   0.0;   0;   12.733;-999;  -999;  13.3;    -999;   18.6;   65.71;   25.2;   11.3;    9.1;eor
       3975;20190805;-999;-999;-999;    3;   1.2;   4;    2.783;-999;  -999;  15.0;    -999;   19.5;   66.54;   23.8;   16.2;   12.8;eor
       3975;20190806;-999;-999;-999;    3;  10.3;   4;    5.933;-999;  -999;  16.5;    -999;   20.8;   67.67;   26.1;   16.1;   14.8;eor
       3975;20190807;-999;-999;-999;    3;  15.4;   4;    1.117;-999;  -999;  18.1;    -999;   16.7;   94.92;   20.2;   14.1;   13.1;eor
       3975;20190808;-999;-999;-999;    3;   0.0;   0;    7.750;-999;  -999;  15.4;    -999;   17.7;   77.71;   23.6;   13.1;   11.0;eor
       3975;20190809;-999;-999;-999;    3;   8.2;   4;    9.317;-999;  -999;  16.2;    -999;   21.5;   64.50;   28.5;   13.4;   11.2;eor
       3975;20190810;-999;-999;-999;    3;   2.2;   4;    2.883;-999;  -999;  19.1;    -999;   19.0;   87.17;   21.3;   16.7;   14.0;eor
       3975;20190811;-999;-999;-999;    3;   7.0;   4;   12.000;-999;  -999;  16.4;    -999;   19.7;   74.54;   26.7;   14.0;   11.0;eor
       3975;20190812;-999;-999;-999;    3;   0.9;   4;    1.417;-999;  -999;  14.4;    -999;   14.5;   87.46;   18.5;   12.5;   12.0;eor
       3975;20190813;-999;-999;-999;    3;   0.2;   4;    7.600;-999;  -999;  12.2;    -999;   14.8;   73.50;   19.0;   11.0;    8.4;eor
       3975;20190814;-999;-999;-999;    3;   0.0;   0;    9.100;-999;  -999;  11.1;    -999;   13.9;   71.46;   19.7;    8.6;    6.0;eor
       3975;20190815;-999;-999;-999;    3;   0.5;   4;    3.750;-999;  -999;  13.3;    -999;   14.9;   77.58;   19.3;   10.6;    7.2;eor
       3975;20190816;-999;-999;-999;    3;   0.0;   0;    6.483;-999;  -999;  13.1;    -999;   15.7;   74.92;   21.4;   12.6;    9.2;eor
       3975;20190817;-999;-999;-999;    3;   0.5;   4;    1.200;-999;  -999;  14.5;    -999;   16.9;   75.17;   21.5;   12.5;    9.0;eor
       3975;20190818;-999;-999;-999;    3;  11.9;   4;   10.767;-999;  -999;  16.8;    -999;   20.7;   71.92;   29.4;   14.9;   13.3;eor
       3975;20190819;-999;-999;-999;    3;   0.0;   0;    3.200;-999;  -999;  17.4;    -999;   18.0;   84.96;   22.4;   16.1;   14.8;eor
       3975;20190820;-999;-999;-999;    3;  11.9;   4;    0.017;-999;  -999;  16.1;    -999;   15.9;   88.92;   19.9;   12.4;   12.8;eor
       3975;20190821;-999;-999;-999;    3;   0.0;   0;   10.850;-999;  -999;  12.2;    -999;   14.9;   74.79;   21.4;    9.5;    7.5;eor
       3975;20190822;-999;-999;-999;    3;   0.0;   0;   12.583;-999;  -999;  11.9;    -999;   16.3;   67.17;   23.2;    9.6;    7.5;eor
       3975;20190823;-999;-999;-999;    3;   0.0;   0;   11.967;-999;  -999;  13.6;    -999;   18.1;   67.29;   24.5;   12.0;    8.9;eor
       3975;20190824;-999;-999;-999;    3;   0.0;   0;    9.483;-999;  -999;  16.7;    -999;   20.3;   70.17;   27.2;   14.0;   11.2;eor
       3975;20190825;-999;-999;-999;    3;   0.0;   0;   10.600;-999;  -999;  18.3;    -999;   21.9;   71.63;   28.4;   17.2;   14.7;eor
       3975;20190826;-999;-999;-999;    3;   0.0;   4;    7.800;-999;  -999;  18.5;    -999;   20.7;   76.42;   27.0;   15.8;   14.0;eor
       3975;20190827;-999;-999;-999;    3;   0.0;   0;    9.450;-999;  -999;  18.4;    -999;   21.2;   74.54;   27.1;   15.8;   14.1;eor
       3975;20190828;-999;-999;-999;    3;   0.0;   0;    5.817;-999;  -999;  17.5;    -999;   22.1;   67.75;   29.3;   17.0;   14.8;eor
       3975;20190829;-999;-999;-999;    3;   0.6;   4;    4.117;-999;  -999;  18.2;    -999;   20.6;   75.33;   25.7;   17.7;   14.5;eor
       3975;20190830;-999;-999;-999;    3;   0.0;   0;   10.100;-999;  -999;  18.2;    -999;   21.9;   71.38;   28.2;   16.2;   14.0;eor
       3975;20190831;-999;-999;-999;    3;   0.0;   0;   12.000;-999;  -999;  17.1;    -999;   22.4;   65.83;   28.7;   16.4;   13.8;eor
       3975;20190901;-999;-999;-999;    3;   0.0;   0;    6.767;-999;  -999;  16.0;    -999;   20.3;   67.71;   25.5;   14.9;   12.9;eor
       3975;20190902;-999;-999;-999;    3;   0.0;   0;    8.267;-999;  -999;  10.0;    -999;   15.4;   58.25;   20.0;    9.5;    5.8;eor
       3975;20190903;-999;-999;-999;    3;   0.0;   0;   11.833;-999;  -999;   8.5;    -999;   15.0;   51.88;   21.4;    8.2;    4.8;eor
       3975;20190904;-999;-999;-999;    3;   0.0;   0;   11.700;-999;  -999;  10.1;    -999;   16.9;   54.54;   24.2;    8.6;    6.9;eor
       3975;20190905;-999;-999;-999;    3;   0.0;   0;    2.133;-999;  -999;  10.6;    -999;   14.5;   64.92;   18.4;   10.3;    6.8;eor
       3975;20190906;-999;-999;-999;    3;   2.4;   4;    3.533;-999;  -999;   9.9;    -999;   13.2;   66.04;   18.2;    8.7;    6.2;eor
       3975;20190907;-999;-999;-999;    3;   0.8;   4;    0.967;-999;  -999;  12.0;    -999;   12.1;   85.42;   16.3;   10.5;    9.0;eor
       3975;20190908;-999;-999;-999;    3;  11.6;   4;    0.017;-999;  -999;  11.7;    -999;   10.7;   90.92;   14.5;    7.8;    6.8;eor
       3975;20190909;-999;-999;-999;    3;   5.7;   4;    0.183;-999;  -999;  11.9;    -999;   10.2;   95.21;   13.1;    7.2;    5.3;eor
       3975;20190910;-999;-999;-999;    3;   0.0;   0;    4.650;-999;  -999;  11.1;    -999;   10.5;   88.46;   16.6;    6.8;    5.0;eor
       3975;20190911;-999;-999;-999;    3;   0.0;   0;   10.067;-999;  -999;  10.2;    -999;   13.3;   69.38;   19.7;    7.2;    4.8;eor
       3975;20190912;-999;-999;-999;    3;   0.0;   0;    4.817;-999;  -999;  13.1;    -999;   15.8;   73.25;   20.6;   12.0;   10.0;eor
       3975;20190913;-999;-999;-999;    3;   0.0;   0;    2.750;-999;  -999;  15.1;    -999;   16.2;   82.88;   20.9;   12.2;    9.5;eor
       3975;20190914;-999;-999;-999;    3;   0.0;   0;    9.683;-999;  -999;  13.5;    -999;   15.8;   77.04;   21.6;   11.2;    9.2;eor
       3975;20190915;-999;-999;-999;    3;   0.0;   0;   10.550;-999;  -999;  14.3;    -999;   17.6;   72.96;   24.9;   10.9;    8.5;eor
       3975;20190916;-999;-999;-999;    3;   0.0;   4;    3.267;-999;  -999;  11.9;    -999;   16.2;   66.50;   21.3;   10.6;    7.5;eor
       3975;20190917;-999;-999;-999;    3;   0.0;   0;    5.433;-999;  -999;  10.9;    -999;   13.8;   69.25;   17.5;    9.2;    5.4;eor
       3975;20190918;-999;-999;-999;    3;   0.0;   0;   10.483;-999;  -999;   7.4;    -999;    9.2;   65.38;   15.7;    3.7;    0.8;eor
       3975;20190919;-999;-999;-999;    3;   0.0;   0;    9.617;-999;  -999;   6.9;    -999;    8.3;   64.96;   13.8;    3.8;    0.8;eor
       3975;20190920;-999;-999;-999;    3;   0.0;   0;   10.800;-999;  -999;   7.1;    -999;    9.6;   61.92;   17.1;    3.4;    1.6;eor
       3975;20190921;-999;-999;-999;    3;   0.0;   0;   10.850;-999;  -999;   8.2;    -999;   12.9;   57.38;   21.0;    4.6;    3.2;eor
       3975;20190922;-999;-999;-999;    3;   0.0;   0;    7.967;-999;  -999;  10.0;    -999;   14.5;   61.33;   21.2;    8.7;    6.7;eor
       3975;20190923;-999;-999;-999;    3;   3.1;   4;    0.000;-999;  -999;  13.4;    -999;   12.4;   92.54;   13.4;    9.6;    6.7;eor
       3975;20190924;-999;-999;-999;    3;   3.8;   4;    2.617;-999;  -999;  13.3;    -999;   13.5;   86.75;   17.9;   10.8;    9.3;eor
       3975;20190925;-999;-999;-999;    3;   2.7;   4;    3.417;-999;  -999;  12.8;    -999;   13.2;   84.54;   17.4;   11.4;   10.5;eor
       3975;20190926;-999;-999;-999;    3;   2.6;   4;    0.900;-999;  -999;  14.4;    -999;   13.8;   91.38;   17.0;   11.5;   11.4;eor
       3975;20190927;-999;-999;-999;    3;   3.7;   4;    1.300;-999;  -999;  14.4;    -999;   13.9;   90.92;   17.9;    9.6;    7.2;eor
       3975;20190928;-999;-999;-999;    3;   0.0;   4;    1.617;-999;  -999;  12.3;    -999;   12.8;   83.67;   16.4;    9.4;    6.9;eor
       3975;20190929;-999;-999;-999;    3;   2.0;   4;    7.200;-999;  -999;  11.0;    -999;   14.9;   66.21;   20.1;    9.8;    7.1;eor
       3975;20190930;-999;-999;-999;    3;   0.0;   0;    1.567;-999;  -999;  11.2;    -999;   12.8;   75.88;   16.7;    8.8;    5.5;eor
       3975;20191001;-999;-999;-999;    3;   6.4;   4;    1.217;   0;  -999;  12.7;    -999;   13.4;   81.83;   19.3;    8.3;    5.3;eor
       3975;20191002;-999;-999;-999;    3;   4.2;   4;    0.867;   0;  -999;  11.6;    -999;   10.1;   92.42;   14.1;    4.0;    2.0;eor
       3975;20191003;-999;-999;-999;    3;   0.4;   4;    0.067;   0;  -999;   8.6;    -999;    6.5;   89.42;   10.1;    4.1;    3.1;eor
       3975;20191004;-999;-999;-999;    3;  10.4;   4;    0.417;   0;  -999;   9.5;    -999;    7.9;   89.50;   10.7;    4.8;    2.7;eor
       3975;20191005;-999;-999;-999;    3;   0.9;   4;    0.267;   0;  -999;   9.5;    -999;    7.7;   89.67;    9.6;    3.3;    1.0;eor
       3975;20191006;-999;-999;-999;    3;   3.7;   4;    0.117;   0;  -999;   8.1;    -999;    5.7;   88.13;    9.2;    1.9;    0.1;eor
       3975;20191007;-999;-999;-999;    3;   0.1;   4;    0.000;   0;  -999;   8.7;    -999;    6.2;   91.96;    7.9;    4.6;    4.0;eor
       3975;20191008;-999;-999;-999;    3;  13.2;   4;    0.000;   0;  -999;  12.0;    -999;   10.1;   95.96;   13.3;    6.3;    4.8;eor
       3975;20191009;-999;-999;-999;    3;   4.1;   4;    0.633;   0;  -999;  11.3;    -999;   10.0;   91.79;   12.6;    7.7;    5.7;eor
       3975;20191010;-999;-999;-999;    3;   4.9;   4;    1.083;   0;  -999;  10.0;    -999;    8.5;   90.42;   11.4;    6.5;    5.4;eor
       3975;20191011;-999;-999;-999;    3;   0.0;   0;    5.967;   0;  -999;  10.5;    -999;   11.2;   79.29;   15.7;    6.5;    4.0;eor
       3975;20191012;-999;-999;-999;    3;   0.0;   0;    8.550;   0;  -999;  11.9;    -999;   14.2;   73.67;   20.4;    8.6;    4.4;eor
       3975;20191013;-999;-999;-999;    3;   0.0;   0;    8.983;   0;  -999;  13.6;    -999;   16.7;   72.58;   23.2;   11.9;    9.0;eor
       3975;20191014;-999;-999;-999;    3;   0.0;   0;    9.483;   0;  -999;  13.4;    -999;   15.7;   76.54;   22.6;    9.0;    7.8;eor
       3975;20191015;-999;-999;-999;    3;   3.8;   4;    7.700;   0;  -999;  13.1;    -999;   12.5;   90.29;   16.2;    8.8;    7.7;eor
       3975;20191016;-999;-999;-999;    3;   0.0;   0;    3.383;   0;  -999;  10.3;    -999;   10.9;   79.63;   14.1;    8.8;    5.2;eor
       3975;20191017;-999;-999;-999;    3;   2.0;   4;    3.183;   0;  -999;  10.5;    -999;   11.9;   74.83;   18.2;    7.5;    3.7;eor
       3975;20191018;-999;-999;-999;    3;   3.6;   4;    3.750;   0;  -999;  12.3;    -999;   12.8;   84.71;   17.9;    9.2;    6.3;eor
       3975;20191019;-999;-999;-999;    3;   1.9;   4;    0.033;   0;  -999;  12.0;    -999;   11.1;   90.54;   12.9;   10.0;    8.3;eor
       3975;20191020;-999;-999;-999;    3;   0.0;   0;    6.767;   0;  -999;  11.9;    -999;   12.3;   83.67;   17.6;    8.2;    7.0;eor
       3975;20191021;-999;-999;-999;    3;   0.0;   0;    2.367;   0;  -999;  12.1;    -999;   11.5;   89.54;   18.4;    8.1;    6.3;eor
       3975;20191022;-999;-999;-999;    3;   0.0;   0;    5.133;   0;  -999;  12.7;    -999;   11.8;   92.33;   15.7;    7.8;    5.5;eor
       3975;20191023;-999;-999;-999;    3;   0.0;   4;    0.333;   0;  -999;  13.2;    -999;   11.6;   96.29;   13.3;   10.0;    8.0;eor
       3975;20191024;-999;-999;-999;    1;   0.0;   0;    0.000;   0;  -999;  12.2;    -999;   10.0;   99.04;   11.4;    7.6;    5.8;eor
       3975;20191025;-999;-999;-999;    1;   0.0;   4;    5.100;   0;  -999;  11.7;    -999;   12.1;   83.71;   16.3;    8.9;    5.6;eor
       3975;20191026;-999;-999;-999;    1;   0.0;   4;    8.717;   0;  -999;  11.9;    -999;   11.8;   87.08;   18.0;    6.4;    4.4;eor
       3975;20191027;-999;-999;-999;    1;   4.8;   4;    5.567;   0;  -999;  11.4;    -999;   12.8;   77.88;   17.7;    6.2;    5.1;eor
       3975;20191028;-999;-999;-999;    1;   0.0;   4;    7.050;   0;  -999;   7.6;    -999;    5.4;   86.21;    9.8;    2.4;    0.7;eor
       3975;20191029;-999;-999;-999;    1;   0.0;   0;    0.817;   0;  -999;   7.1;    -999;    4.9;   82.71;    7.8;    2.7;    1.5;eor
       3975;20191030;-999;-999;-999;    1;   0.0;   0;    6.817;   0;  -999;   5.9;    -999;    3.1;   77.21;    7.0;   -0.1;   -1.5;eor
       3975;20191031;-999;-999;-999;    1;   0.0;   0;    8.483;   0;  -999;   5.2;    -999;    1.3;   78.50;    6.4;   -2.1;   -4.3;eor
       3975;20191101;-999;-999;-999;    1;   7.3;   4;    0.000;   0;  -999;   7.4;    -999;    3.0;   96.21;    8.4;    0.4;    0.0;eor
       3975;20191102;-999;-999;-999;    1;   7.1;   4;    0.583;   0;  -999;  12.8;    -999;   11.4;   94.21;   15.2;    8.3;    8.0;eor
       3975;20191103;-999;-999;-999;    1;   8.5;   4;    0.000;   0;  -999;  11.6;    -999;    9.7;   96.25;   11.3;    8.0;    7.8;eor
       3975;20191104;-999;-999;-999;    1;   1.8;   4;    1.833;   0;  -999;  10.0;    -999;    8.8;   88.63;   10.8;    7.6;    6.8;eor
       3975;20191105;-999;-999;-999;    1;   0.7;   4;    0.800;   0;  -999;   8.4;    -999;    6.5;   87.38;    9.4;    3.2;   -0.1;eor
       3975;20191106;-999;-999;-999;    1;   0.8;   4;    0.067;   0;  -999;   8.6;    -999;    5.8;   93.75;    8.5;    3.7;    1.2;eor
       3975;20191107;-999;-999;-999;    1;   0.0;   4;    2.867;   0;  -999;   8.1;    -999;    6.5;   84.83;   10.4;    4.2;    2.1;eor
       3975;20191108;-999;-999;-999;    1;   4.0;   4;    0.000;   0;  -999;   8.3;    -999;    4.9;   95.75;    5.5;    4.1;    2.9;eor
       3975;20191109;-999;-999;-999;    1;   0.0;   0;    0.783;   0;  -999;   7.3;    -999;    3.2;   95.17;    5.9;    0.4;   -1.8;eor
       3975;20191110;-999;-999;-999;    1;   0.0;   0;    4.400;   0;  -999;   6.3;    -999;    1.3;   93.58;    6.2;   -1.7;   -3.4;eor
       3975;20191111;-999;-999;-999;    1;   0.3;   4;    0.000;   0;  -999;   5.8;    -999;    0.3;   93.29;    1.7;   -0.5;   -0.3;eor
       3975;20191112;-999;-999;-999;    1;   0.1;   4;    0.067;   0;  -999;   6.9;    -999;    3.0;   91.50;    4.7;    1.1;    0.7;eor
       3975;20191113;-999;-999;-999;    1;   0.0;   0;    0.950;   0;  -999;   6.6;    -999;    2.8;   89.21;    4.9;    1.6;   -0.4;eor
       3975;20191114;-999;-999;-999;    1;   0.0;   0;    5.333;   0;  -999;   6.1;    -999;    2.1;   86.63;    6.2;    0.5;   -1.7;eor
       3975;20191115;-999;-999;-999;    1;   1.6;   4;    1.700;   0;  -999;   7.3;    -999;    4.4;   87.67;    7.0;    1.2;    0.6;eor
       3975;20191116;-999;-999;-999;    1;   0.0;   0;    0.367;   0;  -999;   7.2;    -999;    3.1;   94.54;    5.3;    1.1;   -1.2;eor
       3975;20191117;-999;-999;-999;    1;   0.0;   0;    0.617;   0;  -999;   8.6;    -999;    5.4;   94.33;    9.6;    1.1;    1.1;eor
       3975;20191118;-999;-999;-999;    1;   0.0;   0;    3.667;   0;  -999;   6.5;    -999;    3.9;   81.08;    6.8;    1.9;   -0.3;eor
       3975;20191119;-999;-999;-999;    1;   0.9;   4;    0.000;   0;  -999;   6.6;    -999;    2.9;   87.08;    4.9;    1.1;   -0.2;eor
       3975;20191120;-999;-999;-999;    1;   0.1;   4;    0.000;   0;  -999;   7.0;    -999;    2.6;   95.58;    3.7;    0.4;   -1.8;eor
       3975;20191121;-999;-999;-999;    1;   0.0;   0;    0.000;   0;  -999;   8.0;    -999;    3.9;   99.46;    4.8;    1.9;    2.0;eor
       3975;20191122;-999;-999;-999;    1;   0.0;   0;    0.000;   0;  -999;   7.2;    -999;    2.5;   98.79;    3.7;    1.4;    1.5;eor
       3975;20191123;-999;-999;-999;    1;   0.0;   0;    5.117;   0;  -999;   7.7;    -999;    4.8;   90.17;    8.7;    1.9;    0.9;eor
       3975;20191124;-999;-999;-999;    1;   0.0;   0;    0.517;   0;  -999;   8.0;    -999;    4.6;   94.67;    7.0;    2.8;    2.1;eor
       3975;20191125;-999;-999;-999;    1;   0.0;   0;    0.000;   0;  -999;   7.3;    -999;    2.4;  100.00;    3.4;    1.8;    1.9;eor
       3975;20191126;-999;-999;-999;    1;   0.0;   0;    0.000;   0;  -999;   7.8;    -999;    3.4;   99.42;    5.6;    1.4;    1.5;eor
       3975;20191127;-999;-999;-999;    1;   2.0;   4;    1.550;   0;  -999;   8.3;    -999;    5.0;   95.17;    7.4;    2.9;    2.5;eor
       3975;20191128;-999;-999;-999;    1;   2.9;   4;    0.050;   0;  -999;   8.7;    -999;    7.5;   83.75;    9.1;    6.3;    4.9;eor
       3975;20191129;-999;-999;-999;    1;   5.1;   4;    0.000;   0;  -999;   7.6;    -999;    4.3;   90.75;    7.2;    1.4;   -0.1;eor
       3975;20191130;-999;-999;-999;    1;   0.0;   0;    2.617;   0;  -999;   5.8;    -999;    1.4;   85.29;    4.5;   -2.0;   -3.8;eor
       3975;20191201;-999;-999;-999;    1;   0.0;   0;    0.217;   0;  -999;   4.8;    -999;   -1.0;   84.75;    0.3;   -2.8;   -4.2;eor
       3975;20191202;-999;-999;-999;    1;   0.0;   0;    2.300;   0;  -999;   5.1;    -999;    0.3;   81.79;    2.5;   -1.3;   -2.9;eor
       3975;20191203;-999;-999;-999;    1;   0.0;   0;    0.000;   0;  -999;   6.0;    -999;    0.4;   94.46;    1.8;   -2.1;   -4.4;eor
       3975;20191204;-999;-999;-999;    1;   0.0;   0;    6.133;   0;  -999;   5.2;    -999;   -0.5;   88.08;    2.9;   -2.5;   -4.8;eor
       3975;20191205;-999;-999;-999;    1;   0.0;   0;    0.000;   0;  -999;   4.6;    -999;   -3.0;   94.71;   -1.9;   -4.5;   -6.2;eor
       3975;20191206;-999;-999;-999;    1;   5.2;   4;    5.400;   0;  -999;   5.0;    -999;   -1.3;   90.29;    3.3;   -4.2;   -4.0;eor
       3975;20191207;-999;-999;-999;    1;   1.2;   4;    0.017;   0;  -999;   8.3;    -999;    5.3;   93.21;    6.4;    3.2;    2.4;eor
       3975;20191208;-999;-999;-999;    1;   3.4;   4;    0.033;   0;  -999;   8.2;    -999;    6.4;   84.63;    7.9;    5.1;    4.7;eor
       3975;20191209;-999;-999;-999;    1;   7.2;   4;    0.883;   0;  -999;   7.5;    -999;    4.9;   86.08;    6.8;    2.7;    2.2;eor
       3975;20191210;-999;-999;-999;    1;   0.0;   0;    0.567;   0;  -999;   6.0;    -999;    0.7;   92.42;    3.4;   -2.5;   -5.6;eor
       3975;20191211;-999;-999;-999;    1;   3.2;   4;    0.333;   0;  -999;   4.7;    -999;   -0.6;   81.00;    0.9;   -2.4;   -5.2;eor
       3975;20191212;-999;-999;-999;    1;   0.3;   4;    0.000;   3;  -999;   6.2;    -999;    0.6;   97.29;    1.4;   -0.3;   -2.3;eor
       3975;20191213;-999;-999;-999;    1;   5.5;   4;    0.000;   0;  -999;   6.1;    -999;    0.6;   94.75;    2.5;   -0.7;   -0.9;eor
       3975;20191214;-999;-999;-999;    1;   9.3;   4;    0.333;   2;  -999;   6.6;    -999;    3.7;   83.92;    6.4;    0.4;    0.0;eor
       3975;20191215;-999;-999;-999;    1;   5.6;   4;    0.000;   0;  -999;   8.7;    -999;    6.5;   89.54;   10.6;    3.9;    2.6;eor
       3975;20191216;-999;-999;-999;    1;   0.0;   0;    4.750;   0;  -999;   8.0;    -999;    6.4;   83.58;    9.4;    4.8;    2.0;eor
       3975;20191217;-999;-999;-999;    1;   0.0;   0;    3.117;   0;  -999;   7.1;    -999;    6.6;   72.96;    9.4;    2.7;    1.1;eor
       3975;20191218;-999;-999;-999;    1;   0.0;   0;    0.433;   0;  -999;   8.6;    -999;    7.9;   81.29;   10.4;    4.0;    1.6;eor
       3975;20191219;-999;-999;-999;    1;   0.0;   0;    4.200;   0;  -999;   7.6;    -999;    4.3;   90.92;    6.5;    2.0;    0.4;eor
       3975;20191220;-999;-999;-999;    1;   2.4;   4;    1.600;   0;  -999;   7.7;    -999;    5.9;   83.00;   10.0;   -0.3;   -1.0;eor
       3975;20191221;-999;-999;-999;    1;   0.0;   0;    0.033;   0;  -999;   8.0;    -999;    4.3;   96.38;    6.3;    2.9;    0.0;eor
       3975;20191222;-999;-999;-999;    1;   3.3;   4;    0.117;   0;  -999;   7.7;    -999;    4.2;   93.04;    6.1;    2.6;    1.7;eor
       3975;20191223;-999;-999;-999;    1;   2.3;   4;    0.017;   0;  -999;   7.8;    -999;    4.7;   91.29;    5.4;    4.0;    2.8;eor
       3975;20191224;-999;-999;-999;    1;   5.1;   4;    0.550;   0;  -999;   7.5;    -999;    4.3;   90.33;    5.8;    3.0;    1.6;eor
       3975;20191225;-999;-999;-999;    1;   9.2;   4;    0.117;   0;  -999;   8.0;    -999;    4.6;   94.00;    5.9;    2.7;    1.7;eor
       3975;20191226;-999;-999;-999;    1;   0.0;   0;    0.017;   0;  -999;   6.6;    -999;    2.4;   90.38;    4.1;    1.0;   -0.5;eor
       3975;20191227;-999;-999;-999;    1;   0.1;   4;    0.833;   0;  -999;   6.0;    -999;    0.9;   91.88;    4.1;   -2.1;   -4.6;eor
       3975;20191228;-999;-999;-999;    1;   0.0;   0;    0.200;   0;  -999;   4.4;    -999;   -1.4;   79.46;    0.3;   -4.1;   -6.0;eor
       3975;20191229;-999;-999;-999;    1;   0.0;   0;    5.750;   0;  -999;   3.8;    -999;   -3.4;   79.67;    1.0;   -6.1;   -7.9;eor
       3975;20191230;-999;-999;-999;    1;   0.0;   0;    5.617;   0;  -999;   4.3;    -999;   -1.2;   76.75;    5.2;   -5.9;   -6.8;eor
       3975;20191231;-999;-999;-999;    1;   0.0;   0;    0.000;   0;  -999;   4.5;    -999;   -0.2;   75.88;    1.4;   -3.5;   -6.7;eor
       3975;20200101;-999;-999;-999;    1;   0.0;   0;    5.917;   0;  -999;   4.7;    -999;   -2.0;   89.92;    2.1;   -4.5;   -7.2;eor
       3975;20200102;-999;-999;-999;    1;   0.0;   0;    1.300;   0;  -999;   5.0;    -999;   -2.4;   97.13;   -0.8;   -5.0;   -7.2;eor
       3975;20200103;-999;-999;-999;    1;   2.2;   4;    0.583;-999;  -999;   6.5;    -999;    1.5;   93.58;    5.6;   -2.1;   -2.3;eor
       3975;20200104;-999;-999;-999;    1;   1.0;   4;    0.000;-999;  -999;   6.8;    -999;    2.6;   91.63;    5.7;    1.1;    0.8;eor
