STATIONS_ID;MESS_DATUM;QN_3;  FX;  FM;QN_4; RSK;RSKF; SDK;SHK_TAG;  NM; VPM;  PM; TMK; UPM; TXK; TNK; TGK;eor
       4501;20180627;   10;  11.7;   3.9;    3;   0.0;   0;    9.267;-999;   5.0;  10.7;  916.12;   13.1;   72.04;   16.7;   10.0;    9.8;eor
       4501;20180628;   10;  12.5;   4.2;    3;   0.0;   6;    6.900;-999;   6.7;  11.6;  913.87;   14.7;   69.33;   19.5;   10.6;    9.6;eor
       4501;20180629;   10;  12.0;   3.7;    3;   0.0;   0;   14.583;-999;   3.8;  11.0;  910.87;   17.6;   57.04;   22.7;   12.3;   11.3;eor
       4501;20180630;   10;  13.2;   5.5;    3;   0.0;   0;   11.450;-999;   2.3;   8.9;  910.35;   13.3;   60.63;   17.7;    9.5;    8.1;eor
       4501;20180701;   10;  11.2;   4.9;    3;   0.0;   0;   15.200;-999;   0.0;   7.0;  911.58;   11.9;   51.58;   16.9;    7.3;    5.9;eor
       4501;20180702;   10;   9.5;   3.8;    3;   0.0;   0;   15.183;-999;   0.0;   6.8;  910.67;   13.4;   44.71;   18.3;    8.6;    6.3;eor
       4501;20180703;   10;   7.4;   3.1;    3;   0.0;   0;   15.150;-999;   0.6;   6.6;  911.02;   16.4;   36.38;   22.9;   10.3;    7.7;eor
       4501;20180704;   10;   9.4;   2.6;    3;   0.0;   6;    9.950;-999;   6.0;   8.9;  909.88;   19.6;   38.42;   24.0;   14.3;    9.7;eor
       4501;20180705;   10;  10.5;   3.2;    3;  12.9;   6;    8.667;-999;   6.3;  14.1;  907.96;   17.7;   71.63;   24.3;   13.3;   12.6;eor
       4501;20180706;   10;   9.1;   2.9;    3;   0.0;   0;    9.183;-999;   5.4;  12.3;  911.44;   14.9;   72.50;   19.2;   11.3;    9.7;eor
       4501;20180707;   10;  10.0;   3.0;    3;   0.0;   0;   14.900;-999;   2.5;   7.4;  914.65;   14.7;   44.42;   20.3;    8.8;    6.7;eor
       4501;20180708;   10;   8.6;   2.9;    3;   0.0;   0;   12.617;-999;   3.8;  10.6;  914.81;   14.9;   62.75;   20.2;    9.5;    8.5;eor
       4501;20180709;   10;   9.0;   2.7;    3;   2.2;   6;    9.800;-999;   5.7;  10.5;  913.43;   15.1;   62.58;   19.8;   11.5;    9.7;eor
       4501;20180710;   10;   7.4;   1.9;    3;   7.1;   6;    1.150;-999;   7.8;  10.4;  908.56;   10.7;   81.42;   13.9;    8.2;    8.4;eor
       4501;20180711;   10;   7.7;   2.3;    3;   5.6;   6;    0.917;-999;   7.7;  11.0;  907.95;   10.2;   88.54;   13.7;    8.0;    8.1;eor
       4501;20180712;   10;   8.7;   2.8;    3;   0.3;   6;    4.300;-999;   7.5;  12.3;  910.08;   12.8;   83.67;   19.1;    8.1;    6.8;eor
       4501;20180713;   10;   6.8;   2.5;    3;   0.0;   0;    6.867;-999;   5.6;  11.7;  913.17;   16.3;   64.42;   21.6;   12.5;   11.3;eor
       4501;20180714;   10;   7.1;   2.7;    3;   0.0;   0;   10.917;-999;   3.4;  11.3;  912.99;   16.6;   61.38;   21.0;   11.6;    9.8;eor
       4501;20180715;   10;   7.8;   3.0;    3;   0.0;   0;   12.433;-999;   3.6;  12.2;  910.67;   16.8;   64.71;   21.7;   11.6;    9.9;eor
       4501;20180716;   10;   9.1;   2.0;    3;  35.0;   8;    6.617;-999;   6.9;  13.3;  908.72;   14.9;   78.38;   18.7;   10.5;    3.8;eor
       4501;20180717;   10;  11.4;   3.1;    3;   0.0;   0;   12.133;-999;   6.3;  10.6;  908.93;   18.9;   49.54;   24.1;   14.0;    9.9;eor
       4501;20180718;   10;  10.1;   3.3;    3;   0.0;   0;   12.933;-999;   2.6;  11.5;  911.22;   17.3;   59.25;   21.6;   12.7;   10.9;eor
       4501;20180719;   10;   7.4;   2.7;    3;   0.0;   0;   14.800;-999;  -999;   9.2;  911.69;   16.2;   51.75;   21.3;   10.6;    7.4;eor
       4501;20180720;   10;   8.7;   2.9;    3;   0.0;   0;   11.600;-999;   6.5;  10.1;  909.05;   18.5;   47.88;   23.2;   12.8;   10.3;eor
       4501;20180721;   10;   6.5;   2.3;    3;  10.8;   6;    1.333;-999;   7.3;  13.4;  906.87;   15.3;   78.54;   19.8;   12.5;   12.5;eor
       4501;20180722;   10;   5.5;   1.9;    3;   1.6;   6;    0.000;-999;   7.7;  14.5;  908.95;   14.4;   88.04;   16.2;   12.6;   12.4;eor
       4501;20180723;   10;   6.5;   2.3;    3;   0.0;   0;    7.433;-999;   4.6;  13.5;  911.57;   18.0;   66.71;   22.8;   14.0;   12.8;eor
       4501;20180724;   10;   7.3;   2.9;    3;   0.0;   0;   14.650;-999;   0.1;  12.6;  911.03;   20.5;   53.83;   25.8;   15.0;   12.1;eor
       4501;20180725;   10;   9.8;   2.9;    3;   0.0;   0;   12.183;-999;  -999;  13.5;  911.20;   22.0;   51.67;   26.6;   17.4;   14.2;eor
       4501;20180726;   10;  11.6;   3.7;    3;   0.0;   0;   14.433;-999;   2.4;  12.4;  911.87;   21.8;   48.63;   26.0;   17.7;   15.1;eor
       4501;20180727;   10;  10.1;   3.6;    3;   0.3;   6;   11.600;-999;   3.1;  13.6;  909.73;   20.7;   56.25;   25.8;   16.9;   14.1;eor
       4501;20180728;   10;  15.1;   4.3;    3;   3.5;   6;    9.717;-999;   4.2;  14.2;  906.19;   20.0;   62.38;   26.1;   14.3;   13.5;eor
       4501;20180729;   10;   9.9;   2.5;    3;   0.0;   0;    6.667;-999;   7.1;  14.5;  910.59;   18.9;   68.25;   23.8;   13.3;   12.6;eor
       4501;20180730;   10;   8.9;   2.3;    3;   0.0;   0;   11.783;-999;   2.1;  11.9;  912.12;   23.4;   43.54;   28.8;   17.8;   14.5;eor
       4501;20180731;   10;  10.5;   3.0;    3;   0.3;   6;   13.017;-999;  -999;  12.6;  912.66;   25.6;   39.17;   30.6;   20.5;   16.5;eor
       4501;20180801;   10;  11.7;   4.2;    3;   0.2;   6;    3.550;-999;   7.6;  15.3;  914.91;   19.9;   66.13;   22.8;   16.8;   16.0;eor
       4501;20180802;   10;  10.1;   4.3;    3;   0.0;   6;    9.533;-999;   5.3;  17.0;  916.88;   19.5;   75.58;   23.8;   15.6;   15.7;eor
       4501;20180803;   10;   8.0;   3.6;    3;   0.0;   0;   12.933;-999;   1.0;  17.6;  916.35;   21.8;   68.00;   26.6;   17.3;   15.9;eor
       4501;20180804;   10;   8.8;   2.4;    3;   1.6;   6;    9.400;-999;   2.9;  16.1;  913.63;   22.9;   58.58;   27.6;   19.0;   16.6;eor
       4501;20180805;   10;   7.8;   3.2;    3;   0.0;   6;    8.983;-999;   6.1;  13.8;  914.50;   17.3;   70.54;   21.8;   12.7;   10.9;eor
       4501;20180806;   10;   9.0;   2.9;    3;   0.0;   0;   14.333;-999;   0.6;   9.9;  912.68;   19.7;   46.67;   27.0;   12.1;   10.0;eor
       4501;20180807;   10;  10.2;   3.8;    3;   0.0;   0;    8.583;-999;   4.0;  12.9;  909.09;   23.5;   44.96;   29.0;   19.6;   16.3;eor
       4501;20180808;   10;  16.2;   4.9;    3;   0.0;   6;    7.717;-999;   5.6;  14.1;  908.80;   21.4;   55.54;   26.4;   18.0;   16.0;eor
       4501;20180809;   10;  16.6;   5.0;    3;   0.0;   4;    8.750;-999;   4.9;  14.3;  909.24;   20.9;   60.13;   28.5;   14.9;   14.6;eor
       4501;20180810;   10;  15.2;   5.5;    3;   0.0;   4;    8.333;-999;  -999;   9.7;  914.70;   14.0;   61.63;   17.9;   10.6;    9.4;eor
       4501;20180811;   10;  14.5;   4.6;    3;   0.0;   0;    8.117;-999;   6.3;   8.3;  914.68;   13.6;   54.08;   17.9;   10.3;    7.9;eor
       4501;20180812;   10;  13.1;   4.0;    3;   0.0;   0;   12.850;-999;   7.6;   7.8;  910.88;   16.0;   43.54;   21.8;    9.9;    6.4;eor
       4501;20180813;   10;  16.2;   5.1;    3;   1.8;   6;    4.483;-999;   6.1;  12.1;  904.80;   16.0;   68.33;   21.6;   12.8;   10.8;eor
       4501;20180814;   10;  11.7;   4.7;    3;   0.7;   6;    0.917;-999;   6.4;  13.3;  907.73;   13.1;   88.21;   16.1;   11.4;    9.6;eor
       4501;20180815;   10;   7.9;   2.7;    3;   0.4;   6;    4.517;-999;   6.1;  12.2;  913.26;   14.0;   76.92;   18.4;   11.8;    9.4;eor
       4501;20180816;   10;   9.6;   3.2;    3;   0.0;   0;   13.750;-999;   1.2;  11.9;  911.78;   18.2;   58.38;   24.3;   11.9;    8.6;eor
       4501;20180817;   10;  10.1;   3.8;    3;  24.4;   8;    9.283;-999;   7.5;  13.4;  910.90;   19.3;   62.17;   25.3;   13.3;   12.8;eor
       4501;20180818;   10;   8.6;   2.8;    3;   0.0;   0;    5.450;-999;   7.3;  15.3;  914.94;   15.6;   86.67;   20.7;   12.3;   11.3;eor
       4501;20180819;   10;  11.8;   3.7;    3;   0.0;   0;   13.367;-999;   3.6;  11.9;  914.75;   19.3;   55.63;   24.9;   14.2;   10.6;eor
       4501;20180820;   10;   9.2;   2.8;    3;   0.0;   0;    4.483;-999;   5.3;  14.0;  913.38;   16.5;   74.13;   18.9;   13.4;   10.4;eor
       4501;20180821;   10;   6.9;   2.6;    3;   0.1;   6;    2.583;-999;   7.2;  14.9;  914.64;   15.5;   84.54;   18.9;   13.5;   11.7;eor
       4501;20180822;   10;   8.9;   2.9;    3;   0.0;   0;   10.717;-999;  -999;  13.1;  912.67;   19.5;   60.21;   25.2;   13.6;   12.0;eor
       4501;20180823;   10;  13.7;   3.8;    3;   7.2;   8;    8.283;-999;   4.8;  14.3;  908.45;   19.6;   63.17;   25.5;   16.3;   14.0;eor
       4501;20180824;   10;  11.4;   4.1;    3;   4.5;   6;    1.517;-999;   7.5;  13.0;  905.36;   13.3;   85.50;   16.5;   10.1;   10.1;eor
       4501;20180825;   10;  16.1;   5.4;    3;   2.9;   6;    3.900;-999;   5.9;   9.6;  904.67;    8.0;   89.83;   10.0;    5.0;    3.1;eor
       4501;20180826;   10;  11.9;   3.4;    3;   0.0;   6;    8.767;-999;   5.6;   7.5;  908.88;    8.7;   69.25;   13.8;    3.8;    2.0;eor
       4501;20180827;   10;  17.7;   7.4;    3;   0.0;   6;    0.167;-999;   7.7;  10.0;  907.79;   10.7;   76.71;   12.8;    8.1;    7.5;eor
       4501;20180828;   10;   7.6;   2.5;    3;   0.0;   0;    8.200;-999;   5.0;  10.8;  912.58;   12.8;   74.54;   18.0;    8.3;    5.9;eor
       4501;20180829;   10;   9.4;   3.4;    3;   3.7;   6;   12.083;-999;   4.6;  11.1;  909.15;   17.9;   55.46;   23.2;   12.6;    9.1;eor
       4501;20180830;   10;  12.0;   4.1;    3;   1.6;   6;    1.950;-999;   7.3;  12.7;  910.78;   11.6;   92.46;   15.5;    8.8;    6.8;eor
       4501;20180831;   10;   7.0;   3.0;    3;   0.0;   0;    4.067;-999;   7.2;   9.2;  913.70;    9.7;   77.25;   13.7;    7.0;    5.8;eor
       4501;20180901;   10;  11.1;   3.7;    3;   0.7;   6;    8.783;-999;   5.5;   8.8;  916.16;   10.5;   70.33;   14.5;    6.1;    4.4;eor
       4501;20180902;   10;  15.6;   5.6;    3;   8.9;   6;    0.000;-999;   8.0;  11.6;  914.78;    9.8;   95.75;   11.9;    8.0;    8.1;eor
       4501;20180903;   10;   9.3;   3.7;    3;   5.5;   6;    0.000;-999;   7.8;  14.2;  910.49;   12.4;   98.00;   13.2;   11.2;   10.7;eor
       4501;20180904;   10;   8.1;   3.1;    3;   0.0;   0;    9.733;-999;   6.9;  14.2;  910.47;   15.0;   83.46;   19.4;   12.5;   10.2;eor
       4501;20180905;   10;   6.6;   2.5;    3;   0.0;   0;    7.900;-999;   4.8;  12.5;  911.38;   15.6;   70.54;   19.6;   12.3;    9.3;eor
       4501;20180906;   10;   9.0;   3.0;    3;   3.9;   6;    8.400;-999;   5.4;  13.0;  906.95;   16.5;   70.67;   21.7;   13.2;   10.2;eor
       4501;20180907;   10;  12.7;   3.6;    3;   2.7;   6;    2.633;-999;   7.3;  12.7;  907.39;   12.0;   90.88;   16.6;    8.2;    7.4;eor
       4501;20180908;   10;   9.7;   4.1;    3;   0.0;   0;   10.067;-999;   5.5;   8.8;  912.90;   10.2;   72.38;   15.3;    5.4;    4.1;eor
       4501;20180909;   10;  10.1;   3.3;    3;   0.0;   0;    4.067;-999;   8.0;   9.5;  914.98;   12.9;   63.88;   18.1;    9.0;    6.1;eor
       4501;20180910;   10;  13.1;   4.3;    3;   0.0;   0;    6.133;-999;   7.0;  10.5;  915.73;   15.0;   62.46;   19.2;   11.1;    7.4;eor
       4501;20180911;   10;  16.7;   6.6;    3;   0.0;   0;   11.800;-999;   7.0;  10.8;  916.11;   15.3;   63.71;   20.6;   10.9;    8.5;eor
       4501;20180912;   10;  14.0;   5.9;    3;   0.0;   0;   12.283;-999;   0.6;  11.3;  914.43;   16.9;   60.75;   23.1;   11.5;   10.3;eor
       4501;20180913;   10;   9.2;   3.3;    3;   0.4;   6;    0.167;-999;   8.0;  12.8;  912.26;   11.0;   96.96;   13.6;    9.8;   10.0;eor
       4501;20180914;   10;   7.6;   2.5;    3;   0.0;   6;    1.033;-999;   7.5;  11.8;  912.72;   11.6;   86.54;   15.2;    9.5;    6.9;eor
       4501;20180915;   10;  10.1;   3.1;    3;   0.0;   0;    7.083;-999;   6.1;   8.7;  915.63;   10.2;   70.21;   14.8;    6.9;    4.0;eor
       4501;20180916;   10;   8.2;   2.7;    3;   0.0;   0;   11.150;-999;   7.3;   8.8;  916.05;   12.6;   62.67;   18.3;    7.2;    4.4;eor
       4501;20180917;   10;   8.6;   2.8;    3;   0.0;   0;   10.300;-999;   6.5;   9.3;  913.92;   15.8;   52.38;   20.5;   11.5;    7.5;eor
       4501;20180918;   10;  14.0;   5.7;    3;   0.0;   0;   11.717;-999;   0.8;  12.0;  911.30;   18.3;   57.79;   23.3;   13.3;   10.9;eor
       4501;20180919;   10;  13.8;   5.1;    3;   0.0;   0;    9.800;-999;  -999;  12.6;  913.63;   18.6;   59.08;   22.4;   15.2;   11.3;eor
       4501;20180920;   10;  15.7;   5.5;    3;   0.0;   0;    9.233;-999;   7.5;  12.7;  912.44;   17.9;   62.88;   22.3;   14.2;   11.2;eor
       4501;20180921;   10;  23.8;   8.5;    3;   7.1;   6;    2.867;-999;   7.5;  11.5;  905.45;   13.4;   75.58;   19.1;    4.5;    3.7;eor
       4501;20180922;   10;  16.0;   6.2;    3;   7.2;   6;    1.867;-999;   7.1;   8.2;  911.12;    6.4;   85.88;   10.8;    4.0;    3.0;eor
       4501;20180923;   10;  26.9;   6.2;    3;  31.1;   8;    0.000;-999;   7.9;   9.7;  903.77;    6.6;   97.33;   14.0;    2.3;    1.5;eor
       4501;20180924;   10;  12.4;   4.4;    3;   3.6;   6;    3.900;-999;   6.2;   7.1;  918.77;    3.5;   90.92;    6.3;    1.1;    0.0;eor
       4501;20180925;   10;   6.9;   2.4;    3;   0.0;   0;    6.517;-999;   5.6;   6.2;  926.53;    3.3;   80.21;    7.0;    0.7;   -0.9;eor
       4501;20180926;   10;  13.0;   6.0;    3;   0.0;   0;   10.367;-999;   6.5;   5.1;  924.27;    6.2;   54.38;    9.5;    2.5;    0.0;eor
       4501;20180927;   10;  12.5;   4.4;    3;   0.0;   0;   11.467;-999;   0.5;   5.2;  919.68;   12.9;   34.92;   17.4;    8.0;    4.5;eor
       4501;20180928;   10;   9.8;   3.6;    3;   0.2;   6;    4.067;-999;   4.2;   8.0;  914.75;    7.6;   77.00;   11.6;    1.9;    0.5;eor
       4501;20180929;   10;   8.4;   3.0;    3;   0.0;   0;    8.150;-999;   3.3;   6.4;  917.45;    4.4;   77.63;    9.0;    0.9;   -0.6;eor
       4501;20180930;   10;  10.9;   4.3;    3;   0.0;   0;   11.550;-999;   1.0;   5.4;  909.29;    8.0;   51.96;   14.4;    3.6;    1.4;eor
       4501;20181001;   10;  10.2;   3.6;    3;   0.4;   8;    2.217;-999;   6.5;   6.6;  906.42;    4.5;   78.50;    7.7;    1.4;    0.8;eor
       4501;20181002;   10;  21.8;   6.6;    3;  14.6;   8;    0.000;   0;   8.0;   6.8;  909.05;    2.0;   96.33;    5.4;    0.2;    0.2;eor
       4501;20181003;   10;  15.1;   4.9;    3;   0.0;   0;    3.400;   0;   7.3;   7.7;  913.54;    5.4;   86.25;    8.2;    2.7;    0.1;eor
       4501;20181004;   10;   5.9;   2.5;    3;   0.0;   0;    4.933;   0;   5.0;   8.2;  917.78;    6.3;   85.42;   11.3;    2.7;    0.2;eor
       4501;20181005;   10;  13.2;   4.3;    3;   0.0;   0;   11.167;   0;  -999;   8.4;  913.36;   10.7;   67.17;   16.5;    5.3;    2.3;eor
       4501;20181006;   10;  11.8;   4.9;    3;   0.0;   0;    7.267;   0;   7.2;  10.9;  906.13;   12.5;   75.08;   16.9;    8.0;    4.9;eor
       4501;20181007;   10;  10.0;   4.1;    3;   0.3;   6;    2.417;   0;   7.0;  10.4;  908.80;    8.6;   92.83;   12.4;    4.2;    4.1;eor
       4501;20181008;   10;   7.1;   2.8;    3;   0.1;   4;    9.167;   0;   6.6;  11.2;  913.64;    9.9;   91.96;   14.2;    4.3;    3.6;eor
       4501;20181009;   10;   6.7;   3.1;    3;   0.0;   4;    8.467;   0;   7.1;  12.1;  915.39;   12.4;   84.79;   17.3;    9.7;    6.0;eor
       4501;20181010;   10;   9.4;   3.3;    3;   0.0;   0;   10.800;   0;   1.4;  11.3;  913.01;   13.3;   73.33;   17.7;   10.3;    5.8;eor
       4501;20181011;   10;  13.2;   4.3;    3;   0.0;   6;   10.533;   0;   0.7;   7.9;  910.01;   14.8;   47.04;   19.7;   11.8;    8.7;eor
       4501;20181012;   10;   9.3;   3.8;    3;   0.0;   0;   10.250;   0;   2.3;  10.9;  916.10;   15.5;   61.63;   19.2;   11.7;    7.8;eor
       4501;20181013;   10;   9.7;   3.0;    3;   0.0;   0;   10.650;   0;   0.0;  10.0;  915.78;   15.9;   55.92;   21.0;   12.8;    7.7;eor
       4501;20181014;   10;   9.8;   3.8;    3;   0.0;   0;   10.533;   0;   0.3;   9.5;  908.75;   14.1;   59.13;   19.2;    9.5;    7.5;eor
       4501;20181015;   10;   6.0;   2.4;    3;   0.0;   0;   10.383;   0;   0.1;   8.5;  908.90;   13.7;   54.88;   19.2;    9.9;    5.1;eor
       4501;20181016;   10;   6.7;   2.6;    3;   0.0;   6;    1.517;   0;   5.8;   9.8;  911.89;   13.4;   64.17;   16.4;   10.5;    6.9;eor
       4501;20181017;   10;   4.8;   2.4;    3;   0.0;   0;    4.667;   0;   4.4;  11.5;  912.42;   12.4;   80.04;   17.1;   10.1;    7.6;eor
       4501;20181018;   10;   8.7;   3.1;    3;   0.3;   6;    0.917;   0;   6.8;  11.3;  913.55;    9.9;   92.71;   12.8;    7.7;    7.4;eor
       4501;20181019;   10;   8.5;   3.0;    3;   0.0;   6;    0.017;   0;   7.8;   9.8;  915.43;    7.6;   93.75;    8.8;    6.9;    4.5;eor
       4501;20181020;   10;   6.8;   2.3;    3;   0.0;   0;    7.367;   0;   5.5;   8.1;  918.64;    6.1;   86.08;   11.1;    3.0;    0.7;eor
       4501;20181021;   10;   5.7;   2.0;    3;   0.0;   0;    4.367;   0;   5.6;   7.7;  918.81;    5.5;   85.46;    9.5;    3.3;    0.8;eor
       4501;20181022;   10;  10.4;   2.9;    3;   2.1;   6;    1.900;   0;   5.4;   7.5;  918.77;    4.7;   87.88;    8.7;    0.8;   -1.7;eor
       4501;20181023;   10;  18.7;   8.7;    3;  22.4;   8;    0.000;   0;   7.3;   7.3;  912.09;    2.7;   97.29;    6.2;    0.9;   -0.7;eor
       4501;20181024;   10;  17.2;   5.3;    3;   9.1;   6;    0.017;   0;   7.5;   9.5;  909.80;    6.6;   96.88;    7.5;    5.9;    5.6;eor
       4501;20181025;   10;  16.4;   6.2;    3;   0.1;   6;    0.017;   0;   7.6;   9.1;  908.21;    6.0;   97.29;    6.9;    4.7;    4.5;eor
       4501;20181026;   10;  15.4;   6.5;    3;   3.6;   8;    0.000;   0;   7.7;   7.7;  900.21;    3.8;   95.75;    4.7;    2.8;    2.7;eor
       4501;20181027;   10;  13.6;   4.0;    3;   0.0;   8;    0.000;   0;   7.8;   6.2;  898.60;    0.9;   95.25;    2.8;    0.0;   -0.9;eor
       4501;20181028;   10;  17.1;   7.4;    3;  10.3;   8;    0.000;   0;   8.0;   5.5;  900.00;   -1.1;   96.92;    0.1;   -2.1;   -1.9;eor
       4501;20181029;   10;  17.6;   6.9;    3;   0.4;   6;    0.000;   4;   8.0;   5.6;  892.63;   -0.7;   97.17;    2.9;   -1.4;   -1.3;eor
       4501;20181030;   10;  29.0;  11.5;    3;   4.4;   8;    1.600;   1;   6.4;   7.0;  888.00;    2.7;   94.00;    7.9;   -0.8;   -0.8;eor
       4501;20181031;   10;  19.5;   6.1;    3;   0.0;   0;    5.700;   0;   7.1;   6.0;  906.84;    3.9;   76.96;    8.4;   -0.5;   -0.9;eor
       4501;20181101;   10;  12.7;   4.2;    3;   0.1;   6;    2.967;   0;   5.9;   6.7;  904.98;    6.9;   69.58;   12.1;    2.8;    1.3;eor
       4501;20181102;   10;  16.0;   5.2;    3;   0.0;   4;    1.383;   0;   7.8;   7.7;  912.64;    4.4;   92.00;    7.0;    2.9;    2.3;eor
       4501;20181103;   10;   7.6;   3.6;    3;   0.0;   0;    0.967;   0;   8.0;   7.1;  917.08;    3.2;   92.92;    4.9;    2.0;    1.8;eor
       4501;20181104;   10;   8.0;   2.5;    3;   0.0;   6;    0.083;   0;   7.9;   8.9;  909.23;    5.8;   96.13;    9.2;    3.6;    1.6;eor
       4501;20181105;   10;  11.3;   4.1;    3;   0.0;   0;    6.200;   0;   4.6;   9.0;  903.56;   10.7;   70.67;   14.4;    8.4;    5.7;eor
       4501;20181106;   10;   9.7;   3.3;    3;   0.0;   0;    7.767;   0;   5.6;   9.0;  903.12;   10.6;   72.25;   16.2;    6.9;    3.7;eor
       4501;20181107;   10;   9.3;   3.9;    3;   0.0;   6;    7.817;   0;   5.0;   9.0;  904.85;    8.1;   84.29;   14.2;    5.7;    3.1;eor
       4501;20181108;   10;  11.2;   4.0;    3;   1.8;   6;    0.217;   0;   7.9;   9.3;  911.72;    6.4;   96.42;    7.7;    5.8;    5.6;eor
       4501;20181109;   10;   9.0;   3.9;    3;   0.0;   0;    0.583;   0;   7.9;   8.8;  907.90;    5.5;   97.50;    6.6;    4.1;    3.0;eor
       4501;20181110;   10;  10.4;   3.9;    3;   0.8;   6;    1.917;   0;   8.0;   8.2;  902.80;    5.1;   92.63;    6.9;    2.9;    1.3;eor
       4501;20181111;   10;  19.5;   6.9;    3;   1.7;   6;    0.033;   0;   7.8;   9.0;  904.38;    5.7;   97.46;    7.5;    3.6;    3.4;eor
       4501;20181112;   10;  14.5;   6.2;    3;   2.4;   6;    4.300;   0;   6.3;   9.2;  909.82;    8.9;   80.79;   12.6;    6.0;    4.3;eor
       4501;20181113;   10;  16.2;   5.6;    3;   5.3;   6;    0.000;   0;   7.9;   9.0;  915.13;    5.8;   97.04;    8.0;    3.6;    3.5;eor
       4501;20181114;   10;   9.6;   3.6;    3;   0.0;   0;    1.333;   0;   7.9;   7.1;  919.39;    2.6;   95.92;    3.6;    0.9;   -1.4;eor
       4501;20181115;   10;   9.8;   3.3;    3;   0.0;   0;    8.200;   0;   4.1;   5.2;  917.66;    4.1;   64.63;    8.0;    1.4;   -1.5;eor
       4501;20181116;   10;  11.0;   3.8;    3;   0.0;   0;    8.800;   0;   1.8;   5.0;  919.52;    3.2;   68.58;    9.8;   -0.7;   -2.3;eor
       4501;20181117;   10;  14.3;   6.8;    3;   0.0;   0;    8.617;   0;   2.0;   4.6;  919.94;   -1.0;   81.50;    2.6;   -3.7;   -4.9;eor
       4501;20181118;   10;  14.2;   6.5;    3;   2.5;   8;    5.650;   0;   2.9;   3.2;  914.88;   -3.7;   69.42;   -0.3;   -6.5;   -7.3;eor
       4501;20181119;   10;  17.5;   6.4;    3;   6.4;   8;    0.000;   0;   8.0;   4.6;  905.34;   -3.2;   94.71;   -2.3;   -5.4;   -4.6;eor
       4501;20181120;   10;  16.2;   6.5;    3;   4.3;   8;    0.000;   2;   8.0;   4.2;  900.30;   -4.2;   93.67;   -3.3;   -5.4;   -4.7;eor
       4501;20181121;   10;  12.0;   5.3;    3;   0.4;   8;    0.000;   6;   8.0;   4.6;  905.39;   -3.1;   94.88;   -2.0;   -3.7;   -3.5;eor
       4501;20181122;   10;  11.2;   3.1;    3;   0.0;   6;    0.000;   5;   7.9;   5.1;  909.17;   -2.0;   96.63;   -1.4;   -3.2;   -2.7;eor
       4501;20181123;   10;   6.5;   3.1;    3;   0.0;   0;    6.983;   3;   5.0;   5.7;  908.75;    0.0;   93.21;    2.7;   -2.3;   -6.3;eor
       4501;20181124;   10;  13.5;   4.8;    3;   2.6;   8;    0.000;   2;   8.0;   5.9;  902.98;    0.8;   91.08;    3.0;   -0.5;   -4.5;eor
       4501;20181125;   10;  11.2;   3.9;    3;   0.1;   6;    0.533;   0;   8.0;   6.6;  900.97;    1.4;   97.67;    3.1;    0.5;    0.3;eor
       4501;20181126;   10;  13.5;   6.0;    3;   0.2;   8;    0.000;   0;   8.0;   5.5;  899.90;   -1.1;   96.92;    0.5;   -3.1;   -2.9;eor
       4501;20181127;   10;  10.9;   3.8;    3;   0.0;   8;    0.067;   0;   8.0;   4.1;  907.29;   -4.6;   93.46;   -2.9;   -6.2;   -6.3;eor
       4501;20181128;   10;  13.8;   6.8;    3;   0.0;   8;    2.167;   0;   8.0;   4.2;  912.34;   -4.1;   93.04;   -2.6;   -6.0;   -5.6;eor
       4501;20181129;   10;  15.9;   6.2;    3;   0.0;   6;    0.700;   0;   8.0;   4.1;  909.60;   -2.2;   79.79;    0.9;   -4.6;   -4.6;eor
       4501;20181130;   10;  12.3;   5.5;    3;   1.2;   6;    0.000;   0;   8.0;   4.8;  904.93;   -2.1;   91.25;    0.3;   -3.5;   -3.8;eor
       4501;20181201;   10;  22.1;   7.5;    3;   0.9;   8;    0.000;   0;   8.0;   6.3;  905.07;    0.7;   97.79;    2.0;   -0.5;   -0.6;eor
       4501;20181202;   10;  20.9;   8.4;    3;  38.7;   6;    0.000;   0;   8.0;   7.9;  896.64;    3.5;   99.00;    7.4;    1.1;    0.7;eor
       4501;20181203;   10;  17.6;   6.5;    3;  33.5;   6;    0.000;   0;   7.8;   9.5;  895.64;    6.3;   99.92;    7.5;    5.4;    5.1;eor
       4501;20181204;   10;  16.3;   3.9;    3;   0.2;   8;    2.900;   0;   5.0;   6.3;  907.12;    0.9;   94.04;    5.5;   -3.4;   -5.7;eor
       4501;20181205;   10;  14.5;   4.3;    3;   0.5;   6;    4.183;   0;   7.5;   4.7;  913.95;   -1.6;   87.42;    0.6;   -3.7;   -5.9;eor
       4501;20181206;   10;  14.7;   7.0;    3;   2.6;   6;    0.000;   0;   7.9;   6.5;  908.15;    1.2;   96.29;    5.5;   -1.5;   -1.5;eor
       4501;20181207;   10;  23.8;  10.4;    3;  15.6;   8;    0.000;   0;   8.0;   8.7;  900.32;    5.1;   98.58;    6.4;    0.1;   -0.1;eor
       4501;20181208;   10;  23.7;   9.2;    3;  21.2;   8;    0.000;   0;   7.9;   6.3;  895.74;    0.6;   97.88;    2.8;   -0.5;   -0.5;eor
       4501;20181209;   10;  22.9;   7.7;    3;  11.6;   8;    0.000;   0;   7.8;   6.5;  891.13;    1.0;   98.00;    2.8;   -0.8;   -0.9;eor
       4501;20181210;   10;  16.3;   6.3;    3;   6.1;   8;    0.000;   4;   7.2;   5.0;  904.75;   -1.9;   94.67;   -0.7;   -2.8;   -2.9;eor
       4501;20181211;   10;  14.5;   4.3;    3;   3.1;   8;    0.533;   8;   7.4;   4.9;  907.76;   -2.1;   93.71;   -1.7;   -2.4;   -2.6;eor
       4501;20181212;   10;   9.8;   3.7;    3;   1.4;   8;    0.133;  10;   7.7;   4.7;  910.75;   -3.0;   95.54;   -2.2;   -4.6;   -2.1;eor
       4501;20181213;   10;  12.5;   5.5;    3;   0.0;   7;    0.050;  10;   7.5;   3.6;  908.08;   -5.9;   92.33;   -4.6;   -6.7;   -3.4;eor
       4501;20181214;   10;  12.4;   5.0;    3;   0.0;   7;    0.000;   9;   8.0;   3.4;  909.11;   -6.8;   90.75;   -6.4;   -7.2;   -3.9;eor
       4501;20181215;   10;   9.4;   2.6;    3;   0.0;   7;    0.000;  10;   8.0;   3.2;  911.50;   -7.2;   90.71;   -6.8;   -7.7;   -4.3;eor
       4501;20181216;   10;  14.1;   6.2;    3;   0.5;   8;    0.000;   9;   7.5;   3.3;  902.43;   -6.9;   91.04;   -4.4;   -8.3;   -6.7;eor
       4501;20181217;   10;  14.0;   5.8;    3;   5.4;   8;    0.000;  10;   8.0;   5.1;  909.21;   -2.0;   96.33;   -0.8;   -4.5;   -2.8;eor
       4501;20181218;   10;  15.8;   5.7;    3;   0.0;   7;    0.000;  12;   8.0;   5.4;  912.94;   -1.1;   96.63;   -0.3;   -2.9;   -3.5;eor
       4501;20181219;   10;  15.0;   6.0;    3;   1.2;   8;    0.000;  11;   7.9;   5.0;  905.83;   -2.2;   95.54;   -0.8;   -3.1;   -3.8;eor
       4501;20181220;   10;  15.5;   6.3;    3;   5.9;   8;    0.000;  11;   8.0;   5.9;  904.83;   -0.2;   97.75;    0.9;   -1.1;   -0.5;eor
       4501;20181221;   10;  23.8;  10.7;    3;  17.6;   8;    0.000;   9;   7.9;   7.2;  899.19;    2.5;   98.21;    5.1;    0.4;   -0.1;eor
       4501;20181222;   10;  20.3;   8.0;    3;   5.8;   8;    0.000;   0;   7.4;   7.3;  902.68;    2.9;   96.33;    3.9;    1.5;    0.9;eor
       4501;20181223;   10;  14.1;   5.4;    3;  21.3;   8;    0.000;   0;   8.0;   6.7;  907.49;    1.5;   98.13;    2.4;    0.0;   -0.2;eor
       4501;20181224;   10;  12.4;   3.5;    3;   2.2;   8;    0.033;   5;   7.8;   5.1;  912.79;   -1.7;   95.08;    0.0;   -4.0;   -7.4;eor
       4501;20181225;   10;   9.2;   3.7;    3;   0.3;   8;    0.000;   5;   7.8;   4.8;  920.20;   -2.7;   95.17;   -2.1;   -3.3;   -3.7;eor
       4501;20181226;   10;  12.2;   3.5;    3;   0.9;   6;    0.000;   5;   7.8;   5.5;  918.63;   -1.1;   96.50;    3.2;   -4.1;   -5.4;eor
       4501;20181227;   10;   9.5;   3.9;    3;   0.0;   0;    1.217;   1;   8.0;   6.5;  915.82;    1.2;   97.63;    2.8;   -0.8;   -0.8;eor
       4501;20181228;   10;   7.8;   2.7;    3;   0.4;   8;    7.283;   0;   4.0;   4.3;  915.79;    0.0;   72.88;    3.8;   -2.7;   -5.2;eor
       4501;20181229;   10;  17.8;   5.1;    3;  10.9;   8;    0.000;   1;   8.0;   5.0;  916.67;   -2.2;   96.25;   -0.9;   -3.2;   -3.1;eor
       4501;20181230;   10;  15.3;   4.8;    3;   0.6;   6;    0.000;   5;   7.6;   6.0;  916.49;    0.1;   97.00;    0.6;   -1.2;   -1.2;eor
       4501;20181231;   10;   9.0;   2.3;    3;   2.2;   6;    0.000;   3;   7.8;   6.8;  919.92;    1.7;   97.75;    2.7;    0.6;    0.1;eor
       4501;20190101;   10;  17.5;   7.0;    3;  12.4;   8;    0.000;   0;   7.7;   6.2;  913.15;    0.7;   96.17;    2.0;   -3.1;   -3.7;eor
       4501;20190102;   10;  16.3;   5.0;    3;   0.9;   8;    2.150;   3;   7.0;   3.9;  915.21;   -3.9;   84.33;   -2.6;   -6.1;   -7.2;eor
       4501;20190103;   10;  10.7;   3.1;    3;   0.1;   8;    4.450;   3;   5.4;   3.5;  920.72;   -5.4;   84.83;   -2.5;   -7.3;   -9.4;eor
       4501;20190104;   10;  12.1;   3.9;    3;   5.6;   8;    0.000;   3;   7.8;   4.4;  918.77;   -3.5;   92.88;   -0.9;   -5.3;   -6.6;eor
       4501;20190105;   10;  15.6;   5.1;    3;  23.3;   8;    0.000;   7;   7.9;   6.3;  912.51;    0.6;   97.63;    1.9;   -1.4;   -1.1;eor
       4501;20190106;   10;   9.2;   2.7;    3;   9.7;   8;    0.000;   4;   8.0;   6.2;  916.13;    0.4;   97.54;    1.4;   -0.5;   -0.2;eor
       4501;20190107;   10;  16.8;   5.1;    3;  22.3;   8;    0.000;   5;   7.9;   5.7;  916.32;   -0.6;   97.21;    0.3;   -1.8;   -0.5;eor
       4501;20190108;   10;  18.2;   7.4;    3;  26.1;   8;    0.000;  12;   7.7;   5.5;  899.50;   -1.1;   96.67;   -0.3;   -2.9;   -0.3;eor
       4501;20190109;   10;  19.4;   5.9;    3;  11.6;   7;    0.000;  30;   7.8;   4.1;  899.21;   -4.2;   92.46;   -2.9;   -4.6;   -0.1;eor
       4501;20190110;   10;  12.2;   3.6;    3;   2.5;   7;    0.017;  45;   7.7;   3.6;  909.37;   -5.9;   92.54;   -4.4;   -7.9;   -0.2;eor
       4501;20190111;   10;  13.5;   4.3;    3;   4.8;   8;    0.000;  44;   7.9;   3.9;  909.02;   -5.2;   93.67;   -1.2;   -7.4;   -0.3;eor
       4501;20190112;   10;  18.8;   6.2;    3;  25.3;   8;    0.000;  45;   7.9;   5.4;  904.81;   -1.2;   96.92;   -0.8;   -1.7;   -0.3;eor
       4501;20190113;   10;  21.9;   7.7;    3;  32.6;   8;    0.000;  55;   7.8;   6.0;  893.74;    0.0;   98.08;    1.7;   -0.9;   -0.1;eor
       4501;20190114;   10;  17.3;   5.0;    3;   0.9;   8;    0.500;  53;   7.1;   4.5;  897.31;   -2.8;   90.04;    0.0;   -4.7;   -0.1;eor
       4501;20190115;   10;  17.8;   7.5;    3;   2.4;   8;    0.000;  51;   7.9;   4.9;  905.04;   -2.6;   95.58;   -0.6;   -4.3;   -0.1;eor
       4501;20190116;   10;  18.9;   9.3;    3;   1.3;   8;    0.000;  50;   8.0;   5.3;  899.99;   -1.5;   96.83;   -0.6;   -2.4;   -0.1;eor
       4501;20190117;   10;  20.4;   7.9;    3;  10.8;   8;    0.000;  50;   7.9;   5.3;  893.83;   -1.5;   96.67;   -0.2;   -4.1;   -0.1;eor
       4501;20190118;   10;  11.9;   3.2;    3;   0.0;   7;    7.917;  58;   4.8;   3.5;  905.25;   -6.4;   90.75;   -3.0;   -9.8;   -0.1;eor
       4501;20190119;   10;   6.8;   3.0;    3;   0.0;   0;    8.133;  57;   6.6;   2.8;  905.61;   -7.4;   80.58;   -1.2;   -9.7;   -0.4;eor
       4501;20190120;   10;   7.8;   3.3;    3;   0.0;   0;    8.517;  56;   3.5;   2.8;  904.26;   -8.4;   85.96;   -4.8;  -10.5;   -0.6;eor
       4501;20190121;   10;   7.6;   2.9;    3;   0.0;   0;    2.767;  56;   4.9;   2.9;  907.61;   -8.6;   90.17;   -6.5;  -10.3;   -0.6;eor
       4501;20190122;   10;   8.7;   3.9;    3;   0.0;   0;    1.283;  56;   5.8;   2.6;  898.34;   -9.8;   90.58;   -7.1;  -11.4;   -0.7;eor
       4501;20190123;   10;  10.0;   4.3;    3;   0.0;   7;    1.733;  56;   8.0;   2.7;  889.23;   -9.4;   89.79;   -5.5;  -11.2;   -0.7;eor
       4501;20190124;   10;   7.0;   2.2;    3;   0.2;   7;    0.000;  56;   7.7;   2.8;  896.43;   -9.3;   91.29;   -7.1;  -11.7;   -0.6;eor
       4501;20190125;   10;  17.2;   5.3;    3;   6.4;   7;    0.000;  58;   7.9;   2.9;  901.03;   -8.8;   91.29;   -6.1;  -10.0;   -0.6;eor
       4501;20190126;   10;  20.1;   8.6;    3;  15.3;   8;    0.000;  62;   8.0;   4.8;  895.77;   -2.8;   95.58;   -0.5;   -6.1;   -0.5;eor
       4501;20190127;   10;  22.1;  10.1;    3;  13.2;   8;    0.000;  61;   8.0;   5.7;  882.61;   -0.7;   97.46;    0.0;   -2.0;   -0.4;eor
       4501;20190128;   10;  22.3;   8.2;    3;  16.0;   8;    0.000;  67;   7.9;   4.7;  883.99;   -3.0;   95.29;   -2.0;   -4.2;   -0.2;eor
       4501;20190129;   10;  12.1;   4.2;    3;   5.1;   8;    0.000;  80;   7.7;   4.1;  893.74;   -4.6;   94.54;   -3.8;   -6.3;   -0.1;eor
       4501;20190130;   10;  20.1;   6.2;    3;   0.7;   8;    0.217;  81;   7.8;   3.8;  886.20;   -5.6;   93.00;   -3.6;   -7.9;   -0.1;eor
       4501;20190131;   10;  12.5;   4.8;    3;   0.5;   8;    6.767;  79;   6.1;   4.0;  888.03;   -5.0;   93.58;   -2.0;   -6.7;   -0.2;eor
       4501;20190201;   10;  15.1;   4.8;    3;   2.5;   8;    0.000;  78;   7.8;   5.0;  883.87;   -2.4;   96.00;   -0.1;   -6.2;   -0.2;eor
       4501;20190202;   10;   7.7;   3.0;    3;   1.7;   8;    0.000;  78;   8.0;   5.4;  887.73;   -1.3;   98.17;   -0.9;   -2.2;   -0.2;eor
       4501;20190203;   10;  15.3;   4.7;    3;   0.1;   7;    0.000;  78;   7.9;   4.2;  902.63;   -4.4;   94.29;   -2.1;   -5.3;   -0.2;eor
       4501;20190204;   10;  19.0;   6.7;    3;   0.0;   7;    3.983;  77;   7.3;   4.0;  914.96;   -4.7;   92.08;   -2.6;   -6.2;   -0.2;eor
       4501;20190205;   10;  18.5;   6.0;    3;   0.5;   8;    0.000;  76;   7.9;   4.0;  915.07;   -5.0;   93.83;   -3.6;   -6.4;   -0.2;eor
       4501;20190206;   10;  13.1;   6.9;    3;   0.0;   0;    5.667;  76;   8.0;   4.3;  913.65;   -3.4;   90.04;   -1.5;   -5.4;   -0.2;eor
       4501;20190207;   10;  14.7;   6.5;    3;   0.6;   8;    0.267;  75;   7.9;   4.0;  904.25;   -4.4;   89.92;   -1.9;   -6.2;   -0.2;eor
       4501;20190208;   10;  22.7;  10.1;    3;   0.8;   8;    0.000;  74;   7.9;   5.6;  904.33;   -0.7;   97.04;    0.2;   -2.0;   -0.2;eor
       4501;20190209;   10;  22.2;   9.8;    3;   0.6;   8;    0.333;  74;   7.6;   5.9;  899.03;    0.1;   95.21;    1.6;   -1.8;   -0.2;eor
       4501;20190210;   10;  25.4;  10.0;    3;  24.0;   8;    0.000;  70;   7.8;   6.4;  891.25;    0.9;   97.63;    3.1;   -0.9;   -0.1;eor
       4501;20190211;   10;  17.8;   6.0;    3;   3.5;   8;    0.033;  73;   7.6;   5.0;  902.49;   -2.1;   94.46;   -0.9;   -3.9;   -0.1;eor
       4501;20190212;   10;  11.3;   4.1;    3;   0.6;   8;    0.067;  74;   7.5;   4.7;  918.33;   -2.8;   93.29;   -1.7;   -4.0;   -0.1;eor
       4501;20190213;   10;  10.5;   4.8;    3;   0.0;   6;    0.100;  72;   7.9;   5.2;  923.26;   -1.6;   95.96;    0.0;   -2.9;   -0.1;eor
       4501;20190214;   10;   9.6;   3.1;    3;   0.0;   0;    5.467;  71;   4.6;   5.5;  924.75;    1.6;   79.54;    7.6;   -2.5;   -0.1;eor
       4501;20190215;   10;   8.8;   3.1;    3;   0.0;   0;   10.000;  69;   0.3;   4.6;  923.36;    5.6;   51.33;   10.7;    2.1;   -0.1;eor
       4501;20190216;   10;  11.9;   6.1;    3;   0.0;   0;    9.967;  67;   0.4;   4.3;  918.42;    5.2;   49.13;    8.8;    2.6;   -0.1;eor
       4501;20190217;   10;  10.0;   5.4;    3;   0.0;   0;    9.000;  65;   7.4;   5.1;  915.23;    5.6;   56.71;    9.8;    3.4;   -0.1;eor
       4501;20190218;   10;  11.3;   5.4;    3;   0.0;   0;    9.717;  64;   1.6;   5.0;  911.07;    5.5;   56.29;    9.3;    3.0;   -0.2;eor
       4501;20190219;   10;  11.1;   5.5;    3;   0.3;   8;    0.000;  62;   7.2;   5.6;  908.69;    0.6;   87.92;    3.3;   -0.7;   -0.1;eor
       4501;20190220;   10;   9.8;   4.7;    3;   0.0;   0;    0.017;  62;   7.7;   5.8;  912.69;    0.2;   93.21;    1.8;   -1.4;   -0.1;eor
       4501;20190221;   10;  12.2;   4.8;    3;   0.4;   6;    0.000;  61;   7.8;   6.5;  915.95;    1.4;   95.71;    3.2;   -0.1;   -0.1;eor
       4501;20190222;   10;  11.9;   3.7;    3;   5.0;   6;    0.000;  59;   7.9;   6.5;  922.60;    1.2;   97.04;    3.6;   -4.7;   -0.1;eor
       4501;20190223;   10;   8.4;   2.7;    3;   0.0;   0;    7.500;  57;   7.4;   2.6;  927.24;   -1.0;   48.33;    3.9;   -5.4;   -0.1;eor
       4501;20190224;   10;   5.6;   2.4;    3;   0.0;   0;   10.367;  57;   3.2;   2.7;  926.90;    4.6;   31.58;   11.0;   -0.1;   -0.2;eor
       4501;20190225;   10;   7.9;   2.2;    3;   0.0;   0;    9.800;  56;   5.6;   5.5;  927.15;    7.3;   54.13;   12.6;    3.5;   -0.2;eor
       4501;20190226;   10;   7.9;   3.2;    3;   0.0;   0;    9.650;  53;   6.1;   2.2;  923.78;    8.8;   20.08;   13.4;    3.9;   -0.2;eor
       4501;20190227;   10;  11.8;   3.7;    3;   0.0;   0;   10.500;  52;   0.5;   4.0;  917.53;    7.5;   39.46;   13.4;    3.3;   -0.2;eor
       4501;20190228;   10;  14.8;   7.1;    3;   4.4;   6;    8.417;  50;   4.0;   5.9;  906.48;    5.4;   66.08;    9.4;    2.8;   -0.1;eor
       4501;20190301;   10;  11.9;   4.0;    3;   4.6;   6;    0.200;  45;   7.8;   7.0;  903.77;    2.5;   95.96;    3.9;    0.1;   -0.1;eor
       4501;20190302;   10;  14.1;   5.0;    3;   1.8;   8;    0.000;  43;   7.9;   6.1;  905.37;    0.2;   97.29;    2.7;   -1.6;   -0.1;eor
       4501;20190303;   10;  19.9;   9.5;    3;   1.2;   8;    0.000;  41;   8.0;   7.4;  900.93;    2.9;   97.71;    3.6;    2.1;   -0.1;eor
       4501;20190304;   10;  28.6;  10.7;    3;  10.1;   8;    0.233;  34;   7.2;   6.4;  890.15;    2.5;   87.75;    5.6;   -0.8;   -0.1;eor
       4501;20190305;   10;  16.5;   6.8;    3;   4.2;   8;    0.000;  38;   7.9;   5.6;  897.24;   -0.8;   97.00;   -0.3;   -1.5;   -0.1;eor
       4501;20190306;   10;  18.9;   6.1;    3;   0.2;   6;    0.500;  39;   8.0;   6.5;  898.43;    2.1;   91.17;    5.0;   -1.1;   -0.1;eor
       4501;20190307;   10;  24.4;  10.7;    3;   1.6;   8;    0.350;  32;   7.2;   6.5;  891.73;    4.0;   80.33;    6.4;    0.9;   -0.1;eor
       4501;20190308;   10;  22.2;   8.2;    3;   4.5;   8;    0.250;  29;   7.4;   6.0;  901.03;    0.6;   93.83;    1.2;    0.0;   -0.1;eor
       4501;20190309;   10;  24.4;   9.4;    3;   4.9;   8;    0.000;  31;   7.4;   6.5;  901.68;    1.2;   96.29;    3.2;   -0.2;   -0.1;eor
       4501;20190310;   10;  27.4;   8.7;    3;  21.1;   8;    0.267;  27;   7.1;   6.5;  897.44;    1.4;   94.46;    5.2;   -2.5;   -0.1;eor
       4501;20190311;   10;  16.8;   6.9;    3;  13.4;   8;    0.000;  32;   7.5;   4.8;  903.87;   -2.7;   94.88;   -2.0;   -3.6;   -0.1;eor
       4501;20190312;   10;  21.4;   7.7;    3;   2.5;   8;    0.850;  42;   7.8;   4.7;  905.90;   -1.3;   84.67;    1.1;   -3.2;   -0.1;eor
       4501;20190313;   10;  24.7;   9.4;    3;  10.1;   8;    0.333;  39;   7.5;   5.2;  896.27;   -0.7;   90.58;    0.5;   -2.2;   -0.1;eor
       4501;20190314;   10;  21.4;   8.3;    3;  14.2;   8;    0.000;  42;   7.8;   5.7;  893.78;   -0.6;   97.46;    0.3;   -1.4;   -0.1;eor
       4501;20190315;   10;  22.0;   7.3;    3;  33.4;   8;    0.000;  48;   7.8;   6.8;  895.59;    1.7;   98.17;    5.2;   -0.2;   -0.1;eor
       4501;20190316;   10;  20.0;   8.1;    3;   4.3;   8;    0.000;  36;   7.7;   7.0;  899.25;    2.0;   98.13;    4.4;    0.2;   -0.1;eor
       4501;20190317;   10;  20.7;   8.3;    3;  10.1;   8;    0.733;  32;   7.8;   6.4;  895.55;    1.3;   94.92;    4.2;   -2.0;   -0.1;eor
       4501;20190318;   10;  13.4;   5.5;    3;   1.3;   8;    1.967;  35;   6.4;   5.0;  905.36;   -1.9;   94.58;    0.0;   -3.0;   -0.2;eor
       4501;20190319;   10;   6.3;   2.1;    3;   0.0;   7;    4.517;  36;   5.0;   4.6;  915.52;   -1.8;   85.46;    1.1;   -4.9;   -0.1;eor
       4501;20190320;   10;   7.0;   2.6;    3;   0.0;   0;   11.500;  34;   2.8;   4.7;  922.07;    1.2;   71.79;    7.0;   -3.8;   -0.1;eor
       4501;20190321;   10;   5.2;   2.2;    3;   0.0;   0;   11.817;  32;   4.3;   6.3;  923.44;    5.7;   69.25;   11.6;    0.7;   -0.1;eor
       4501;20190322;   10;   9.0;   3.1;    3;   0.0;   0;   10.417;  29;   5.6;   7.5;  921.15;    9.5;   64.46;   15.2;    4.6;   -0.1;eor
       4501;20190323;   10;  10.0;   3.8;    3;   0.0;   6;   11.250;  24;   4.7;   7.3;  917.96;    8.0;   69.67;   14.0;    2.8;   -0.1;eor
       4501;20190324;   10;  10.1;   3.4;    3;   0.1;   8;    0.000;  17;   6.9;   7.0;  914.10;    2.3;   96.79;    4.1;   -1.3;   -0.1;eor
       4501;20190325;   10;  13.1;   4.6;    3;   7.2;   8;    1.600;  16;   5.9;   5.1;  908.25;   -1.3;   91.67;    0.3;   -2.8;   -0.1;eor
       4501;20190326;   10;  10.5;   3.5;    3;   2.5;   8;    0.400;  22;   7.5;   5.3;  915.99;   -0.7;   92.04;    0.9;   -1.9;   -0.1;eor
       4501;20190327;   10;  10.2;   2.7;    3;   0.2;   4;    0.783;  22;   7.3;   5.7;  919.96;    1.1;   86.88;    3.7;   -1.6;   -0.1;eor
       4501;20190328;   10;   6.9;   2.5;    3;   0.1;   6;    0.017;  18;   7.9;   7.5;  922.63;    3.4;   96.25;    5.8;    1.7;   -0.1;eor
       4501;20190329;   10;   7.4;   2.4;    3;   0.0;   0;    7.667;  13;   4.1;   7.3;  920.87;    5.9;   79.50;   11.0;    3.1;   -0.1;eor
       4501;20190330;   10;   9.7;   4.5;    3;   0.0;   0;   11.983;   9;   5.1;   6.7;  914.40;    7.3;   66.21;   12.2;    3.2;   -0.2;eor
       4501;20190331;   10;  11.3;   3.6;    3;   0.0;   0;    5.417;   5;   4.8;   6.8;  912.80;    5.4;   76.63;    9.5;    0.2;   -0.8;eor
       4501;20190401;   10;  12.8;   5.3;    3;   0.0;   0;   12.333;   0;   2.9;   5.5;  911.63;    2.7;   73.92;    8.0;   -2.1;   -2.4;eor
       4501;20190402;   10;  13.2;   4.3;    3;   0.0;   6;   10.350;   0;   5.3;   6.2;  902.69;    7.6;   59.38;   12.3;    3.1;    0.2;eor
       4501;20190403;   10;  12.5;   4.0;    3;   2.7;   8;    2.367;   0;   7.3;   7.8;  895.46;    6.2;   82.63;   10.8;    1.3;    0.8;eor
       4501;20190404;   10;   9.3;   3.2;    3;   0.0;   6;    2.433;   0;   7.6;   7.4;  891.10;    3.4;   94.71;    5.7;    0.9;    0.0;eor
       4501;20190405;   10;  10.9;   2.9;    3;   0.0;   0;    0.017;   0;   7.9;   7.9;  896.48;    3.9;   97.42;    5.6;    2.0;    2.2;eor
       4501;20190406;   10;  11.5;   4.0;    3;   0.0;   0;    9.583;   0;   3.6;   8.5;  898.32;    8.3;   78.50;   13.4;    3.5;    1.7;eor
       4501;20190407;   10;  12.7;   4.5;    3;   0.0;   0;    9.017;   0;   4.3;   7.6;  898.95;    7.6;   73.13;   12.1;    3.4;    1.8;eor
       4501;20190408;   10;   9.6;   3.3;    3;   0.0;   6;    5.233;   0;   7.5;   8.0;  901.95;    8.5;   72.83;   11.7;    5.3;    3.1;eor
       4501;20190409;   10;  10.8;   4.7;    3;   0.0;   0;    6.267;   0;   7.6;   7.1;  903.14;    4.7;   83.46;    7.8;    2.1;    2.1;eor
       4501;20190410;   10;  13.8;   6.6;    3;   0.0;   0;   11.683;   0;   6.0;   4.7;  904.41;    1.0;   71.96;    5.1;   -2.4;   -3.4;eor
       4501;20190411;   10;  16.5;   6.7;    3;   0.0;   8;   12.667;   0;   1.9;   3.6;  909.28;   -1.7;   67.42;    2.0;   -4.3;   -5.1;eor
       4501;20190412;   10;   9.4;   3.6;    3;   0.7;   8;    0.000;   0;   7.1;   3.8;  910.98;   -4.0;   84.42;   -2.8;   -4.7;   -5.6;eor
       4501;20190413;   10;   9.8;   3.9;    3;   0.0;   8;    4.383;   1;   7.0;   4.3;  909.75;   -3.2;   89.79;   -0.2;   -5.0;   -5.1;eor
       4501;20190414;   10;  11.4;   5.4;    3;   1.7;   8;    0.067;   0;   7.8;   4.8;  911.04;   -2.6;   95.46;    0.0;   -4.6;   -5.0;eor
       4501;20190415;   10;  10.5;   5.1;    3;   0.0;   0;   11.950;   0;   2.5;   5.5;  914.00;    2.8;   76.38;    8.1;   -0.9;   -1.4;eor
       4501;20190416;   10;  10.2;   3.5;    3;   0.0;   0;   11.083;   0;   2.7;   4.7;  910.72;    7.1;   46.54;   12.1;    1.4;   -1.4;eor
       4501;20190417;   10;   9.9;   3.5;    3;   0.0;   0;   12.850;   0;   3.3;   5.1;  914.81;    9.1;   45.25;   14.2;    5.4;    1.0;eor
       4501;20190418;   10;  12.2;   4.9;    3;   0.0;   0;   13.350;   0;   1.8;   6.0;  918.01;    9.7;   51.54;   14.6;    5.3;    3.0;eor
       4501;20190419;   10;  11.2;   4.3;    3;   0.0;   0;   13.450;   0;   0.0;   6.3;  921.00;   11.6;   47.67;   17.4;    6.3;    3.1;eor
       4501;20190420;   10;   8.9;   3.4;    3;   0.0;   0;   13.500;   0;   0.2;   5.9;  920.34;   12.1;   42.25;   17.0;    7.8;    3.7;eor
       4501;20190421;   10;   8.1;   3.9;    3;   0.0;   0;   13.500;   0;   0.5;   6.1;  913.56;   12.1;   44.17;   17.5;    7.6;    4.7;eor
       4501;20190422;   10;  13.9;   5.0;    3;   0.0;   0;   13.383;   0;   3.2;   5.8;  905.13;   10.5;   46.29;   16.2;    5.3;    3.9;eor
       4501;20190423;   10;  13.0;   5.4;    3;   0.0;   6;   11.217;   0;   4.6;   7.8;  896.52;    9.8;   64.88;   15.7;    3.8;    2.8;eor
       4501;20190424;   10;  19.1;   4.6;    3;   0.0;   6;   11.000;   0;   6.3;   8.4;  898.30;   13.7;   55.92;   20.7;    5.3;    4.3;eor
       4501;20190425;   10;  11.4;   4.0;    3;   0.0;   0;   11.917;   0;   4.6;   6.9;  903.37;   13.4;   48.21;   20.3;    4.8;    1.8;eor
       4501;20190426;   10;   9.9;   3.7;    3;   8.2;   6;    3.433;   0;   7.2;   8.2;  904.20;    6.7;   84.83;   12.7;    2.9;    3.1;eor
       4501;20190427;   10;  15.2;   5.4;    3;  10.1;   8;    1.200;   0;   7.6;   7.9;  905.58;    4.1;   96.00;    8.7;    1.1;    1.2;eor
       4501;20190428;   10;   9.0;   3.2;    3;   1.5;   8;    3.850;   0;   7.1;   6.7;  909.03;    2.8;   90.00;    7.7;    0.8;    0.4;eor
       4501;20190429;   10;  14.1;   4.2;    3;   8.6;   6;    0.000;   0;   7.8;   7.4;  910.43;    3.6;   93.54;    5.1;    2.1;    0.4;eor
       4501;20190430;   10;  11.2;   4.2;    3;   0.0;   0;   12.700;   0;   3.4;   6.7;  909.52;    5.7;   75.29;   10.9;    0.4;    0.2;eor
       4501;20190501;   10;   6.5;   2.6;    3;   0.0;   6;    2.217;-999;   6.3;   8.5;  907.24;    8.7;   76.21;   13.3;    5.2;    2.8;eor
       4501;20190502;   10;  10.8;   4.4;    3;   0.0;   6;    8.783;-999;   6.5;   7.8;  901.19;    7.8;   75.13;   11.7;    4.7;    3.2;eor
       4501;20190503;   10;   9.2;   3.1;    3;   5.1;   8;    1.200;   0;   7.8;   6.0;  900.91;    3.3;   77.38;    5.4;    1.1;   -0.8;eor
       4501;20190504;   10;  11.3;   3.5;    3;   9.0;   8;    3.550;   2;   7.4;   5.2;  898.37;   -0.6;   88.46;    1.5;   -2.9;   -3.3;eor
       4501;20190505;   10;   8.0;   2.5;    3;   0.1;   7;    6.550;   4;   5.7;   4.6;  906.49;    0.1;   75.21;    3.7;   -2.7;   -3.2;eor
       4501;20190506;   10;   9.6;   3.4;    3;   0.0;   8;    2.933;   0;   6.5;   4.9;  908.90;    1.0;   74.92;    3.5;   -0.8;   -2.0;eor
       4501;20190507;   10;   8.9;   3.2;    3;   0.1;   8;    1.017;   0;   7.6;   5.6;  907.82;    2.4;   77.63;    5.5;   -0.3;   -0.9;eor
       4501;20190508;   10;  22.5;   6.3;    3;   8.3;   6;    1.967;   0;   7.6;   7.5;  897.68;    5.2;   83.83;    6.8;    2.4;   -0.1;eor
       4501;20190509;   10;  17.6;   6.1;    3;   3.8;   6;    0.933;   0;   7.9;   8.5;  893.77;    5.2;   96.04;    8.2;    3.9;    4.0;eor
       4501;20190510;   10;  15.8;   4.2;    3;   6.7;   6;    3.067;   0;   7.4;   8.6;  901.53;    5.7;   94.33;    9.6;    4.1;    3.0;eor
       4501;20190511;   10;  15.3;   3.9;    3;  24.9;   8;    0.000;   0;   7.8;   8.1;  903.61;    4.2;   97.46;    5.6;    0.8;    0.6;eor
       4501;20190512;   10;  12.2;   4.2;    3;   0.0;   0;    8.567;   0;   5.2;   6.0;  918.15;    3.3;   79.13;    7.7;    0.3;    0.0;eor
       4501;20190513;   10;  11.6;   3.2;    3;   0.0;   0;   13.933;   0;   0.8;   4.9;  924.03;    4.0;   61.96;    8.5;   -0.5;   -2.1;eor
       4501;20190514;   10;  12.5;   3.4;    3;   0.2;   8;    5.733;   0;   5.5;   5.2;  919.65;    2.8;   70.54;    6.6;   -0.4;   -2.3;eor
       4501;20190515;   10;  14.5;   5.0;    3;   0.1;   8;    3.967;   0;   5.4;   4.8;  913.59;    1.2;   72.21;    3.4;   -2.9;   -3.8;eor
       4501;20190516;   10;  11.7;   3.4;    3;   1.1;   6;    0.000;   0;   8.0;   6.6;  906.06;    2.0;   92.63;    2.9;    0.4;    0.3;eor
       4501;20190517;   10;   6.9;   3.0;    3;   0.0;   0;    5.550;-999;   5.5;   8.5;  901.39;    6.8;   86.38;   12.4;    2.8;    2.9;eor
       4501;20190518;   10;   8.3;   2.6;    3;   6.7;   6;    7.700;-999;   5.4;   9.7;  899.89;   10.6;   76.83;   16.1;    5.7;    2.3;eor
       4501;20190519;   10;   9.6;   3.4;    3;  26.4;   6;    6.267;-999;   6.9;  10.9;  898.79;   10.8;   84.33;   16.9;    8.3;    6.5;eor
       4501;20190520;   10;  10.3;   3.3;    3;  42.6;   6;    2.483;-999;   7.9;  11.8;  896.91;   11.3;   88.38;   16.4;    8.7;    7.4;eor
       4501;20190521;   10;  11.7;   3.5;    3;   5.0;   6;    1.033;-999;   7.8;  12.0;  899.97;    9.9;   97.88;   13.3;    8.3;    8.4;eor
       4501;20190522;   10;  10.8;   3.4;    3;   0.0;   6;    1.283;-999;   6.2;   9.7;  908.65;    7.1;   95.71;    8.4;    5.4;    3.3;eor
       4501;20190523;   10;   7.9;   1.9;    3;   0.0;   0;    9.433;-999;   7.6;   8.8;  911.00;    9.7;   74.92;   15.4;    4.3;    1.4;eor
       4501;20190524;   10;   8.4;   2.6;    3;   0.0;   0;   10.917;-999;   7.3;   9.1;  908.36;   12.6;   63.83;   16.9;    7.7;    4.5;eor
       4501;20190525;   10;   7.9;   2.4;    3;   0.0;   0;    8.717;-999;   5.4;  10.3;  908.19;   11.4;   76.71;   14.7;    6.1;    4.3;eor
       4501;20190526;   10;  13.8;   4.6;    3;   0.0;   0;    8.667;-999;   5.9;   9.2;  907.36;   11.1;   70.92;   15.5;    6.1;    3.4;eor
       4501;20190527;   10;  14.0;   4.6;    3;   9.0;   6;    2.950;-999;   7.6;  11.2;  902.60;   10.3;   89.33;   12.9;    8.4;    7.6;eor
       4501;20190528;   10;   6.8;   2.6;    3;   6.2;   6;    0.917;-999;   7.8;   9.6;  901.06;    7.7;   91.17;   11.4;    5.4;    4.6;eor
       4501;20190529;   10;  10.0;   3.0;    3;   0.0;   6;    4.967;-999;   5.4;   7.8;  911.74;    5.9;   85.08;   10.5;    3.2;    1.5;eor
       4501;20190530;   10;  12.7;   5.1;    3;   0.0;   0;    9.400;-999;   5.0;   8.7;  916.58;    9.9;   71.42;   14.6;    4.4;    1.7;eor
       4501;20190531;   10;   8.2;   3.5;    3;   0.0;   0;    4.217;-999;   7.5;  12.4;  917.45;   13.3;   81.63;   17.7;   10.0;    8.5;eor
       4501;20190601;   10;   8.9;   2.9;    3;   0.0;   0;   12.050;-999;   6.3;  12.8;  916.00;   16.1;   71.38;   21.1;   11.1;    8.1;eor
       4501;20190602;   10;  11.2;   3.9;    3;   0.0;   0;   14.617;-999;   2.3;  12.3;  912.47;   19.3;   56.21;   24.2;   14.1;    9.9;eor
       4501;20190603;   10;  16.7;   5.2;    3;   0.0;   0;   10.783;-999;   3.3;  11.9;  909.66;   18.8;   55.92;   25.2;   13.8;   12.5;eor
       4501;20190604;   10;  11.2;   3.6;    3;   0.0;   0;   13.867;-999;   3.1;  12.6;  907.35;   18.7;   60.75;   24.0;   11.8;    9.7;eor
       4501;20190605;   10;  12.4;   4.3;    3;   1.9;   6;   10.767;-999;   4.1;  12.9;  903.88;   21.2;   51.71;   26.8;   17.9;   14.9;eor
       4501;20190606;   10;  13.7;   4.3;    3;   2.8;   6;    2.267;-999;   6.2;  11.9;  904.95;   12.1;   85.25;   18.4;    5.7;    4.3;eor
       4501;20190607;   10;  18.7;   4.0;    3;   5.9;   8;    9.933;-999;   3.6;  11.7;  906.97;   12.9;   80.13;   21.2;    5.8;    4.2;eor
       4501;20190608;   10;  21.4;   8.9;    3;   0.0;   0;    8.700;-999;   4.4;   8.5;  913.17;    9.4;   73.29;   13.4;    7.0;    5.4;eor
       4501;20190609;   10;   7.9;   2.8;    3;   0.0;   6;    9.617;-999;   7.0;   9.7;  915.13;   13.6;   62.75;   18.9;    6.8;    3.3;eor
       4501;20190610;   10;   9.4;   3.5;    3;   7.2;   6;    5.133;-999;   7.8;  13.1;  907.79;   14.5;   80.75;   20.4;   11.6;   10.8;eor
       4501;20190611;   10;  12.2;   3.4;    3;   0.2;   6;    3.500;-999;   7.5;  14.1;  904.69;   13.6;   89.96;   16.3;   10.7;   10.0;eor
       4501;20190612;   10;  13.2;   5.2;    3;   1.0;   6;    1.917;-999;   7.5;  14.1;  904.20;   12.9;   94.33;   20.6;    9.6;    9.3;eor
       4501;20190613;   10;  10.3;   4.4;    3;   0.0;   0;    9.417;-999;   4.3;  11.4;  908.92;   13.5;   75.25;   18.7;    9.1;    8.2;eor
       4501;20190614;   10;  12.0;   3.7;    3;   0.0;   6;    7.483;-999;   4.8;  11.3;  910.82;   18.2;   54.21;   22.7;   11.4;    7.9;eor
       4501;20190615;   10;  19.3;   5.5;    3;   0.0;   0;    9.567;-999;   5.3;  13.7;  907.54;   17.3;   69.33;   19.6;   12.2;   10.6;eor
       4501;20190616;   10;   6.0;   2.1;    3;   3.0;   6;    0.000;-999;   7.7;  12.7;  913.81;   12.4;   88.08;   14.7;   10.6;    8.7;eor
       4501;20190617;   10;   8.5;   2.7;    3;   0.0;   0;   10.283;-999;   3.1;  12.1;  914.47;   15.2;   71.25;   20.1;    9.2;    7.7;eor
       4501;20190618;   10;   8.1;   2.6;    3;   0.0;   0;   10.950;-999;   4.8;  12.7;  910.60;   18.7;   59.54;   23.6;   14.1;   11.3;eor
       4501;20190619;   10;  12.5;   3.6;    3;   2.7;   6;   13.800;-999;   4.4;  12.5;  906.22;   20.9;   51.38;   25.4;   16.5;   13.2;eor
       4501;20190620;   10;  19.8;   4.5;    3;   2.4;   6;    1.800;-999;   6.8;  14.2;  906.96;   14.8;   85.04;   19.0;   11.2;   10.0;eor
       4501;20190621;   10;   7.8;   2.4;    3;   0.0;   0;    5.017;-999;   5.0;  12.8;  911.54;   14.0;   80.83;   18.9;   11.1;    9.6;eor
       4501;20190622;   10;  12.0;   4.9;    3;   0.7;   6;    7.900;-999;   4.9;  13.0;  913.22;   14.4;   79.33;   19.2;   10.6;    9.3;eor
       4501;20190623;   10;  13.3;   5.0;    3;   0.0;   0;   14.000;-999;   4.5;  12.6;  914.15;   17.1;   65.33;   22.3;   12.1;   11.4;eor
       4501;20190624;   10;   8.1;   3.0;    3;   0.0;   0;   14.200;-999;   4.8;  13.2;  916.38;   19.7;   58.54;   24.8;   14.6;   11.8;eor
       4501;20190625;   10;   9.5;   3.6;    3;   0.0;   0;   15.017;-999;   5.7;  13.9;  916.47;   22.8;   51.50;   28.7;   17.2;   14.6;eor
       4501;20190626;   10;   8.9;   3.4;    3;   0.0;   0;   15.033;-999;   0.6;  17.7;  918.20;   24.8;   58.00;   30.3;   18.4;   16.9;eor
       4501;20190627;   10;   9.1;   3.5;    3;   0.0;   0;   15.167;-999;   0.0;  11.3;  918.03;   17.5;   58.88;   22.4;   10.7;    9.7;eor
       4501;20190628;   10;   8.7;   3.3;    3;   0.0;   0;   13.500;-999;   2.1;  10.0;  916.92;   14.3;   64.13;   20.5;    8.5;    8.6;eor
       4501;20190629;   10;   9.9;   2.9;    3;   0.0;   0;   15.183;-999;   0.0;   9.3;  915.09;   20.6;   40.96;   27.7;   11.7;    9.4;eor
       4501;20190630;   10;  13.7;   5.9;    3;   0.0;   6;   15.067;-999;   0.3;  12.3;  911.32;   24.1;   41.42;   30.2;   18.2;   15.9;eor
       4501;20190701;   10;  11.9;   3.7;    3;   0.0;   6;    7.217;-999;   5.7;  13.6;  910.91;   19.1;   61.46;   22.5;   12.5;   11.4;eor
       4501;20190702;   10;   8.0;   2.9;    3;   0.0;   0;    9.317;-999;   2.8;   9.2;  913.75;   12.5;   64.13;   17.0;    8.3;    6.1;eor
       4501;20190703;   10;   7.6;   2.9;    3;   0.0;   0;   11.683;-999;   1.5;   8.1;  915.25;   11.3;   61.33;   16.1;    6.5;    4.8;eor
       4501;20190704;   10;   7.1;   2.8;    3;   0.0;   0;   14.467;-999;   3.1;   8.1;  914.87;   12.9;   56.50;   19.3;    6.3;    5.1;eor
       4501;20190705;   10;  11.4;   3.9;    3;   0.0;   0;    8.567;-999;   5.5;   9.4;  910.48;   15.6;   53.25;   20.9;   12.1;   10.6;eor
       4501;20190706;   10;  14.2;   4.7;    3;   0.3;   6;    7.817;-999;   7.3;  10.5;  905.45;   17.1;   55.67;   23.7;   12.0;   10.4;eor
       4501;20190707;   10;  12.1;   2.7;    3;   0.0;   0;    4.433;-999;   7.0;   9.2;  905.90;   10.9;   71.29;   14.9;    7.3;    5.9;eor
       4501;20190708;   10;  10.5;   2.8;    3;   0.0;   6;    2.850;-999;   7.0;   8.0;  909.65;    8.6;   72.75;   10.9;    5.5;    4.3;eor
       4501;20190709;   10;   6.8;   2.3;    3;   0.0;   6;    0.783;-999;   6.5;   8.2;  910.95;    8.1;   76.46;   11.4;    6.0;    5.0;eor
       4501;20190710;   10;   7.3;   2.3;    3;   2.5;   6;    6.583;-999;   5.6;   8.7;  911.21;   11.4;   67.00;   17.3;    5.8;    3.9;eor
       4501;20190711;   10;   8.4;   3.1;    3;   8.7;   6;    1.217;-999;   7.8;  12.2;  907.73;   11.4;   90.46;   14.5;    8.9;    8.6;eor
       4501;20190712;   10;  12.5;   3.7;    3;  21.2;   8;    1.200;-999;   7.8;  13.1;  905.63;   11.8;   94.46;   15.4;    9.5;    7.6;eor
       4501;20190713;   10;   8.8;   3.1;    3;   4.1;   6;    0.000;-999;   7.7;  12.3;  908.20;   10.7;   95.71;   11.8;    9.7;    9.4;eor
       4501;20190714;   10;   8.0;   2.9;    3;   0.0;   6;    4.783;-999;   6.7;  11.1;  910.08;   10.4;   88.13;   14.1;    8.6;    8.9;eor
       4501;20190715;   10;   7.7;   2.2;    3;   0.0;   0;    3.650;-999;   7.7;  11.3;  910.22;   10.8;   87.38;   14.8;    7.2;    6.5;eor
       4501;20190716;   10;   8.0;   2.7;    3;   0.0;   0;    4.917;-999;   6.2;  11.0;  909.85;   10.4;   86.96;   16.6;    7.1;    6.1;eor
       4501;20190717;   10;   5.9;   2.2;    3;   0.0;   0;    4.450;-999;   5.1;  11.9;  908.23;   12.0;   85.46;   16.9;    8.2;    7.1;eor
       4501;20190718;   10;  11.4;   3.3;    3;   0.7;   6;    9.583;-999;   5.8;  11.1;  907.11;   15.7;   63.29;   20.3;   10.3;    6.8;eor
       4501;20190719;   10;  10.8;   4.1;    3;   2.7;   6;    1.383;-999;   7.8;  14.2;  909.14;   14.1;   88.08;   16.8;   12.4;   11.4;eor
       4501;20190720;   10;  13.6;   4.8;    3;   0.5;   8;    9.950;-999;   7.6;  14.5;  909.32;   18.2;   71.67;   24.2;   12.7;   10.7;eor
       4501;20190721;   10;  13.2;   4.1;    3;   0.0;   0;   10.700;-999;   6.1;  12.7;  914.10;   16.9;   67.21;   21.5;   13.2;   11.0;eor
       4501;20190722;   10;   8.5;   2.6;    3;   0.0;   6;    9.367;-999;   7.0;  12.4;  917.67;   17.5;   63.00;   21.9;   12.7;    9.9;eor
       4501;20190723;   10;   7.6;   2.7;    3;   0.0;   0;   13.950;-999;   3.2;  13.1;  916.63;   21.7;   51.63;   27.2;   15.7;   13.2;eor
       4501;20190724;   10;   7.6;   2.8;    3;   0.0;   0;   13.383;-999;   1.8;  12.7;  913.62;   24.8;   41.17;   30.8;   19.5;   15.8;eor
       4501;20190725;   10;   9.8;   3.4;    3;   0.0;   0;   14.483;-999;   1.5;  11.2;  913.15;   26.3;   33.42;   31.6;   21.7;   18.3;eor
       4501;20190726;   10;  12.1;   4.5;    3;   0.0;   0;   13.417;-999;   3.9;  11.6;  907.80;   23.6;   40.38;   28.4;   18.0;   16.7;eor
       4501;20190727;   10;  10.2;   4.1;    3;   0.0;   6;    8.633;-999;   6.0;  12.1;  900.08;   19.9;   52.29;   25.5;   16.6;   14.9;eor
       4501;20190728;   10;   7.7;   2.5;    3;   4.0;   6;    2.083;-999;   7.9;  14.8;  898.15;   18.2;   71.29;   23.4;   15.6;   14.6;eor
       4501;20190729;   10;   8.9;   2.6;    3;   0.1;   6;    0.367;-999;   7.4;  17.1;  905.13;   16.0;   94.08;   18.4;   14.1;   12.9;eor
       4501;20190730;   10;   8.1;   2.4;    3;   0.0;   6;    4.650;-999;   4.4;  15.1;  907.98;   17.9;   75.08;   23.1;   14.2;   12.7;eor
       4501;20190731;   10;  10.4;   3.4;    3;   3.4;   6;    5.250;-999;   4.8;  12.8;  910.30;   15.5;   72.25;   19.7;   12.8;    9.9;eor
       4501;20190801;    3;   8.6;   2.8;    3;   0.0;   0;    9.817;-999;   4.6;  10.7;  911.28;   15.1;   63.46;   19.4;   10.8;    8.5;eor
       4501;20190802;    3;  12.8;   2.1;    3;   9.4;   8;    2.600;-999;   7.5;  12.0;  909.17;   14.4;   73.42;   20.6;   11.2;   11.0;eor
       4501;20190803;    3;   9.6;   2.4;    3;   1.8;   6;    3.383;-999;   6.9;  12.9;  909.29;   13.3;   84.67;   18.1;   10.9;   10.5;eor
       4501;20190804;    3;   8.9;   2.8;    3;   0.0;   0;   11.300;-999;   4.8;  12.5;  910.51;   15.9;   70.96;   21.2;   10.6;    9.2;eor
       4501;20190805;    3;  13.1;   4.3;    3;   0.3;   6;    2.433;-999;   8.0;  13.8;  907.65;   16.7;   72.71;   19.5;   14.1;   11.7;eor
       4501;20190806;    3;  14.4;   5.2;    3;   0.1;   6;    5.650;-999;   6.1;  14.6;  906.30;   15.7;   81.88;   18.3;   13.7;   11.1;eor
       4501;20190807;    3;  10.2;   4.7;    3;  16.0;   6;    0.083;-999;   7.9;  15.4;  903.77;   13.8;   97.50;   14.7;   12.6;   12.7;eor
       4501;20190808;    3;  14.4;   4.7;    3;   0.0;   0;    4.700;-999;   7.0;  13.1;  907.16;   14.3;   81.67;   19.4;   11.8;   10.6;eor
       4501;20190809;    3;  11.3;   3.8;    3;  11.3;   6;    6.633;-999;   6.2;  14.3;  907.20;   18.0;   70.21;   23.0;   13.1;   10.0;eor
       4501;20190810;    3;  19.5;   7.5;    3;   0.0;   0;    3.633;-999;   6.3;  15.0;  908.25;   16.2;   81.17;   18.4;   13.0;   11.1;eor
       4501;20190811;    3;  14.2;   4.5;    3;   0.0;   6;    9.567;-999;   5.8;  11.6;  910.19;   16.1;   64.21;   21.7;   12.2;    9.9;eor
       4501;20190812;    3;  10.8;   3.8;    3;   3.1;   6;    5.200;-999;   7.8;  11.0;  909.65;   12.9;   74.96;   16.5;    9.3;    8.8;eor
       4501;20190813;    3;  12.2;   4.5;    3;   0.0;   6;    3.367;-999;   7.7;  10.2;  910.34;   10.3;   82.25;   14.0;    8.6;    6.9;eor
       4501;20190814;    3;  10.8;   3.5;    3;   0.1;   6;   10.417;-999;   3.3;   8.1;  911.03;   11.1;   63.17;   15.6;    7.1;    6.1;eor
       4501;20190815;    3;  14.0;   5.6;    3;   9.4;   6;    0.650;-999;   7.5;  11.7;  907.39;   11.2;   87.58;   12.7;   10.1;    8.5;eor
       4501;20190816;    3;  10.5;   4.4;    3;   0.0;   6;    6.550;-999;   7.2;  11.4;  910.25;   12.5;   80.33;   16.5;    9.5;    9.4;eor
       4501;20190817;    3;  18.7;   7.7;    3;   3.9;   6;    0.150;-999;   7.7;  12.5;  906.45;   13.4;   81.21;   15.2;   11.9;   10.8;eor
       4501;20190818;    3;  19.7;   7.4;    3;  10.9;   8;    2.083;-999;   7.5;  15.9;  904.14;   15.3;   91.63;   22.0;   12.4;   12.5;eor
       4501;20190819;    3;  14.2;   3.9;    3;   0.0;   0;    7.750;-999;   6.8;  12.2;  910.64;   13.9;   78.25;   17.9;   11.1;    9.1;eor
       4501;20190820;    3;   7.1;   2.1;    3;   1.0;   6;    0.667;-999;   7.9;  11.0;  915.67;   12.5;   75.96;   15.1;    8.9;    6.8;eor
       4501;20190821;    3;   6.1;   2.1;    3;   0.0;   0;    6.983;-999;   4.6;   9.3;  920.24;   12.2;   66.63;   16.5;    8.6;    5.9;eor
       4501;20190822;    3;   7.7;   2.5;    3;   0.0;   0;   13.433;-999;   1.0;   9.2;  919.63;   15.3;   53.96;   20.6;   10.9;    7.5;eor
       4501;20190823;    3;   7.9;   2.9;    3;   0.0;   0;   13.417;-999;   0.0;   9.6;  919.05;   17.3;   50.17;   22.6;   12.2;    8.6;eor
       4501;20190824;    3;   9.3;   3.9;    3;   0.0;   0;   11.383;-999;   1.0;  13.8;  916.17;   18.1;   66.42;   22.6;   13.6;   10.8;eor
       4501;20190825;    3;   8.5;   2.5;    3;   0.0;   0;    8.417;-999;   3.1;  16.4;  914.60;   20.1;   70.33;   25.1;   16.2;   14.2;eor
       4501;20190826;    3;  10.4;   2.5;    3;   3.6;   6;    7.633;-999;   4.3;  15.9;  914.30;   20.1;   67.50;   23.3;   17.2;   14.3;eor
       4501;20190827;    3;   7.1;   2.3;    3;   0.4;   6;    4.867;-999;   4.9;  15.6;  912.85;   19.9;   67.00;   23.8;   17.4;   14.4;eor
       4501;20190828;    3;  12.6;   3.4;    3;   0.0;   0;    9.967;-999;   7.2;  15.0;  911.73;   21.2;   60.42;   25.4;   17.8;   15.3;eor
       4501;20190829;    3;  12.4;   2.5;    3;   5.3;   6;    7.100;-999;   6.3;  14.5;  913.76;   19.6;   64.96;   24.8;   14.9;   13.7;eor
       4501;20190830;    3;   8.6;   2.9;    3;   0.0;   0;    8.500;-999;   3.2;  16.1;  916.36;   18.9;   74.38;   23.8;   14.5;   13.2;eor
       4501;20190831;    3;  10.9;   3.3;    3;   0.0;   0;   12.017;-999;   0.5;  14.1;  911.23;   21.9;   54.58;   26.3;   18.3;   15.3;eor
       4501;20190901;    3;   9.9;   4.1;    3;   0.0;   0;    4.600;-999;   6.8;  13.5;  907.87;   16.1;   73.00;   20.2;    9.5;    8.4;eor
       4501;20190902;    3;   8.5;   2.4;    3;   0.0;   0;    7.250;-999;   2.2;   7.8;  914.48;   10.5;   62.71;   14.4;    8.1;    5.0;eor
       4501;20190903;    3;  13.1;   4.4;    3;   0.0;   0;   10.900;-999;   3.4;   7.9;  916.21;   12.1;   56.92;   17.7;    7.5;    4.7;eor
       4501;20190904;    3;  15.3;   5.3;    3;   0.8;   6;   12.583;-999;   2.9;   9.0;  910.42;   14.5;   55.58;   19.8;    9.0;    6.6;eor
       4501;20190905;    3;  11.5;   3.8;    3;   0.0;   0;    4.500;-999;   6.9;   9.3;  910.97;   10.6;   73.54;   13.7;    6.3;    5.0;eor
       4501;20190906;    3;   7.6;   2.8;    3;   0.0;   0;   12.283;-999;   3.3;   7.2;  914.80;    9.4;   63.33;   15.0;    4.3;    2.8;eor
       4501;20190907;    3;   8.9;   2.4;    3;   0.0;   6;    2.100;-999;   6.5;   8.0;  910.86;    9.4;   68.83;   13.7;    6.6;    4.3;eor
       4501;20190908;    3;   7.8;   2.6;    3;   5.2;   6;    0.117;-999;   7.8;   9.1;  909.36;    8.8;   80.83;   11.3;    6.2;    4.6;eor
       4501;20190909;    3;   8.2;   2.9;    3;   4.8;   6;    0.500;-999;   7.8;   9.7;  906.25;    7.9;   90.42;   10.0;    6.5;    5.5;eor
       4501;20190910;    3;   9.5;   2.9;    3;   0.0;   0;    7.450;-999;   3.4;   8.7;  910.37;    8.6;   78.25;   13.6;    5.3;    3.3;eor
       4501;20190911;    3;  14.5;   4.7;    3;   2.1;   6;   10.367;-999;   3.3;   8.1;  915.41;   11.2;   61.83;   15.9;    6.6;    3.6;eor
       4501;20190912;    3;  10.5;   4.9;    3;   0.8;   6;    1.400;-999;   6.5;  12.2;  920.62;   11.5;   89.63;   15.4;    9.1;    9.2;eor
       4501;20190913;    3;  10.4;   4.1;    3;   0.4;   6;    1.217;-999;   7.6;  13.0;  923.18;   12.2;   90.67;   16.1;    8.8;    7.6;eor
       4501;20190914;    3;   8.3;   3.3;    3;   0.0;   0;   10.667;-999;   2.8;   9.3;  923.15;   10.6;   73.58;   16.2;    5.9;    4.7;eor
       4501;20190915;    3;  12.3;   5.4;    3;   0.0;   0;   11.567;-999;   5.0;   9.9;  916.18;   14.5;   62.00;   20.4;   10.1;    7.8;eor
       4501;20190916;    3;   9.4;   3.2;    3;   1.7;   6;    0.017;-999;   7.7;  10.8;  912.16;   11.8;   77.83;   14.2;    8.0;    8.0;eor
       4501;20190917;    3;  12.7;   3.9;    3;   0.0;   6;    4.017;-999;   7.3;   8.1;  910.84;    7.5;   78.63;   11.3;    3.6;    2.5;eor
       4501;20190918;    3;   9.7;   3.0;    3;   0.0;   0;    5.683;-999;   5.4;   6.7;  915.39;    6.0;   72.58;   10.1;    3.3;    2.2;eor
       4501;20190919;    3;   7.8;   2.4;    3;   0.0;   0;    3.950;-999;   6.8;   6.3;  918.91;    5.0;   72.42;    8.4;    2.2;    0.5;eor
       4501;20190920;    3;   5.7;   2.3;    3;   0.0;   0;   11.850;-999;   4.4;   6.1;  919.04;    7.2;   61.83;   12.1;    3.0;    0.7;eor
       4501;20190921;    3;   7.8;   3.0;    3;   0.0;   0;   11.883;-999;   0.0;   7.1;  914.09;   12.1;   51.88;   19.6;    6.1;    2.1;eor
       4501;20190922;    3;   7.4;   2.9;    3;   0.0;   0;   11.550;-999;   3.9;   7.7;  906.73;   15.8;   44.29;   21.9;   11.5;    7.1;eor
       4501;20190923;    3;   7.4;   2.7;    3;   0.9;   6;    1.317;-999;   7.9;  11.0;  907.46;   11.4;   81.17;   13.5;    9.9;    8.8;eor
       4501;20190924;    3;  14.0;   3.7;    3;   6.6;   6;    3.617;-999;   7.5;  11.0;  905.99;   10.6;   86.17;   13.4;    9.0;    7.6;eor
       4501;20190925;    3;  14.5;   5.8;    3;  19.5;   6;    0.033;-999;   7.8;  11.1;  901.20;    9.4;   93.75;   10.3;    8.5;    8.6;eor
       4501;20190926;    3;  15.5;   6.7;    3;  19.4;   6;    0.000;-999;   7.9;  11.9;  905.11;   10.3;   94.00;   12.1;    8.5;    8.6;eor
       4501;20190927;    3;  16.3;   7.3;    3;  21.2;   6;    0.000;-999;   8.0;  11.8;  904.63;   10.2;   94.08;   11.5;    8.4;    8.5;eor
       4501;20190928;    3;  17.5;   7.2;    3;   5.4;   6;    0.033;-999;   7.9;  10.7;  906.41;    8.9;   93.96;    9.6;    7.9;    8.0;eor
       4501;20190929;    3;  22.9;  10.6;    3;  20.2;   6;    0.567;-999;   7.4;  10.4;  899.60;    9.2;   89.21;   11.4;    7.4;    7.5;eor
       4501;20190930;    3;  21.9;   7.8;    3;   4.4;   6;    0.000;-999;   7.0;   9.9;  900.53;    8.0;   91.96;   11.3;    6.5;    5.4;eor
       4501;20191001;    3;  18.0;   8.5;    3;  47.8;   6;    0.100;   0;   8.0;  11.1;  898.36;    9.0;   95.50;   11.5;    6.8;    6.9;eor
       4501;20191002;    3;  16.6;   5.0;    3;   7.6;   6;    1.350;   0;   6.8;   8.6;  899.44;    5.7;   92.08;   10.3;    2.0;    1.3;eor
       4501;20191003;    3;  13.7;   4.9;    3;   4.5;   6;    0.000;   0;   7.8;   7.7;  906.90;    4.1;   94.04;    5.4;    2.0;    2.3;eor
       4501;20191004;    3;  14.5;   5.2;    3;  29.8;   6;    0.000;   0;   7.8;   7.9;  900.56;    4.5;   93.83;    6.4;    3.1;    3.3;eor
       4501;20191005;    3;  15.7;   4.5;    3;   1.5;   6;    0.000;   0;   7.8;   7.4;  904.05;    3.4;   93.83;    6.4;    0.9;    0.1;eor
       4501;20191006;    3;  12.0;   4.0;    3;   3.2;   6;    0.700;   0;   7.6;   6.5;  907.52;    2.4;   90.00;    5.0;    0.5;   -0.3;eor
       4501;20191007;    3;  14.6;   4.1;    3;   0.5;   6;    5.917;   0;   6.3;   7.0;  908.74;    4.0;   86.58;    8.3;    1.2;    0.6;eor
       4501;20191008;    3;  21.7;   8.6;    3;  46.3;   6;    0.000;   0;   8.0;   9.4;  902.15;    6.8;   94.92;    8.3;    4.2;    4.4;eor
       4501;20191009;    3;  20.9;   7.5;    3;  15.5;   6;    0.000;   0;   7.8;   8.9;  901.49;    6.1;   94.67;    7.3;    5.0;    5.1;eor
       4501;20191010;    3;  15.8;   6.7;    3;   4.3;   6;    0.000;   0;   7.8;   8.2;  905.11;    4.9;   94.25;    5.6;    4.1;    4.2;eor
       4501;20191011;    3;  17.9;   8.8;    3;   0.0;   6;    0.000;   0;   8.0;   9.5;  908.24;    7.0;   94.67;    8.8;    5.2;    5.3;eor
       4501;20191012;    3;  18.1;   8.2;    3;   0.3;   6;    6.967;   0;   6.1;  10.8;  906.95;   10.7;   84.13;   14.8;    6.8;    6.8;eor
       4501;20191013;    3;  16.5;   6.4;    3;   0.0;   0;    8.317;   0;   4.3;  12.7;  908.39;   14.4;   78.50;   18.5;   11.1;   11.0;eor
       4501;20191014;    3;  11.2;   4.0;    3;   0.0;   0;   10.233;   0;   1.1;  11.8;  908.42;   14.8;   70.96;   19.0;   11.0;    7.9;eor
       4501;20191015;    3;  12.6;   2.9;    3;  15.9;   6;    6.467;   0;   6.9;  12.2;  902.30;   14.3;   75.63;   19.7;    9.4;    8.5;eor
       4501;20191016;    3;  18.9;   8.5;    3;   6.4;   6;    0.017;   0;   7.8;   9.5;  904.34;    7.1;   93.42;    9.5;    6.1;    6.3;eor
       4501;20191017;    1;  16.4;   6.8;    1;   5.0;   6;    0.000;   0;   7.6;   9.9;  906.32;    8.0;   91.63;    9.7;    6.3;    5.5;eor
       4501;20191018;    1;  18.6;   8.1;    1;   5.6;   6;    0.033;   0;   7.8;  10.6;  904.10;    8.6;   93.83;   10.5;    5.0;    4.5;eor
       4501;20191019;    1;  18.8;   7.9;    1;   2.2;   6;    0.000;   0;   7.8;   9.9;  902.53;    7.7;   94.00;    8.7;    5.3;    5.0;eor
       4501;20191020;    1;  17.2;   4.9;    1;   0.0;   6;    2.900;   0;   7.5;  11.1;  903.57;   11.4;   82.29;   15.8;    8.5;    7.7;eor
       4501;20191021;    1;   9.2;   3.8;    1;   0.0;   6;    0.750;   0;   7.0;  11.3;  911.25;   11.7;   82.29;   14.4;    8.6;    7.0;eor
       4501;20191022;    1;   7.5;   3.1;    1;   0.0;   0;    8.583;   0;   6.8;  10.4;  915.59;   10.6;   81.33;   15.2;    8.1;    6.2;eor
       4501;20191023;    1;   9.8;   3.0;    1;   0.0;   0;    5.800;   0;   4.7;  11.3;  909.95;   11.4;   84.04;   16.7;    8.2;    7.6;eor
       4501;20191024;    1;  12.6;   4.8;    1;   0.0;   0;    4.150;   0;   7.5;  10.8;  905.12;   10.2;   86.92;   13.4;    8.0;    6.7;eor
       4501;20191025;    1;  15.7;   7.6;    1;   0.0;   0;    0.383;   0;   7.8;  10.1;  912.18;    8.4;   92.04;    9.4;    7.3;    6.6;eor
       4501;20191026;    1;  18.9;   9.0;    1;   0.0;   0;    4.683;   0;   7.9;   9.8;  910.82;    9.0;   85.75;   12.2;    7.0;    6.5;eor
       4501;20191027;    1;  15.4;   4.9;    1;  15.3;   6;    0.250;   0;   8.0;   8.4;  910.13;    6.0;   87.92;    9.3;    1.0;    0.1;eor
       4501;20191028;    1;   8.1;   2.9;    1;   0.0;   6;    5.467;   0;   5.8;   6.2;  912.07;    2.1;   86.50;    5.4;    0.5;   -1.1;eor
       4501;20191029;    1;   9.5;   3.9;    1;   0.0;   0;    0.683;   0;   6.5;   6.0;  913.26;    1.0;   91.71;    2.4;   -0.6;   -1.5;eor
       4501;20191030;    1;  10.6;   4.6;    1;   0.0;   0;    4.233;   0;   6.3;   5.2;  916.12;   -0.5;   87.92;    2.4;   -2.1;   -3.5;eor
       4501;20191031;    1;  10.5;   3.7;    1;   0.0;   0;    9.217;   0;   2.5;   4.3;  912.95;   -0.6;   73.88;    4.3;   -2.8;   -5.3;eor
       4501;20191101;    1;  17.2;   6.3;    1;   2.6;   8;    0.000;   0;   7.3;   5.7;  902.18;   -0.2;   92.92;    5.4;   -3.6;   -3.7;eor
       4501;20191102;    1;  20.7;   9.2;    1;   6.7;   6;    0.000;   0;   7.9;  10.2;  889.41;    7.9;   94.75;    9.5;    4.8;    4.7;eor
       4501;20191103;    1;  18.8;   7.3;    1;  16.2;   6;    0.000;   0;   7.8;   9.3;  883.98;    6.8;   94.08;    7.8;    5.5;    5.6;eor
       4501;20191104;    1;  17.1;   7.9;    1;   5.3;   6;    0.000;   0;   8.0;   8.4;  885.22;    5.2;   94.25;    6.5;    4.5;    4.7;eor
       4501;20191105;    1;  17.4;   6.5;    1;   0.6;   6;    0.000;   0;   7.9;   7.4;  889.97;    3.4;   94.04;    5.2;    2.8;    3.0;eor
       4501;20191106;    1;  12.9;   5.3;    1;   5.0;   6;    0.000;   0;   7.9;   7.1;  893.82;    2.8;   94.04;    3.3;    2.4;    2.5;eor
       4501;20191107;    1;  18.4;   7.4;    1;   0.9;   6;    0.000;   0;   8.0;   7.3;  894.57;    3.1;   94.50;    3.9;    2.1;    2.2;eor
       4501;20191108;    1;  10.2;   3.5;    1;  12.8;   8;    0.000;   0;   7.6;   6.4;  896.93;    1.4;   94.33;    2.2;    0.4;   -0.5;eor
       4501;20191109;    1;  10.2;   3.8;    1;   0.1;   8;    0.000;   0;   7.9;   5.9;  899.01;    0.3;   93.88;    1.2;   -0.5;   -0.4;eor
       4501;20191110;    1;   7.0;   2.6;    1;   0.0;   0;    1.567;   0;   6.2;   5.6;  903.10;   -0.1;   92.17;    1.9;   -1.9;   -3.2;eor
       4501;20191111;    1;  14.6;   5.7;    1;   0.2;   8;    0.000;   0;   8.0;   4.7;  900.30;   -2.4;   92.33;   -1.7;   -3.2;   -2.7;eor
       4501;20191112;    1;  17.3;   7.6;    1;   0.1;   8;    0.017;   0;   7.8;   5.3;  895.84;   -0.9;   93.00;    0.0;   -2.2;   -2.0;eor
       4501;20191113;    1;  15.4;   7.0;    1;   0.0;   6;    0.000;   0;   8.0;   5.3;  893.88;   -1.0;   93.29;   -0.7;   -1.5;   -1.2;eor
       4501;20191114;    1;   9.8;   4.2;    1;   0.0;   0;    3.917;   0;   7.2;   5.3;  895.87;   -0.7;   91.46;    1.8;   -2.3;   -2.8;eor
       4501;20191115;    1;  10.7;   4.1;    1;  12.7;   8;    1.600;   0;   7.9;   5.9;  893.59;    0.7;   91.75;    3.6;   -2.2;   -2.9;eor
       4501;20191116;    1;  11.2;   4.6;    1;   0.0;   8;    0.300;   3;   8.0;   5.7;  899.20;    0.0;   93.25;    2.7;   -1.1;   -1.8;eor
       4501;20191117;    1;  12.7;   5.3;    1;   0.2;   8;    0.000;   0;   8.0;   6.0;  899.12;    0.5;   93.50;    5.2;   -0.4;   -2.5;eor
       4501;20191118;    1;  24.8;   8.6;    1;   1.4;   8;    0.000;   0;   7.9;   6.0;  897.36;    0.4;   93.63;    5.3;   -1.9;   -1.7;eor
       4501;20191119;    1;  21.1;   4.1;    1;   2.2;   4;    0.000;   0;   8.0;   5.5;  905.77;   -0.5;   93.79;    0.1;   -1.4;   -1.4;eor
       4501;20191120;    1;   6.4;   2.5;    1;   0.1;   8;    0.033;   0;   7.6;   5.2;  906.02;   -1.3;   92.96;   -0.4;   -2.3;   -4.1;eor
       4501;20191121;    1;   8.0;   3.1;    1;   0.0;   6;    0.000;   0;   8.0;   6.4;  900.88;    1.5;   94.17;    3.2;   -0.7;   -0.5;eor
       4501;20191122;    1;   8.9;   3.1;    1;   0.0;   0;    3.667;   0;   7.6;   5.7;  899.73;    2.1;   81.54;    5.4;   -0.7;   -1.1;eor
       4501;20191123;    1;   9.9;   3.7;    1;   0.0;   0;    6.967;   0;   7.3;   6.2;  895.47;    5.3;   69.75;    8.8;    2.6;    0.6;eor
       4501;20191124;    1;   9.4;   3.2;    1;   0.0;   0;    1.383;   0;   7.9;   6.7;  899.36;    7.1;   66.88;   10.9;    3.2;    0.7;eor
       4501;20191125;    1;  10.1;   2.6;    1;   0.0;   0;    5.467;   0;   8.0;   6.8;  901.26;    4.3;   81.67;    8.4;   -0.8;   -0.6;eor
       4501;20191126;    1;  16.2;   7.0;    1;   0.0;   6;    0.000;   0;   8.0;   6.9;  898.77;    2.4;   94.04;    4.0;   -0.1;    0.0;eor
       4501;20191127;    1;  22.7;   8.4;    1;   1.8;   8;    0.000;   0;   8.0;   7.4;  889.57;    3.6;   92.96;    4.7;    1.7;    1.7;eor
       4501;20191128;    1;  24.5;  10.9;    1;  21.6;   8;    0.000;   0;   7.8;   7.6;  887.55;    3.8;   94.00;    4.6;    3.4;    3.4;eor
       4501;20191129;    1;  12.1;   4.4;    1;   3.2;   8;    0.900;   0;   7.6;   5.6;  898.00;    0.1;   90.13;    3.4;   -1.9;   -2.4;eor
       4501;20191130;    1;   9.3;   2.5;    1;   0.0;   7;    0.400;   2;   6.1;   4.6;  910.80;   -2.2;   89.17;   -1.2;   -4.5;   -8.9;eor
       4501;20191201;    1;  10.4;   4.2;    1;   0.0;   0;    0.767;   2;   7.7;   4.0;  908.52;   -3.7;   86.21;   -2.4;   -4.5;   -8.8;eor
       4501;20191202;    1;   9.0;   3.3;    1;   0.9;   8;    0.400;   2;   7.7;   4.5;  911.30;   -2.8;   90.50;   -1.6;   -4.3;   -5.5;eor
       4501;20191203;    1;   9.2;   2.5;    1;   0.7;   8;    0.467;   3;   7.7;   5.1;  915.73;   -1.5;   92.42;   -0.4;   -2.4;   -7.2;eor
       4501;20191204;    1;   6.9;   2.8;    1;   0.0;   0;    8.133;   3;   4.6;   4.4;  912.30;   -0.6;   76.58;    2.1;   -3.1;   -7.4;eor
       4501;20191205;    1;  16.0;   5.8;    1;   0.0;   8;    6.950;   3;   4.1;   4.0;  909.52;   -3.1;   83.67;   -0.7;   -4.8;   -6.3;eor
       4501;20191206;    1;  21.0;  10.6;    1;  13.0;   8;    0.000;   3;   8.0;   4.5;  903.73;   -3.1;   91.33;   -0.1;   -5.1;   -6.2;eor
       4501;20191207;    1;  18.9;   7.7;    1;   0.5;   6;    0.000;   4;   8.0;   6.4;  902.58;    1.4;   94.08;    2.2;   -0.3;    0.0;eor
       4501;20191208;    1;  23.1;  10.8;    1;  10.1;   8;    0.000;   0;   8.0;   6.9;  897.68;    2.5;   94.08;    4.9;    1.1;    0.8;eor
       4501;20191209;    1;  20.8;   8.1;    1;  10.0;   8;    0.000;   0;   7.8;   6.1;  894.29;    0.8;   93.88;    2.2;   -1.3;   -1.5;eor
       4501;20191210;    1;  18.8;   6.2;    1;   0.0;   8;    0.033;   2;   7.7;   4.7;  910.97;   -2.2;   90.63;   -1.2;   -3.7;   -3.9;eor
       4501;20191211;    1;  19.9;   8.5;    1;   8.4;   8;    0.000;   1;   7.8;   3.9;  900.82;   -3.8;   84.54;   -3.3;   -4.6;   -4.7;eor
       4501;20191212;    1;  15.7;   6.7;    1;   0.4;   8;    0.000;   8;   8.0;   4.7;  892.27;   -2.6;   91.96;   -1.8;   -3.6;   -2.3;eor
       4501;20191213;    1;  18.2;   6.9;    1;  12.7;   8;    0.000;   8;   7.9;   4.6;  875.46;   -2.8;   91.42;   -1.3;   -4.1;   -3.3;eor
       4501;20191214;    1;  24.5;   9.3;    1;  14.8;   8;    0.000;  15;   7.8;   5.3;  884.15;   -0.9;   93.08;    0.0;   -1.9;   -0.7;eor
       4501;20191215;    1;  19.9;   7.3;    1;   4.4;   6;    0.000;  16;   7.8;   6.4;  895.23;    1.4;   94.33;    3.9;   -0.7;   -0.1;eor
       4501;20191216;    1;  15.4;   6.7;    1;   0.2;   6;    0.000;  10;   7.8;   7.2;  900.55;    3.4;   91.63;    5.3;    1.6;    0.0;eor
       4501;20191217;    1;  13.4;   5.3;    1;   0.0;   6;    5.483;   5;   7.1;   6.2;  900.14;    6.5;   64.67;    9.1;    4.0;    0.0;eor
       4501;20191218;    1;  16.3;   5.1;    1;   1.1;   6;    0.000;   1;   7.5;   7.5;  907.63;    4.3;   90.88;    5.4;    3.5;    2.4;eor
       4501;20191219;    1;  10.7;   4.1;    1;   0.0;   0;    5.067;   0;   5.6;   7.1;  905.92;    6.0;   77.13;   12.1;    2.7;   -0.1;eor
       4501;20191220;    1;  15.4;   5.4;    1;   0.0;   6;    3.617;   0;   5.5;   6.3;  889.47;    6.3;   66.92;    9.0;    3.0;    2.9;eor
       4501;20191221;    1;  13.1;   6.1;    1;   0.0;   7;    0.000;   0;   7.9;   6.5;  886.20;    1.7;   93.83;    3.0;    0.9;    0.9;eor
       4501;20191222;    1;  17.0;   6.8;    1;   6.8;   8;    0.000;   0;   8.0;   6.3;  881.52;    1.2;   93.96;    2.8;   -0.1;    0.0;eor
       4501;20191223;    1;  14.5;   6.3;    1;   8.4;   8;    0.000;   0;   7.8;   6.1;  896.39;    0.9;   93.88;    1.6;    0.3;    0.0;eor
       4501;20191224;    1;  18.0;   7.1;    1;  16.9;   8;    0.000;   0;   8.0;   6.0;  902.01;    0.7;   93.92;    2.0;   -0.7;   -0.4;eor
       4501;20191225;    1;  14.1;   4.4;    1;   7.0;   8;    0.000;   0;   7.7;   6.1;  906.23;    0.9;   93.33;    2.1;   -0.4;   -0.8;eor
       4501;20191226;    1;   8.9;   2.2;    1;   0.3;   8;    0.000;   0;   7.5;   5.1;  912.85;   -1.2;   90.88;   -0.4;   -2.1;   -3.9;eor
       4501;20191227;    1;  10.6;   3.9;    1;   0.0;   8;    4.317;   0;   7.1;   4.7;  915.88;   -2.2;   90.38;   -1.0;   -4.3;   -4.4;eor
       4501;20191228;    1;   8.8;   2.5;    1;   0.0;   0;    0.317;   0;   7.7;   3.7;  925.86;   -5.2;   88.00;   -4.2;   -7.0;   -9.1;eor
