STATIONS_ID;MESS_DATUM;QN_3;  FX;  FM;QN_4; RSK;RSKF; SDK;SHK_TAG;  NM; VPM;  PM; TMK; UPM; TXK; TNK; TGK;eor
       4592;20180628;-999;-999;-999;    3;   5.2;   4;    0.000;-999;  -999;  14.9;    -999;   16.6;   78.79;   20.6;   14.5;   13.5;eor
       4592;20180629;-999;-999;-999;    3;   0.0;   0;    8.300;-999;  -999;  16.5;    -999;   21.2;   68.38;   28.4;   15.0;   12.5;eor
       4592;20180630;-999;-999;-999;    3;   0.0;   0;   14.267;-999;  -999;  11.1;    -999;   19.7;   52.46;   26.0;   12.5;   10.1;eor
       4592;20180701;-999;-999;-999;    3;   0.0;   0;   14.850;-999;  -999;   8.1;    -999;   17.2;   44.17;   24.0;    8.7;    6.1;eor
       4592;20180702;-999;-999;-999;    3;   0.0;   0;   14.850;-999;  -999;   8.3;    -999;   17.4;   47.54;   26.0;    7.3;    4.9;eor
       4592;20180703;-999;-999;-999;    3;   0.0;   0;   14.800;-999;  -999;   9.5;    -999;   19.6;   48.13;   29.5;    8.6;    6.2;eor
       4592;20180704;-999;-999;-999;    3;   0.0;   0;   12.517;-999;  -999;  13.5;    -999;   21.2;   56.42;   30.7;   11.3;   10.0;eor
       4592;20180705;-999;-999;-999;    3;   0.2;   4;    7.967;-999;  -999;  16.0;    -999;   20.5;   68.54;   29.5;   13.2;   11.4;eor
       4592;20180706;-999;-999;-999;    3;   0.2;   4;    1.650;-999;  -999;  17.1;    -999;   20.1;   73.54;   25.4;   14.3;   11.2;eor
       4592;20180707;-999;-999;-999;    3;   0.0;   0;   14.383;-999;  -999;  10.2;    -999;   19.8;   49.96;   26.8;   12.0;    9.7;eor
       4592;20180708;-999;-999;-999;    3;   0.0;   0;   12.183;-999;  -999;  11.1;    -999;   20.0;   50.96;   28.0;   11.3;    9.1;eor
       4592;20180709;-999;-999;-999;    3;   0.0;   0;   11.417;-999;  -999;  12.7;    -999;   21.1;   54.08;   28.4;   12.4;   10.4;eor
       4592;20180710;-999;-999;-999;    3;   0.1;   4;    3.600;-999;  -999;  12.7;    -999;   17.1;   65.58;   22.8;    9.8;    7.3;eor
       4592;20180711;-999;-999;-999;    3;   5.7;   4;    4.283;-999;  -999;  12.1;    -999;   13.9;   77.25;   20.7;    7.5;    5.5;eor
       4592;20180712;-999;-999;-999;    3;   0.0;   0;    6.383;-999;  -999;  13.6;    -999;   17.4;   71.04;   23.9;   11.4;   11.0;eor
       4592;20180713;-999;-999;-999;    3;   0.0;   0;   10.517;-999;  -999;  14.5;    -999;   20.2;   64.83;   28.2;   12.8;   10.7;eor
       4592;20180714;-999;-999;-999;    3;   0.8;   4;   10.900;-999;  -999;  14.9;    -999;   20.2;   67.58;   29.6;   12.3;   10.7;eor
       4592;20180715;-999;-999;-999;    3;   0.2;   4;    7.433;-999;  -999;  15.0;    -999;   19.5;   68.88;   28.9;   12.5;   10.2;eor
       4592;20180716;-999;-999;-999;    3;  33.5;   4;    7.700;-999;  -999;  16.2;    -999;   17.8;   81.42;   26.8;   12.7;   11.0;eor
       4592;20180717;-999;-999;-999;    3;   0.0;   0;   11.150;-999;  -999;  14.2;    -999;   21.4;   61.46;   29.4;   13.3;   13.0;eor
       4592;20180718;-999;-999;-999;    3;   0.0;   0;   13.483;-999;  -999;  12.8;    -999;   23.1;   47.04;   29.2;   14.6;   11.9;eor
       4592;20180719;-999;-999;-999;    3;   0.0;   0;   14.633;-999;  -999;  11.9;    -999;   21.1;   52.17;   29.0;   12.4;   10.1;eor
       4592;20180720;-999;-999;-999;    3;   0.0;   0;   13.367;-999;  -999;  13.4;    -999;   22.1;   54.96;   30.8;   12.4;   10.9;eor
       4592;20180721;-999;-999;-999;    3;   2.2;   4;    0.600;-999;  -999;  17.3;    -999;   19.7;   75.88;   24.1;   15.6;   13.9;eor
       4592;20180722;-999;-999;-999;    3;   0.9;   4;    0.583;-999;  -999;  17.9;    -999;   19.6;   79.54;   23.8;   16.5;   15.2;eor
       4592;20180723;-999;-999;-999;    3;   3.0;   4;    6.317;-999;  -999;  18.2;    -999;   21.0;   75.75;   28.9;   16.6;   14.8;eor
       4592;20180724;-999;-999;-999;    3;   0.0;   0;   10.067;-999;  -999;  16.7;    -999;   22.6;   67.08;   31.6;   14.8;   13.7;eor
       4592;20180725;-999;-999;-999;    3;   0.1;   4;   11.083;-999;  -999;  17.0;    -999;   23.7;   61.08;   32.9;   14.9;   13.3;eor
       4592;20180726;-999;-999;-999;    3;   0.0;   0;   11.500;-999;  -999;  15.2;    -999;   24.4;   54.08;   32.2;   15.5;   13.7;eor
       4592;20180727;-999;-999;-999;    3;   0.0;   0;    8.317;-999;  -999;  16.4;    -999;   23.3;   60.54;   31.4;   16.6;   14.8;eor
       4592;20180728;-999;-999;-999;    3;   0.0;   0;    9.217;-999;  -999;  17.3;    -999;   23.5;   62.21;   31.6;   15.6;   13.6;eor
       4592;20180729;-999;-999;-999;    3;   0.0;   0;    9.817;-999;  -999;  17.8;    -999;   24.6;   60.58;   31.4;   18.2;   16.8;eor
       4592;20180730;-999;-999;-999;    3;   0.0;   0;   14.267;-999;  -999;  14.8;    -999;   26.1;   50.79;   35.4;   16.6;   14.5;eor
       4592;20180731;-999;-999;-999;    3;   0.2;   4;   11.583;-999;  -999;  17.5;    -999;   27.0;   54.08;   36.1;   17.6;   15.5;eor
       4592;20180801;-999;-999;-999;    3;   0.0;   0;   10.317;-999;  -999;  17.9;    -999;   27.6;   52.00;   36.3;   19.5;   17.0;eor
       4592;20180802;-999;-999;-999;    3;   0.3;   4;    5.333;-999;  -999;  20.8;    -999;   23.8;   72.42;   32.7;   19.3;   17.3;eor
       4592;20180803;-999;-999;-999;    3;   0.0;   4;   11.817;-999;  -999;  20.6;    -999;   25.7;   67.42;   35.4;   17.9;   16.0;eor
       4592;20180804;-999;-999;-999;    3;   0.0;   0;    6.750;-999;  -999;  21.5;    -999;   25.2;   70.08;   34.1;   19.3;   17.3;eor
       4592;20180805;-999;-999;-999;    3;   0.0;   0;   12.400;-999;  -999;  17.7;    -999;   24.3;   62.17;   31.3;   17.6;   14.8;eor
       4592;20180806;-999;-999;-999;    3;   0.0;   0;   14.117;-999;  -999;  13.3;    -999;   23.9;   50.58;   33.2;   14.3;   11.5;eor
       4592;20180807;-999;-999;-999;    3;   0.0;   0;   11.300;-999;  -999;  15.7;    -999;   25.6;   50.67;   34.4;   15.8;   13.8;eor
       4592;20180808;-999;-999;-999;    3;   0.0;   0;    8.133;-999;  -999;  17.0;    -999;   24.9;   56.63;   31.8;   18.7;   16.2;eor
       4592;20180809;-999;-999;-999;    3;   1.5;   4;   12.883;-999;  -999;  15.8;    -999;   25.7;   52.71;   35.1;   16.5;   14.2;eor
       4592;20180810;-999;-999;-999;    3;   0.1;   4;    2.667;-999;  -999;  15.8;    -999;   18.3;   75.25;   22.2;   12.3;    9.6;eor
       4592;20180811;-999;-999;-999;    3;   0.0;   0;    6.883;-999;  -999;  12.0;    -999;   17.9;   63.75;   25.6;   11.6;    9.0;eor
       4592;20180812;-999;-999;-999;    3;   0.0;   0;   13.467;-999;  -999;  10.8;    -999;   19.5;   54.04;   29.5;    9.2;    6.9;eor
       4592;20180813;-999;-999;-999;    3;   3.5;   4;    7.717;-999;  -999;  15.0;    -999;   20.6;   66.21;   31.5;   12.0;    9.4;eor
       4592;20180814;-999;-999;-999;    3;   0.0;   0;    5.133;-999;  -999;  15.9;    -999;   19.1;   73.71;   24.0;   15.5;   12.9;eor
       4592;20180815;-999;-999;-999;    3;   0.0;   4;    4.917;-999;  -999;  14.8;    -999;   18.8;   70.67;   26.2;   13.0;   11.1;eor
       4592;20180816;-999;-999;-999;    3;   0.0;   0;   12.917;-999;  -999;  13.9;    -999;   20.7;   62.17;   30.3;   11.7;    9.9;eor
       4592;20180817;-999;-999;-999;    3;   0.0;   0;   12.900;-999;  -999;  13.0;    -999;   22.3;   54.54;   32.0;   12.2;    9.9;eor
       4592;20180818;-999;-999;-999;    3;   0.0;   0;    8.417;-999;  -999;  16.1;    -999;   22.8;   61.08;   31.0;   15.4;   12.4;eor
       4592;20180819;-999;-999;-999;    3;   0.0;   0;   12.200;-999;  -999;  15.8;    -999;   23.9;   59.00;   32.4;   15.0;   13.4;eor
       4592;20180820;-999;-999;-999;    3;   0.0;   0;   12.300;-999;  -999;  14.5;    -999;   23.9;   53.33;   31.4;   15.3;   13.1;eor
       4592;20180821;-999;-999;-999;    3;   0.0;   0;   12.083;-999;  -999;  14.8;    -999;   23.3;   55.67;   30.4;   15.1;   12.7;eor
       4592;20180822;-999;-999;-999;    3;   0.0;   0;   11.167;-999;  -999;  15.2;    -999;   23.5;   56.46;   33.2;   15.3;   12.6;eor
       4592;20180823;-999;-999;-999;    3;   6.1;   4;    3.817;-999;  -999;  17.8;    -999;   20.9;   73.29;   28.3;   16.1;   14.1;eor
       4592;20180824;-999;-999;-999;    3;   8.5;   4;    1.200;-999;  -999;  18.7;    -999;   17.8;   91.00;   23.1;   12.8;   11.1;eor
       4592;20180825;-999;-999;-999;    3;   0.1;   4;    0.450;-999;  -999;  12.4;    -999;   13.7;   79.83;   17.3;   11.2;    9.8;eor
       4592;20180826;-999;-999;-999;    3;   0.0;   0;   10.900;-999;  -999;   9.5;    -999;   13.4;   65.92;   20.0;    7.9;    6.0;eor
       4592;20180827;-999;-999;-999;    3;   0.0;   0;    8.983;-999;  -999;  11.5;    -999;   15.8;   66.92;   24.7;    5.8;    4.0;eor
       4592;20180828;-999;-999;-999;    3;   0.0;   0;    9.950;-999;  -999;  13.5;    -999;   18.7;   67.13;   26.8;   12.0;    9.4;eor
       4592;20180829;-999;-999;-999;    3;   3.7;   4;   11.367;-999;  -999;  13.6;    -999;   19.2;   65.67;   29.2;    9.3;    7.6;eor
       4592;20180830;-999;-999;-999;    3;   0.0;   0;    3.800;-999;  -999;  16.1;    -999;   17.3;   81.50;   20.3;   11.2;    9.0;eor
       4592;20180831;-999;-999;-999;    3;   3.1;   4;    1.083;-999;  -999;  14.1;    -999;   14.2;   88.04;   19.3;    9.7;    8.6;eor
       4592;20180901;-999;-999;-999;    3;   7.5;   4;    0.000;-999;  -999;  12.9;    -999;   13.5;   83.29;   14.8;   12.4;   11.5;eor
       4592;20180902;-999;-999;-999;    3;   1.1;   4;    0.000;-999;  -999;  16.0;    -999;   14.9;   93.92;   17.2;   12.8;   12.5;eor
       4592;20180903;-999;-999;-999;    3;  13.7;   4;    1.067;-999;  -999;  18.1;    -999;   17.1;   93.13;   21.6;   14.1;   12.9;eor
       4592;20180904;-999;-999;-999;    3;   0.1;   4;    3.650;-999;  -999;  17.9;    -999;   18.7;   84.13;   24.8;   15.6;   14.8;eor
       4592;20180905;-999;-999;-999;    3;   0.0;   0;    6.217;-999;  -999;  17.5;    -999;   18.1;   86.04;   25.7;   13.7;   12.0;eor
       4592;20180906;-999;-999;-999;    3;   1.4;   4;   10.667;-999;  -999;  14.6;    -999;   18.1;   74.92;   26.8;   11.8;   10.8;eor
       4592;20180907;-999;-999;-999;    3;   0.3;   4;    2.850;-999;  -999;  16.3;    -999;   16.9;   85.08;   21.5;   12.7;    9.9;eor
       4592;20180908;-999;-999;-999;    3;   0.0;   0;    9.667;-999;  -999;  12.5;    -999;   15.7;   74.13;   23.0;   10.0;    7.9;eor
       4592;20180909;-999;-999;-999;    3;   0.0;   0;    9.033;-999;  -999;  13.4;    -999;   16.0;   76.54;   24.9;    8.8;    7.2;eor
       4592;20180910;-999;-999;-999;    3;   0.0;   0;    8.417;-999;  -999;  13.4;    -999;   17.5;   71.96;   26.6;    9.4;    7.0;eor
       4592;20180911;-999;-999;-999;    3;   0.0;   0;   11.400;-999;  -999;  12.5;    -999;   18.5;   64.13;   27.3;   11.1;    9.1;eor
       4592;20180912;-999;-999;-999;    3;   0.0;   0;   11.567;-999;  -999;  13.9;    -999;   18.9;   68.58;   29.9;    9.1;    7.1;eor
       4592;20180913;-999;-999;-999;    3;   0.4;   4;    2.267;-999;  -999;  16.1;    -999;   18.6;   75.58;   24.5;   13.3;   11.1;eor
       4592;20180914;-999;-999;-999;    3;   0.0;   0;    4.800;-999;  -999;  15.1;    -999;   16.9;   79.54;   22.6;   14.1;   12.6;eor
       4592;20180915;-999;-999;-999;    3;   0.0;   0;    8.100;-999;  -999;  12.2;    -999;   16.3;   68.50;   22.1;    9.2;    6.7;eor
       4592;20180916;-999;-999;-999;    3;   0.0;   0;   10.700;-999;  -999;  10.5;    -999;   14.4;   68.58;   24.5;    6.2;    5.0;eor
       4592;20180917;-999;-999;-999;    3;   0.0;   0;   10.467;-999;  -999;  13.6;    -999;   16.7;   74.04;   26.8;    8.1;    6.3;eor
       4592;20180918;-999;-999;-999;    3;   0.0;   0;   10.500;-999;  -999;  15.3;    -999;   18.9;   73.42;   28.9;   10.2;    7.8;eor
       4592;20180919;-999;-999;-999;    3;   1.7;   4;    6.100;-999;  -999;  16.3;    -999;   19.1;   75.54;   26.8;   13.2;   11.0;eor
       4592;20180920;-999;-999;-999;    3;   0.0;   0;   10.150;-999;  -999;  16.3;    -999;   18.8;   77.96;   28.5;   11.5;    9.7;eor
       4592;20180921;-999;-999;-999;    3;   6.8;   4;    6.883;-999;  -999;  15.0;    -999;   17.0;   79.75;   28.2;   10.3;    7.7;eor
       4592;20180922;-999;-999;-999;    3;   0.9;   4;    4.017;-999;  -999;   9.7;    -999;   13.1;   65.83;   17.1;    9.1;    6.7;eor
       4592;20180923;-999;-999;-999;    3;  16.5;   4;    0.583;-999;  -999;  14.3;    -999;   13.8;   88.88;   22.8;    9.0;    8.5;eor
       4592;20180924;-999;-999;-999;    3;   0.0;   0;    5.517;-999;  -999;   8.3;    -999;    9.3;   72.25;   13.6;    4.6;    2.4;eor
       4592;20180925;-999;-999;-999;    3;   0.0;   0;    8.817;-999;  -999;   7.2;    -999;    6.9;   75.17;   13.8;    1.7;   -0.4;eor
       4592;20180926;-999;-999;-999;    3;   0.0;   0;    9.217;-999;  -999;   7.2;    -999;    7.4;   74.25;   16.8;   -0.4;   -1.9;eor
       4592;20180927;-999;-999;-999;    3;   0.0;   0;   10.267;-999;  -999;   8.8;    -999;   10.9;   73.13;   22.8;    2.5;    0.9;eor
       4592;20180928;-999;-999;-999;    3;   0.0;   0;   10.200;-999;  -999;   9.2;    -999;   12.0;   69.75;   21.3;    3.6;    1.6;eor
       4592;20180929;-999;-999;-999;    3;   0.0;   0;   10.233;-999;  -999;   6.8;    -999;    8.7;   64.13;   15.7;    2.5;   -0.6;eor
       4592;20180930;-999;-999;-999;    3;   0.0;   0;   10.233;-999;  -999;   7.7;    -999;    8.4;   74.04;   19.1;   -0.1;   -2.7;eor
       4592;20181001;-999;-999;-999;    3;   0.1;   4;    3.667;   0;  -999;   8.7;    -999;    8.7;   78.63;   15.5;    4.3;    2.0;eor
       4592;20181002;-999;-999;-999;    3;   0.1;   4;    1.900;   0;  -999;   7.9;    -999;    8.0;   74.42;   10.0;    4.9;    2.6;eor
       4592;20181003;-999;-999;-999;    3;   0.3;   4;    2.517;   0;  -999;   9.9;    -999;   10.7;   77.63;   15.6;    3.4;    0.5;eor
       4592;20181004;-999;-999;-999;    3;   0.0;   0;   10.083;   0;  -999;   8.3;    -999;    8.1;   79.96;   17.4;    1.5;   -0.6;eor
       4592;20181005;-999;-999;-999;    3;   0.0;   0;   10.233;   0;  -999;   9.1;    -999;    9.9;   78.58;   22.3;    1.4;   -0.1;eor
       4592;20181006;-999;-999;-999;    3;   0.0;   0;    5.083;   0;  -999;  11.1;    -999;   11.6;   82.96;   21.5;    4.0;    1.4;eor
       4592;20181007;-999;-999;-999;    3;   0.0;   0;    6.733;   0;  -999;  12.4;    -999;   13.3;   83.08;   22.6;    7.6;    4.8;eor
       4592;20181008;-999;-999;-999;    3;   0.0;   0;    5.067;   0;  -999;  12.0;    -999;   11.3;   90.38;   20.2;    6.4;    4.2;eor
       4592;20181009;-999;-999;-999;    3;   0.0;   0;    4.733;   0;  -999;  11.9;    -999;   10.5;   93.54;   19.2;    6.8;    3.7;eor
       4592;20181010;-999;-999;-999;    3;   0.0;   0;    7.267;   0;  -999;  11.9;    -999;   11.6;   88.04;   22.5;    6.2;    3.0;eor
       4592;20181011;-999;-999;-999;    3;   0.0;   0;    9.700;   0;  -999;   9.5;    -999;   12.9;   71.88;   25.4;    4.3;    0.8;eor
       4592;20181012;-999;-999;-999;    3;   0.0;   0;    9.267;   0;  -999;  11.5;    -999;   14.8;   72.63;   25.7;    8.4;    5.4;eor
       4592;20181013;-999;-999;-999;    3;   0.0;   0;    9.617;   0;  -999;  10.9;    -999;   12.8;   77.17;   24.4;    6.0;    2.8;eor
       4592;20181014;-999;-999;-999;    3;   0.0;   0;    9.600;   0;  -999;   9.8;    -999;   12.5;   74.17;   25.0;    4.7;    1.6;eor
       4592;20181015;-999;-999;-999;    3;   0.0;   0;    9.550;   0;  -999;   9.6;    -999;   12.3;   72.71;   24.5;    4.5;    1.4;eor
       4592;20181016;-999;-999;-999;    3;   0.0;   0;    9.067;   0;  -999;  10.0;    -999;   11.1;   78.50;   22.1;    3.7;    0.8;eor
       4592;20181017;-999;-999;-999;    3;   0.0;   0;    9.367;   0;  -999;  10.4;    -999;   11.0;   82.13;   21.4;    4.6;    1.8;eor
       4592;20181018;-999;-999;-999;    3;   0.0;   0;    7.550;   0;  -999;  10.5;    -999;   11.4;   80.00;   20.9;    4.0;    2.2;eor
       4592;20181019;-999;-999;-999;    3;   0.0;   0;    7.750;   0;  -999;  10.6;    -999;   10.1;   86.75;   18.1;    4.7;    1.3;eor
       4592;20181020;-999;-999;-999;    3;   0.0;   0;    4.067;   0;  -999;  10.0;    -999;    9.5;   85.75;   16.1;    4.3;    3.6;eor
       4592;20181021;-999;-999;-999;    3;   0.0;   0;    7.133;   0;  -999;   8.2;    -999;    7.9;   78.75;   15.1;    1.2;   -1.9;eor
       4592;20181022;-999;-999;-999;    3;   1.5;   4;    7.033;   0;  -999;   7.7;    -999;    6.6;   80.17;   15.6;   -1.4;   -3.0;eor
       4592;20181023;-999;-999;-999;    3;   0.1;   4;    0.050;   0;  -999;   8.4;    -999;    8.4;   77.58;   11.3;    2.9;    0.1;eor
       4592;20181024;-999;-999;-999;    3;   2.0;   4;    0.550;   0;  -999;  11.2;    -999;   11.2;   84.17;   14.0;    9.8;    8.1;eor
       4592;20181025;-999;-999;-999;    3;   0.1;   4;    0.100;   0;  -999;  11.5;    -999;   11.6;   83.75;   13.4;    9.9;    9.0;eor
       4592;20181026;-999;-999;-999;    3;   1.2;   4;    4.900;   0;  -999;   9.4;    -999;    9.9;   77.67;   14.1;    4.8;    1.9;eor
       4592;20181027;-999;-999;-999;    3;  12.5;   4;    0.000;   0;  -999;   8.5;    -999;    6.4;   88.58;    7.9;    4.9;    2.7;eor
       4592;20181028;-999;-999;-999;    3;   5.9;   4;    0.000;   0;  -999;   7.2;    -999;    3.5;   91.67;    4.9;    2.2;    1.9;eor
       4592;20181029;-999;-999;-999;    3;   0.0;   4;    0.017;   0;  -999;   8.3;    -999;    5.7;   90.08;    8.6;    3.5;    3.2;eor
       4592;20181030;-999;-999;-999;    3;   0.0;   0;    4.817;   0;  -999;   8.2;    -999;    8.2;   75.67;   14.6;    2.7;   -1.1;eor
       4592;20181031;-999;-999;-999;    3;   0.0;   0;    6.650;   0;  -999;   7.0;    -999;    5.3;   81.38;   14.6;   -1.1;   -3.2;eor
       4592;20181101;-999;-999;-999;    3;   0.0;   0;    0.367;   0;  -999;   7.5;    -999;    3.7;   93.58;    9.4;   -0.1;   -2.0;eor
       4592;20181102;-999;-999;-999;    3;   0.0;   0;    3.933;   0;  -999;   8.4;    -999;    5.9;   90.08;   13.0;    0.6;    0.1;eor
       4592;20181103;-999;-999;-999;    3;   0.0;   0;    0.800;   0;  -999;  10.0;    -999;    9.7;   83.46;   14.0;    6.5;    4.9;eor
       4592;20181104;-999;-999;-999;    3;   0.0;   0;    0.000;   0;  -999;  10.8;    -999;    9.7;   89.38;   12.0;    5.6;    4.6;eor
       4592;20181105;-999;-999;-999;    3;   0.0;   0;    2.333;   0;  -999;   9.9;    -999;    7.3;   96.46;   14.4;    3.3;    1.4;eor
       4592;20181106;-999;-999;-999;    3;   0.0;   0;    6.683;   0;  -999;   9.2;    -999;    6.9;   91.50;   18.1;    1.4;    0.5;eor
       4592;20181107;-999;-999;-999;    3;   0.0;   0;    0.000;   0;  -999;  10.2;    -999;    7.2;   99.21;   10.3;    3.5;    2.4;eor
       4592;20181108;-999;-999;-999;    3;   0.0;   0;    1.217;   0;  -999;   9.8;    -999;    7.3;   96.29;   12.3;    4.2;    1.8;eor
       4592;20181109;-999;-999;-999;    3;   0.0;   0;    0.000;   0;  -999;   9.8;    -999;    7.4;   95.08;    9.9;    4.7;    4.8;eor
       4592;20181110;-999;-999;-999;    3;   0.0;   4;    0.000;   0;  -999;   9.7;    -999;    8.0;   90.46;    9.2;    7.0;    7.0;eor
       4592;20181111;-999;-999;-999;    3;   0.9;   4;    0.600;   0;  -999;   9.7;    -999;    7.2;   95.21;   10.3;    3.3;    1.3;eor
       4592;20181112;-999;-999;-999;    3;   0.0;   0;    0.000;   0;  -999;   9.0;    -999;    5.4;   99.25;    8.4;    2.6;    2.7;eor
       4592;20181113;-999;-999;-999;    3;   0.2;   4;    0.000;   0;  -999;   9.6;    -999;    6.5;   98.29;   10.2;    2.9;    0.4;eor
       4592;20181114;-999;-999;-999;    3;   0.0;   0;    0.000;   0;  -999;   8.5;    -999;    5.0;   96.88;    8.0;    1.3;   -1.3;eor
       4592;20181115;-999;-999;-999;    3;   0.0;   0;    0.000;   0;  -999;   7.1;    -999;    2.2;   99.38;    3.0;    0.8;    1.4;eor
       4592;20181116;-999;-999;-999;    3;   0.0;   0;    5.417;   0;  -999;   6.3;    -999;    2.2;   88.54;    8.9;   -2.5;   -2.7;eor
       4592;20181117;-999;-999;-999;    3;   0.0;   0;    8.050;   0;  -999;   5.8;    -999;    3.0;   76.33;    6.5;    0.4;   -3.0;eor
       4592;20181118;-999;-999;-999;    3;   0.0;   0;    8.050;   0;  -999;   4.3;    -999;    2.1;   60.79;    7.0;   -2.7;   -6.1;eor
       4592;20181119;-999;-999;-999;    3;   0.0;   0;    0.483;   0;  -999;   4.4;    -999;    0.1;   70.54;    2.5;   -2.7;   -5.8;eor
       4592;20181120;-999;-999;-999;    3;   1.6;   4;    1.050;   0;  -999;   5.5;    -999;    0.6;   86.00;    4.6;   -4.5;   -6.9;eor
       4592;20181121;-999;-999;-999;    3;   0.0;   0;    0.000;   0;  -999;   5.9;    -999;    1.0;   90.21;    3.1;   -4.5;   -6.9;eor
       4592;20181122;-999;-999;-999;    3;   0.0;   0;    0.000;   0;  -999;   6.8;    -999;    2.7;   91.29;    4.3;    1.8;    0.6;eor
       4592;20181123;-999;-999;-999;    3;   0.9;   4;    0.000;   0;  -999;   6.4;    -999;    1.8;   91.71;    3.9;   -0.9;   -2.9;eor
       4592;20181124;-999;-999;-999;    3;   0.5;   4;    0.000;   0;  -999;   7.7;    -999;    3.6;   96.00;    5.9;   -0.1;   -0.2;eor
       4592;20181125;-999;-999;-999;    3;   0.0;   0;    0.000;   0;  -999;   7.5;    -999;    3.9;   92.71;    4.8;    2.8;    1.8;eor
       4592;20181126;-999;-999;-999;    3;   4.8;   4;    0.000;   0;  -999;   7.0;    -999;    3.8;   87.50;    5.2;    2.1;    1.7;eor
       4592;20181127;-999;-999;-999;    3;   0.0;   0;    0.000;   0;  -999;   5.9;    -999;    1.5;   87.04;    3.6;   -2.8;   -5.5;eor
       4592;20181128;-999;-999;-999;    3;   0.0;   0;    0.683;   0;  -999;   4.7;    -999;   -1.7;   87.38;    2.2;   -5.1;   -8.0;eor
       4592;20181129;-999;-999;-999;    3;   0.2;   4;    6.317;   0;  -999;   4.2;    -999;   -2.2;   82.17;    2.9;   -6.1;   -8.3;eor
       4592;20181130;-999;-999;-999;    3;   4.8;   4;    0.000;   0;  -999;   5.0;    -999;   -1.1;   87.29;    0.1;   -2.1;   -2.5;eor
       4592;20181201;-999;-999;-999;    3;   0.0;   0;    0.000;   0;  -999;   6.8;    -999;    1.7;   98.08;    3.2;    0.0;    0.0;eor
       4592;20181202;-999;-999;-999;    3;  13.7;   4;    0.000;   0;  -999;   7.9;    -999;    3.9;   97.63;    7.1;    2.0;    1.9;eor
       4592;20181203;-999;-999;-999;    3;  26.9;   4;    0.417;   0;  -999;  11.4;    -999;    9.2;   97.25;   11.3;    6.6;    6.5;eor
       4592;20181204;-999;-999;-999;    3;   0.8;   4;    2.467;   0;  -999;   8.4;    -999;    6.0;   87.63;    9.5;   -2.0;   -3.5;eor
       4592;20181205;-999;-999;-999;    3;   0.3;   4;    0.000;   0;  -999;   5.8;    -999;   -0.5;   98.13;    1.3;   -2.4;   -2.6;eor
       4592;20181206;-999;-999;-999;    3;   0.5;   4;    0.017;   0;  -999;   7.3;    -999;    3.0;   95.33;    6.0;    0.0;   -0.3;eor
       4592;20181207;-999;-999;-999;    3;   0.9;   4;    0.133;   0;  -999;  10.4;    -999;    8.8;   91.92;   11.9;    6.0;    5.8;eor
       4592;20181208;-999;-999;-999;    3;   8.6;   4;    1.717;   0;  -999;   7.5;    -999;    6.2;   79.58;    8.4;    5.1;    4.3;eor
       4592;20181209;-999;-999;-999;    3;   8.3;   4;    0.517;   0;  -999;   8.3;    -999;    6.4;   86.63;    8.5;    4.9;    3.6;eor
       4592;20181210;-999;-999;-999;    3;   3.2;   4;    1.933;   0;  -999;   6.3;    -999;    3.1;   82.79;    5.8;    0.8;    0.0;eor
       4592;20181211;-999;-999;-999;    3;   0.3;   4;    0.150;   0;  -999;   6.1;    -999;    2.4;   84.54;    3.6;    1.5;    0.3;eor
       4592;20181212;-999;-999;-999;    3;   0.3;   4;    0.433;   0;  -999;   5.8;    -999;    1.4;   85.75;    3.5;   -2.0;   -3.9;eor
       4592;20181213;-999;-999;-999;    3;   0.0;   0;    2.283;   0;  -999;   4.4;    -999;   -1.4;   80.17;    0.4;   -3.9;   -7.2;eor
       4592;20181214;-999;-999;-999;    3;   0.0;   0;    2.617;   0;  -999;   4.1;    -999;   -2.5;   80.29;    0.0;   -6.0;   -9.2;eor
       4592;20181215;-999;-999;-999;    3;   0.0;   0;    0.000;   0;  -999;   3.9;    -999;   -2.2;   76.04;   -1.2;   -7.1;   -9.7;eor
       4592;20181216;-999;-999;-999;    3;   0.2;   4;    0.000;   0;  -999;   4.2;    -999;   -4.0;   90.92;   -1.3;   -8.2;  -10.7;eor
       4592;20181217;-999;-999;-999;    3;   0.1;   4;    0.000;   1;  -999;   5.9;    -999;    0.1;   96.04;    1.4;   -1.4;   -1.4;eor
       4592;20181218;-999;-999;-999;    3;   0.0;   0;    0.000;   0;  -999;   6.5;    -999;    1.5;   95.08;    2.8;   -0.4;   -0.6;eor
       4592;20181219;-999;-999;-999;    3;   8.4;   4;    0.000;   0;  -999;   5.6;    -999;   -0.2;   93.88;    0.9;   -1.6;   -1.6;eor
       4592;20181220;-999;-999;-999;    3;   1.3;   4;    0.000;   0;  -999;   6.7;    -999;    1.6;   97.21;    4.0;    0.2;   -1.1;eor
       4592;20181221;-999;-999;-999;    3;   9.9;   4;    0.000;   0;  -999;   8.3;    -999;    4.9;   94.63;    9.1;    1.0;   -0.7;eor
       4592;20181222;-999;-999;-999;    3;   6.1;   4;    0.767;   0;  -999;   9.7;    -999;    8.3;   88.13;   10.5;    4.6;    1.5;eor
       4592;20181223;-999;-999;-999;    3;  21.8;   4;    0.000;   0;  -999;   8.9;    -999;    6.5;   91.71;   10.7;    4.0;    1.5;eor
       4592;20181224;-999;-999;-999;    3;   0.1;   4;    1.000;   0;  -999;   7.3;    -999;    4.0;   89.17;   11.0;    1.0;   -0.7;eor
       4592;20181225;-999;-999;-999;    3;   0.0;   0;    0.000;   0;  -999;   5.6;    -999;    1.3;   83.63;    2.3;    0.4;   -0.3;eor
       4592;20181226;-999;-999;-999;    3;   0.4;   4;    5.433;   0;  -999;   5.4;    -999;    0.6;   85.50;    3.9;   -2.8;   -4.7;eor
       4592;20181227;-999;-999;-999;    3;   0.0;   0;    1.700;   0;  -999;   5.8;    -999;    0.2;   94.42;    3.1;   -1.0;   -2.4;eor
       4592;20181228;-999;-999;-999;    3;   0.0;   0;    0.783;   0;  -999;   5.7;    -999;   -0.5;   96.21;    1.7;   -1.6;   -3.4;eor
       4592;20181229;-999;-999;-999;    3;   2.6;   4;    0.000;   0;  -999;   5.8;    -999;    0.1;   93.21;    1.7;   -1.3;   -1.7;eor
       4592;20181230;-999;-999;-999;    3;   1.7;   4;    0.000;   0;  -999;   7.3;    -999;    4.2;   88.33;    5.6;    1.7;    1.2;eor
       4592;20181231;-999;-999;-999;    3;   0.2;   4;    0.000;   0;  -999;   8.1;    -999;    4.7;   95.21;    5.5;    3.9;    3.1;eor
       4592;20190101;-999;-999;-999;    3;   3.6;   4;    0.000;   0;  -999;   8.0;    -999;    5.2;   90.67;    6.3;    2.2;    0.9;eor
       4592;20190102;-999;-999;-999;    3;   1.3;   4;    2.983;   1;  -999;   5.2;    -999;    0.3;   83.42;    2.4;   -1.4;   -2.8;eor
       4592;20190103;-999;-999;-999;    3;   0.5;   4;    2.417;   1;  -999;   4.2;    -999;   -1.0;   73.88;    0.4;   -3.1;   -4.1;eor
       4592;20190104;-999;-999;-999;    3;   2.9;   4;    0.000;   3;  -999;   5.2;    -999;   -0.1;   85.54;    1.7;   -1.8;   -2.9;eor
       4592;20190105;-999;-999;-999;    3;   2.5;   4;    0.000;   1;  -999;   6.8;    -999;    2.6;   91.79;    4.8;    0.6;    0.0;eor
       4592;20190106;-999;-999;-999;    3;   0.3;   4;    0.083;   0;  -999;   7.2;    -999;    3.9;   88.58;    4.8;    2.9;    2.4;eor
       4592;20190107;-999;-999;-999;    3;   2.5;   4;    0.000;   0;  -999;   7.2;    -999;    3.7;   89.96;    4.8;    1.7;    1.2;eor
       4592;20190108;-999;-999;-999;    3;   5.4;   4;    0.883;   0;  -999;   6.7;    -999;    2.8;   89.92;    4.5;    1.1;    0.4;eor
       4592;20190109;-999;-999;-999;    3;   0.6;   4;    0.000;   0;  -999;   5.6;    -999;    0.8;   86.13;    2.2;   -0.1;   -0.5;eor
       4592;20190110;-999;-999;-999;    3;   0.0;   0;    0.883;   1;  -999;   4.9;    -999;    0.1;   79.04;    2.0;   -2.1;   -2.9;eor
       4592;20190111;-999;-999;-999;    3;   4.8;   4;    0.000;   0;  -999;   4.5;    -999;   -1.9;   85.00;   -0.1;   -2.7;   -3.1;eor
       4592;20190112;-999;-999;-999;    3;   2.9;   4;    0.000;   6;  -999;   6.3;    -999;    1.5;   92.08;    2.4;   -0.1;   -0.5;eor
       4592;20190113;-999;-999;-999;    3;   4.7;   4;    0.000;   0;  -999;   7.4;    -999;    3.7;   92.83;    6.8;    1.4;    0.7;eor
       4592;20190114;-999;-999;-999;    3;   0.9;   4;    1.767;   0;  -999;   6.0;    -999;    3.0;   78.38;    5.1;    0.0;   -1.2;eor
       4592;20190115;-999;-999;-999;    3;   0.0;   0;    0.000;   0;  -999;   5.6;    -999;    2.2;   78.50;    3.9;    0.0;   -0.4;eor
       4592;20190116;-999;-999;-999;    3;   0.0;   0;    3.167;   0;  -999;   6.0;    -999;    3.4;   76.25;    6.2;   -0.3;   -2.8;eor
       4592;20190117;-999;-999;-999;    3;   3.4;   4;    0.067;   0;  -999;   6.2;    -999;    2.8;   83.17;    7.3;   -1.2;   -4.5;eor
       4592;20190118;-999;-999;-999;    3;   0.0;   0;    3.150;   0;  -999;   4.6;    -999;   -0.9;   81.13;    3.1;   -6.4;   -9.3;eor
       4592;20190119;-999;-999;-999;    3;   0.0;   0;    7.783;   0;  -999;   3.4;    -999;   -4.2;   78.88;    2.6;   -8.1;  -10.9;eor
       4592;20190120;-999;-999;-999;    3;   0.0;   0;    1.767;   0;  -999;   3.5;    -999;   -5.2;   84.29;   -1.9;   -9.5;  -11.8;eor
       4592;20190121;-999;-999;-999;    3;   0.0;   0;    7.833;   0;  -999;   3.4;    -999;   -5.4;   83.08;    1.0;   -9.6;  -12.0;eor
       4592;20190122;-999;-999;-999;    3;   0.0;   0;    0.000;   0;  -999;   3.6;    -999;   -5.5;   88.00;   -3.5;   -9.9;  -12.3;eor
       4592;20190123;-999;-999;-999;    3;   1.0;   4;    0.000;   0;  -999;   3.6;    -999;   -4.9;   84.79;   -3.5;   -6.9;   -6.8;eor
       4592;20190124;-999;-999;-999;    3;   0.1;   4;    0.000;   2;  -999;   4.0;    -999;   -3.4;   84.75;   -2.1;   -4.6;   -6.4;eor
       4592;20190125;-999;-999;-999;    3;   2.1;   4;    0.083;   2;  -999;   3.8;    -999;   -3.9;   82.38;   -2.7;   -4.9;   -5.6;eor
       4592;20190126;-999;-999;-999;    3;   2.5;   4;    0.033;   6;  -999;   5.9;    -999;    0.7;   91.46;    3.8;   -2.7;   -2.8;eor
       4592;20190127;-999;-999;-999;    3;   0.8;   4;    1.650;   1;  -999;   6.5;    -999;    2.5;   88.83;    5.2;    1.1;   -0.6;eor
       4592;20190128;-999;-999;-999;    3;   3.4;   4;    0.033;   0;  -999;   5.9;    -999;    1.4;   87.46;    3.3;    0.3;   -1.1;eor
       4592;20190129;-999;-999;-999;    3;   0.0;   4;    0.683;   2;  -999;   5.2;    -999;   -0.5;   88.00;    2.3;   -6.1;   -9.7;eor
       4592;20190130;-999;-999;-999;    3;   0.0;   0;    3.650;   1;  -999;   4.2;    -999;   -2.8;   83.96;    2.7;   -8.5;  -11.5;eor
       4592;20190131;-999;-999;-999;    3;   0.0;   0;    6.783;   1;  -999;   4.0;    -999;   -3.0;   82.96;    4.5;   -8.4;  -11.9;eor
       4592;20190201;-999;-999;-999;    3;   0.2;   4;    0.000;   1;  -999;   4.9;    -999;    0.2;   79.33;    3.5;   -4.4;   -4.8;eor
       4592;20190202;-999;-999;-999;    3;   1.7;   4;    0.017;   1;  -999;   6.1;    -999;    0.9;   94.04;    2.9;   -1.0;   -3.1;eor
       4592;20190203;-999;-999;-999;    3;  17.9;   4;    0.000;   2;  -999;   5.8;    -999;    0.2;   94.29;    2.0;   -1.0;   -1.5;eor
       4592;20190204;-999;-999;-999;    3;   0.0;   4;    6.317;  26;  -999;   4.2;    -999;   -3.5;   89.00;    3.6;   -9.3;  -15.0;eor
       4592;20190205;-999;-999;-999;    3;   0.0;   0;    0.000;  22;  -999;   4.1;    -999;   -4.7;   95.92;   -2.6;   -6.5;   -6.4;eor
       4592;20190206;-999;-999;-999;    3;   0.0;   4;    0.000;  19;  -999;   4.5;    -999;   -3.6;   95.63;   -1.8;   -4.4;   -4.4;eor
       4592;20190207;-999;-999;-999;    3;   2.7;   4;    0.000;  17;  -999;   4.5;    -999;   -3.6;   95.75;    0.2;   -6.1;   -6.1;eor
       4592;20190208;-999;-999;-999;    3;   0.0;   0;    3.667;  15;  -999;   6.3;    -999;    1.0;   95.04;    4.8;   -1.3;   -4.3;eor
       4592;20190209;-999;-999;-999;    3;   0.0;   0;    5.700;  10;  -999;   6.3;    -999;    3.8;   78.88;    9.3;   -1.4;   -4.6;eor
       4592;20190210;-999;-999;-999;    3;   1.3;   4;    1.483;   6;  -999;   6.5;    -999;    4.7;   77.25;    9.1;    1.3;   -2.2;eor
       4592;20190211;-999;-999;-999;    3;   1.7;   4;    0.733;   0;  -999;   6.1;    -999;    2.9;   81.71;    5.3;    0.5;   -2.6;eor
       4592;20190212;-999;-999;-999;    3;   0.5;   4;    0.350;   0;  -999;   5.4;    -999;    1.9;   76.50;    3.1;    0.9;   -0.5;eor
       4592;20190213;-999;-999;-999;    3;   0.0;   0;    7.833;   0;  -999;   5.2;    -999;    2.4;   74.21;    8.6;   -2.1;   -3.9;eor
       4592;20190214;-999;-999;-999;    3;   0.0;   0;    7.483;   0;  -999;   5.2;    -999;    0.9;   81.92;   10.3;   -3.9;   -5.8;eor
       4592;20190215;-999;-999;-999;    3;   0.0;   0;    9.367;   0;  -999;   5.2;    -999;    1.1;   81.29;   13.1;   -4.9;   -6.9;eor
       4592;20190216;-999;-999;-999;    3;   0.0;   0;    9.400;   0;  -999;   5.2;    -999;    1.1;   81.00;   11.3;   -4.8;   -6.5;eor
       4592;20190217;-999;-999;-999;    3;   0.0;   0;    9.433;   0;  -999;   4.9;    -999;    1.4;   77.33;   12.9;   -5.7;   -7.6;eor
       4592;20190218;-999;-999;-999;    3;   0.0;   0;    9.483;   0;  -999;   4.8;    -999;    1.3;   76.33;   13.8;   -5.9;   -8.0;eor
       4592;20190219;-999;-999;-999;    3;   0.0;   0;    4.933;   0;  -999;   5.7;    -999;    1.9;   81.83;   10.3;   -5.3;   -7.3;eor
       4592;20190220;-999;-999;-999;    3;   0.0;   0;    0.217;   0;  -999;   6.4;    -999;    1.1;   95.21;    6.2;   -3.1;   -5.3;eor
       4592;20190221;-999;-999;-999;    3;   0.4;   4;    1.900;   0;  -999;   6.9;    -999;    4.4;   83.13;   11.9;   -1.6;   -3.2;eor
       4592;20190222;-999;-999;-999;    3;   0.0;   0;    1.250;   0;  -999;   7.9;    -999;    6.8;   78.46;   10.7;   -1.3;   -4.3;eor
       4592;20190223;-999;-999;-999;    3;   0.0;   0;    8.267;   0;  -999;   3.5;    -999;    0.1;   61.17;    7.0;   -4.7;   -7.5;eor
       4592;20190224;-999;-999;-999;    3;   0.0;   0;    5.783;   0;  -999;   3.5;    -999;   -0.3;   63.17;    8.4;   -6.1;   -8.4;eor
       4592;20190225;-999;-999;-999;    3;   0.0;   0;    8.700;   0;  -999;   5.3;    -999;    3.0;   72.33;   16.3;   -4.6;   -6.5;eor
       4592;20190226;-999;-999;-999;    3;   0.0;   0;    9.500;   0;  -999;   5.1;    -999;    5.8;   63.83;   17.9;   -2.7;   -4.9;eor
       4592;20190227;-999;-999;-999;    3;   0.0;   0;    9.633;   0;  -999;   5.9;    -999;    6.5;   64.13;   18.0;   -1.4;   -3.9;eor
       4592;20190228;-999;-999;-999;    3;   0.4;   4;    8.800;   0;  -999;   6.4;    -999;    7.6;   66.21;   16.9;   -2.8;   -5.7;eor
       4592;20190301;-999;-999;-999;    3;   1.4;   4;    0.983;   0;  -999;   8.8;    -999;    7.8;   82.75;    9.8;    5.7;    0.7;eor
       4592;20190302;-999;-999;-999;    3;   0.2;   4;    0.000;   0;  -999;   8.2;    -999;    5.9;   87.71;    7.0;    4.5;    1.8;eor
       4592;20190303;-999;-999;-999;    3;   0.0;   0;    0.067;   0;  -999;   8.1;    -999;    8.6;   73.38;   11.7;    6.0;    2.4;eor
       4592;20190304;-999;-999;-999;    3;   0.6;   4;    1.967;   0;  -999;   6.9;    -999;    8.3;   63.96;   13.9;    4.3;    2.0;eor
       4592;20190305;-999;-999;-999;    3;   3.7;   4;    1.100;   0;  -999;   6.8;    -999;    5.0;   78.92;    9.5;    2.9;    1.1;eor
       4592;20190306;-999;-999;-999;    3;   0.0;   0;    5.950;   0;  -999;   7.7;    -999;    6.8;   79.63;   13.7;    2.4;    0.1;eor
       4592;20190307;-999;-999;-999;    3;   1.0;   4;    0.900;   0;  -999;   7.8;    -999;    6.2;   83.13;   12.5;    2.7;   -0.1;eor
       4592;20190308;-999;-999;-999;    3;   1.0;   4;    2.600;   0;  -999;   6.7;    -999;    5.6;   75.63;   11.1;    0.9;   -2.0;eor
       4592;20190309;-999;-999;-999;    3;   3.2;   4;    1.450;   0;  -999;   7.9;    -999;    7.0;   79.75;   10.5;    1.2;   -1.4;eor
       4592;20190310;-999;-999;-999;    3;   9.4;   4;    1.717;   0;  -999;   8.6;    -999;    8.5;   77.75;   13.6;    4.5;    3.5;eor
       4592;20190311;-999;-999;-999;    3;   3.3;   4;    3.500;   0;  -999;   5.6;    -999;    3.0;   74.88;    5.9;    0.7;   -0.4;eor
       4592;20190312;-999;-999;-999;    3;   0.2;   4;    4.983;   0;  -999;   5.4;    -999;    4.5;   65.33;    9.2;    1.7;    0.5;eor
       4592;20190313;-999;-999;-999;    3;   0.3;   4;    4.033;   0;  -999;   5.7;    -999;    5.8;   62.00;    9.0;    3.5;    1.5;eor
       4592;20190314;-999;-999;-999;    3;   8.2;   4;    0.000;   0;  -999;   7.1;    -999;    4.4;   85.42;    6.1;    2.9;    2.5;eor
       4592;20190315;-999;-999;-999;    3;  26.3;   4;    0.000;   0;  -999;   9.0;    -999;    7.3;   86.71;   10.5;    3.3;    0.8;eor
       4592;20190316;-999;-999;-999;    3;   7.6;   4;    0.167;   0;  -999;   9.3;    -999;    7.3;   89.96;   11.2;    0.4;   -2.2;eor
       4592;20190317;-999;-999;-999;    3;   0.3;   4;    6.350;   0;  -999;   6.8;    -999;    7.3;   72.33;   17.6;    0.0;   -3.3;eor
       4592;20190318;-999;-999;-999;    3;   0.1;   4;    3.383;   0;  -999;   6.0;    -999;    4.0;   74.58;    7.7;   -1.0;   -3.5;eor
       4592;20190319;-999;-999;-999;    3;   0.0;   0;    5.300;   0;  -999;   5.2;    -999;    2.7;   73.58;    8.8;   -2.1;   -4.2;eor
       4592;20190320;-999;-999;-999;    3;   0.0;   0;   10.433;   0;  -999;   4.8;    -999;    3.8;   64.75;   11.5;   -2.1;   -4.7;eor
       4592;20190321;-999;-999;-999;    3;   0.0;   0;   10.450;   0;  -999;   5.1;    -999;    5.7;   63.46;   16.5;   -3.2;   -5.6;eor
       4592;20190322;-999;-999;-999;    3;   0.0;   0;   10.517;   0;  -999;   7.1;    -999;    8.3;   69.25;   19.7;   -0.9;   -3.4;eor
       4592;20190323;-999;-999;-999;    3;   0.0;   0;   10.483;   0;  -999;   7.6;    -999;    9.3;   70.63;   19.9;    0.4;   -2.4;eor
       4592;20190324;-999;-999;-999;    3;   0.0;   0;    8.483;   0;  -999;   8.7;    -999;    9.3;   76.29;   17.0;    2.0;   -1.6;eor
       4592;20190325;-999;-999;-999;    3;   3.8;   4;    4.600;   0;  -999;   6.8;    -999;    4.5;   80.92;    8.5;    0.3;   -2.3;eor
       4592;20190326;-999;-999;-999;    3;   1.0;   4;    1.517;   0;  -999;   5.9;    -999;    3.9;   75.04;    8.7;   -0.5;   -2.6;eor
       4592;20190327;-999;-999;-999;    3;   0.0;   0;    0.283;   0;  -999;   7.0;    -999;    5.8;   77.46;   10.0;    3.1;    1.2;eor
       4592;20190328;-999;-999;-999;    3;   0.0;   0;    0.133;   0;  -999;   8.3;    -999;    7.6;   79.96;   10.9;    3.5;    1.1;eor
       4592;20190329;-999;-999;-999;    3;   0.0;   0;    9.983;   0;  -999;   8.0;    -999;    9.1;   72.54;   16.4;    2.6;   -1.1;eor
       4592;20190330;-999;-999;-999;    3;   0.0;   0;   11.033;   0;  -999;   7.4;    -999;    8.3;   72.92;   18.9;   -0.5;   -2.9;eor
       4592;20190331;-999;-999;-999;    3;   0.0;   0;    8.783;   0;  -999;   7.3;    -999;    9.4;   68.29;   19.4;    0.2;   -2.6;eor
       4592;20190401;-999;-999;-999;    3;   0.0;   0;    8.883;   0;  -999;   7.3;    -999;    9.5;   63.25;   16.2;    3.4;   -0.6;eor
       4592;20190402;-999;-999;-999;    3;   0.0;   0;   11.667;   0;  -999;   7.3;    -999;   10.1;   61.21;   20.1;    1.0;   -2.1;eor
       4592;20190403;-999;-999;-999;    3;   0.0;   0;    8.167;   0;  -999;   7.8;    -999;   12.5;   58.38;   20.7;    5.5;    2.3;eor
       4592;20190404;-999;-999;-999;    3;   0.0;   0;    8.950;   0;  -999;   7.8;    -999;   10.6;   66.04;   22.2;    4.8;    1.1;eor
       4592;20190405;-999;-999;-999;    3;   0.0;   0;    3.200;   0;  -999;   8.3;    -999;    7.9;   78.54;   13.3;    3.8;    0.3;eor
       4592;20190406;-999;-999;-999;    3;   0.0;   0;   10.600;   0;  -999;   8.3;    -999;   10.6;   69.00;   18.5;    2.2;    0.1;eor
       4592;20190407;-999;-999;-999;    3;   0.0;   0;    9.517;   0;  -999;   7.7;    -999;    9.5;   67.83;   17.2;    1.7;   -2.2;eor
       4592;20190408;-999;-999;-999;    3;   0.1;   4;    9.933;   0;  -999;   9.1;    -999;   10.5;   74.25;   18.7;    1.4;   -1.4;eor
       4592;20190409;-999;-999;-999;    3;   0.1;   4;    4.133;   0;  -999;  10.1;    -999;   12.9;   70.04;   19.3;    9.2;    8.1;eor
       4592;20190410;-999;-999;-999;    3;   0.0;   0;    8.483;   0;  -999;   7.4;    -999;    8.9;   64.63;   13.0;    4.4;    3.4;eor
       4592;20190411;-999;-999;-999;    3;   0.0;   0;    6.617;   0;  -999;   5.1;    -999;    5.6;   57.29;   11.3;    0.5;   -1.2;eor
       4592;20190412;-999;-999;-999;    3;   0.0;   0;    8.533;   0;  -999;   4.2;    -999;    3.9;   53.50;    8.9;   -1.2;   -3.3;eor
       4592;20190413;-999;-999;-999;    3;   0.0;   0;    9.333;   0;  -999;   4.5;    -999;    4.8;   54.83;   10.0;    0.6;   -1.0;eor
       4592;20190414;-999;-999;-999;    3;   0.2;   4;    4.967;   0;  -999;   5.9;    -999;    4.7;   69.63;    9.7;   -1.6;   -5.2;eor
       4592;20190415;-999;-999;-999;    3;   0.0;   0;   12.467;   0;  -999;   5.9;    -999;    9.6;   54.00;   16.6;    1.7;   -2.4;eor
       4592;20190416;-999;-999;-999;    3;   0.0;   0;   12.333;   0;  -999;   5.3;    -999;    9.3;   51.25;   18.9;   -1.3;   -4.8;eor
       4592;20190417;-999;-999;-999;    3;   0.0;   0;   12.800;   0;  -999;   5.7;    -999;   10.5;   51.21;   19.4;    0.5;   -2.4;eor
       4592;20190418;-999;-999;-999;    3;   0.0;   0;   12.850;   0;  -999;   7.1;    -999;   12.8;   53.04;   20.5;    1.9;   -1.9;eor
       4592;20190419;-999;-999;-999;    3;   0.0;   0;   12.883;   0;  -999;   7.3;    -999;   14.0;   51.63;   23.6;    2.8;   -1.3;eor
       4592;20190420;-999;-999;-999;    3;   0.0;   0;   12.983;   0;  -999;   6.1;    -999;   13.4;   48.13;   23.7;    2.7;   -0.8;eor
       4592;20190421;-999;-999;-999;    3;   0.0;   0;   13.017;   0;  -999;   6.3;    -999;   13.4;   48.67;   23.3;    2.4;   -1.8;eor
       4592;20190422;-999;-999;-999;    3;   0.0;   0;   12.850;   0;  -999;   6.6;    -999;   14.2;   46.38;   23.1;    2.7;   -0.9;eor
       4592;20190423;-999;-999;-999;    3;   0.0;   0;    7.383;   0;  -999;   9.3;    -999;   15.0;   55.46;   21.0;    9.1;    4.3;eor
       4592;20190424;-999;-999;-999;    3;   0.0;   0;   10.700;   0;  -999;   9.2;    -999;   17.2;   53.00;   27.6;    5.7;    1.8;eor
       4592;20190425;-999;-999;-999;    3;   0.0;   0;   11.517;   0;  -999;   8.3;    -999;   15.9;   52.96;   26.3;    5.0;    1.2;eor
       4592;20190426;-999;-999;-999;    3;   3.3;   4;    4.350;   0;  -999;   9.4;    -999;    9.9;   78.13;   16.4;    6.2;    2.4;eor
       4592;20190427;-999;-999;-999;    3;   1.4;   4;    2.967;   0;  -999;   9.8;    -999;    9.2;   84.21;   16.4;    4.3;    1.3;eor
       4592;20190428;-999;-999;-999;    3;   0.0;   0;    4.433;   0;  -999;   7.4;    -999;    7.3;   74.38;   12.2;    3.3;    0.9;eor
       4592;20190429;-999;-999;-999;    3;   8.6;   4;    0.000;   0;  -999;   8.7;    -999;    6.9;   87.46;   10.1;    2.9;    0.5;eor
       4592;20190430;-999;-999;-999;    3;   0.0;   0;    9.633;   0;  -999;   8.5;    -999;   10.5;   69.21;   17.5;    3.0;   -0.5;eor
       4592;20190501;-999;-999;-999;    3;   0.0;   0;    3.883;-999;  -999;   8.5;    -999;    9.5;   73.83;   18.0;    0.3;   -2.0;eor
       4592;20190502;-999;-999;-999;    3;   0.5;   4;    9.333;-999;  -999;   8.5;    -999;   12.6;   63.75;   19.9;    3.1;    0.6;eor
       4592;20190503;-999;-999;-999;    3;   0.0;   0;    1.817;-999;  -999;   8.8;    -999;   10.4;   70.38;   14.6;    4.6;    1.5;eor
       4592;20190504;-999;-999;-999;    3;   4.1;   4;    0.033;-999;  -999;   7.7;    -999;    5.0;   87.25;   10.4;    0.7;   -1.0;eor
       4592;20190505;-999;-999;-999;    3;   0.0;   0;    4.783;-999;  -999;   5.7;    -999;    5.0;   68.29;   10.0;   -0.9;   -3.7;eor
       4592;20190506;-999;-999;-999;    3;   0.0;   0;    3.467;-999;  -999;   5.9;    -999;    5.2;   68.83;   10.4;   -1.3;   -4.0;eor
       4592;20190507;-999;-999;-999;    3;   0.0;   0;    4.300;-999;  -999;   6.0;    -999;    6.5;   66.08;   12.7;   -1.3;   -3.9;eor
       4592;20190508;-999;-999;-999;    3;   0.4;   4;    2.350;-999;  -999;   8.3;    -999;    9.5;   71.42;   16.5;    0.8;   -1.9;eor
       4592;20190509;-999;-999;-999;    3;   5.9;   4;    2.683;-999;  -999;  10.1;    -999;   11.5;   75.58;   15.9;    7.9;    5.8;eor
       4592;20190510;-999;-999;-999;    3;   0.9;   4;    6.000;-999;  -999;   9.3;    -999;   12.6;   66.00;   17.3;    8.7;    5.8;eor
       4592;20190511;-999;-999;-999;    3;   1.8;   4;    2.317;-999;  -999;  11.1;    -999;   12.6;   76.63;   18.5;    8.8;    7.7;eor
       4592;20190512;-999;-999;-999;    3;   0.0;   0;    0.850;-999;  -999;   7.2;    -999;    9.6;   61.00;   12.9;    6.8;    6.0;eor
       4592;20190513;-999;-999;-999;    3;   0.0;   0;   12.400;-999;  -999;   5.7;    -999;   10.5;   47.13;   16.3;    3.3;   -0.8;eor
       4592;20190514;-999;-999;-999;    3;   0.3;   4;    6.583;-999;  -999;   6.1;    -999;    7.0;   64.04;   13.1;    0.9;   -2.8;eor
       4592;20190515;-999;-999;-999;    3;   1.0;   4;    0.083;-999;  -999;   6.7;    -999;    6.4;   70.00;    9.8;    2.7;    1.1;eor
       4592;20190516;-999;-999;-999;    3;   1.5;   4;    0.000;-999;  -999;   9.1;    -999;    7.3;   88.38;    9.5;    5.1;    4.7;eor
       4592;20190517;-999;-999;-999;    3;   0.0;   0;    7.600;-999;  -999;  10.0;    -999;   11.8;   74.75;   19.1;    4.0;    1.4;eor
       4592;20190518;-999;-999;-999;    3;   0.0;   0;   12.250;-999;  -999;  10.6;    -999;   14.2;   69.21;   22.3;    4.9;    1.9;eor
       4592;20190519;-999;-999;-999;    3;   0.0;   0;   10.233;-999;  -999;  11.0;    -999;   16.3;   63.88;   25.0;    7.3;    4.5;eor
       4592;20190520;-999;-999;-999;    3;  16.1;   4;    1.367;-999;  -999;  13.8;    -999;   14.3;   84.50;   18.1;   12.0;    9.9;eor
       4592;20190521;-999;-999;-999;    3;   6.4;   4;    0.100;-999;  -999;  14.4;    -999;   14.0;   90.29;   17.1;   12.7;   12.2;eor
       4592;20190522;-999;-999;-999;    3;   0.0;   0;    0.117;-999;  -999;  12.6;    -999;   12.8;   84.96;   15.3;    8.8;    7.2;eor
       4592;20190523;-999;-999;-999;    3;   0.0;   0;    9.083;-999;  -999;   9.8;    -999;   13.3;   68.08;   20.2;    5.4;    3.0;eor
       4592;20190524;-999;-999;-999;    3;   0.0;   0;   10.567;-999;  -999;  10.6;    -999;   15.1;   66.83;   22.8;    6.5;    4.8;eor
       4592;20190525;-999;-999;-999;    3;   0.0;   0;    9.767;-999;  -999;  11.6;    -999;   16.0;   67.58;   23.5;    8.9;    7.3;eor
       4592;20190526;-999;-999;-999;    3;   0.0;   0;    8.500;-999;  -999;  11.7;    -999;   16.5;   66.63;   23.8;    9.6;    7.1;eor
       4592;20190527;-999;-999;-999;    3;  27.6;   4;    8.433;-999;  -999;  12.1;    -999;   17.2;   65.33;   23.4;    9.3;    7.1;eor
       4592;20190528;-999;-999;-999;    3;   1.3;   4;    0.083;-999;  -999;  13.6;    -999;   13.7;   86.46;   17.3;    9.7;    8.9;eor
       4592;20190529;-999;-999;-999;    3;   0.0;   0;    0.100;-999;  -999;  10.5;    -999;   11.5;   77.92;   14.5;    7.3;    4.9;eor
       4592;20190530;-999;-999;-999;    3;   0.0;   0;   14.100;-999;  -999;   8.5;    -999;   13.8;   58.96;   21.6;    4.4;    3.3;eor
       4592;20190531;-999;-999;-999;    3;   0.1;   4;    4.500;-999;  -999;  13.3;    -999;   17.1;   69.54;   23.4;   12.2;   10.0;eor
       4592;20190601;-999;-999;-999;    3;   0.0;   0;   13.600;-999;  -999;  13.7;    -999;   19.2;   66.71;   27.3;    9.7;    7.8;eor
       4592;20190602;-999;-999;-999;    3;   0.0;   0;   14.733;-999;  -999;  14.2;    -999;   20.9;   62.67;   29.3;   11.3;    9.6;eor
       4592;20190603;-999;-999;-999;    3;   0.0;   0;   13.667;-999;  -999;  13.8;    -999;   21.8;   59.38;   30.7;   12.1;    9.5;eor
       4592;20190604;-999;-999;-999;    3;   0.0;   0;   13.500;-999;  -999;  13.9;    -999;   22.1;   57.96;   30.9;   13.4;   11.1;eor
       4592;20190605;-999;-999;-999;    3;   0.0;   0;   13.900;-999;  -999;  14.0;    -999;   23.2;   55.13;   32.0;   13.3;   11.0;eor
       4592;20190606;-999;-999;-999;    3;   0.0;   0;    9.600;-999;  -999;  13.6;    -999;   17.9;   66.92;   22.9;   11.9;   10.0;eor
       4592;20190607;-999;-999;-999;    3;   0.0;   0;   12.683;-999;  -999;  13.5;    -999;   19.7;   62.29;   28.8;    9.4;    7.5;eor
       4592;20190608;-999;-999;-999;    3;   0.0;   0;    8.133;-999;  -999;   9.6;    -999;   16.9;   51.96;   22.7;   10.4;    7.8;eor
       4592;20190609;-999;-999;-999;    3;   0.0;   0;    9.833;-999;  -999;  11.8;    -999;   19.1;   56.67;   28.0;    7.7;    5.4;eor
       4592;20190610;-999;-999;-999;    3;   0.6;   4;    4.550;-999;  -999;  16.0;    -999;   19.5;   73.21;   27.7;   13.9;   11.5;eor
       4592;20190611;-999;-999;-999;    3;   0.1;   4;    7.217;-999;  -999;  16.3;    -999;   19.8;   72.29;   27.3;   14.6;   12.9;eor
       4592;20190612;-999;-999;-999;    3;   0.7;   4;    8.350;-999;  -999;  16.1;    -999;   19.0;   74.71;   28.6;   13.2;   11.6;eor
       4592;20190613;-999;-999;-999;    3;   0.0;   0;    9.133;-999;  -999;  13.2;    -999;   19.0;   64.33;   27.3;   13.3;   10.4;eor
       4592;20190614;-999;-999;-999;    3;   0.0;   0;   10.567;-999;  -999;  13.9;    -999;   22.7;   56.58;   32.7;   11.1;    8.6;eor
       4592;20190615;-999;-999;-999;    3;  22.6;   4;    8.933;-999;  -999;  16.3;    -999;   22.6;   61.71;   27.5;   17.6;   16.5;eor
       4592;20190616;-999;-999;-999;    3;   0.2;   4;    1.800;-999;  -999;  16.1;    -999;   17.9;   79.04;   21.5;   15.1;   14.2;eor
       4592;20190617;-999;-999;-999;    3;   0.0;   0;   12.217;-999;  -999;  14.7;    -999;   20.5;   64.00;   27.2;   12.4;   10.9;eor
       4592;20190618;-999;-999;-999;    3;   0.0;   0;   13.767;-999;  -999;  15.8;    -999;   22.4;   61.63;   29.6;   13.9;   11.3;eor
       4592;20190619;-999;-999;-999;    3;   0.3;   4;    9.717;-999;  -999;  16.1;    -999;   23.0;   61.21;   31.0;   15.9;   13.7;eor
       4592;20190620;-999;-999;-999;    3;   2.1;   4;    5.400;-999;  -999;  16.2;    -999;   19.8;   72.79;   27.0;   14.6;   12.8;eor
       4592;20190621;-999;-999;-999;    3;   0.0;   0;    6.833;-999;  -999;  15.7;    -999;   19.6;   72.17;   26.0;   14.4;   13.4;eor
       4592;20190622;-999;-999;-999;    3;   0.1;   4;    4.317;-999;  -999;  16.3;    -999;   20.0;   70.63;   25.7;   15.0;   13.1;eor
       4592;20190623;-999;-999;-999;    3;   0.1;   4;    5.300;-999;  -999;  16.8;    -999;   20.4;   71.38;   26.2;   16.1;   14.5;eor
       4592;20190624;-999;-999;-999;    3;   0.0;   0;   14.533;-999;  -999;  15.6;    -999;   23.4;   58.79;   31.3;   15.0;   13.0;eor
       4592;20190625;-999;-999;-999;    3;   0.0;   0;   14.800;-999;  -999;  16.7;    -999;   25.0;   57.67;   34.1;   14.8;   12.4;eor
       4592;20190626;-999;-999;-999;    3;   0.0;   0;   14.650;-999;  -999;  18.4;    -999;   27.8;   55.38;   37.4;   16.7;   14.2;eor
       4592;20190627;-999;-999;-999;    3;   0.0;   0;   14.617;-999;  -999;  15.4;    -999;   26.3;   47.33;   32.8;   18.1;   14.0;eor
       4592;20190628;-999;-999;-999;    3;   0.0;   0;   14.883;-999;  -999;  10.6;    -999;   22.1;   42.46;   29.9;   14.8;   11.3;eor
       4592;20190629;-999;-999;-999;    3;   0.0;   0;   14.850;-999;  -999;  11.4;    -999;   22.8;   46.54;   32.6;   12.5;    9.7;eor
       4592;20190630;-999;-999;-999;    3;   0.0;   0;   14.833;-999;  -999;  13.0;    -999;   25.5;   47.00;   37.0;   13.1;   10.3;eor
       4592;20190701;-999;-999;-999;    3;   0.0;   0;    9.150;-999;  -999;  17.6;    -999;   25.5;   56.54;   34.9;   18.0;   16.3;eor
       4592;20190702;-999;-999;-999;    3;   0.0;   0;   13.633;-999;  -999;  10.1;    -999;   22.6;   38.38;   27.8;   15.7;   12.5;eor
       4592;20190703;-999;-999;-999;    3;   0.0;   0;   14.817;-999;  -999;   8.6;    -999;   20.0;   39.63;   27.0;   12.6;   10.4;eor
       4592;20190704;-999;-999;-999;    3;   0.0;   0;   14.683;-999;  -999;   8.4;    -999;   20.3;   38.21;   28.4;   12.1;    8.4;eor
       4592;20190705;-999;-999;-999;    3;   0.0;   0;    3.567;-999;  -999;  10.3;    -999;   19.8;   48.04;   27.0;   12.5;   10.1;eor
       4592;20190706;-999;-999;-999;    3;   3.1;   4;   10.750;-999;  -999;   9.4;    -999;   22.6;   41.13;   32.2;   12.5;   10.2;eor
       4592;20190707;-999;-999;-999;    3;   0.0;   0;    4.283;-999;  -999;  13.2;    -999;   18.5;   62.21;   22.4;   14.6;   12.9;eor
       4592;20190708;-999;-999;-999;    3;   0.0;   0;   10.600;-999;  -999;   8.6;    -999;   17.0;   47.42;   23.5;   10.0;    7.6;eor
       4592;20190709;-999;-999;-999;    3;   0.0;   0;    8.667;-999;  -999;   8.5;    -999;   15.2;   51.58;   21.2;    8.9;    5.6;eor
       4592;20190710;-999;-999;-999;    3;   0.0;   0;   13.967;-999;  -999;   8.6;    -999;   16.0;   52.17;   24.1;    6.2;    3.6;eor
       4592;20190711;-999;-999;-999;    3;   1.9;   4;    0.233;-999;  -999;  11.7;    -999;   15.7;   68.33;   22.8;    9.9;    7.6;eor
       4592;20190712;-999;-999;-999;    3;  13.0;   4;    4.317;-999;  -999;  15.2;    -999;   17.8;   76.79;   24.2;   14.0;   13.3;eor
       4592;20190713;-999;-999;-999;    3;   2.7;   4;    2.300;-999;  -999;  15.8;    -999;   15.8;   88.58;   20.8;   13.7;   13.4;eor
       4592;20190714;-999;-999;-999;    3;   4.9;   4;    6.083;-999;  -999;  14.8;    -999;   17.3;   76.25;   23.1;   13.1;   11.5;eor
       4592;20190715;-999;-999;-999;    3;   0.0;   0;   11.817;-999;  -999;  12.9;    -999;   19.0;   62.00;   26.6;   12.1;   11.0;eor
       4592;20190716;-999;-999;-999;    3;   0.0;   0;   12.700;-999;  -999;  12.2;    -999;   17.9;   62.75;   24.8;   11.5;    9.1;eor
       4592;20190717;-999;-999;-999;    3;   0.0;   0;   12.833;-999;  -999;  12.1;    -999;   19.4;   58.29;   27.3;   11.5;    9.6;eor
       4592;20190718;-999;-999;-999;    3;   0.1;   4;   11.133;-999;  -999;  12.0;    -999;   20.7;   54.79;   28.7;   11.5;    9.6;eor
       4592;20190719;-999;-999;-999;    3;   0.3;   4;    2.367;-999;  -999;  15.6;    -999;   20.8;   65.29;   26.9;   15.1;   13.1;eor
       4592;20190720;-999;-999;-999;    3;  10.6;   4;   11.583;-999;  -999;  15.7;    -999;   24.3;   57.04;   33.0;   15.4;   13.5;eor
       4592;20190721;-999;-999;-999;    3;   0.2;   4;    7.917;-999;  -999;  17.8;    -999;   21.7;   70.96;   27.4;   16.9;   15.1;eor
       4592;20190722;-999;-999;-999;    3;   0.0;   0;    9.900;-999;  -999;  15.2;    -999;   22.0;   63.71;   30.5;   14.6;   13.1;eor
       4592;20190723;-999;-999;-999;    3;   0.0;   0;   14.617;-999;  -999;  15.1;    -999;   24.3;   54.71;   33.4;   14.4;   12.7;eor
       4592;20190724;-999;-999;-999;    3;   0.0;   0;   14.533;-999;  -999;  15.9;    -999;   26.7;   51.00;   36.2;   16.4;   14.4;eor
       4592;20190725;-999;-999;-999;    3;   0.0;   0;   14.233;-999;  -999;  15.6;    -999;   27.8;   48.21;   37.3;   18.1;   16.1;eor
       4592;20190726;-999;-999;-999;    3;   5.0;   4;   12.300;-999;  -999;  13.4;    -999;   27.9;   41.00;   37.3;   17.5;   15.0;eor
       4592;20190727;-999;-999;-999;    3;   0.7;   4;    2.517;-999;  -999;  18.0;    -999;   21.7;   70.33;   26.7;   16.9;   16.3;eor
       4592;20190728;-999;-999;-999;    3;   0.0;   0;    4.067;-999;  -999;  18.9;    -999;   22.0;   73.04;   27.3;   18.1;   16.7;eor
       4592;20190729;-999;-999;-999;    3;   0.0;   0;    4.833;-999;  -999;  19.6;    -999;   21.4;   77.08;   26.4;   19.2;   18.6;eor
       4592;20190730;-999;-999;-999;    3;   0.0;   0;    3.833;-999;  -999;  18.1;    -999;   22.3;   69.33;   27.8;   16.9;   14.6;eor
       4592;20190731;-999;-999;-999;    3;   6.4;   4;    1.833;-999;  -999;  17.2;    -999;   18.8;   80.13;   23.9;   15.6;   13.8;eor
       4592;20190801;-999;-999;-999;    3;   0.0;   0;   10.083;-999;  -999;  13.5;    -999;   20.4;   61.08;   26.6;   13.2;   10.7;eor
       4592;20190802;-999;-999;-999;    3;   0.0;   0;    7.400;-999;  -999;  11.8;    -999;   20.3;   53.71;   28.0;   12.5;   10.7;eor
       4592;20190803;-999;-999;-999;    3;   2.7;   4;    4.700;-999;  -999;  14.6;    -999;   18.1;   71.96;   23.6;   13.4;   11.8;eor
       4592;20190804;-999;-999;-999;    3;   0.0;   0;    8.050;-999;  -999;  15.1;    -999;   18.7;   74.58;   27.3;   12.6;   12.4;eor
       4592;20190805;-999;-999;-999;    3;   2.0;   4;    4.167;-999;  -999;  16.4;    -999;   19.2;   75.88;   26.9;   12.8;   11.0;eor
       4592;20190806;-999;-999;-999;    3;   8.8;   4;    4.500;-999;  -999;  19.9;    -999;   20.3;   84.79;   28.0;   17.0;   15.9;eor
       4592;20190807;-999;-999;-999;    3;  13.7;   4;    0.683;-999;  -999;  19.6;    -999;   18.0;   94.79;   20.9;   15.7;   14.6;eor
       4592;20190808;-999;-999;-999;    3;   0.0;   0;    8.517;-999;  -999;  16.2;    -999;   19.5;   74.92;   26.2;   14.1;   12.5;eor
       4592;20190809;-999;-999;-999;    3;   2.1;   4;   10.967;-999;  -999;  16.9;    -999;   22.5;   66.38;   31.1;   13.1;   11.7;eor
       4592;20190810;-999;-999;-999;    3;   4.6;   4;    3.517;-999;  -999;  20.4;    -999;   20.0;   87.29;   22.9;   17.1;   15.4;eor
       4592;20190811;-999;-999;-999;    3;   8.4;   4;    9.750;-999;  -999;  17.4;    -999;   21.7;   71.79;   29.2;   15.5;   13.7;eor
       4592;20190812;-999;-999;-999;    3;   1.8;   4;    1.083;-999;  -999;  16.0;    -999;   15.7;   89.50;   18.4;   14.4;   13.5;eor
       4592;20190813;-999;-999;-999;    3;   0.0;   0;    7.367;-999;  -999;  13.0;    -999;   16.9;   69.25;   21.2;   12.3;    9.5;eor
       4592;20190814;-999;-999;-999;    3;   1.0;   4;    9.833;-999;  -999;  11.3;    -999;   15.1;   69.71;   22.1;    8.7;    6.9;eor
       4592;20190815;-999;-999;-999;    3;   0.9;   4;    6.033;-999;  -999;  14.0;    -999;   15.2;   81.63;   20.7;    8.1;    6.5;eor
       4592;20190816;-999;-999;-999;    3;   0.0;   0;    6.283;-999;  -999;  13.9;    -999;   16.9;   74.79;   22.8;   11.2;    8.9;eor
       4592;20190817;-999;-999;-999;    3;   0.2;   4;    2.717;-999;  -999;  15.6;    -999;   17.8;   77.92;   24.5;   10.7;    8.6;eor
       4592;20190818;-999;-999;-999;    3;  14.4;   4;   11.267;-999;  -999;  16.8;    -999;   22.7;   66.00;   32.2;   15.9;   14.0;eor
       4592;20190819;-999;-999;-999;    3;   0.0;   4;    1.667;-999;  -999;  19.6;    -999;   19.3;   87.96;   23.4;   17.1;   16.6;eor
       4592;20190820;-999;-999;-999;    3;  21.6;   4;    0.017;-999;  -999;  18.8;    -999;   17.8;   91.96;   22.4;   13.7;   13.3;eor
       4592;20190821;-999;-999;-999;    3;   0.0;   0;    9.967;-999;  -999;  13.7;    -999;   16.4;   76.33;   23.1;   11.5;    9.6;eor
       4592;20190822;-999;-999;-999;    3;   0.0;   0;   12.283;-999;  -999;  13.2;    -999;   17.1;   71.17;   24.4;    9.8;    7.9;eor
       4592;20190823;-999;-999;-999;    3;   0.0;   0;   11.800;-999;  -999;  14.7;    -999;   18.4;   72.63;   26.4;   10.4;    8.8;eor
       4592;20190824;-999;-999;-999;    3;   0.0;   0;   11.533;-999;  -999;  18.0;    -999;   21.9;   70.21;   29.0;   14.9;   12.8;eor
       4592;20190825;-999;-999;-999;    3;   0.0;   0;   10.717;-999;  -999;  19.1;    -999;   22.4;   74.04;   29.9;   16.4;   14.7;eor
       4592;20190826;-999;-999;-999;    3;  29.3;   4;    8.717;-999;  -999;  19.7;    -999;   20.3;   85.13;   30.2;   15.8;   14.2;eor
       4592;20190827;-999;-999;-999;    3;   0.0;   0;   10.267;-999;  -999;  19.6;    -999;   22.0;   77.79;   29.8;   16.1;   15.0;eor
       4592;20190828;-999;-999;-999;    3;   0.0;   0;    8.867;-999;  -999;  19.3;    -999;   22.0;   76.71;   30.0;   16.1;   14.5;eor
       4592;20190829;-999;-999;-999;    3;   0.0;   0;    8.600;-999;  -999;  18.6;    -999;   22.0;   73.54;   29.6;   16.3;   15.2;eor
       4592;20190830;-999;-999;-999;    3;   0.0;   0;   11.867;-999;  -999;  19.1;    -999;   22.4;   73.92;   30.3;   15.7;   14.0;eor
       4592;20190831;-999;-999;-999;    3;   0.0;   0;   12.100;-999;  -999;  18.1;    -999;   22.5;   70.83;   31.5;   15.7;   14.1;eor
       4592;20190901;-999;-999;-999;    3;   0.0;   0;    8.617;-999;  -999;  16.3;    -999;   21.8;   65.42;   29.1;   15.3;   13.6;eor
       4592;20190902;-999;-999;-999;    3;   0.0;   0;    6.583;-999;  -999;  10.7;    -999;   17.3;   55.33;   22.6;    9.9;    6.9;eor
       4592;20190903;-999;-999;-999;    3;   0.0;   0;   12.267;-999;  -999;   9.9;    -999;   14.9;   64.13;   23.5;    7.0;    4.9;eor
       4592;20190904;-999;-999;-999;    3;   0.0;   0;   12.250;-999;  -999;  11.3;    -999;   16.0;   67.00;   25.6;    7.4;    5.4;eor
       4592;20190905;-999;-999;-999;    3;   0.0;   0;    1.900;-999;  -999;  11.4;    -999;   15.0;   68.83;   19.9;    9.5;    7.6;eor
       4592;20190906;-999;-999;-999;    3;   1.5;   4;    3.083;-999;  -999;  10.9;    -999;   14.6;   66.17;   19.3;    9.6;    7.0;eor
       4592;20190907;-999;-999;-999;    3;   4.5;   4;    2.233;-999;  -999;  12.7;    -999;   13.4;   84.00;   17.7;   10.5;    9.1;eor
       4592;20190908;-999;-999;-999;    3;  12.6;   4;    0.983;-999;  -999;  13.0;    -999;   12.2;   91.75;   16.4;   10.5;    9.4;eor
       4592;20190909;-999;-999;-999;    3;   3.6;   4;    0.733;-999;  -999;  12.6;    -999;   11.7;   91.38;   14.6;    7.4;    5.4;eor
       4592;20190910;-999;-999;-999;    3;   0.0;   0;    6.100;-999;  -999;  11.5;    -999;   11.1;   88.75;   18.2;    7.2;    5.1;eor
       4592;20190911;-999;-999;-999;    3;   0.0;   0;    9.983;-999;  -999;  11.0;    -999;   13.3;   76.54;   22.4;    6.9;    5.9;eor
       4592;20190912;-999;-999;-999;    3;   0.0;   0;    6.167;-999;  -999;  13.5;    -999;   16.3;   75.46;   23.9;    9.0;    6.8;eor
       4592;20190913;-999;-999;-999;    3;   0.0;   0;    4.067;-999;  -999;  15.8;    -999;   17.6;   80.00;   23.8;   11.5;    9.1;eor
       4592;20190914;-999;-999;-999;    3;   0.0;   0;    9.700;-999;  -999;  14.4;    -999;   17.3;   75.00;   23.6;   11.3;    8.5;eor
       4592;20190915;-999;-999;-999;    3;   0.0;   0;   10.883;-999;  -999;  14.4;    -999;   16.9;   78.13;   26.6;    8.9;    6.5;eor
       4592;20190916;-999;-999;-999;    3;   0.2;   4;    3.800;-999;  -999;  12.9;    -999;   16.4;   73.08;   24.4;    9.6;    6.8;eor
       4592;20190917;-999;-999;-999;    3;   0.0;   0;    6.167;-999;  -999;  11.7;    -999;   15.5;   66.29;   18.9;   11.2;    8.5;eor
       4592;20190918;-999;-999;-999;    3;   0.0;   0;    9.717;-999;  -999;   8.1;    -999;   11.2;   63.08;   17.2;    5.2;    1.7;eor
       4592;20190919;-999;-999;-999;    3;   0.0;   0;   10.183;-999;  -999;   7.4;    -999;    8.7;   69.58;   15.3;    3.0;    0.5;eor
       4592;20190920;-999;-999;-999;    3;   0.0;   0;   10.267;-999;  -999;   7.8;    -999;    8.7;   73.79;   17.3;    1.3;   -0.9;eor
       4592;20190921;-999;-999;-999;    3;   0.0;   0;   10.317;-999;  -999;   8.9;    -999;   11.6;   70.67;   22.2;    2.5;    0.4;eor
       4592;20190922;-999;-999;-999;    3;   0.0;   0;    7.217;-999;  -999;  10.5;    -999;   13.3;   71.58;   22.4;    4.2;    1.2;eor
       4592;20190923;-999;-999;-999;    3;   1.9;   4;    0.117;-999;  -999;  14.0;    -999;   13.5;   90.33;   15.7;   10.0;    8.0;eor
       4592;20190924;-999;-999;-999;    3;   0.9;   4;    3.433;-999;  -999;  13.9;    -999;   14.5;   85.17;   19.9;   10.8;    8.8;eor
       4592;20190925;-999;-999;-999;    3;   0.6;   4;    2.667;-999;  -999;  13.4;    -999;   14.7;   80.96;   18.8;   12.1;   10.4;eor
       4592;20190926;-999;-999;-999;    3;   1.5;   4;    2.550;-999;  -999;  15.1;    -999;   15.1;   88.42;   19.1;   12.2;   11.6;eor
       4592;20190927;-999;-999;-999;    3;   4.5;   4;    1.217;-999;  -999;  15.5;    -999;   15.2;   90.00;   20.5;   10.8;    8.6;eor
       4592;20190928;-999;-999;-999;    3;   1.1;   4;    2.533;-999;  -999;  13.0;    -999;   13.5;   84.88;   19.1;    9.7;    7.3;eor
       4592;20190929;-999;-999;-999;    3;   0.5;   4;    8.250;-999;  -999;  11.8;    -999;   15.2;   70.58;   22.1;    8.4;    6.2;eor
       4592;20190930;-999;-999;-999;    3;   0.0;   0;    2.633;-999;  -999;  11.2;    -999;   14.6;   67.71;   19.3;    7.3;    4.7;eor
       4592;20191001;-999;-999;-999;    3;   0.3;   4;    4.500;   0;  -999;  12.8;    -999;   14.2;   79.75;   21.9;    7.0;    4.1;eor
       4592;20191002;-999;-999;-999;    3;   6.1;   4;    0.217;   0;  -999;  12.2;    -999;   11.8;   87.08;   16.3;    5.4;    3.4;eor
       4592;20191003;-999;-999;-999;    3;   0.0;   0;    0.133;   0;  -999;   8.9;    -999;    7.4;   86.96;   10.9;    3.6;    1.1;eor
       4592;20191004;-999;-999;-999;    3;   3.8;   4;    0.950;   0;  -999;   9.9;    -999;    8.8;   87.92;   12.5;    5.2;    2.7;eor
       4592;20191005;-999;-999;-999;    3;   1.6;   4;    0.983;   0;  -999;  10.1;    -999;    9.5;   84.96;   11.9;    6.7;    6.1;eor
       4592;20191006;-999;-999;-999;    3;   2.6;   4;    1.517;   0;  -999;   8.5;    -999;    7.9;   80.63;   11.7;    4.1;    3.1;eor
       4592;20191007;-999;-999;-999;    3;   0.0;   0;    3.200;   0;  -999;   9.0;    -999;    7.9;   85.13;   10.4;    5.7;    4.8;eor
       4592;20191008;-999;-999;-999;    3;   8.0;   4;    0.000;   0;  -999;  12.0;    -999;   10.4;   94.38;   12.3;    7.7;    7.2;eor
       4592;20191009;-999;-999;-999;    3;   3.7;   4;    0.000;   0;  -999;  12.4;    -999;   11.2;   92.46;   12.8;    9.5;    7.7;eor
       4592;20191010;-999;-999;-999;    3;   0.9;   4;    3.400;   0;  -999;  10.1;    -999;    9.2;   87.00;   14.1;    5.2;    2.5;eor
       4592;20191011;-999;-999;-999;    3;   0.0;   0;    8.250;   0;  -999;  10.5;    -999;    9.9;   87.00;   17.6;    4.3;    1.3;eor
       4592;20191012;-999;-999;-999;    3;   0.0;   0;    8.817;   0;  -999;  12.1;    -999;   12.7;   83.25;   20.3;    6.8;    3.1;eor
       4592;20191013;-999;-999;-999;    3;   0.0;   0;    9.067;   0;  -999;  12.5;    -999;   14.0;   81.79;   23.2;    8.6;    6.3;eor
       4592;20191014;-999;-999;-999;    3;   0.0;   0;    9.550;   0;  -999;  13.0;    -999;   13.6;   85.04;   25.6;    6.4;    4.4;eor
       4592;20191015;-999;-999;-999;    3;   3.3;   4;    3.133;   0;  -999;  12.7;    -999;   11.2;   95.33;   17.4;    7.3;    5.8;eor
       4592;20191016;-999;-999;-999;    3;   0.0;   0;    3.100;   0;  -999;  10.6;    -999;   11.7;   78.17;   16.6;    5.4;    2.9;eor
       4592;20191017;-999;-999;-999;    3;   0.1;   4;    6.900;   0;  -999;  10.5;    -999;   10.3;   84.96;   18.5;    4.2;    2.5;eor
       4592;20191018;-999;-999;-999;    1;   0.8;   4;    4.400;   0;  -999;  12.1;    -999;   12.8;   83.21;   19.2;    8.4;    6.2;eor
       4592;20191019;-999;-999;-999;    1;   0.3;   4;    0.600;   0;  -999;  12.4;    -999;   11.2;   93.38;   14.6;    8.2;    6.2;eor
       4592;20191020;-999;-999;-999;    1;   0.0;   0;    5.500;   0;  -999;  11.7;    -999;   10.7;   91.33;   18.3;    6.2;    4.7;eor
       4592;20191021;-999;-999;-999;    1;   0.0;   0;    3.700;   0;  -999;  12.2;    -999;   11.3;   91.21;   19.0;    6.4;    4.4;eor
       4592;20191022;-999;-999;-999;    1;   0.0;   0;    4.800;   0;  -999;  12.5;    -999;   11.5;   92.46;   18.3;    7.5;    5.1;eor
       4592;20191023;-999;-999;-999;    1;   0.0;   0;    1.900;   0;  -999;  12.8;    -999;   11.3;   94.88;   16.8;    7.7;    5.7;eor
       4592;20191024;-999;-999;-999;    1;   0.0;   0;    3.083;   0;  -999;  12.4;    -999;   10.9;   94.67;   14.9;    7.8;    7.6;eor
       4592;20191025;-999;-999;-999;    1;   0.0;   0;    5.200;   0;  -999;  12.0;    -999;   12.1;   86.83;   18.9;    6.6;    4.7;eor
       4592;20191026;-999;-999;-999;    1;   0.0;   0;    0.000;   0;  -999;  11.6;    -999;    9.1;   99.67;   11.4;    6.5;    5.8;eor
       4592;20191027;-999;-999;-999;    1;   2.3;   4;    6.283;   0;  -999;  12.7;    -999;   13.0;   85.83;   19.3;    8.3;    8.0;eor
       4592;20191028;-999;-999;-999;    1;   0.0;   0;    6.167;   0;  -999;   8.1;    -999;    7.1;   81.17;   11.5;    3.3;    1.8;eor
       4592;20191029;-999;-999;-999;    1;   0.0;   0;    0.933;   0;  -999;   7.5;    -999;    6.3;   79.58;    9.9;    3.2;    1.8;eor
       4592;20191030;-999;-999;-999;    1;   0.0;   0;    6.917;   0;  -999;   6.3;    -999;    4.8;   74.04;    8.9;   -0.3;   -2.9;eor
       4592;20191031;-999;-999;-999;    1;   0.0;   0;    8.867;   0;  -999;   5.5;    -999;    1.8;   81.50;    8.2;   -3.1;   -5.3;eor
       4592;20191101;-999;-999;-999;    1;   5.3;   4;    0.000;   0;  -999;   7.2;    -999;    3.1;   92.96;    6.4;   -1.6;   -3.9;eor
       4592;20191102;-999;-999;-999;    1;   5.2;   4;    0.450;   0;  -999;  11.2;    -999;    9.1;   96.67;   13.1;    6.4;    6.2;eor
       4592;20191103;-999;-999;-999;    1;   3.7;   4;    0.267;   0;  -999;  11.4;    -999;    9.5;   95.75;   11.9;    8.2;    7.8;eor
       4592;20191104;-999;-999;-999;    1;   0.6;   4;    2.450;   0;  -999;  10.4;    -999;    9.6;   87.33;   13.1;    6.6;    4.3;eor
       4592;20191105;-999;-999;-999;    1;   0.2;   4;    0.183;   0;  -999;   9.3;    -999;    7.2;   91.54;   10.9;    2.6;    0.1;eor
       4592;20191106;-999;-999;-999;    1;   0.5;   4;    0.483;   0;  -999;   9.2;    -999;    6.4;   95.63;   10.1;    4.1;    1.7;eor
       4592;20191107;-999;-999;-999;    1;   0.0;   0;    6.467;   0;  -999;   8.6;    -999;    6.8;   87.92;   11.8;    3.9;    1.3;eor
       4592;20191108;-999;-999;-999;    1;   2.6;   4;    0.000;   0;  -999;   8.6;    -999;    5.5;   94.71;    7.1;    3.2;    1.7;eor
       4592;20191109;-999;-999;-999;    1;   0.0;   0;    0.717;   0;  -999;   7.7;    -999;    4.3;   92.71;    7.2;   -0.5;   -2.5;eor
       4592;20191110;-999;-999;-999;    1;   0.0;   4;    0.000;   0;  -999;   6.2;    -999;    0.3;   99.50;    2.9;   -1.1;   -0.8;eor
       4592;20191111;-999;-999;-999;    1;   0.5;   4;    0.000;   0;  -999;   6.3;    -999;    1.2;   95.33;    2.6;   -0.3;   -0.1;eor
       4592;20191112;-999;-999;-999;    1;   2.8;   4;    0.000;   0;  -999;   7.5;    -999;    3.7;   94.08;    5.3;    1.0;    0.8;eor
       4592;20191113;-999;-999;-999;    1;   1.1;   4;    0.000;   0;  -999;   7.2;    -999;    2.9;   96.33;    5.0;    1.0;    0.5;eor
       4592;20191114;-999;-999;-999;    1;   0.0;   0;    7.333;   0;  -999;   6.4;    -999;    2.6;   86.92;    8.3;   -1.9;   -3.4;eor
       4592;20191115;-999;-999;-999;    1;   1.1;   4;    0.100;   0;  -999;   7.3;    -999;    2.9;   95.71;    6.9;   -1.6;   -3.1;eor
       4592;20191116;-999;-999;-999;    1;   0.2;   4;    0.000;   0;  -999;   7.8;    -999;    5.0;   89.58;    6.5;    3.1;    0.7;eor
       4592;20191117;-999;-999;-999;    1;   0.7;   4;    4.617;   0;  -999;   9.0;    -999;    7.1;   88.88;   13.4;    3.2;    2.6;eor
       4592;20191118;-999;-999;-999;    1;   0.0;   0;    3.217;   0;  -999;   7.3;    -999;    5.1;   82.58;    8.6;    0.8;   -1.9;eor
       4592;20191119;-999;-999;-999;    1;   0.0;   0;    4.567;   0;  -999;   6.5;    -999;    3.1;   85.25;    7.6;   -1.6;   -3.7;eor
       4592;20191120;-999;-999;-999;    1;   0.1;   4;    0.450;   0;  -999;   7.4;    -999;    4.6;   88.08;    6.4;    2.7;    2.2;eor
       4592;20191121;-999;-999;-999;    1;   0.7;   4;    0.000;   0;  -999;   8.3;    -999;    4.8;   95.75;    5.6;    3.5;    3.4;eor
       4592;20191122;-999;-999;-999;    1;   0.0;   0;    0.000;   0;  -999;   7.3;    -999;    3.1;   95.79;    4.9;   -0.4;   -0.8;eor
       4592;20191123;-999;-999;-999;    1;   0.0;   0;    6.667;   0;  -999;   7.0;    -999;    2.9;   92.71;   11.7;   -2.2;   -2.8;eor
       4592;20191124;-999;-999;-999;    1;   0.0;   0;    3.017;   0;  -999;   7.1;    -999;    2.7;   95.17;    9.7;   -0.6;   -2.5;eor
       4592;20191125;-999;-999;-999;    1;   0.0;   4;    0.000;   0;  -999;   7.6;    -999;    3.1;   99.08;    4.1;    1.6;    1.6;eor
       4592;20191126;-999;-999;-999;    1;   0.0;   0;    0.000;   0;  -999;   7.9;    -999;    4.0;   97.58;    5.3;    2.8;    2.6;eor
       4592;20191127;-999;-999;-999;    1;   0.5;   4;    0.000;   0;  -999;   8.1;    -999;    4.3;   96.92;    5.9;    3.0;    0.9;eor
       4592;20191128;-999;-999;-999;    1;   2.1;   4;    1.583;   0;  -999;   9.0;    -999;    7.7;   85.71;   11.7;    3.9;    1.2;eor
       4592;20191129;-999;-999;-999;    1;   4.3;   4;    0.000;   0;  -999;   8.1;    -999;    5.5;   88.42;    8.3;    0.9;   -2.1;eor
       4592;20191130;-999;-999;-999;    1;   0.0;   0;    2.417;   0;  -999;   6.2;    -999;    2.3;   85.83;    5.8;   -2.7;   -4.9;eor
       4592;20191201;-999;-999;-999;    1;   0.0;   0;    0.517;   0;  -999;   5.2;    -999;   -0.8;   90.21;    2.1;   -4.1;   -6.3;eor
       4592;20191202;-999;-999;-999;    1;   0.0;   0;    3.067;   0;  -999;   5.2;    -999;    1.7;   75.96;    4.1;   -0.1;   -2.9;eor
       4592;20191203;-999;-999;-999;    1;   0.0;   0;    1.233;   0;  -999;   5.9;    -999;    1.3;   87.67;    4.8;   -3.0;   -5.0;eor
       4592;20191204;-999;-999;-999;    1;   0.0;   0;    5.167;   0;  -999;   5.1;    -999;   -1.5;   93.83;    4.6;   -4.3;   -6.3;eor
       4592;20191205;-999;-999;-999;    1;   0.0;   0;    0.000;   0;  -999;   4.8;    -999;   -3.1;   97.58;   -1.4;   -6.1;   -8.5;eor
       4592;20191206;-999;-999;-999;    1;   3.6;   4;    0.000;   0;  -999;   5.1;    -999;   -2.3;   97.75;   -0.6;   -3.8;   -3.6;eor
       4592;20191207;-999;-999;-999;    1;   1.8;   4;    0.767;   0;  -999;   7.8;    -999;    4.0;   94.92;    8.2;   -0.6;   -0.2;eor
       4592;20191208;-999;-999;-999;    1;   1.1;   4;    0.033;   0;  -999;   8.5;    -999;    6.5;   88.21;    8.4;    4.5;    3.7;eor
       4592;20191209;-999;-999;-999;    1;   2.0;   4;    1.600;   0;  -999;   7.8;    -999;    5.9;   84.42;    8.3;    3.7;    0.5;eor
       4592;20191210;-999;-999;-999;    1;   0.0;   0;    0.000;   0;  -999;   6.2;    -999;    1.6;   89.38;    4.7;   -3.7;   -6.0;eor
       4592;20191211;-999;-999;-999;    1;   0.7;   4;    4.300;   0;  -999;   5.0;    -999;   -1.2;   89.58;    2.1;   -5.1;   -7.4;eor
       4592;20191212;-999;-999;-999;    1;   0.1;   4;    0.000;   0;  -999;   6.5;    -999;    1.4;   96.33;    3.1;    0.1;   -0.1;eor
       4592;20191213;-999;-999;-999;    1;   4.6;   4;    0.000;   0;  -999;   6.3;    -999;    1.6;   92.38;    3.6;    0.3;   -0.4;eor
       4592;20191214;-999;-999;-999;    1;   7.5;   4;    1.250;   0;  -999;   6.9;    -999;    4.8;   80.96;    8.0;    0.8;    0.1;eor
       4592;20191215;-999;-999;-999;    1;   2.4;   4;    0.167;   0;  -999;   8.9;    -999;    6.9;   89.29;   12.6;    3.9;    0.5;eor
       4592;20191216;-999;-999;-999;    1;   0.0;   0;    5.133;   0;  -999;   7.8;    -999;    4.0;   95.54;    9.7;   -0.1;   -0.6;eor
       4592;20191217;-999;-999;-999;    1;   0.0;   0;    4.217;   0;  -999;   6.6;    -999;    1.4;   96.38;    7.3;   -1.3;   -2.9;eor
       4592;20191218;-999;-999;-999;    1;   0.0;   0;    0.850;   0;  -999;   7.4;    -999;    3.2;   95.13;    9.9;   -0.2;   -1.7;eor
       4592;20191219;-999;-999;-999;    1;   0.0;   0;    0.000;   0;  -999;   6.3;    -999;    0.4;  100.00;    3.5;   -1.2;   -1.4;eor
       4592;20191220;-999;-999;-999;    1;   2.3;   4;    3.283;   0;  -999;   6.9;    -999;    1.7;   98.58;    6.8;   -2.2;   -3.5;eor
       4592;20191221;-999;-999;-999;    1;   0.0;   0;    0.000;   0;  -999;   8.5;    -999;    5.1;   97.00;    6.2;    3.9;    1.5;eor
       4592;20191222;-999;-999;-999;    1;   1.4;   4;    0.000;   0;  -999;   8.1;    -999;    4.9;   94.21;    6.9;    3.4;    3.3;eor
       4592;20191223;-999;-999;-999;    1;   2.9;   4;    0.450;   0;  -999;   8.0;    -999;    5.8;   86.54;    7.3;    3.1;    0.1;eor
       4592;20191224;-999;-999;-999;    1;   2.4;   4;    1.900;   0;  -999;   7.9;    -999;    5.2;   89.33;    6.8;    2.4;   -0.4;eor
       4592;20191225;-999;-999;-999;    1;   7.0;   4;    0.433;   0;  -999;   8.2;    -999;    5.5;   90.21;    6.9;    3.2;    1.6;eor
       4592;20191226;-999;-999;-999;    1;   0.0;   0;    0.267;   0;  -999;   6.9;    -999;    3.3;   89.38;    6.1;    1.6;    0.3;eor
       4592;20191227;-999;-999;-999;    1;   0.4;   4;    0.783;   0;  -999;   6.4;    -999;    2.0;   90.17;    5.7;   -2.2;   -4.3;eor
       4592;20191228;-999;-999;-999;    1;   0.0;   0;    0.383;   0;  -999;   4.7;    -999;   -1.0;   84.04;    1.7;   -4.7;   -7.0;eor
       4592;20191229;-999;-999;-999;    1;   0.0;   0;    6.983;   0;  -999;   4.0;    -999;   -4.1;   88.88;    1.5;   -7.6;   -9.9;eor
