STATIONS_ID;MESS_DATUM;QN_3;  FX;  FM;QN_4; RSK;RSKF; SDK;SHK_TAG;  NM; VPM;  PM; TMK; UPM; TXK; TNK; TGK;eor
       4651;20180630;-999;-999;-999;    3;   0.0;   0;-999;-999;  -999;   8.9;    -999;   17.8;   46.58;   23.2;   10.3;    7.9;eor
       4651;20180701;-999;-999;-999;    3;   0.0;   0;-999;-999;  -999;   7.8;    -999;   16.0;   46.92;   22.3;    6.4;    4.6;eor
       4651;20180702;-999;-999;-999;    3;   0.0;   0;-999;-999;  -999;   8.4;    -999;   16.7;   48.46;   23.6;    7.5;    5.5;eor
       4651;20180703;-999;-999;-999;    3;   0.0;   0;-999;-999;  -999;   9.0;    -999;   18.3;   48.92;   27.2;    5.9;    4.7;eor
       4651;20180704;-999;-999;-999;    3;   0.0;   0;-999;-999;  -999;  11.6;    -999;   20.9;   52.83;   30.6;    8.3;    6.4;eor
       4651;20180705;-999;-999;-999;    3;   0.0;   0;-999;-999;  -999;  14.0;    -999;   21.5;   57.54;   28.5;   13.1;   11.2;eor
       4651;20180706;-999;-999;-999;    3;   0.1;   4;-999;-999;  -999;  12.5;    -999;   16.5;   68.54;   23.4;    7.9;    5.3;eor
       4651;20180707;-999;-999;-999;    3;   0.0;   0;-999;-999;  -999;  10.6;    -999;   15.8;   62.96;   23.9;    5.7;    3.2;eor
       4651;20180708;-999;-999;-999;    3;   0.0;   0;-999;-999;  -999;  11.9;    -999;   17.2;   63.50;   25.5;    9.6;    7.2;eor
       4651;20180709;-999;-999;-999;    3;   0.9;   4;-999;-999;  -999;  12.5;    -999;   16.4;   68.38;   22.2;    7.8;    6.3;eor
       4651;20180710;-999;-999;-999;    3;   4.8;   4;-999;-999;  -999;  13.0;    -999;   13.2;   85.58;   14.7;   11.2;   11.1;eor
       4651;20180711;-999;-999;-999;    3;   0.0;   0;-999;-999;  -999;  13.6;    -999;   14.5;   83.29;   20.0;   10.1;    9.4;eor
       4651;20180712;-999;-999;-999;    3;   1.1;   4;-999;-999;  -999;  14.9;    -999;   17.8;   75.92;   25.8;   11.8;   11.1;eor
       4651;20180713;-999;-999;-999;    3;   0.0;   0;-999;-999;  -999;  14.4;    -999;   17.8;   73.25;   23.5;   11.0;    8.9;eor
       4651;20180714;-999;-999;-999;    3;   0.0;   0;-999;-999;  -999;  14.0;    -999;   17.9;   70.75;   25.1;   11.2;    9.2;eor
       4651;20180715;-999;-999;-999;    3;   0.0;   0;-999;-999;  -999;  11.3;    -999;   18.4;   58.46;   25.6;    8.7;    7.2;eor
       4651;20180716;-999;-999;-999;    3;   0.0;   0;-999;-999;  -999;  11.6;    -999;   20.4;   53.04;   28.7;    9.7;    8.1;eor
       4651;20180717;-999;-999;-999;    3;   0.0;   0;-999;-999;  -999;  11.8;    -999;   22.4;   48.54;   30.0;   11.4;    9.7;eor
       4651;20180718;-999;-999;-999;    3;   0.0;   0;-999;-999;  -999;  12.6;    -999;   19.7;   57.17;   25.6;   11.2;    9.0;eor
       4651;20180719;-999;-999;-999;    3;   0.0;   0;-999;-999;  -999;  10.7;    -999;   18.4;   55.21;   26.2;    8.6;    6.4;eor
       4651;20180720;-999;-999;-999;    3;   0.0;   0;-999;-999;  -999;  10.8;    -999;   21.9;   45.21;   28.4;   10.7;    8.9;eor
       4651;20180721;-999;-999;-999;    3;   0.0;   0;-999;-999;  -999;  12.2;    -999;   22.5;   46.83;   29.1;   13.7;   12.2;eor
       4651;20180722;-999;-999;-999;    3;   5.9;   4;-999;-999;  -999;  17.2;    -999;   19.6;   76.38;   27.0;   13.7;   12.4;eor
       4651;20180723;-999;-999;-999;    3;   0.0;   0;-999;-999;  -999;  15.6;    -999;   20.4;   69.50;   28.8;   12.0;   10.7;eor
       4651;20180724;-999;-999;-999;    3;   0.0;   0;-999;-999;  -999;  14.5;    -999;   24.0;   54.25;   32.8;   13.4;   11.7;eor
       4651;20180725;-999;-999;-999;    3;   0.0;   0;-999;-999;  -999;  15.2;    -999;   25.9;   50.21;   33.6;   16.2;   14.5;eor
       4651;20180726;-999;-999;-999;    3;   0.0;   0;-999;-999;  -999;  14.5;    -999;   25.5;   49.38;   33.3;   15.8;   14.1;eor
       4651;20180727;-999;-999;-999;    3;   0.0;   0;-999;-999;  -999;  14.6;    -999;   24.7;   50.96;   32.3;   15.2;   13.4;eor
       4651;20180728;-999;-999;-999;    3;   8.6;   4;-999;-999;  -999;  16.4;    -999;   23.4;   61.71;   32.9;   15.5;   14.3;eor
       4651;20180729;-999;-999;-999;    3;   0.0;   0;-999;-999;  -999;  16.0;    -999;   22.0;   65.79;   30.1;   13.6;   13.0;eor
       4651;20180730;-999;-999;-999;    3;   0.0;   0;-999;-999;  -999;  14.9;    -999;   26.2;   48.21;   34.4;   16.2;   14.5;eor
       4651;20180731;-999;-999;-999;    3;   0.3;   4;-999;-999;  -999;  15.3;    -999;   27.3;   47.50;   35.9;   16.9;   15.6;eor
       4651;20180801;-999;-999;-999;    3;   0.1;   4;-999;-999;  -999;  15.4;    -999;   23.9;   54.25;   29.2;   16.3;   15.6;eor
       4651;20180802;-999;-999;-999;    3;   0.0;   0;-999;-999;  -999;  17.7;    -999;   24.7;   58.13;   30.7;   18.4;   16.8;eor
       4651;20180803;-999;-999;-999;    3;   0.0;   0;-999;-999;  -999;  17.4;    -999;   25.1;   59.21;   33.1;   15.4;   14.5;eor
       4651;20180804;-999;-999;-999;    3;   0.0;   0;-999;-999;  -999;  16.7;    -999;   24.5;   57.38;   31.4;   16.3;   15.4;eor
       4651;20180805;-999;-999;-999;    3;   0.2;   4;-999;-999;  -999;  14.2;    -999;   20.0;   62.54;   24.9;   12.5;   10.2;eor
       4651;20180806;-999;-999;-999;    3;   0.0;   0;-999;-999;  -999;  10.9;    -999;   21.4;   50.17;   31.5;   10.2;    8.5;eor
       4651;20180807;-999;-999;-999;    3;   0.0;   0;-999;-999;  -999;  11.8;    -999;   27.2;   37.08;   36.0;   13.8;   12.3;eor
       4651;20180808;-999;-999;-999;    3;   0.0;   0;-999;-999;  -999;  15.0;    -999;   26.9;   43.58;   32.6;   17.5;   16.0;eor
       4651;20180809;-999;-999;-999;    3;  18.8;   4;-999;-999;  -999;  17.3;    -999;   22.6;   66.46;   33.6;   14.7;   13.8;eor
       4651;20180810;-999;-999;-999;    3;   0.1;   4;-999;-999;  -999;  10.9;    -999;   18.4;   53.25;   23.3;   12.5;   10.0;eor
       4651;20180811;-999;-999;-999;    3;   0.7;   4;-999;-999;  -999;   9.8;    -999;   17.0;   52.38;   22.3;    9.4;    7.7;eor
       4651;20180812;-999;-999;-999;    3;   0.0;   0;-999;-999;  -999;   8.4;    -999;   18.0;   47.63;   27.2;    8.4;    6.5;eor
       4651;20180813;-999;-999;-999;    3;   0.0;   0;-999;-999;  -999;  13.5;    -999;   18.3;   64.63;   26.0;   11.2;    9.1;eor
       4651;20180814;-999;-999;-999;    3;   2.8;   4;-999;-999;  -999;  16.0;    -999;   17.3;   80.83;   20.8;   13.0;   11.3;eor
       4651;20180815;-999;-999;-999;    3;   0.0;   0;-999;-999;  -999;  14.6;    -999;   18.0;   72.58;   23.0;   13.4;   11.8;eor
       4651;20180816;-999;-999;-999;    3;   0.0;   0;-999;-999;  -999;  13.9;    -999;   20.7;   61.63;   29.7;   11.8;    9.7;eor
       4651;20180817;-999;-999;-999;    3;   0.0;   0;-999;-999;  -999;  15.5;    -999;   20.3;   67.21;   27.0;   14.1;   12.5;eor
       4651;20180818;-999;-999;-999;    3;   0.0;   0;-999;-999;  -999;  12.3;    -999;   19.7;   57.25;   26.7;   12.5;   11.5;eor
       4651;20180819;-999;-999;-999;    3;   0.0;   0;-999;-999;  -999;  12.1;    -999;   20.7;   55.13;   29.6;   10.9;    9.5;eor
       4651;20180820;-999;-999;-999;    3;   0.1;   4;-999;-999;  -999;  16.7;    -999;   19.9;   72.04;   23.0;   14.9;   13.1;eor
       4651;20180821;-999;-999;-999;    3;   0.0;   0;-999;-999;  -999;  14.6;    -999;   20.1;   64.13;   25.8;   13.3;   11.3;eor
       4651;20180822;-999;-999;-999;    3;   0.0;   0;-999;-999;  -999;  12.2;    -999;   21.0;   54.21;   30.4;   10.5;    8.9;eor
       4651;20180823;-999;-999;-999;    3;   0.9;   4;-999;-999;  -999;  14.9;    -999;   22.7;   56.63;   30.8;   14.4;   12.6;eor
       4651;20180824;-999;-999;-999;    3;   3.3;   4;-999;-999;  -999;  13.4;    -999;   17.9;   65.21;   21.2;   11.3;    8.8;eor
       4651;20180825;-999;-999;-999;    3;   0.9;   4;-999;-999;  -999;  10.1;    -999;   13.4;   66.46;   17.1;   10.1;    8.0;eor
       4651;20180826;-999;-999;-999;    3;   0.0;   0;-999;-999;  -999;   8.6;    -999;   14.5;   55.63;   20.0;    7.8;    5.7;eor
       4651;20180827;-999;-999;-999;    3;   0.0;   4;-999;-999;  -999;  11.2;    -999;   17.0;   57.54;   20.8;   13.5;   11.9;eor
       4651;20180828;-999;-999;-999;    3;   0.0;   0;-999;-999;  -999;  11.8;    -999;   17.2;   61.46;   22.1;   11.1;    9.0;eor
       4651;20180829;-999;-999;-999;    3;   2.4;   4;-999;-999;  -999;  11.8;    -999;   19.8;   55.63;   29.0;    7.6;    5.7;eor
       4651;20180830;-999;-999;-999;    3;   2.7;   4;-999;-999;  -999;  15.2;    -999;   16.0;   83.96;   20.3;   11.0;    9.1;eor
       4651;20180831;-999;-999;-999;    3;   0.0;   0;-999;-999;  -999;  10.6;    -999;   12.7;   74.83;   18.7;    6.8;    5.1;eor
       4651;20180901;-999;-999;-999;    3;   0.0;   0;-999;-999;  -999;  10.5;    -999;   13.0;   73.25;   21.0;    5.0;    3.1;eor
       4651;20180902;-999;-999;-999;    3;   0.0;   0;-999;-999;  -999;  12.7;    -999;   15.9;   70.42;   19.5;   10.1;    7.6;eor
       4651;20180903;-999;-999;-999;    3;   0.2;   4;-999;-999;  -999;  16.4;    -999;   19.5;   73.75;   26.1;   13.2;   12.1;eor
       4651;20180904;-999;-999;-999;    3;   0.0;   0;-999;-999;  -999;  15.5;    -999;   19.2;   73.21;   26.5;   12.3;   10.5;eor
       4651;20180905;-999;-999;-999;    3;   0.0;   0;-999;-999;  -999;  13.3;    -999;   18.1;   66.50;   24.9;    9.4;    7.4;eor
       4651;20180906;-999;-999;-999;    3;  30.9;   4;-999;-999;  -999;  14.0;    -999;   17.6;   73.83;   27.5;    9.2;    7.5;eor
       4651;20180907;-999;-999;-999;    3;   0.0;   0;-999;-999;  -999;  13.5;    -999;   16.4;   72.71;   21.2;    9.6;    7.6;eor
       4651;20180908;-999;-999;-999;    3;   0.0;   0;-999;-999;  -999;   9.6;    -999;   14.8;   59.17;   20.1;    9.2;    7.4;eor
       4651;20180909;-999;-999;-999;    3;   0.0;   0;-999;-999;  -999;  11.0;    -999;   17.0;   59.42;   23.3;   11.8;    9.1;eor
       4651;20180910;-999;-999;-999;    3;   0.0;   0;-999;-999;  -999;  11.8;    -999;   17.8;   59.88;   24.2;   10.6;    7.9;eor
       4651;20180911;-999;-999;-999;    3;   0.0;   0;-999;-999;  -999;  12.1;    -999;   20.7;   51.21;   26.4;   15.8;   14.7;eor
       4651;20180912;-999;-999;-999;    3;   1.8;   4;-999;-999;  -999;  13.5;    -999;   19.3;   62.33;   26.8;   13.2;   13.3;eor
       4651;20180913;-999;-999;-999;    3;   0.3;   4;-999;-999;  -999;  13.3;    -999;   12.6;   91.08;   13.7;   11.6;   11.7;eor
       4651;20180914;-999;-999;-999;    3;   0.0;   0;-999;-999;  -999;  11.9;    -999;   13.5;   78.75;   19.4;    9.9;    8.2;eor
       4651;20180915;-999;-999;-999;    3;   0.0;   0;-999;-999;  -999;  11.1;    -999;   14.6;   68.00;   20.2;    9.5;    7.4;eor
       4651;20180916;-999;-999;-999;    3;   0.0;   0;-999;-999;  -999;  10.6;    -999;   14.4;   68.83;   22.4;    7.6;    5.3;eor
       4651;20180917;-999;-999;-999;    3;   0.0;   0;-999;-999;  -999;  10.5;    -999;   16.6;   60.63;   25.7;    8.1;    5.3;eor
       4651;20180918;-999;-999;-999;    3;   0.0;   0;-999;-999;  -999;  11.0;    -999;   21.2;   48.67;   30.1;    9.7;    6.7;eor
       4651;20180919;-999;-999;-999;    3;   0.0;   0;-999;-999;  -999;  13.7;    -999;   20.9;   58.67;   28.4;   12.1;   10.0;eor
       4651;20180920;-999;-999;-999;    3;   0.0;   0;-999;-999;  -999;  13.1;    -999;   21.2;   54.46;   26.3;   13.9;   11.2;eor
       4651;20180921;-999;-999;-999;    3;   2.0;   4;-999;-999;  -999;  12.2;    -999;   17.9;   61.21;   24.4;   10.8;    8.6;eor
       4651;20180922;-999;-999;-999;    3;   1.3;   4;-999;-999;  -999;   9.8;    -999;   12.4;   69.42;   16.1;    9.4;    8.8;eor
       4651;20180923;-999;-999;-999;    3;  19.0;   4;-999;-999;  -999;  10.8;    -999;    9.5;   90.75;   11.0;    7.5;    7.2;eor
       4651;20180924;-999;-999;-999;    3;   4.7;   4;-999;-999;  -999;   9.1;    -999;    8.1;   85.04;   13.3;    3.5;    2.0;eor
       4651;20180925;-999;-999;-999;    3;   0.0;   0;-999;-999;  -999;   8.4;    -999;    7.6;   82.83;   13.8;    3.0;    1.7;eor
       4651;20180926;-999;-999;-999;    3;   0.0;   0;-999;-999;  -999;   7.1;    -999;   11.7;   54.08;   16.5;    5.6;    4.0;eor
       4651;20180927;-999;-999;-999;    3;   0.0;   4;-999;-999;  -999;   8.5;    -999;   15.7;   48.21;   22.9;    8.0;    4.9;eor
       4651;20180928;-999;-999;-999;    3;   0.2;   4;-999;-999;  -999;   8.5;    -999;    9.5;   73.21;   14.4;    2.6;    0.1;eor
       4651;20180929;-999;-999;-999;    3;   0.0;   0;-999;-999;  -999;   7.0;    -999;    6.6;   75.71;   14.8;    0.1;   -2.0;eor
       4651;20180930;-999;-999;-999;    3;   0.4;   4;-999;-999;  -999;   6.8;    -999;    9.4;   62.42;   17.8;    2.2;    0.0;eor
       4651;20181001;-999;-999;-999;    3;   1.1;   4;-999;   0;  -999;   8.6;    -999;    7.1;   85.50;   13.1;    2.3;    0.1;eor
       4651;20181002;-999;-999;-999;    3;   4.1;   4;-999;   0;  -999;   9.2;    -999;    7.3;   89.21;   11.7;    4.7;    3.2;eor
       4651;20181003;-999;-999;-999;    3;   0.0;   0;-999;   0;  -999;   9.0;    -999;   10.5;   71.29;   14.0;    6.9;    4.4;eor
       4651;20181004;-999;-999;-999;    3;   0.0;   0;-999;   0;  -999;  10.1;    -999;   10.6;   78.33;   13.3;    8.1;    6.5;eor
       4651;20181005;-999;-999;-999;    3;   0.0;   0;-999;   0;  -999;  10.2;    -999;   12.9;   71.17;   20.4;    5.6;    3.1;eor
       4651;20181006;-999;-999;-999;    3;   0.0;   0;-999;   0;  -999;  11.8;    -999;   17.6;   58.67;   22.9;   12.3;   10.5;eor
       4651;20181007;-999;-999;-999;    3;   0.0;   0;-999;   0;  -999;   9.9;    -999;    9.7;   81.25;   16.3;    2.2;    0.0;eor
       4651;20181008;-999;-999;-999;    3;   0.0;   0;-999;   0;  -999;   8.6;    -999;    7.8;   82.13;   16.4;    0.2;   -1.3;eor
       4651;20181009;-999;-999;-999;    3;   0.0;   0;-999;   0;  -999;  11.3;    -999;   11.2;   85.38;   20.6;    3.7;    1.5;eor
       4651;20181010;-999;-999;-999;    3;   0.0;   0;-999;   0;  -999;  12.0;    -999;   13.2;   81.83;   22.8;    5.7;    3.0;eor
       4651;20181011;-999;-999;-999;    3;   0.0;   0;-999;   0;  -999;  10.2;    -999;   14.4;   67.54;   23.5;    5.8;    3.2;eor
       4651;20181012;-999;-999;-999;    3;   0.0;   0;-999;   0;  -999;  11.6;    -999;   20.1;   49.33;   24.8;   14.0;   12.0;eor
       4651;20181013;-999;-999;-999;    3;   0.0;   0;-999;   0;  -999;  11.9;    -999;   19.9;   53.46;   26.3;    9.6;    6.2;eor
       4651;20181014;-999;-999;-999;    3;   0.0;   0;-999;   0;  -999;  10.7;    -999;   16.1;   62.04;   24.1;    7.5;    4.3;eor
       4651;20181015;-999;-999;-999;    3;   0.0;   0;-999;   0;  -999;  10.3;    -999;   15.1;   63.92;   24.9;    8.6;    5.2;eor
       4651;20181016;-999;-999;-999;    3;   0.0;   0;-999;   0;  -999;  11.8;    -999;   13.2;   79.13;   22.4;    7.6;    4.8;eor
       4651;20181017;-999;-999;-999;    3;   0.0;   0;-999;   0;  -999;  12.3;    -999;   13.4;   82.04;   22.0;    7.5;    5.0;eor
       4651;20181018;-999;-999;-999;    3;   0.1;   4;-999;   0;  -999;  12.1;    -999;   11.8;   87.50;   15.5;    7.3;    4.9;eor
       4651;20181019;-999;-999;-999;    3;   0.0;   0;-999;   0;  -999;   9.6;    -999;   10.6;   75.33;   14.7;    5.0;    2.3;eor
       4651;20181020;-999;-999;-999;    3;   0.0;   0;-999;   0;  -999;   8.4;    -999;    7.7;   81.42;   13.8;    1.6;   -0.2;eor
       4651;20181021;-999;-999;-999;    3;   0.0;   0;-999;   0;  -999;   9.2;    -999;    9.5;   78.42;   15.0;    4.6;    1.5;eor
       4651;20181022;-999;-999;-999;    3;   3.0;   4;-999;   0;  -999;   9.0;    -999;    7.2;   88.33;   11.4;    1.2;   -0.8;eor
       4651;20181023;-999;-999;-999;    3;   5.1;   4;-999;   0;  -999;   9.6;    -999;    8.6;   84.79;   11.6;    3.4;    1.8;eor
       4651;20181024;-999;-999;-999;    3;   7.3;   4;-999;   0;  -999;  11.7;    -999;   10.6;   91.54;   11.7;    9.5;    9.2;eor
       4651;20181025;-999;-999;-999;    3;   1.1;   4;-999;   0;  -999;  11.3;    -999;   10.8;   87.25;   12.7;    8.9;    8.4;eor
       4651;20181026;-999;-999;-999;    3;   2.8;   4;-999;   0;  -999;  10.0;    -999;    9.2;   86.08;   11.4;    6.9;    6.1;eor
       4651;20181027;-999;-999;-999;    3;   0.1;   4;-999;   0;  -999;   7.6;    -999;    6.0;   81.04;    7.9;    2.9;    1.3;eor
       4651;20181028;-999;-999;-999;    3;   3.1;   4;-999;   0;  -999;   7.1;    -999;    3.3;   91.38;    4.8;    1.5;    0.8;eor
       4651;20181029;-999;-999;-999;    3;   0.1;   4;-999;   0;  -999;   7.2;    -999;    3.8;   89.83;    4.5;    3.3;    2.9;eor
       4651;20181030;-999;-999;-999;    3;   1.6;   4;-999;   0;  -999;   7.9;    -999;    6.4;   82.21;   10.0;    3.6;    2.6;eor
       4651;20181031;-999;-999;-999;    3;   0.0;   0;-999;   0;  -999;   7.8;    -999;    7.9;   74.00;   12.0;    5.2;    3.5;eor
       4651;20181101;-999;-999;-999;    3;   0.0;   0;-999;   0;  -999;   8.3;    -999;    6.7;   85.29;   10.6;    1.0;   -0.7;eor
       4651;20181102;-999;-999;-999;    3;   0.0;   0;-999;   0;  -999;   8.8;    -999;    8.6;   79.46;   12.5;    3.4;    0.6;eor
       4651;20181103;-999;-999;-999;    3;   0.0;   0;-999;   0;  -999;   7.4;    -999;    5.1;   85.50;   10.6;   -0.1;   -2.0;eor
       4651;20181104;-999;-999;-999;    3;   0.0;   0;-999;   0;  -999;   9.0;    -999;    6.9;   89.92;   11.8;   -0.5;   -2.1;eor
       4651;20181105;-999;-999;-999;    3;   0.0;   0;-999;   0;  -999;  10.2;    -999;    8.7;   90.75;   12.1;    4.8;    2.6;eor
       4651;20181106;-999;-999;-999;    3;   0.0;   0;-999;   0;  -999;  10.9;    -999;   11.1;   83.21;   16.7;    6.2;    3.8;eor
       4651;20181107;-999;-999;-999;    3;   0.0;   0;-999;   0;  -999;   9.7;    -999;   10.6;   76.83;   16.1;    4.6;    2.2;eor
       4651;20181108;-999;-999;-999;    3;   1.1;   4;-999;   0;  -999;  10.2;    -999;   10.4;   81.29;   13.7;    6.8;    5.0;eor
       4651;20181109;-999;-999;-999;    3;   0.0;   0;-999;   0;  -999;  10.5;    -999;   10.1;   85.46;   12.9;    7.3;    6.8;eor
       4651;20181110;-999;-999;-999;    3;   0.3;   4;-999;   0;  -999;   9.8;    -999;   11.8;   70.79;   13.8;    9.6;    8.7;eor
       4651;20181111;-999;-999;-999;    3;   4.5;   4;-999;   0;  -999;  10.7;    -999;   12.1;   75.83;   13.7;   10.3;    8.8;eor
       4651;20181112;-999;-999;-999;    3;   2.9;   4;-999;   0;  -999;  11.4;    -999;   13.6;   73.88;   17.1;   10.7;    8.9;eor
       4651;20181113;-999;-999;-999;    3;   1.3;   4;-999;   0;  -999;  10.6;    -999;   10.6;   83.08;   13.4;    8.5;    6.2;eor
       4651;20181114;-999;-999;-999;    3;   0.0;   0;-999;   0;  -999;   9.0;    -999;    8.5;   81.00;   11.5;    3.3;    1.8;eor
       4651;20181115;-999;-999;-999;    3;   0.0;   0;-999;   0;  -999;   7.2;    -999;    2.7;   95.83;    6.0;   -0.4;   -2.0;eor
       4651;20181116;-999;-999;-999;    3;   0.0;   0;-999;   0;  -999;   6.4;    -999;    2.0;   90.54;    8.8;   -2.7;   -4.6;eor
       4651;20181117;-999;-999;-999;    3;   0.0;   0;-999;   0;  -999;   5.2;    -999;   -1.0;   91.96;    3.2;   -4.2;   -6.2;eor
       4651;20181118;-999;-999;-999;    3;   4.3;   4;-999;   0;  -999;   4.8;    -999;   -1.0;   84.04;    3.8;   -5.8;   -7.6;eor
       4651;20181119;-999;-999;-999;    3;   2.4;   4;-999;   0;  -999;   6.5;    -999;    3.0;   85.54;    4.1;    1.4;    0.3;eor
       4651;20181120;-999;-999;-999;    3;   0.0;   4;-999;   0;  -999;   5.6;    -999;    1.3;   83.33;    1.8;    0.8;    0.5;eor
       4651;20181121;-999;-999;-999;    3;   0.0;   4;-999;   0;  -999;   5.7;    -999;    0.8;   88.54;    1.4;    0.4;   -1.3;eor
       4651;20181122;-999;-999;-999;    3;   0.0;   0;-999;   0;  -999;   6.1;    -999;    1.3;   90.83;    2.7;    0.2;    0.1;eor
       4651;20181123;-999;-999;-999;    3;   0.0;   0;-999;   0;  -999;   6.5;    -999;    2.0;   92.54;    4.2;   -0.7;   -0.2;eor
       4651;20181124;-999;-999;-999;    3;   2.7;   4;-999;   0;  -999;   6.2;    -999;    0.3;   98.88;    3.7;   -1.8;   -1.3;eor
       4651;20181125;-999;-999;-999;    3;   0.2;   4;-999;   0;  -999;   8.0;    -999;    5.0;   91.75;    6.9;    3.6;    2.4;eor
       4651;20181126;-999;-999;-999;    3;   0.0;   0;-999;   0;  -999;   6.8;    -999;    2.5;   92.38;    4.1;    0.7;    1.3;eor
       4651;20181127;-999;-999;-999;    3;   0.0;   0;-999;   0;  -999;   5.2;    -999;   -0.2;   86.54;    1.7;   -5.2;   -7.0;eor
       4651;20181128;-999;-999;-999;    3;   0.0;   4;-999;   0;  -999;   4.8;    -999;    1.0;   73.21;    4.4;   -5.8;   -7.7;eor
       4651;20181129;-999;-999;-999;    3;   0.0;   0;-999;   0;  -999;   6.1;    -999;    6.0;   65.25;   11.0;    2.8;    1.4;eor
       4651;20181130;-999;-999;-999;    3;   0.1;   4;-999;   0;  -999;   6.6;    -999;    6.3;   69.21;    7.5;    5.5;    4.6;eor
       4651;20181201;-999;-999;-999;    3;   0.0;   0;-999;   0;  -999;   8.1;    -999;    6.9;   81.17;    8.3;    5.8;    5.0;eor
       4651;20181202;-999;-999;-999;    3;  16.1;   4;-999;   0;  -999;  10.2;    -999;    9.0;   87.88;   11.9;    7.3;    6.5;eor
       4651;20181203;-999;-999;-999;    3;  13.5;   4;-999;   0;  -999;  11.5;    -999;   11.0;   86.96;   12.3;    9.7;    8.4;eor
       4651;20181204;-999;-999;-999;    3;   0.0;   0;-999;   0;  -999;   7.3;    -999;    4.8;   84.33;   10.1;   -0.8;   -2.6;eor
       4651;20181205;-999;-999;-999;    3;   1.5;   4;-999;   0;  -999;   5.9;    -999;    3.1;   79.04;    6.2;   -1.2;   -3.5;eor
       4651;20181206;-999;-999;-999;    3;   0.6;   4;-999;   0;  -999;   8.8;    -999;    7.3;   85.17;   10.8;    4.8;    3.6;eor
       4651;20181207;-999;-999;-999;    3;   2.9;   4;-999;   0;  -999;  10.8;    -999;   10.2;   86.38;   11.1;    6.3;    5.5;eor
       4651;20181208;-999;-999;-999;    3;  13.0;   4;-999;   0;  -999;   7.9;    -999;    6.2;   82.71;    7.4;    5.1;    3.7;eor
       4651;20181209;-999;-999;-999;    3;   3.9;   4;-999;   0;  -999;   8.2;    -999;    6.5;   83.75;    7.8;    4.9;    3.8;eor
       4651;20181210;-999;-999;-999;    3;   3.6;   4;-999;   0;  -999;   6.5;    -999;    3.9;   80.58;    5.1;    2.8;    2.1;eor
       4651;20181211;-999;-999;-999;    3;   1.4;   4;-999;   0;  -999;   6.7;    -999;    3.8;   83.13;    4.9;    2.4;    2.0;eor
       4651;20181212;-999;-999;-999;    3;   1.0;   4;-999;   0;  -999;   6.6;    -999;    2.4;   91.13;    3.3;    0.5;   -1.5;eor
       4651;20181213;-999;-999;-999;    3;   0.5;   4;-999;   0;  -999;   5.6;    -999;    0.7;   87.75;    1.6;   -2.1;   -3.9;eor
       4651;20181214;-999;-999;-999;    3;   0.0;   0;-999;   0;  -999;   5.1;    -999;    0.0;   82.33;    1.0;   -0.6;   -1.0;eor
       4651;20181215;-999;-999;-999;    3;   0.0;   0;-999;   0;  -999;   4.4;    -999;   -0.7;   75.29;    0.0;   -2.9;   -4.7;eor
       4651;20181216;-999;-999;-999;    3;   0.1;   4;-999;   0;  -999;   4.3;    -999;   -1.4;   78.71;    0.1;   -3.7;   -5.7;eor
       4651;20181217;-999;-999;-999;    3;   0.6;   4;-999;   0;  -999;   6.7;    -999;    2.7;   89.46;    4.4;    0.0;   -0.3;eor
       4651;20181218;-999;-999;-999;    3;   0.0;   0;-999;   0;  -999;   6.9;    -999;    4.4;   82.54;    5.0;    2.3;    0.7;eor
       4651;20181219;-999;-999;-999;    3;   0.0;   0;-999;   0;  -999;   6.4;    -999;    4.4;   76.71;    5.4;    2.1;    0.8;eor
       4651;20181220;-999;-999;-999;    3;   1.7;   4;-999;   0;  -999;   7.9;    -999;    5.8;   85.21;    6.9;    4.7;    3.9;eor
       4651;20181221;-999;-999;-999;    3;  12.0;   4;-999;   0;  -999;   9.1;    -999;    7.9;   84.96;   11.4;    5.9;    5.1;eor
       4651;20181222;-999;-999;-999;    3;  16.1;   4;-999;   0;  -999;   8.8;    -999;    6.9;   88.08;    8.9;    5.2;    4.7;eor
       4651;20181223;-999;-999;-999;    3;  15.1;   4;-999;   0;  -999;   8.5;    -999;    5.8;   92.08;    6.6;    3.8;    3.6;eor
       4651;20181224;-999;-999;-999;    3;   1.4;   4;-999;   0;  -999;   6.6;    -999;    2.2;   91.58;    4.8;    0.4;   -0.8;eor
       4651;20181225;-999;-999;-999;    3;   0.2;   4;-999;   0;  -999;   6.7;    -999;    3.7;   84.71;    4.8;    2.0;    1.4;eor
       4651;20181226;-999;-999;-999;    3;   1.7;   4;-999;   0;  -999;   6.9;    -999;    2.9;   91.04;    3.9;    1.9;    1.6;eor
       4651;20181227;-999;-999;-999;    3;   0.0;   4;-999;   0;  -999;   5.8;    -999;    3.2;   76.00;    5.6;    0.3;   -1.5;eor
       4651;20181228;-999;-999;-999;    3;   0.4;   4;-999;   0;  -999;   6.7;    -999;    3.1;   88.08;    3.6;    2.7;    2.4;eor
       4651;20181229;-999;-999;-999;    3;   6.9;   4;-999;   0;  -999;   7.6;    -999;    4.0;   93.00;    6.9;    2.7;    2.5;eor
       4651;20181230;-999;-999;-999;    3;   0.2;   4;-999;   0;  -999;   8.0;    -999;    6.4;   83.88;    7.1;    5.7;    5.0;eor
       4651;20181231;-999;-999;-999;    3;   1.9;   4;-999;   0;  -999;   9.4;    -999;    7.0;   94.04;    8.1;    5.8;    5.4;eor
       4651;20190101;-999;-999;-999;    3;   3.0;   4;-999;   0;  -999;   7.7;    -999;    5.7;   82.54;    7.5;    1.9;    0.7;eor
       4651;20190102;-999;-999;-999;    3;   0.0;   0;-999;   0;  -999;   4.9;    -999;    2.1;   69.04;    3.5;   -3.0;   -4.9;eor
       4651;20190103;-999;-999;-999;    3;   0.0;   0;-999;   0;  -999;   4.9;    -999;   -1.7;   89.75;    1.1;   -4.9;   -7.1;eor
       4651;20190104;-999;-999;-999;    3;   8.2;   4;-999;   0;  -999;   6.5;    -999;    1.3;   94.88;    4.7;   -2.3;   -3.9;eor
       4651;20190105;-999;-999;-999;    3;   4.8;   4;-999;   0;  -999;   9.0;    -999;    6.2;   95.25;    6.9;    4.7;    4.0;eor
       4651;20190106;-999;-999;-999;    3;   4.1;   4;-999;   0;  -999;   8.6;    -999;    5.3;   96.25;    5.8;    4.7;    4.4;eor
       4651;20190107;-999;-999;-999;    3;   8.6;   4;-999;   0;  -999;   7.9;    -999;    4.5;   93.58;    5.0;    3.7;    3.6;eor
       4651;20190108;-999;-999;-999;    3;   8.1;   4;-999;   0;  -999;   7.4;    -999;    4.6;   87.21;    6.3;    2.2;    1.5;eor
       4651;20190109;-999;-999;-999;    3;   4.3;   4;-999;   0;  -999;   5.7;    -999;    1.2;   85.25;    2.8;    0.1;   -0.2;eor
       4651;20190110;-999;-999;-999;    3;   1.5;   4;-999;   3;  -999;   5.1;    -999;   -0.4;   85.96;    0.5;   -0.9;   -1.4;eor
       4651;20190111;-999;-999;-999;    3;   2.4;   4;-999;   2;  -999;   6.6;    -999;    1.9;   93.83;    5.6;   -0.9;   -1.0;eor
       4651;20190112;-999;-999;-999;    3;   6.1;   4;-999;   0;  -999;   7.7;    -999;    4.8;   88.83;    5.5;    4.2;    3.4;eor
       4651;20190113;-999;-999;-999;    3;  12.0;   4;-999;   0;  -999;   8.5;    -999;    6.2;   89.29;    8.0;    5.0;    4.2;eor
       4651;20190114;-999;-999;-999;    3;   1.0;   4;-999;   0;  -999;   5.7;    -999;    2.6;   77.42;    5.7;    0.7;    0.1;eor
       4651;20190115;-999;-999;-999;    3;   1.0;   4;-999;   0;  -999;   6.7;    -999;    3.6;   84.17;    5.9;    1.1;   -0.6;eor
       4651;20190116;-999;-999;-999;    3;   0.8;   4;-999;   0;  -999;   7.1;    -999;    4.8;   82.46;    5.7;    3.7;    3.0;eor
       4651;20190117;-999;-999;-999;    3;   6.0;   4;-999;   0;  -999;   6.4;    -999;    3.0;   85.42;    5.7;    0.5;    0.0;eor
       4651;20190118;-999;-999;-999;    3;   0.0;   0;-999;   0;  -999;   4.8;    -999;   -0.6;   82.38;    2.0;   -4.2;   -5.7;eor
       4651;20190119;-999;-999;-999;    3;   0.0;   0;-999;   0;  -999;   4.2;    -999;   -3.6;   89.67;    1.5;   -7.8;   -9.9;eor
       4651;20190120;-999;-999;-999;    3;   0.0;   0;-999;   0;  -999;   3.3;    -999;   -6.7;   88.17;   -0.2;   -9.8;  -11.9;eor
       4651;20190121;-999;-999;-999;    3;   0.0;   0;-999;   0;  -999;   3.4;    -999;   -5.1;   81.92;   -1.2;   -9.8;  -12.0;eor
       4651;20190122;-999;-999;-999;    3;   0.0;   0;-999;   0;  -999;   3.5;    -999;   -3.8;   76.79;   -0.9;   -7.4;   -9.9;eor
       4651;20190123;-999;-999;-999;    3;   0.0;   0;-999;   0;  -999;   3.2;    -999;   -6.1;   83.83;   -3.5;  -10.3;  -12.6;eor
       4651;20190124;-999;-999;-999;    3;   0.2;   4;-999;   0;  -999;   3.5;    -999;   -6.0;   87.96;   -3.4;  -10.4;  -12.4;eor
       4651;20190125;-999;-999;-999;    3;   7.9;   4;-999;   2;  -999;   4.0;    -999;   -3.8;   86.71;   -0.3;   -5.2;   -6.0;eor
       4651;20190126;-999;-999;-999;    3;   8.6;   4;-999;   5;  -999;   7.1;    -999;    2.9;   94.04;    5.1;   -0.6;   -0.7;eor
       4651;20190127;-999;-999;-999;    3;   1.8;   4;-999;   0;  -999;   7.3;    -999;    4.4;   87.13;    6.6;    2.4;    1.5;eor
       4651;20190128;-999;-999;-999;    3;   3.8;   4;-999;   0;  -999;   6.2;    -999;    1.7;   90.08;    2.6;   -0.3;   -1.5;eor
       4651;20190129;-999;-999;-999;    3;   0.0;   4;-999;   2;  -999;   5.5;    -999;    0.7;   86.17;    2.7;   -3.9;   -7.4;eor
       4651;20190130;-999;-999;-999;    3;   0.0;   4;-999;   1;  -999;   4.6;    -999;   -0.1;   76.54;    2.2;   -5.4;   -8.4;eor
       4651;20190131;-999;-999;-999;    3;   0.0;   0;-999;   0;  -999;   4.6;    -999;    0.9;   70.33;    3.7;   -2.5;   -6.1;eor
       4651;20190201;-999;-999;-999;    3;   0.2;   4;-999;   0;  -999;   5.0;    -999;   -0.5;   85.29;    4.2;   -4.1;   -6.9;eor
       4651;20190202;-999;-999;-999;    3;   0.5;   4;-999;   0;  -999;   5.8;    -999;   -0.1;   95.88;    0.3;   -0.6;   -1.5;eor
       4651;20190203;-999;-999;-999;    3;   0.0;   0;-999;   1;  -999;   5.5;    -999;    0.2;   89.25;    2.0;   -2.6;   -6.2;eor
       4651;20190204;-999;-999;-999;    3;   0.0;   0;-999;   0;  -999;   5.0;    -999;    1.3;   75.88;    3.9;   -3.0;   -6.7;eor
       4651;20190205;-999;-999;-999;    3;   0.0;   0;-999;   0;  -999;   5.7;    -999;    2.5;   77.54;    3.4;    1.3;    0.0;eor
       4651;20190206;-999;-999;-999;    3;   0.0;   0;-999;   0;  -999;   5.4;    -999;    3.8;   67.71;    6.0;    1.1;   -0.6;eor
       4651;20190207;-999;-999;-999;    3;   0.2;   4;-999;   0;  -999;   5.5;    -999;    4.0;   67.38;    5.0;    3.1;    2.0;eor
       4651;20190208;-999;-999;-999;    3;   1.1;   4;-999;   0;  -999;   7.0;    -999;    5.7;   76.00;    7.2;    3.8;    2.5;eor
       4651;20190209;-999;-999;-999;    3;   1.9;   4;-999;   0;  -999;   7.0;    -999;    7.1;   70.13;    9.2;    5.3;    4.2;eor
       4651;20190210;-999;-999;-999;    3;  16.4;   4;-999;   0;  -999;   8.1;    -999;    6.4;   83.38;    8.7;    1.7;    1.1;eor
       4651;20190211;-999;-999;-999;    3;   0.5;   4;-999;   0;  -999;   6.2;    -999;    3.8;   77.38;    6.4;    1.7;    0.8;eor
       4651;20190212;-999;-999;-999;    3;   0.0;   0;-999;   0;  -999;   6.1;    -999;    3.6;   76.42;    6.5;    2.0;    1.1;eor
       4651;20190213;-999;-999;-999;    3;   0.0;   0;-999;   0;  -999;   7.2;    -999;    5.1;   81.33;    7.5;    3.6;    1.9;eor
       4651;20190214;-999;-999;-999;    3;   0.0;   0;-999;   0;  -999;   5.8;    -999;    5.0;   68.83;   11.7;    0.2;   -2.8;eor
       4651;20190215;-999;-999;-999;    3;   0.0;   0;-999;   0;  -999;   5.4;    -999;    6.7;   58.50;   14.1;   -0.7;   -3.1;eor
       4651;20190216;-999;-999;-999;    3;   0.0;   0;-999;   0;  -999;   4.8;    -999;   11.0;   37.17;   14.7;    5.6;    4.0;eor
       4651;20190217;-999;-999;-999;    3;   0.0;   0;-999;   0;  -999;   6.0;    -999;    8.1;   58.67;   14.5;   -0.7;   -2.9;eor
       4651;20190218;-999;-999;-999;    3;   0.0;   0;-999;   0;  -999;   5.8;    -999;    9.4;   51.13;   14.8;    0.9;   -2.5;eor
       4651;20190219;-999;-999;-999;    3;   0.0;   0;-999;   0;  -999;   6.7;    -999;    7.7;   63.42;    9.7;    5.3;    3.8;eor
       4651;20190220;-999;-999;-999;    3;   0.0;   0;-999;   0;  -999;   6.7;    -999;    6.8;   68.17;    9.4;    4.8;    3.3;eor
       4651;20190221;-999;-999;-999;    3;   1.1;   4;-999;   0;  -999;   8.3;    -999;    8.1;   76.17;   10.4;    6.5;    5.7;eor
       4651;20190222;-999;-999;-999;    3;   0.1;   4;-999;   0;  -999;   8.2;    -999;    5.5;   89.29;    8.3;   -0.3;   -2.4;eor
       4651;20190223;-999;-999;-999;    3;   0.0;   0;-999;   0;  -999;   4.6;    -999;    1.5;   70.08;    8.1;   -3.7;   -5.2;eor
       4651;20190224;-999;-999;-999;    3;   0.0;   0;-999;   0;  -999;   4.1;    -999;    4.1;   55.96;   14.4;   -2.4;   -4.3;eor
       4651;20190225;-999;-999;-999;    3;   0.0;   0;-999;   0;  -999;   5.3;    -999;    5.6;   62.58;   16.3;   -0.9;   -3.4;eor
       4651;20190226;-999;-999;-999;    3;   0.0;   0;-999;   0;  -999;   4.6;    -999;    5.4;   58.21;   16.3;   -1.5;   -4.2;eor
       4651;20190227;-999;-999;-999;    3;   0.0;   0;-999;   0;  -999;   4.5;    -999;    8.0;   48.17;   16.9;   -1.6;   -4.6;eor
       4651;20190228;-999;-999;-999;    3;   0.6;   4;-999;   0;  -999;   7.7;    -999;    9.8;   64.04;   12.9;    5.6;    1.1;eor
       4651;20190301;-999;-999;-999;    3;   2.2;   4;-999;   0;  -999;   8.6;    -999;    6.5;   87.88;    9.3;    3.4;    2.9;eor
       4651;20190302;-999;-999;-999;    3;   0.0;   4;-999;   0;  -999;   7.0;    -999;    5.1;   80.17;    7.8;    2.8;    2.6;eor
       4651;20190303;-999;-999;-999;    3;   1.7;   4;-999;   0;  -999;   9.5;    -999;    9.2;   80.83;   10.8;    7.7;    7.1;eor
       4651;20190304;-999;-999;-999;    3;   7.7;   4;-999;   0;  -999;   7.7;    -999;    9.1;   66.00;   12.7;    5.7;    4.8;eor
       4651;20190305;-999;-999;-999;    3;   0.4;   4;-999;   0;  -999;   6.5;    -999;    5.3;   73.25;    7.0;    2.6;    1.1;eor
       4651;20190306;-999;-999;-999;    3;   0.7;   4;-999;   0;  -999;   7.5;    -999;    8.4;   68.25;   12.2;    3.5;    1.6;eor
       4651;20190307;-999;-999;-999;    3;   1.2;   4;-999;   0;  -999;   7.7;    -999;   10.6;   60.38;   13.2;    7.5;    6.2;eor
       4651;20190308;-999;-999;-999;    3;   7.4;   4;-999;   0;  -999;   7.2;    -999;    6.4;   74.50;    8.7;    3.9;    1.8;eor
       4651;20190309;-999;-999;-999;    3;   5.0;   4;-999;   0;  -999;   7.3;    -999;    7.4;   71.50;   13.5;    4.4;    3.0;eor
       4651;20190310;-999;-999;-999;    3;  15.1;   4;-999;   0;  -999;   7.4;    -999;    4.7;   86.08;    9.1;    0.2;    0.0;eor
       4651;20190311;-999;-999;-999;    3;   5.5;   4;-999;   0;  -999;   6.4;    -999;    2.5;   87.46;    3.9;    0.8;    0.2;eor
       4651;20190312;-999;-999;-999;    3;   0.0;   4;-999;   0;  -999;   5.9;    -999;    5.6;   66.50;    8.6;    2.5;    1.2;eor
       4651;20190313;-999;-999;-999;    3;   4.0;   4;-999;   0;  -999;   6.5;    -999;    5.6;   72.13;    8.3;    3.9;    2.8;eor
       4651;20190314;-999;-999;-999;    3;  13.0;   4;-999;   0;  -999;   7.6;    -999;    5.3;   85.33;    6.8;    4.3;    3.5;eor
       4651;20190315;-999;-999;-999;    3;   6.9;   4;-999;   0;  -999;   7.9;    -999;    7.1;   78.13;   10.7;    5.7;    4.4;eor
       4651;20190316;-999;-999;-999;    3;   3.2;   4;-999;   0;  -999;   8.0;    -999;    7.3;   77.92;   10.2;    4.0;    3.3;eor
       4651;20190317;-999;-999;-999;    3;   3.6;   4;-999;   0;  -999;   7.5;    -999;    6.8;   74.88;    9.0;    3.6;    2.2;eor
       4651;20190318;-999;-999;-999;    3;   0.2;   4;-999;   0;  -999;   6.2;    -999;    4.2;   74.88;    8.2;    1.7;    0.4;eor
       4651;20190319;-999;-999;-999;    3;   0.0;   0;-999;   0;  -999;   5.8;    -999;    3.8;   73.42;    8.5;   -1.6;   -4.0;eor
       4651;20190320;-999;-999;-999;    3;   0.0;   0;-999;   0;  -999;   6.4;    -999;    6.3;   67.83;   12.4;   -2.0;   -4.1;eor
       4651;20190321;-999;-999;-999;    3;   0.0;   0;-999;   0;  -999;   8.5;    -999;   10.0;   70.63;   16.2;    3.6;    1.3;eor
       4651;20190322;-999;-999;-999;    3;   0.0;   0;-999;   0;  -999;   8.9;    -999;    9.6;   77.50;   19.0;    1.8;    0.5;eor
       4651;20190323;-999;-999;-999;    3;   0.0;   4;-999;   0;  -999;   9.0;    -999;    8.6;   80.88;   13.0;    4.2;    1.6;eor
       4651;20190324;-999;-999;-999;    3;   0.9;   4;-999;   0;  -999;   6.8;    -999;    5.4;   76.29;   11.2;    0.7;   -1.3;eor
       4651;20190325;-999;-999;-999;    3;   5.7;   4;-999;   0;  -999;   6.8;    -999;    3.9;   84.25;    6.7;    2.0;   -1.5;eor
       4651;20190326;-999;-999;-999;    3;   0.3;   4;-999;   0;  -999;   7.3;    -999;    5.1;   82.54;    6.5;    3.2;    2.6;eor
       4651;20190327;-999;-999;-999;    3;   0.3;   4;-999;   0;  -999;   7.7;    -999;    7.1;   76.63;   10.4;    3.9;    3.2;eor
       4651;20190328;-999;-999;-999;    3;   0.1;   4;-999;   0;  -999;   9.0;    -999;    8.8;   79.92;   12.0;    6.4;    5.6;eor
       4651;20190329;-999;-999;-999;    3;   0.0;   0;-999;   0;  -999;   8.7;    -999;   10.0;   72.67;   16.0;    2.9;    0.5;eor
       4651;20190330;-999;-999;-999;    3;   0.0;   0;-999;   0;  -999;   7.6;    -999;   10.2;   66.04;   19.1;    1.4;   -0.8;eor
       4651;20190331;-999;-999;-999;    3;   0.0;   0;-999;   0;  -999;   6.9;    -999;    5.7;   76.67;   10.8;   -0.1;   -2.7;eor
       4651;20190401;-999;-999;-999;    3;   0.0;   0;-999;   0;  -999;   4.6;    -999;    5.2;   53.71;   10.8;   -1.6;   -3.9;eor
       4651;20190402;-999;-999;-999;    3;   1.8;   4;-999;   0;  -999;   6.9;    -999;    9.0;   62.38;   16.7;   -1.7;   -4.0;eor
       4651;20190403;-999;-999;-999;    3;   8.8;   4;-999;   0;  -999;   9.2;    -999;   11.4;   68.71;   14.5;    4.4;    2.8;eor
       4651;20190404;-999;-999;-999;    3;   0.2;   4;-999;   0;  -999;   8.7;    -999;    6.4;   90.04;    8.5;    3.7;    2.5;eor
       4651;20190405;-999;-999;-999;    3;   0.1;   4;-999;   0;  -999;   9.2;    -999;    6.6;   93.92;    8.3;    3.9;    2.3;eor
       4651;20190406;-999;-999;-999;    3;   0.0;   0;-999;   0;  -999;   9.6;    -999;   11.2;   74.50;   18.5;    4.3;    2.6;eor
       4651;20190407;-999;-999;-999;    3;   0.0;   0;-999;   0;  -999;   8.6;    -999;   11.0;   68.92;   17.9;    2.8;    0.5;eor
       4651;20190408;-999;-999;-999;    3;   0.0;   0;-999;   0;  -999;   7.9;    -999;   11.0;   65.04;   18.1;    2.3;    0.2;eor
       4651;20190409;-999;-999;-999;    3;   0.0;   0;-999;   0;  -999;   6.9;    -999;    7.0;   69.92;   11.6;    2.2;    0.9;eor
       4651;20190410;-999;-999;-999;    3;   0.0;   0;-999;   0;  -999;   5.3;    -999;    4.1;   66.33;    9.3;   -1.7;   -3.9;eor
       4651;20190411;-999;-999;-999;    3;   0.0;   0;-999;   0;  -999;   4.5;    -999;    3.2;   60.17;    7.1;   -1.9;   -4.5;eor
       4651;20190412;-999;-999;-999;    3;   1.9;   4;-999;   0;  -999;   5.2;    -999;    1.9;   75.17;    3.6;    0.0;   -0.2;eor
       4651;20190413;-999;-999;-999;    3;   0.8;   4;-999;   3;  -999;   6.0;    -999;    1.6;   88.00;    5.0;    0.0;   -1.6;eor
       4651;20190414;-999;-999;-999;    3;   2.0;   4;-999;   0;  -999;   6.5;    -999;    2.2;   89.79;    4.6;   -1.5;   -3.3;eor
       4651;20190415;-999;-999;-999;    3;   0.0;   0;-999;   0;  -999;   6.6;    -999;    7.5;   66.38;   12.8;    0.7;   -1.7;eor
       4651;20190416;-999;-999;-999;    3;   0.0;   0;-999;   0;  -999;   5.8;    -999;    8.1;   57.50;   16.4;   -1.8;   -3.9;eor
       4651;20190417;-999;-999;-999;    3;   0.0;   0;-999;   0;  -999;   6.1;    -999;    9.9;   54.75;   17.1;   -0.4;   -2.5;eor
       4651;20190418;-999;-999;-999;    3;   0.0;   0;-999;   0;  -999;   6.8;    -999;   12.2;   52.75;   19.0;    2.3;   -0.3;eor
       4651;20190419;-999;-999;-999;    3;   0.0;   0;-999;   0;  -999;   7.7;    -999;   13.7;   52.00;   20.8;    4.3;    1.2;eor
       4651;20190420;-999;-999;-999;    3;   0.0;   0;-999;   0;  -999;   6.9;    -999;   13.4;   48.25;   20.8;    2.8;    0.4;eor
       4651;20190421;-999;-999;-999;    3;   0.0;   0;-999;   0;  -999;   6.9;    -999;   12.4;   52.46;   21.3;    1.5;   -0.8;eor
       4651;20190422;-999;-999;-999;    3;   0.0;   0;-999;   0;  -999;   6.8;    -999;   12.4;   51.13;   19.0;    2.4;    0.0;eor
       4651;20190423;-999;-999;-999;    3;   0.0;   0;-999;   0;  -999;   8.6;    -999;   13.8;   55.08;   19.2;    7.6;    3.8;eor
       4651;20190424;-999;-999;-999;    3;   3.9;   4;-999;   0;  -999;  11.1;    -999;   17.3;   59.75;   24.9;    9.6;    8.7;eor
       4651;20190425;-999;-999;-999;    3;   0.0;   0;-999;   0;  -999;   8.8;    -999;   17.1;   49.33;   23.4;    6.4;    4.4;eor
       4651;20190426;-999;-999;-999;    3;   7.2;   4;-999;   0;  -999;  10.5;    -999;   10.9;   80.88;   15.6;    8.4;    5.8;eor
       4651;20190427;-999;-999;-999;    3;   7.0;   4;-999;   0;  -999;  10.2;    -999;    9.9;   83.71;   16.1;    7.0;    5.4;eor
       4651;20190428;-999;-999;-999;    3;   1.0;   4;-999;   0;  -999;   8.6;    -999;    8.4;   78.83;   13.6;    3.0;    1.8;eor
       4651;20190429;-999;-999;-999;    3;   4.5;   4;-999;   0;  -999;   9.5;    -999;    7.1;   93.33;    9.5;    2.0;    0.8;eor
       4651;20190430;-999;-999;-999;    3;   0.1;   4;-999;   0;  -999;   9.7;    -999;   10.1;   78.96;   16.4;    1.9;   -0.2;eor
       4651;20190501;-999;-999;-999;    3;   0.0;   0;-999;-999;  -999;   9.8;    -999;   11.8;   73.79;   18.4;    6.5;    4.2;eor
       4651;20190502;-999;-999;-999;    3;   1.4;   4;-999;-999;  -999;   9.5;    -999;    9.6;   79.67;   15.2;    5.4;    3.9;eor
       4651;20190503;-999;-999;-999;    3;   1.6;   4;-999;-999;  -999;   6.6;    -999;    7.5;   64.25;   10.5;    5.3;    4.3;eor
       4651;20190504;-999;-999;-999;    3;   0.6;   4;-999;-999;  -999;   6.7;    -999;    4.9;   78.17;    9.6;    0.7;   -0.9;eor
       4651;20190505;-999;-999;-999;    3;   0.0;   0;-999;-999;  -999;   5.8;    -999;    5.1;   69.33;   11.6;   -2.2;   -3.8;eor
       4651;20190506;-999;-999;-999;    3;   1.4;   4;-999;-999;  -999;   6.6;    -999;    5.8;   73.33;   10.4;   -0.7;   -2.5;eor
       4651;20190507;-999;-999;-999;    3;   0.0;   0;-999;-999;  -999;   7.0;    -999;    7.6;   68.21;   12.6;    2.9;    1.3;eor
       4651;20190508;-999;-999;-999;    3;   4.7;   4;-999;-999;  -999;   8.9;    -999;    9.6;   73.79;   13.5;    2.0;   -0.3;eor
       4651;20190509;-999;-999;-999;    3;   0.0;   4;-999;-999;  -999;  10.2;    -999;   12.0;   73.38;   16.0;    9.2;    8.5;eor
       4651;20190510;-999;-999;-999;    3;   1.7;   4;-999;-999;  -999;  10.2;    -999;   10.5;   80.83;   15.3;    4.8;    3.6;eor
       4651;20190511;-999;-999;-999;    3;   2.0;   4;-999;-999;  -999;   9.8;    -999;    7.9;   92.33;    9.9;    5.3;    3.9;eor
       4651;20190512;-999;-999;-999;    3;   0.0;   0;-999;-999;  -999;   6.9;    -999;    8.0;   67.63;   14.7;    0.8;   -1.5;eor
       4651;20190513;-999;-999;-999;    3;   0.0;   0;-999;-999;  -999;   6.0;    -999;    7.9;   60.92;   14.9;   -0.5;   -2.6;eor
       4651;20190514;-999;-999;-999;    3;   0.0;   0;-999;-999;  -999;   6.4;    -999;    8.3;   60.96;   13.8;    1.6;   -1.4;eor
       4651;20190515;-999;-999;-999;    3;   0.0;   0;-999;-999;  -999;   5.4;    -999;    9.1;   47.75;   12.9;    0.0;   -2.4;eor
       4651;20190516;-999;-999;-999;    3;   6.2;   4;-999;-999;  -999;   8.8;    -999;    7.3;   85.17;    8.3;    5.9;    5.8;eor
       4651;20190517;-999;-999;-999;    3;   0.0;   0;-999;-999;  -999;  10.2;    -999;   10.2;   82.92;   14.9;    4.9;    3.3;eor
       4651;20190518;-999;-999;-999;    3;   0.0;   0;-999;-999;  -999;  10.8;    -999;   12.6;   75.92;   20.1;    3.0;    1.4;eor
       4651;20190519;-999;-999;-999;    3;   0.1;   4;-999;-999;  -999;  11.8;    -999;   14.6;   73.42;   21.7;    6.2;    4.7;eor
       4651;20190520;-999;-999;-999;    3;  55.9;   4;-999;-999;  -999;  14.4;    -999;   14.8;   85.29;   22.4;    7.5;    6.1;eor
       4651;20190521;-999;-999;-999;    3;   0.7;   4;-999;-999;  -999;  15.1;    -999;   14.5;   90.88;   17.7;   12.5;   12.4;eor
       4651;20190522;-999;-999;-999;    3;   0.1;   4;-999;-999;  -999;  11.0;    -999;   11.2;   82.83;   15.3;    5.4;    3.7;eor
       4651;20190523;-999;-999;-999;    3;   0.0;   0;-999;-999;  -999;   9.6;    -999;   13.0;   68.08;   20.3;    4.3;    2.4;eor
       4651;20190524;-999;-999;-999;    3;   0.0;   0;-999;-999;  -999;  11.0;    -999;   16.1;   63.08;   23.3;    8.0;    5.6;eor
       4651;20190525;-999;-999;-999;    3;   0.0;   0;-999;-999;  -999;  10.2;    -999;   10.9;   78.67;   15.1;    5.2;    3.4;eor
       4651;20190526;-999;-999;-999;    3;   0.0;   0;-999;-999;  -999;  10.8;    -999;   15.3;   63.83;   20.1;    5.1;    3.1;eor
       4651;20190527;-999;-999;-999;    3;   3.0;   4;-999;-999;  -999;  12.2;    -999;   15.5;   69.67;   20.3;    8.3;    7.2;eor
       4651;20190528;-999;-999;-999;    3;   7.6;   4;-999;-999;  -999;  11.1;    -999;   11.6;   82.38;   16.8;    8.1;    7.1;eor
       4651;20190529;-999;-999;-999;    3;   0.0;   0;-999;-999;  -999;   8.3;    -999;   10.5;   68.08;   16.5;    4.6;    3.1;eor
       4651;20190530;-999;-999;-999;    3;   0.0;   0;-999;-999;  -999;  10.9;    -999;   15.3;   62.13;   18.5;    8.0;    4.7;eor
       4651;20190531;-999;-999;-999;    3;   0.0;   0;-999;-999;  -999;  14.9;    -999;   17.9;   73.67;   23.7;   12.4;   10.1;eor
       4651;20190601;-999;-999;-999;    3;   0.0;   0;-999;-999;  -999;  14.0;    -999;   18.6;   68.92;   26.1;   10.3;    8.5;eor
       4651;20190602;-999;-999;-999;    3;   0.0;   0;-999;-999;  -999;  14.3;    -999;   22.4;   56.83;   29.2;   11.0;    9.3;eor
       4651;20190603;-999;-999;-999;    3;   6.0;   4;-999;-999;  -999;  15.8;    -999;   21.3;   65.46;   27.6;   13.4;   12.4;eor
       4651;20190604;-999;-999;-999;    3;   0.0;   0;-999;-999;  -999;  16.5;    -999;   20.7;   70.42;   27.4;   11.3;   10.1;eor
       4651;20190605;-999;-999;-999;    3;   0.0;   0;-999;-999;  -999;  17.2;    -999;   24.6;   56.50;   29.9;   17.3;   16.5;eor
       4651;20190606;-999;-999;-999;    3;   0.5;   4;-999;-999;  -999;  13.7;    -999;   16.6;   73.04;   24.8;   10.8;    9.5;eor
       4651;20190607;-999;-999;-999;    3;  11.6;   4;-999;-999;  -999;  13.5;    -999;   16.7;   73.08;   24.4;    7.4;    6.0;eor
       4651;20190608;-999;-999;-999;    3;   0.0;   0;-999;-999;  -999;   9.9;    -999;   15.3;   58.04;   19.0;   12.2;    9.4;eor
       4651;20190609;-999;-999;-999;    3;   0.0;   0;-999;-999;  -999;  11.0;    -999;   17.2;   56.21;   22.6;   11.5;    8.8;eor
       4651;20190610;-999;-999;-999;    3;   3.5;   4;-999;-999;  -999;  15.6;    -999;   18.8;   73.00;   26.1;   12.2;   11.3;eor
       4651;20190611;-999;-999;-999;    3;  10.2;   4;-999;-999;  -999;  16.4;    -999;   17.2;   83.88;   21.5;   13.4;   12.6;eor
       4651;20190612;-999;-999;-999;    3;   3.5;   4;-999;-999;  -999;  16.4;    -999;   16.4;   87.79;   19.3;   13.8;   12.1;eor
       4651;20190613;-999;-999;-999;    3;   0.0;   0;-999;-999;  -999;  12.3;    -999;   18.4;   59.21;   23.9;   12.0;    8.9;eor
       4651;20190614;-999;-999;-999;    3;   0.0;   0;-999;-999;  -999;  13.8;    -999;   20.1;   62.46;   27.8;    8.5;    7.0;eor
       4651;20190615;-999;-999;-999;    3;   0.0;   4;-999;-999;  -999;  15.8;    -999;   20.5;   66.21;   25.9;   11.7;   10.2;eor
       4651;20190616;-999;-999;-999;    3;   5.3;   4;-999;-999;  -999;  14.7;    -999;   15.5;   83.96;   20.1;   10.4;    9.5;eor
       4651;20190617;-999;-999;-999;    3;   0.0;   0;-999;-999;  -999;  15.5;    -999;   18.7;   73.83;   24.0;   12.8;   11.4;eor
       4651;20190618;-999;-999;-999;    3;   0.0;   0;-999;-999;  -999;  15.0;    -999;   21.1;   64.67;   28.6;   11.9;   10.4;eor
       4651;20190619;-999;-999;-999;    3;  17.9;   4;-999;-999;  -999;  16.4;    -999;   21.3;   68.92;   30.3;   14.4;   12.8;eor
       4651;20190620;-999;-999;-999;    3;   0.8;   4;-999;-999;  -999;  17.1;    -999;   19.1;   78.50;   24.7;   14.1;   13.8;eor
       4651;20190621;-999;-999;-999;    3;   0.0;   0;-999;-999;  -999;  13.6;    -999;   17.3;   70.71;   22.8;   10.3;    9.0;eor
       4651;20190622;-999;-999;-999;    3;   0.0;   0;-999;-999;  -999;  13.4;    -999;   17.6;   67.63;   23.2;    9.5;    8.2;eor
       4651;20190623;-999;-999;-999;    3;   0.0;   0;-999;-999;  -999;  13.1;    -999;   20.7;   55.79;   25.5;   12.4;   10.8;eor
       4651;20190624;-999;-999;-999;    3;   0.0;   0;-999;-999;  -999;  13.0;    -999;   21.7;   53.58;   29.0;   12.4;   11.1;eor
       4651;20190625;-999;-999;-999;    3;   0.0;   0;-999;-999;  -999;  16.6;    -999;   24.0;   59.58;   32.4;   13.1;   12.2;eor
       4651;20190626;-999;-999;-999;    3;   0.0;   0;-999;-999;  -999;  19.7;    -999;   25.9;   60.33;   33.3;   15.5;   15.0;eor
       4651;20190627;-999;-999;-999;    3;   0.0;   0;-999;-999;  -999;  12.5;    -999;   16.7;   66.96;   22.5;   11.1;   10.4;eor
       4651;20190628;-999;-999;-999;    3;   0.0;   0;-999;-999;  -999;  11.8;    -999;   16.3;   65.29;   22.5;   10.0;    8.8;eor
       4651;20190629;-999;-999;-999;    3;   0.0;   0;-999;-999;  -999;  12.8;    -999;   20.3;   58.96;   30.6;    9.1;    7.5;eor
       4651;20190630;-999;-999;-999;    3;   0.0;   4;-999;-999;  -999;  14.8;    -999;   25.3;   49.38;   35.8;   12.4;   10.1;eor
       4651;20190701;-999;-999;-999;    3;   0.0;   0;-999;-999;  -999;  13.3;    -999;   19.9;   59.88;   26.1;   13.0;   10.9;eor
       4651;20190702;-999;-999;-999;    3;   0.0;   0;-999;-999;  -999;  10.4;    -999;   15.8;   60.29;   21.2;    9.2;    7.1;eor
       4651;20190703;-999;-999;-999;    3;   0.0;   0;-999;-999;  -999;   9.4;    -999;   13.8;   62.88;   20.2;    6.5;    5.0;eor
       4651;20190704;-999;-999;-999;    3;   0.0;   0;-999;-999;  -999;   9.7;    -999;   14.7;   61.38;   22.0;    4.7;    3.4;eor
       4651;20190705;-999;-999;-999;    3;   0.0;   0;-999;-999;  -999;  12.0;    -999;   18.5;   57.71;   25.0;   12.2;   11.5;eor
       4651;20190706;-999;-999;-999;    3;   9.2;   4;-999;-999;  -999;  13.4;    -999;   17.4;   70.58;   25.7;   11.0;    9.7;eor
       4651;20190707;-999;-999;-999;    3;   0.0;   0;-999;-999;  -999;  10.6;    -999;   13.8;   68.42;   18.0;    8.9;    7.0;eor
       4651;20190708;-999;-999;-999;    3;   3.6;   4;-999;-999;  -999;  10.7;    -999;   12.0;   77.17;   16.3;    6.4;    4.6;eor
       4651;20190709;-999;-999;-999;    3;   0.2;   4;-999;-999;  -999;  11.5;    -999;   12.5;   80.21;   16.4;    8.7;    7.0;eor
       4651;20190710;-999;-999;-999;    3;   0.8;   4;-999;-999;  -999;  11.4;    -999;   14.5;   70.92;   19.4;    9.0;    8.5;eor
       4651;20190711;-999;-999;-999;    3;   1.5;   4;-999;-999;  -999;  14.6;    -999;   16.0;   80.92;   20.9;   12.9;   12.6;eor
       4651;20190712;-999;-999;-999;    3;   2.4;   4;-999;-999;  -999;  15.4;    -999;   16.8;   81.04;   23.3;   13.6;   12.5;eor
       4651;20190713;-999;-999;-999;    3;   1.7;   4;-999;-999;  -999;  15.5;    -999;   15.4;   88.50;   18.4;   13.5;   13.5;eor
       4651;20190714;-999;-999;-999;    3;   0.1;   4;-999;-999;  -999;  13.2;    -999;   13.8;   83.88;   16.1;   12.0;   11.9;eor
       4651;20190715;-999;-999;-999;    3;   0.1;   4;-999;-999;  -999;  12.3;    -999;   13.6;   79.04;   15.3;   11.6;    9.8;eor
       4651;20190716;-999;-999;-999;    3;   0.3;   4;-999;-999;  -999;  13.1;    -999;   14.0;   81.96;   15.9;   11.9;   11.6;eor
       4651;20190717;-999;-999;-999;    3;   0.0;   4;-999;-999;  -999;  13.6;    -999;   16.4;   75.08;   21.8;   10.2;    8.1;eor
       4651;20190718;-999;-999;-999;    3;   0.4;   4;-999;-999;  -999;  12.8;    -999;   18.2;   65.29;   25.7;    9.4;    7.5;eor
       4651;20190719;-999;-999;-999;    3;   0.3;   4;-999;-999;  -999;  15.7;    -999;   18.5;   74.63;   23.9;   13.0;   11.3;eor
       4651;20190720;-999;-999;-999;    3;  30.5;   4;-999;-999;  -999;  16.0;    -999;   20.1;   72.29;   30.0;   11.4;   10.0;eor
       4651;20190721;-999;-999;-999;    3;   0.0;   0;-999;-999;  -999;  15.9;    -999;   19.4;   72.63;   24.9;   12.8;   11.6;eor
       4651;20190722;-999;-999;-999;    3;   0.0;   0;-999;-999;  -999;  14.4;    -999;   19.5;   67.17;   26.8;   10.6;    9.8;eor
       4651;20190723;-999;-999;-999;    3;   0.0;   0;-999;-999;  -999;  16.3;    -999;   23.1;   62.42;   31.5;   13.1;   12.1;eor
       4651;20190724;-999;-999;-999;    3;   0.0;   0;-999;-999;  -999;  15.2;    -999;   26.3;   50.88;   35.3;   14.5;   13.0;eor
       4651;20190725;-999;-999;-999;    3;   0.0;   0;-999;-999;  -999;  15.0;    -999;   28.1;   45.04;   36.4;   16.0;   14.5;eor
       4651;20190726;-999;-999;-999;    3;   0.0;   0;-999;-999;  -999;  15.0;    -999;   25.1;   49.92;   31.8;   15.8;   14.4;eor
       4651;20190727;-999;-999;-999;    3;   0.0;   0;-999;-999;  -999;  13.7;    -999;   23.5;   49.58;   28.7;   15.5;   13.9;eor
       4651;20190728;-999;-999;-999;    3;   0.0;   0;-999;-999;  -999;  16.1;    -999;   22.9;   58.08;   28.0;   15.9;   13.7;eor
       4651;20190729;-999;-999;-999;    3;   7.0;   4;-999;-999;  -999;  19.1;    -999;   19.2;   85.88;   21.7;   16.3;   15.8;eor
       4651;20190730;-999;-999;-999;    3;   1.1;   4;-999;-999;  -999;  16.7;    -999;   22.0;   66.42;   29.0;   16.3;   15.2;eor
       4651;20190731;-999;-999;-999;    3;   0.0;   0;-999;-999;  -999;  15.1;    -999;   20.3;   66.13;   26.2;   13.0;   12.2;eor
       4651;20190801;-999;-999;-999;    3;   0.0;   0;-999;-999;  -999;  13.2;    -999;   18.3;   65.83;   24.3;   11.2;   10.3;eor
       4651;20190802;-999;-999;-999;    3;   1.5;   4;-999;-999;  -999;  14.5;    -999;   18.5;   69.63;   25.3;   11.8;   10.6;eor
       4651;20190803;-999;-999;-999;    3;   6.5;   4;-999;-999;  -999;  16.0;    -999;   17.4;   81.92;   24.2;   12.5;   11.5;eor
       4651;20190804;-999;-999;-999;    3;   0.2;   4;-999;-999;  -999;  14.1;    -999;   17.7;   72.46;   24.1;   12.6;   11.5;eor
       4651;20190805;-999;-999;-999;    3;   0.3;   4;-999;-999;  -999;  15.5;    -999;   20.0;   68.25;   26.4;   12.7;   11.6;eor
       4651;20190806;-999;-999;-999;    3;   0.0;   0;-999;-999;  -999;  15.0;    -999;   20.4;   64.33;   25.5;   14.3;   12.9;eor
       4651;20190807;-999;-999;-999;    3;   0.3;   4;-999;-999;  -999;  14.7;    -999;   19.8;   64.96;   24.1;   14.9;   14.0;eor
       4651;20190808;-999;-999;-999;    3;   0.0;   0;-999;-999;  -999;  12.6;    -999;   19.7;   58.00;   25.8;   12.5;   10.7;eor
       4651;20190809;-999;-999;-999;    3;   5.2;   4;-999;-999;  -999;  15.8;    -999;   20.5;   67.83;   28.0;   11.1;    9.5;eor
       4651;20190810;-999;-999;-999;    3;   0.0;   0;-999;-999;  -999;  15.8;    -999;   21.8;   61.46;   25.3;   18.4;   15.9;eor
       4651;20190811;-999;-999;-999;    3;   0.0;   0;-999;-999;  -999;  11.8;    -999;   21.0;   48.50;   26.4;   15.8;   13.8;eor
       4651;20190812;-999;-999;-999;    3;   4.6;   4;-999;-999;  -999;  12.5;    -999;   18.1;   62.46;   24.2;   13.3;   12.2;eor
       4651;20190813;-999;-999;-999;    3;   0.0;   0;-999;-999;  -999;  11.6;    -999;   15.5;   67.21;   20.1;   12.3;   10.8;eor
       4651;20190814;-999;-999;-999;    3;   1.6;   4;-999;-999;  -999;  10.3;    -999;   16.0;   58.75;   21.1;   11.0;    9.0;eor
       4651;20190815;-999;-999;-999;    3;   4.0;   4;-999;-999;  -999;  14.1;    -999;   16.8;   73.71;   20.9;   13.9;   11.6;eor
       4651;20190816;-999;-999;-999;    3;   0.1;   4;-999;-999;  -999;  12.8;    -999;   17.7;   65.46;   22.6;   13.3;   12.1;eor
       4651;20190817;-999;-999;-999;    3;   0.7;   4;-999;-999;  -999;  14.2;    -999;   20.0;   61.13;   24.3;   16.7;   14.5;eor
       4651;20190818;-999;-999;-999;    3;  11.4;   4;-999;-999;  -999;  17.9;    -999;   18.5;   84.17;   24.1;   15.0;   13.8;eor
       4651;20190819;-999;-999;-999;    3;   0.0;   0;-999;-999;  -999;  12.7;    -999;   17.1;   68.00;   22.9;    9.6;    8.0;eor
       4651;20190820;-999;-999;-999;    3;   0.0;   0;-999;-999;  -999;  11.1;    -999;   15.6;   66.13;   21.0;    9.2;    7.6;eor
       4651;20190821;-999;-999;-999;    3;   0.0;   0;-999;-999;  -999;  10.8;    -999;   15.3;   65.96;   22.5;    8.8;    7.0;eor
       4651;20190822;-999;-999;-999;    3;   0.0;   0;-999;-999;  -999;  10.6;    -999;   17.0;   60.71;   26.1;    7.2;    5.6;eor
       4651;20190823;-999;-999;-999;    3;   0.0;   0;-999;-999;  -999;  10.8;    -999;   19.1;   55.17;   28.6;    9.0;    7.1;eor
       4651;20190824;-999;-999;-999;    3;   0.0;   0;-999;-999;  -999;  12.8;    -999;   20.2;   58.21;   28.4;    9.2;    7.3;eor
       4651;20190825;-999;-999;-999;    3;   0.0;   0;-999;-999;  -999;  17.1;    -999;   22.6;   64.67;   30.6;   13.7;   12.6;eor
       4651;20190826;-999;-999;-999;    3;   0.0;   0;-999;-999;  -999;  16.3;    -999;   23.5;   60.71;   31.9;   15.2;   13.5;eor
       4651;20190827;-999;-999;-999;    3;   0.0;   0;-999;-999;  -999;  17.3;    -999;   22.3;   67.54;   31.5;   14.2;   13.4;eor
       4651;20190828;-999;-999;-999;    3;   0.0;   0;-999;-999;  -999;  16.8;    -999;   23.5;   61.75;   32.4;   15.7;   14.4;eor
       4651;20190829;-999;-999;-999;    3;   7.7;   4;-999;-999;  -999;  17.9;    -999;   20.5;   75.33;   27.5;   14.9;   13.9;eor
       4651;20190830;-999;-999;-999;    3;   0.0;   0;-999;-999;  -999;  18.6;    -999;   20.6;   78.46;   26.9;   16.2;   14.8;eor
       4651;20190831;-999;-999;-999;    3;   0.0;   0;-999;-999;  -999;  17.0;    -999;   23.4;   63.71;   31.6;   14.2;   12.8;eor
       4651;20190901;-999;-999;-999;    3;   0.1;   4;-999;-999;  -999;  15.0;    -999;   18.2;   72.79;   25.9;   10.6;    8.5;eor
       4651;20190902;-999;-999;-999;    3;   0.0;   0;-999;-999;  -999;  10.3;    -999;   13.9;   68.38;   21.2;    7.8;    5.9;eor
       4651;20190903;-999;-999;-999;    3;   0.0;   0;-999;-999;  -999;  10.9;    -999;   15.5;   62.13;   19.1;    7.6;    6.0;eor
       4651;20190904;-999;-999;-999;    3;   3.5;   4;-999;-999;  -999;  12.7;    -999;   18.0;   63.38;   23.9;   14.3;   13.9;eor
       4651;20190905;-999;-999;-999;    3;   0.5;   4;-999;-999;  -999;  12.0;    -999;   13.9;   76.33;   19.5;    7.5;    5.3;eor
       4651;20190906;-999;-999;-999;    3;   0.0;   0;-999;-999;  -999;   8.9;    -999;   12.6;   65.46;   19.2;    4.4;    2.7;eor
       4651;20190907;-999;-999;-999;    3;   0.3;   4;-999;-999;  -999;  10.4;    -999;   12.6;   71.79;   16.0;    6.8;    5.1;eor
       4651;20190908;-999;-999;-999;    3;   0.0;   4;-999;-999;  -999;  11.0;    -999;   12.8;   76.17;   18.9;    6.8;    5.1;eor
       4651;20190909;-999;-999;-999;    3;   4.7;   4;-999;-999;  -999;  12.4;    -999;   12.3;   87.00;   15.3;    9.5;    8.1;eor
       4651;20190910;-999;-999;-999;    3;   0.0;   0;-999;-999;  -999;  10.2;    -999;   12.4;   74.08;   18.9;    6.2;    4.3;eor
       4651;20190911;-999;-999;-999;    3;   2.1;   4;-999;-999;  -999;  10.2;    -999;   13.8;   68.58;   21.6;    5.2;    3.2;eor
       4651;20190912;-999;-999;-999;    3;   0.2;   4;-999;-999;  -999;  14.7;    -999;   17.2;   75.75;   22.8;   13.6;   13.1;eor
       4651;20190913;-999;-999;-999;    3;   1.1;   4;-999;-999;  -999;  13.8;    -999;   16.3;   74.17;   20.2;    6.9;    4.8;eor
       4651;20190914;-999;-999;-999;    3;   0.0;   0;-999;-999;  -999;   9.5;    -999;   11.4;   73.83;   19.8;    4.2;    2.1;eor
       4651;20190915;-999;-999;-999;    3;   2.8;   4;-999;-999;  -999;   9.9;    -999;   16.9;   55.00;   23.7;    9.3;    7.0;eor
       4651;20190916;-999;-999;-999;    3;   4.5;   4;-999;-999;  -999;  12.8;    -999;   12.0;   91.25;   13.6;   10.5;    9.8;eor
       4651;20190917;-999;-999;-999;    3;   1.5;   4;-999;-999;  -999;  10.5;    -999;   11.5;   77.58;   15.9;    8.3;    5.0;eor
       4651;20190918;-999;-999;-999;    3;   0.0;   0;-999;-999;  -999;   9.0;    -999;   10.3;   73.58;   16.8;    5.8;    3.7;eor
       4651;20190919;-999;-999;-999;    3;   0.0;   0;-999;-999;  -999;   8.1;    -999;    8.9;   74.25;   15.4;    3.7;    2.0;eor
       4651;20190920;-999;-999;-999;    3;   0.0;   0;-999;-999;  -999;   8.5;    -999;    9.2;   76.21;   17.5;    2.4;    0.8;eor
       4651;20190921;-999;-999;-999;    3;   0.0;   0;-999;-999;  -999;   9.2;    -999;   12.4;   69.00;   22.6;    3.2;    1.3;eor
       4651;20190922;-999;-999;-999;    3;   0.0;   0;-999;-999;  -999;  10.0;    -999;   14.3;   67.33;   25.7;    4.8;    3.0;eor
       4651;20190923;-999;-999;-999;    3;   2.1;   4;-999;-999;  -999;  14.0;    -999;   13.4;   90.38;   15.7;    9.1;    7.3;eor
       4651;20190924;-999;-999;-999;    3;   0.0;   4;-999;-999;  -999;  13.1;    -999;   15.6;   75.13;   20.6;   10.2;    8.0;eor
       4651;20190925;-999;-999;-999;    3;   5.4;   4;-999;-999;  -999;  14.0;    -999;   14.4;   85.42;   17.9;   12.0;   11.1;eor
       4651;20190926;-999;-999;-999;    3;  11.0;   4;-999;-999;  -999;  14.9;    -999;   15.5;   84.46;   18.0;   13.4;   12.4;eor
       4651;20190927;-999;-999;-999;    3;   3.9;   4;-999;-999;  -999;  14.7;    -999;   14.9;   86.04;   18.2;   13.5;   11.8;eor
       4651;20190928;-999;-999;-999;    3;   0.7;   4;-999;-999;  -999;  12.9;    -999;   14.9;   76.88;   18.5;   13.2;   12.1;eor
       4651;20190929;-999;-999;-999;    3;  16.8;   4;-999;-999;  -999;  13.2;    -999;   14.8;   78.63;   16.6;   12.6;   11.4;eor
       4651;20190930;-999;-999;-999;    3;   1.1;   4;-999;-999;  -999;  12.3;    -999;   13.9;   77.33;   16.8;   11.2;    9.7;eor
       4651;20191001;-999;-999;-999;    3;  16.5;   4;-999;   0;  -999;  13.7;    -999;   14.2;   83.92;   17.6;   11.8;   10.5;eor
       4651;20191002;-999;-999;-999;    3;   1.4;   4;-999;   0;  -999;   9.5;    -999;    9.6;   80.08;   14.9;    6.7;    5.7;eor
       4651;20191003;-999;-999;-999;    3;   4.1;   4;-999;   0;  -999;  11.0;    -999;    9.8;   90.17;   12.5;    7.9;    7.0;eor
       4651;20191004;-999;-999;-999;    3;  20.9;   4;-999;   0;  -999;  10.1;    -999;    9.3;   85.83;   10.8;    8.1;    7.4;eor
       4651;20191005;-999;-999;-999;    3;   0.0;   0;-999;   0;  -999;   9.1;    -999;    7.9;   85.54;   11.6;    3.4;    2.1;eor
       4651;20191006;-999;-999;-999;    3;   0.0;   0;-999;   0;  -999;   7.8;    -999;    6.4;   82.17;   10.7;    1.7;    0.3;eor
       4651;20191007;-999;-999;-999;    3;   2.3;   4;-999;   0;  -999;   7.4;    -999;    7.0;   75.42;   13.0;   -0.7;   -2.6;eor
       4651;20191008;-999;-999;-999;    3;   2.3;   4;-999;   0;  -999;  12.1;    -999;   11.4;   89.33;   13.5;    9.6;    8.2;eor
       4651;20191009;-999;-999;-999;    3;   9.8;   4;-999;   0;  -999;  11.1;    -999;   11.3;   82.88;   13.9;    8.9;    8.1;eor
       4651;20191010;-999;-999;-999;    3;   0.1;   4;-999;   0;  -999;  10.3;    -999;   10.4;   82.17;   13.1;    8.4;    7.7;eor
       4651;20191011;-999;-999;-999;    3;   0.0;   0;-999;   0;  -999;  11.3;    -999;   13.0;   75.08;   15.1;   10.7;   10.1;eor
       4651;20191012;-999;-999;-999;    3;   0.0;   0;-999;   0;  -999;  13.2;    -999;   16.2;   71.58;   19.2;   13.4;   12.2;eor
       4651;20191013;-999;-999;-999;    3;   0.0;   0;-999;   0;  -999;  15.7;    -999;   19.4;   70.04;   23.0;   16.0;   14.6;eor
       4651;20191014;-999;-999;-999;    3;   0.0;   0;-999;   0;  -999;  15.2;    -999;   17.5;   77.29;   22.7;   12.1;    9.8;eor
       4651;20191015;-999;-999;-999;    3;  16.1;   4;-999;   0;  -999;  14.9;    -999;   19.1;   68.67;   23.6;   13.9;   11.7;eor
       4651;20191016;-999;-999;-999;    3;   7.5;   4;-999;   0;  -999;  12.6;    -999;   13.0;   84.21;   15.3;   10.8;   10.6;eor
       4651;20191017;-999;-999;-999;    3;   4.9;   4;-999;   0;  -999;  12.7;    -999;   14.6;   76.29;   17.1;   13.2;   11.7;eor
       4651;20191018;-999;-999;-999;    3;   3.3;   4;-999;   0;  -999;  12.1;    -999;   13.4;   78.08;   17.6;   10.4;    8.6;eor
       4651;20191019;-999;-999;-999;    3;   0.5;   4;-999;   0;  -999;  11.1;    -999;   13.3;   72.25;   15.6;   10.3;    8.7;eor
       4651;20191020;-999;-999;-999;    1;   0.3;   4;-999;   0;  -999;  14.2;    -999;   13.6;   90.75;   15.5;   12.2;   11.8;eor
       4651;20191021;-999;-999;-999;    1;   0.0;   0;-999;   0;  -999;  13.5;    -999;   14.3;   83.25;   18.4;    8.9;    7.6;eor
       4651;20191022;-999;-999;-999;    1;   0.0;   0;-999;   0;  -999;  11.0;    -999;   11.0;   83.92;   14.2;    5.5;    3.9;eor
       4651;20191023;-999;-999;-999;    1;   0.0;   0;-999;   0;  -999;  11.6;    -999;   11.1;   88.00;   17.6;    6.6;    4.8;eor
       4651;20191024;-999;-999;-999;    1;   0.0;   0;-999;   0;  -999;  13.1;    -999;   13.6;   84.42;   16.5;   10.1;    9.1;eor
       4651;20191025;-999;-999;-999;    1;   0.0;   0;-999;   0;  -999;  11.3;    -999;   14.4;   69.25;   17.0;   12.7;   11.2;eor
       4651;20191026;-999;-999;-999;    1;   0.0;   4;-999;   0;  -999;  11.7;    -999;   14.9;   69.46;   18.0;   12.2;   11.1;eor
       4651;20191027;-999;-999;-999;    1;   1.6;   4;-999;   0;  -999;   9.6;    -999;   10.4;   75.88;   15.4;    5.8;    3.2;eor
       4651;20191028;-999;-999;-999;    1;   1.1;   4;-999;   0;  -999;   8.5;    -999;    6.8;   85.67;   10.8;    3.3;    1.7;eor
       4651;20191029;-999;-999;-999;    1;   0.0;   0;-999;   0;  -999;   7.3;    -999;    4.1;   89.50;    8.6;    0.7;   -1.7;eor
       4651;20191030;-999;-999;-999;    1;   0.0;   0;-999;   0;  -999;   6.2;    -999;    2.3;   86.00;    7.8;   -2.4;   -4.7;eor
       4651;20191031;-999;-999;-999;    1;   0.0;   0;-999;   0;  -999;   5.2;    -999;   -0.3;   87.25;    7.4;   -4.2;   -6.6;eor
       4651;20191101;-999;-999;-999;    1;   3.1;   4;-999;   0;  -999;   6.7;    -999;    2.9;   86.33;    9.1;   -4.4;   -6.6;eor
       4651;20191102;-999;-999;-999;    1;   4.7;   4;-999;   0;  -999;  12.2;    -999;   12.3;   84.79;   14.8;    8.9;    8.4;eor
       4651;20191103;-999;-999;-999;    1;   2.3;   4;-999;   0;  -999;  11.0;    -999;   11.2;   82.58;   13.2;    7.7;    5.8;eor
       4651;20191104;-999;-999;-999;    1;   1.1;   4;-999;   0;  -999;  10.8;    -999;   10.6;   84.50;   13.0;    9.4;    7.4;eor
       4651;20191105;-999;-999;-999;    1;   1.1;   4;-999;   0;  -999;   9.9;    -999;    8.7;   87.42;   10.1;    7.0;    4.8;eor
       4651;20191106;-999;-999;-999;    1;   5.4;   4;-999;   0;  -999;   9.2;    -999;    7.2;   90.29;    8.7;    3.9;    1.6;eor
       4651;20191107;-999;-999;-999;    1;   1.9;   4;-999;   0;  -999;   8.9;    -999;    7.4;   86.42;   11.1;    3.4;    1.6;eor
       4651;20191108;-999;-999;-999;    1;   6.6;   4;-999;   0;  -999;   8.2;    -999;    6.1;   87.42;    8.2;    2.9;    0.9;eor
       4651;20191109;-999;-999;-999;    1;   0.6;   4;-999;   0;  -999;   7.9;    -999;    5.5;   87.54;    7.5;    3.0;    0.8;eor
       4651;20191110;-999;-999;-999;    1;   0.0;   0;-999;   0;  -999;   6.5;    -999;    2.0;   91.79;    5.9;   -1.9;   -3.9;eor
       4651;20191111;-999;-999;-999;    1;   0.0;   0;-999;   0;  -999;   6.1;    -999;    3.4;   78.38;    5.1;    1.9;   -0.3;eor
       4651;20191112;-999;-999;-999;    1;   0.1;   4;-999;   0;  -999;   6.6;    -999;    5.2;   74.96;    7.3;    3.4;    2.4;eor
       4651;20191113;-999;-999;-999;    1;   0.1;   4;-999;   0;  -999;   6.6;    -999;    4.4;   79.29;    5.9;    3.5;    1.7;eor
       4651;20191114;-999;-999;-999;    1;   0.0;   0;-999;   0;  -999;   6.5;    -999;    4.8;   76.13;    9.3;    0.4;   -2.2;eor
       4651;20191115;-999;-999;-999;    1;   4.5;   4;-999;   0;  -999;   7.2;    -999;    3.8;   89.79;    6.9;    0.5;   -2.3;eor
       4651;20191116;-999;-999;-999;    1;   1.4;   4;-999;   0;  -999;   7.1;    -999;    4.2;   86.46;    5.8;    1.9;   -0.5;eor
       4651;20191117;-999;-999;-999;    1;   0.1;   4;-999;   0;  -999;   6.8;    -999;    2.1;   94.63;    5.7;   -1.1;   -2.6;eor
       4651;20191118;-999;-999;-999;    1;   5.8;   4;-999;   0;  -999;   8.0;    -999;    4.9;   91.92;    5.9;    3.4;    2.7;eor
       4651;20191119;-999;-999;-999;    1;   0.0;   0;-999;   0;  -999;   6.7;    -999;    4.0;   83.13;    6.8;    0.8;   -0.9;eor
       4651;20191120;-999;-999;-999;    1;   0.0;   0;-999;   0;  -999;   6.6;    -999;    2.3;   91.33;    5.2;   -1.2;   -3.1;eor
       4651;20191121;-999;-999;-999;    1;   0.0;   0;-999;   0;  -999;   7.7;    -999;    4.5;   91.67;    6.3;    1.9;    1.8;eor
       4651;20191122;-999;-999;-999;    1;   0.0;   0;-999;   0;  -999;   7.3;    -999;    4.4;   88.08;    7.8;    0.0;   -2.0;eor
       4651;20191123;-999;-999;-999;    1;   0.0;   0;-999;   0;  -999;   6.8;    -999;    1.9;   95.50;    6.2;   -1.1;   -2.5;eor
       4651;20191124;-999;-999;-999;    1;   0.0;   0;-999;   0;  -999;   6.9;    -999;    1.9;   98.46;    3.7;   -1.4;   -2.4;eor
       4651;20191125;-999;-999;-999;    1;   0.0;   0;-999;   0;  -999;   7.6;    -999;    3.5;   96.46;    5.2;    2.2;    2.3;eor
       4651;20191126;-999;-999;-999;    1;   0.0;   0;-999;   0;  -999;   9.0;    -999;    7.7;   85.33;   10.0;    5.2;    4.8;eor
       4651;20191127;-999;-999;-999;    1;   0.7;   4;-999;   0;  -999;   9.4;    -999;    9.6;   78.79;   10.8;    8.0;    7.0;eor
       4651;20191128;-999;-999;-999;    1;   6.7;   4;-999;   0;  -999;   9.6;    -999;    9.3;   81.83;   11.0;    7.5;    6.5;eor
       4651;20191129;-999;-999;-999;    1;   0.8;   4;-999;   0;  -999;   7.0;    -999;    4.6;   81.88;    7.6;    2.0;    0.6;eor
       4651;20191130;-999;-999;-999;    1;   0.0;   0;-999;   0;  -999;   6.3;    -999;    2.1;   88.83;    5.0;   -2.7;   -4.8;eor
       4651;20191201;-999;-999;-999;    1;   0.0;   0;-999;   0;  -999;   5.1;    -999;   -1.9;   95.17;    0.5;   -4.2;   -6.0;eor
       4651;20191202;-999;-999;-999;    1;   2.1;   4;-999;   0;  -999;   6.6;    -999;    2.0;   92.29;    3.6;   -0.6;   -0.9;eor
       4651;20191203;-999;-999;-999;    1;   0.0;   0;-999;   0;  -999;   7.6;    -999;    4.5;   90.92;    5.6;    2.9;    1.5;eor
       4651;20191204;-999;-999;-999;    1;   0.0;   0;-999;   0;  -999;   6.2;    -999;    2.2;   86.21;    4.9;   -2.7;   -4.6;eor
       4651;20191205;-999;-999;-999;    1;   0.0;   0;-999;   0;  -999;   5.3;    -999;    2.0;   76.21;    4.6;   -2.0;   -4.3;eor
       4651;20191206;-999;-999;-999;    1;   2.0;   4;-999;   0;  -999;   5.9;    -999;    2.2;   80.75;    5.4;   -0.2;   -1.2;eor
       4651;20191207;-999;-999;-999;    1;   3.2;   4;-999;   0;  -999;   8.8;    -999;    7.2;   86.58;    8.4;    5.3;    4.5;eor
       4651;20191208;-999;-999;-999;    1;   1.3;   4;-999;   0;  -999;   8.3;    -999;    8.2;   76.04;    9.9;    6.0;    4.7;eor
       4651;20191209;-999;-999;-999;    1;   2.5;   4;-999;   0;  -999;   7.5;    -999;    6.0;   79.83;    7.6;    3.3;    0.7;eor
       4651;20191210;-999;-999;-999;    1;   0.0;   4;-999;   0;  -999;   6.0;    -999;    3.1;   78.17;    4.6;    1.1;   -1.1;eor
       4651;20191211;-999;-999;-999;    1;   6.4;   4;-999;   0;  -999;   5.8;    -999;    2.4;   80.58;    4.3;    1.0;    0.3;eor
       4651;20191212;-999;-999;-999;    1;   0.0;   0;-999;   0;  -999;   6.5;    -999;    2.8;   86.50;    3.8;    1.4;    0.3;eor
       4651;20191213;-999;-999;-999;    1;   1.7;   4;-999;   0;  -999;   5.7;    -999;    3.0;   74.38;    4.7;    2.0;    0.0;eor
       4651;20191214;-999;-999;-999;    1;   6.8;   4;-999;   0;  -999;   6.9;    -999;    4.1;   83.96;    5.9;    2.7;    1.1;eor
       4651;20191215;-999;-999;-999;    1;   2.3;   4;-999;   0;  -999;   6.8;    -999;    6.3;   71.58;    8.6;    3.7;    1.5;eor
       4651;20191216;-999;-999;-999;    1;   1.0;   4;-999;   0;  -999;   8.9;    -999;    8.0;   81.83;   10.7;    5.1;    3.5;eor
       4651;20191217;-999;-999;-999;    1;   0.4;   4;-999;   0;  -999;   8.6;    -999;   12.5;   59.71;   14.5;    9.7;    8.2;eor
       4651;20191218;-999;-999;-999;    1;   0.0;   0;-999;   0;  -999;   8.6;    -999;    7.7;   81.33;   12.7;    1.1;   -1.8;eor
       4651;20191219;-999;-999;-999;    1;   0.0;   0;-999;   0;  -999;   8.8;    -999;    9.2;   75.79;   12.8;    5.6;    3.8;eor
       4651;20191220;-999;-999;-999;    1;   2.1;   4;-999;   0;  -999;   8.1;    -999;    7.4;   78.25;   12.6;    0.3;   -2.0;eor
       4651;20191221;-999;-999;-999;    1;   0.2;   4;-999;   0;  -999;   8.0;    -999;    7.3;   77.88;    8.3;    5.1;    2.9;eor
       4651;20191222;-999;-999;-999;    1;   2.4;   4;-999;   0;  -999;   8.0;    -999;    7.2;   78.88;    8.8;    5.0;    2.7;eor
       4651;20191223;-999;-999;-999;    1;   2.7;   4;-999;   0;  -999;   8.4;    -999;    6.4;   87.21;    7.1;    5.6;    4.0;eor
       4651;20191224;-999;-999;-999;    1;   6.7;   4;-999;   0;  -999;   8.1;    -999;    6.2;   85.42;    8.0;    4.7;    4.1;eor
       4651;20191225;-999;-999;-999;    1;   2.5;   4;-999;   0;  -999;   8.4;    -999;    5.7;   92.21;    7.2;    4.0;    2.2;eor
       4651;20191226;-999;-999;-999;    1;   0.1;   4;-999;   0;  -999;   7.3;    -999;    3.9;   90.38;    5.5;    1.3;   -0.3;eor
       4651;20191227;-999;-999;-999;    1;   0.1;   4;-999;   0;  -999;   5.8;    -999;    0.9;   89.25;    3.2;   -1.6;   -4.1;eor
       4651;20191228;-999;-999;-999;    1;   0.0;   0;-999;   0;  -999;   4.9;    -999;   -1.2;   88.33;    1.0;   -4.5;   -6.2;eor
       4651;20191229;-999;-999;-999;    1;   0.0;   0;-999;   0;  -999;   4.3;    -999;    1.0;   65.92;    4.2;   -3.8;   -6.0;eor
       4651;20191230;-999;-999;-999;    1;   0.0;   0;-999;   0;  -999;   2.7;    -999;    6.6;   28.04;    9.9;    3.4;    2.3;eor
       4651;20191231;-999;-999;-999;    1;   0.2;   4;-999;-999;  -999;   6.5;    -999;    4.1;   79.54;    6.7;   -1.4;   -3.6;eor
