STATIONS_ID;MESS_DATUM;QN_3;  FX;  FM;QN_4; RSK;RSKF; SDK;SHK_TAG;  NM; VPM;  PM; TMK; UPM; TXK; TNK; TGK;eor
       4706;20180630;-999;-999;-999;    3;   0.0;   0;    9.950;-999;  -999;  15.8;    -999;   20.5;   67.13;   26.5;   14.8;   12.8;eor
       4706;20180701;-999;-999;-999;    3;   0.0;   0;   14.433;-999;  -999;   9.4;    -999;   17.4;   48.50;   22.7;   11.7;    9.6;eor
       4706;20180702;-999;-999;-999;    3;   0.0;   0;   14.433;-999;  -999;   9.4;    -999;   17.7;   48.38;   24.5;   10.2;    5.7;eor
       4706;20180703;-999;-999;-999;    3;   0.0;   0;   14.267;-999;  -999;  11.7;    -999;   19.0;   58.92;   27.7;    7.9;    4.2;eor
       4706;20180704;-999;-999;-999;    3;   0.0;   0;    9.383;-999;  -999;  16.2;    -999;   21.2;   68.00;   29.0;   12.5;    9.0;eor
       4706;20180705;-999;-999;-999;    3;  16.6;   4;   10.867;-999;  -999;  15.8;    -999;   20.8;   69.67;   30.1;   12.2;    8.3;eor
       4706;20180706;-999;-999;-999;    3;  22.5;   4;    0.117;-999;  -999;  18.6;    -999;   17.5;   93.38;   20.9;   16.3;   15.0;eor
       4706;20180707;-999;-999;-999;    3;   0.0;   0;   11.550;-999;  -999;  15.0;    -999;   19.2;   70.71;   25.2;   13.3;   10.8;eor
       4706;20180708;-999;-999;-999;    3;   0.0;   0;    7.317;-999;  -999;  13.6;    -999;   20.0;   62.25;   26.8;   13.4;   11.2;eor
       4706;20180709;-999;-999;-999;    3;   0.3;   4;   10.450;-999;  -999;  15.0;    -999;   20.7;   64.63;   26.9;   13.9;   11.6;eor
       4706;20180710;-999;-999;-999;    3;   5.3;   4;    3.717;-999;  -999;  16.3;    -999;   17.4;   82.92;   23.0;   14.7;   12.6;eor
       4706;20180711;-999;-999;-999;    3;   0.3;   4;    3.083;-999;  -999;  14.5;    -999;   16.3;   79.50;   21.4;   10.8;    7.6;eor
       4706;20180712;-999;-999;-999;    3;   0.0;   0;    7.283;-999;  -999;  13.1;    -999;   16.7;   71.58;   24.0;    8.8;    6.0;eor
       4706;20180713;-999;-999;-999;    3;   0.0;   0;   12.500;-999;  -999;  14.1;    -999;   19.5;   66.25;   27.9;   10.4;    7.3;eor
       4706;20180714;-999;-999;-999;    3;   0.1;   4;   10.300;-999;  -999;  15.5;    -999;   19.8;   70.25;   27.2;   12.6;    8.9;eor
       4706;20180715;-999;-999;-999;    3;  13.0;   4;    8.850;-999;  -999;  15.8;    -999;   18.9;   76.88;   28.6;   12.2;    8.6;eor
       4706;20180716;-999;-999;-999;    3;   1.6;   4;    6.033;-999;  -999;  16.5;    -999;   17.8;   82.79;   25.6;   12.7;   11.0;eor
       4706;20180717;-999;-999;-999;    3;   0.8;   4;    7.183;-999;  -999;  15.4;    -999;   19.4;   72.00;   28.0;   12.3;    9.5;eor
       4706;20180718;-999;-999;-999;    3;   0.0;   0;    8.150;-999;  -999;  15.5;    -999;   21.3;   64.04;   28.2;   14.5;   10.8;eor
       4706;20180719;-999;-999;-999;    3;   0.0;   0;   14.183;-999;  -999;  13.9;    -999;   20.8;   60.75;   29.0;   11.9;    8.4;eor
       4706;20180720;-999;-999;-999;    3;   0.0;   0;   13.483;-999;  -999;  14.3;    -999;   20.9;   61.71;   29.0;   11.1;    7.4;eor
       4706;20180721;-999;-999;-999;    3;   0.6;   4;    2.100;-999;  -999;  17.5;    -999;   18.7;   81.17;   22.7;   14.7;   11.5;eor
       4706;20180722;-999;-999;-999;    3;   7.5;   4;    0.633;-999;  -999;  19.3;    -999;   18.1;   92.83;   20.2;   16.3;   13.5;eor
       4706;20180723;-999;-999;-999;    3;  26.0;   4;    2.600;-999;  -999;  18.6;    -999;   18.2;   89.75;   25.6;   14.5;   12.8;eor
       4706;20180724;-999;-999;-999;    3;   0.0;   0;   12.233;-999;  -999;  17.6;    -999;   20.8;   75.42;   29.3;   13.4;   11.2;eor
       4706;20180725;-999;-999;-999;    3;   0.0;   0;    8.817;-999;  -999;  18.2;    -999;   20.9;   75.50;   29.9;   14.4;   12.1;eor
       4706;20180726;-999;-999;-999;    3;   0.0;   0;   11.550;-999;  -999;  18.0;    -999;   22.2;   70.17;   29.3;   14.9;   12.4;eor
       4706;20180727;-999;-999;-999;    3;   0.0;   0;   12.383;-999;  -999;  18.8;    -999;   23.0;   70.04;   30.0;   16.0;   14.0;eor
       4706;20180728;-999;-999;-999;    3;   1.1;   4;   11.450;-999;  -999;  18.0;    -999;   23.8;   64.08;   30.9;   15.0;   12.8;eor
       4706;20180729;-999;-999;-999;    3;   0.0;   4;    8.850;-999;  -999;  19.4;    -999;   23.7;   67.75;   30.2;   18.1;   15.6;eor
       4706;20180730;-999;-999;-999;    3;   0.0;   0;   13.217;-999;  -999;  19.1;    -999;   24.9;   64.83;   33.4;   16.5;   14.1;eor
       4706;20180731;-999;-999;-999;    3;   0.0;   0;   13.117;-999;  -999;  19.4;    -999;   25.5;   63.79;   33.4;   16.9;   14.1;eor
       4706;20180801;-999;-999;-999;    3;   0.0;   0;   12.617;-999;  -999;  19.3;    -999;   26.0;   60.83;   33.6;   18.3;   16.2;eor
       4706;20180802;-999;-999;-999;    3;   0.0;   0;   10.267;-999;  -999;  20.5;    -999;   25.1;   66.00;   32.3;   19.6;   16.8;eor
       4706;20180803;-999;-999;-999;    3;   0.0;   0;   11.400;-999;  -999;  21.4;    -999;   25.1;   69.96;   31.7;   18.7;   16.5;eor
       4706;20180804;-999;-999;-999;    3;   0.0;   0;    9.183;-999;  -999;  19.7;    -999;   24.8;   66.79;   33.3;   16.5;   13.7;eor
       4706;20180805;-999;-999;-999;    3;   0.0;   0;   11.567;-999;  -999;  19.6;    -999;   25.1;   65.42;   33.1;   17.1;   14.4;eor
       4706;20180806;-999;-999;-999;    3;   0.0;   0;   11.517;-999;  -999;  17.3;    -999;   24.3;   59.13;   31.3;   18.8;   16.0;eor
       4706;20180807;-999;-999;-999;    3;   1.8;   4;   10.050;-999;  -999;  18.0;    -999;   23.9;   64.46;   33.4;   15.7;   12.6;eor
       4706;20180808;-999;-999;-999;    3;   0.4;   4;   12.267;-999;  -999;  18.6;    -999;   24.7;   64.63;   33.0;   15.6;   13.3;eor
       4706;20180809;-999;-999;-999;    3;  15.8;   4;   12.767;-999;  -999;  19.6;    -999;   24.7;   68.33;   35.4;   16.8;   14.1;eor
       4706;20180810;-999;-999;-999;    3;   5.5;   4;    0.000;-999;  -999;  17.5;    -999;   16.6;   91.50;   19.3;   11.7;   10.7;eor
       4706;20180811;-999;-999;-999;    3;   0.0;   0;   10.367;-999;  -999;  14.4;    -999;   17.4;   75.21;   25.2;   10.0;    7.7;eor
       4706;20180812;-999;-999;-999;    3;   0.0;   0;   12.817;-999;  -999;  15.1;    -999;   19.9;   69.00;   29.1;   10.0;    7.3;eor
       4706;20180813;-999;-999;-999;    3;  16.7;   4;    9.783;-999;  -999;  18.2;    -999;   22.3;   72.75;   32.9;   15.7;   12.8;eor
       4706;20180814;-999;-999;-999;    3;   0.0;   0;    4.600;-999;  -999;  17.6;    -999;   19.9;   77.58;   25.0;   17.1;   14.7;eor
       4706;20180815;-999;-999;-999;    3;   0.0;   0;    7.550;-999;  -999;  16.7;    -999;   19.8;   74.50;   25.8;   14.3;   11.7;eor
       4706;20180816;-999;-999;-999;    3;   0.0;   0;   12.567;-999;  -999;  15.8;    -999;   20.0;   71.33;   27.2;   12.4;    9.9;eor
       4706;20180817;-999;-999;-999;    3;   0.0;   0;   12.833;-999;  -999;  15.6;    -999;   20.5;   68.71;   29.5;   11.8;    8.9;eor
       4706;20180818;-999;-999;-999;    3;   0.0;   0;   12.417;-999;  -999;  17.0;    -999;   21.5;   69.58;   30.1;   14.0;   10.6;eor
       4706;20180819;-999;-999;-999;    3;   0.0;   0;   12.617;-999;  -999;  16.7;    -999;   22.4;   66.25;   31.3;   14.4;   11.4;eor
       4706;20180820;-999;-999;-999;    3;   0.0;   0;   11.950;-999;  -999;  16.5;    -999;   22.9;   63.42;   31.1;   15.1;   12.2;eor
       4706;20180821;-999;-999;-999;    3;   0.0;   0;   12.150;-999;  -999;  17.0;    -999;   22.3;   66.42;   30.1;   14.1;   10.8;eor
       4706;20180822;-999;-999;-999;    3;   0.0;   0;   12.483;-999;  -999;  16.6;    -999;   22.9;   63.50;   32.0;   13.8;   10.7;eor
       4706;20180823;-999;-999;-999;    3;   0.5;   4;    4.183;-999;  -999;  18.3;    -999;   20.8;   75.38;   28.0;   15.7;   12.6;eor
       4706;20180824;-999;-999;-999;    3;   7.1;   4;    1.717;-999;  -999;  19.0;    -999;   19.1;   86.33;   23.3;   15.9;   15.0;eor
       4706;20180825;-999;-999;-999;    3;  19.8;   4;    0.767;-999;  -999;  14.7;    -999;   14.9;   87.42;   19.0;   11.6;   11.5;eor
       4706;20180826;-999;-999;-999;    3;   0.0;   0;    4.150;-999;  -999;  12.4;    -999;   12.3;   87.13;   16.9;    6.9;    3.5;eor
       4706;20180827;-999;-999;-999;    3;   0.0;   0;   11.383;-999;  -999;  11.5;    -999;   15.1;   70.88;   24.8;    5.2;    1.7;eor
       4706;20180828;-999;-999;-999;    3;   0.0;   0;    9.650;-999;  -999;  16.0;    -999;   19.4;   73.29;   26.7;   12.9;    9.3;eor
       4706;20180829;-999;-999;-999;    3;   2.0;   4;   11.167;-999;  -999;  16.5;    -999;   19.3;   76.00;   28.0;   10.8;    7.2;eor
       4706;20180830;-999;-999;-999;    3;   5.1;   4;    0.000;-999;  -999;  18.3;    -999;   16.8;   95.29;   18.4;   13.1;   10.0;eor
       4706;20180831;-999;-999;-999;    3;  10.9;   4;    0.100;-999;  -999;  16.1;    -999;   14.8;   95.46;   17.0;   12.3;    9.1;eor
       4706;20180901;-999;-999;-999;    3;   3.8;   4;    0.000;-999;  -999;  14.9;    -999;   13.6;   95.58;   15.1;   12.5;   12.0;eor
       4706;20180902;-999;-999;-999;    3;   0.0;   0;    1.650;-999;  -999;  15.4;    -999;   14.9;   91.33;   18.6;   12.2;   12.4;eor
       4706;20180903;-999;-999;-999;    3;   1.8;   4;    0.117;-999;  -999;  17.2;    -999;   16.9;   89.83;   19.7;   15.1;   14.8;eor
       4706;20180904;-999;-999;-999;    3;   0.1;   4;    1.450;-999;  -999;  17.5;    -999;   16.8;   91.75;   20.4;   14.8;   12.2;eor
       4706;20180905;-999;-999;-999;    3;   0.0;   0;   10.183;-999;  -999;  17.3;    -999;   18.1;   84.50;   24.4;   12.7;    9.7;eor
       4706;20180906;-999;-999;-999;    3;   0.0;   0;    9.683;-999;  -999;  15.3;    -999;   17.0;   81.38;   24.6;   11.0;    7.9;eor
       4706;20180907;-999;-999;-999;    3;   7.7;   4;    0.467;-999;  -999;  17.3;    -999;   16.5;   91.54;   20.1;   12.4;    9.9;eor
       4706;20180908;-999;-999;-999;    3;   0.0;   0;    8.617;-999;  -999;  15.4;    -999;   16.8;   82.71;   23.7;   10.6;    7.7;eor
       4706;20180909;-999;-999;-999;    3;   0.0;   0;   11.167;-999;  -999;  13.5;    -999;   15.9;   78.58;   25.1;    8.7;    6.0;eor
       4706;20180910;-999;-999;-999;    3;   0.0;   0;   10.950;-999;  -999;  14.3;    -999;   17.0;   76.96;   26.5;    8.6;    5.7;eor
       4706;20180911;-999;-999;-999;    3;   0.0;   0;    9.817;-999;  -999;  15.4;    -999;   18.6;   75.29;   27.2;   11.6;    8.5;eor
       4706;20180912;-999;-999;-999;    3;   0.0;   0;   11.450;-999;  -999;  15.4;    -999;   19.4;   72.96;   29.5;   11.1;    8.0;eor
       4706;20180913;-999;-999;-999;    3;  24.8;   4;    8.667;-999;  -999;  17.0;    -999;   19.6;   76.21;   26.1;   12.8;    9.6;eor
       4706;20180914;-999;-999;-999;    3;  14.6;   4;    1.617;-999;  -999;  17.9;    -999;   16.6;   94.71;   19.7;   13.3;   11.2;eor
       4706;20180915;-999;-999;-999;    3;   0.0;   0;    2.900;-999;  -999;  16.2;    -999;   16.3;   88.00;   22.0;   10.9;    8.5;eor
       4706;20180916;-999;-999;-999;    3;   0.0;   0;   10.567;-999;  -999;  15.1;    -999;   16.0;   83.88;   23.2;    8.9;    6.7;eor
       4706;20180917;-999;-999;-999;    3;   0.0;   0;    8.883;-999;  -999;  17.3;    -999;   18.2;   84.21;   25.5;   13.6;   11.4;eor
       4706;20180918;-999;-999;-999;    3;  18.4;   4;   10.667;-999;  -999;  17.7;    -999;   19.3;   80.75;   29.1;   12.2;    9.8;eor
       4706;20180919;-999;-999;-999;    3;   0.0;   0;    7.383;-999;  -999;  17.4;    -999;   18.5;   84.29;   26.2;   13.5;   11.1;eor
       4706;20180920;-999;-999;-999;    3;   0.0;   0;   10.883;-999;  -999;  16.8;    -999;   18.0;   83.33;   26.4;   11.6;    9.4;eor
       4706;20180921;-999;-999;-999;    3;   1.4;   4;   10.267;-999;  -999;  15.4;    -999;   18.9;   73.67;   28.5;   10.3;    8.0;eor
       4706;20180922;-999;-999;-999;    3;   3.3;   4;    5.917;-999;  -999;  11.9;    -999;   13.8;   77.33;   17.8;   11.1;    9.3;eor
       4706;20180923;-999;-999;-999;    3;  10.6;   4;    3.467;-999;  -999;  16.3;    -999;   15.6;   91.08;   24.0;   10.7;    9.9;eor
       4706;20180924;-999;-999;-999;    3;   0.0;   0;    3.567;-999;  -999;   8.6;    -999;    9.9;   71.00;   14.1;    4.9;    2.0;eor
       4706;20180925;-999;-999;-999;    3;   0.0;   0;    9.800;-999;  -999;   7.3;    -999;    7.3;   74.71;   13.3;    1.5;   -1.2;eor
       4706;20180926;-999;-999;-999;    3;   0.0;   0;   10.400;-999;  -999;   7.7;    -999;    8.0;   74.38;   16.8;    1.3;   -1.7;eor
       4706;20180927;-999;-999;-999;    3;   0.0;   0;   10.350;-999;  -999;   9.1;    -999;   10.7;   75.50;   20.7;    2.7;    0.0;eor
       4706;20180928;-999;-999;-999;    3;   0.0;   0;    9.750;-999;  -999;  11.2;    -999;   13.6;   74.13;   22.4;    4.8;    1.6;eor
       4706;20180929;-999;-999;-999;    3;   0.0;   0;    8.400;-999;  -999;   8.1;    -999;   11.5;   59.50;   15.0;    7.7;    3.2;eor
       4706;20180930;-999;-999;-999;    3;   1.6;   4;   10.317;-999;  -999;   9.4;    -999;   10.7;   71.88;   19.5;    5.4;    2.1;eor
       4706;20181001;-999;-999;-999;    3;   8.5;   4;    0.017;   0;  -999;  11.0;    -999;    9.6;   92.13;   12.8;    6.0;    3.6;eor
       4706;20181002;-999;-999;-999;    3;   0.0;   0;    4.267;   0;  -999;   8.3;    -999;    9.3;   71.71;   12.3;    5.5;    2.9;eor
       4706;20181003;-999;-999;-999;    3;   0.4;   4;    1.017;   0;  -999;  10.9;    -999;   11.4;   80.50;   15.7;    7.4;    3.5;eor
       4706;20181004;-999;-999;-999;    3;   0.0;   0;    9.850;   0;  -999;   9.9;    -999;   10.0;   82.58;   16.6;    4.2;    1.0;eor
       4706;20181005;-999;-999;-999;    3;   0.0;   0;   10.317;   0;  -999;  10.4;    -999;   10.4;   83.42;   18.7;    3.1;   -0.5;eor
       4706;20181006;-999;-999;-999;    3;   3.0;   4;    9.783;   0;  -999;  11.6;    -999;   12.0;   84.38;   21.3;    4.5;    1.9;eor
       4706;20181007;-999;-999;-999;    3;   2.0;   4;    0.600;   0;  -999;  16.0;    -999;   14.6;   95.75;   18.0;   11.4;   10.8;eor
       4706;20181008;-999;-999;-999;    3;   0.0;   0;    5.300;   0;  -999;  14.7;    -999;   14.5;   89.25;   18.9;   11.4;    7.8;eor
       4706;20181009;-999;-999;-999;    3;   0.0;   0;    3.050;   0;  -999;  13.4;    -999;   12.3;   93.54;   17.1;    7.9;    5.3;eor
       4706;20181010;-999;-999;-999;    3;   0.0;   0;    6.833;   0;  -999;  13.1;    -999;   14.3;   81.79;   21.9;    8.7;    8.6;eor
       4706;20181011;-999;-999;-999;    3;   0.3;   4;   10.200;   0;  -999;  10.4;    -999;   15.2;   62.83;   23.7;    6.4;    2.6;eor
       4706;20181012;-999;-999;-999;    3;   0.0;   0;    8.717;   0;  -999;  12.7;    -999;   14.4;   80.38;   24.6;    7.6;    4.5;eor
       4706;20181013;-999;-999;-999;    3;   0.0;   0;   10.183;   0;  -999;  11.7;    -999;   14.3;   74.29;   21.0;    6.4;    3.4;eor
       4706;20181014;-999;-999;-999;    3;   0.0;   0;   10.133;   0;  -999;  10.8;    -999;   16.4;   58.46;   23.3;    9.6;    4.4;eor
       4706;20181015;-999;-999;-999;    3;   0.0;   0;    4.150;   0;  -999;  10.0;    -999;   13.0;   67.63;   18.9;    6.1;    2.6;eor
       4706;20181016;-999;-999;-999;    3;   0.0;   0;    9.633;   0;  -999;  10.6;    -999;   11.3;   81.54;   22.3;    4.3;    0.9;eor
       4706;20181017;-999;-999;-999;    3;   0.0;   0;    9.717;   0;  -999;  10.9;    -999;   10.7;   86.04;   19.5;    4.5;    1.5;eor
       4706;20181018;-999;-999;-999;    3;   0.0;   0;    5.583;   0;  -999;  11.0;    -999;    9.6;   91.42;   18.8;    4.2;    1.8;eor
       4706;20181019;-999;-999;-999;    3;   0.0;   0;    6.167;   0;  -999;  11.0;    -999;    9.6;   91.83;   17.7;    4.7;    2.0;eor
       4706;20181020;-999;-999;-999;    3;   0.0;   0;    2.967;   0;  -999;  10.0;    -999;    8.4;   91.29;   15.3;    2.9;    0.9;eor
       4706;20181021;-999;-999;-999;    3;   0.0;   0;    5.717;   0;  -999;   8.8;    -999;    9.1;   77.50;   14.4;    3.9;    0.5;eor
       4706;20181022;-999;-999;-999;    3;   0.0;   0;    8.583;   0;  -999;   8.2;    -999;    7.3;   81.79;   15.1;    0.2;   -2.4;eor
       4706;20181023;-999;-999;-999;    3;   2.0;   4;    0.000;   0;  -999;   9.8;    -999;   10.1;   79.63;   13.1;    8.4;    7.4;eor
       4706;20181024;-999;-999;-999;    3;  11.7;   4;    0.033;   0;  -999;  11.3;    -999;   11.0;   86.04;   13.1;    8.9;    7.8;eor
       4706;20181025;-999;-999;-999;    3;   0.0;   0;    1.350;   0;  -999;  12.3;    -999;   12.3;   86.17;   15.2;   10.4;    9.5;eor
       4706;20181026;-999;-999;-999;    3;   0.0;   0;    7.167;   0;  -999;  10.5;    -999;   10.0;   86.08;   16.2;    4.8;    1.5;eor
       4706;20181027;-999;-999;-999;    3;  16.5;   4;    0.000;   0;  -999;   9.5;    -999;    6.9;   95.67;    8.2;    5.5;    4.6;eor
       4706;20181028;-999;-999;-999;    3;   2.2;   4;    0.000;   0;  -999;   8.4;    -999;    5.6;   92.83;    7.0;    4.6;    4.2;eor
       4706;20181029;-999;-999;-999;    3;   0.0;   0;    1.650;   0;  -999;  11.1;    -999;   10.4;   87.88;   18.4;    5.5;    5.3;eor
       4706;20181030;-999;-999;-999;    3;   0.0;   0;    5.167;   0;  -999;   8.0;    -999;   11.4;   62.25;   19.4;    0.6;   -2.3;eor
       4706;20181031;-999;-999;-999;    3;   0.0;   0;    6.017;   0;  -999;   7.8;    -999;    5.6;   86.17;   12.9;   -1.0;   -4.0;eor
       4706;20181101;-999;-999;-999;    3;   0.0;   0;    0.183;   0;  -999;   9.6;    -999;    8.6;   86.38;   15.8;    3.5;    0.3;eor
       4706;20181102;-999;-999;-999;    3;   3.4;   4;    0.000;   0;  -999;   9.4;    -999;    6.5;   96.50;    8.8;    3.3;    0.7;eor
       4706;20181103;-999;-999;-999;    3;   0.0;   0;    0.000;   0;  -999;  11.7;    -999;    9.6;   97.42;   11.1;    8.2;    7.9;eor
       4706;20181104;-999;-999;-999;    3;   0.0;   0;    0.000;   0;  -999;  12.6;    -999;   10.7;   97.79;   11.9;    8.2;    5.2;eor
       4706;20181105;-999;-999;-999;    3;   0.0;   0;    3.750;   0;  -999;  12.1;    -999;   11.8;   87.96;   18.3;    5.4;    2.0;eor
       4706;20181106;-999;-999;-999;    3;   0.0;   0;    7.667;   0;  -999;  10.9;    -999;   10.8;   84.83;   18.9;    3.4;    0.3;eor
       4706;20181107;-999;-999;-999;    3;   0.0;   0;    7.767;   0;  -999;  10.7;    -999;    9.1;   92.04;   15.7;    4.4;    0.7;eor
       4706;20181108;-999;-999;-999;    3;   0.0;   0;    2.317;   0;  -999;  10.4;    -999;    7.7;   97.96;   11.8;    4.5;    1.5;eor
       4706;20181109;-999;-999;-999;    3;   0.0;   0;    0.000;   0;  -999;  10.8;    -999;    9.1;   93.25;    9.6;    8.0;    5.6;eor
       4706;20181110;-999;-999;-999;    3;   0.0;   0;    1.733;   0;  -999;  10.4;    -999;    8.7;   92.63;   10.8;    7.7;    7.5;eor
       4706;20181111;-999;-999;-999;    3;   0.0;   0;    4.567;   0;  -999;  10.1;    -999;    8.4;   91.38;   12.4;    4.8;    1.4;eor
       4706;20181112;-999;-999;-999;    3;   0.0;   0;    0.417;   0;  -999;  10.0;    -999;    7.2;   98.21;    9.9;    4.5;    1.7;eor
       4706;20181113;-999;-999;-999;    3;   0.2;   4;    1.167;   0;  -999;  10.0;    -999;    7.5;   96.00;   11.6;    4.3;    0.6;eor
       4706;20181114;-999;-999;-999;    3;   0.0;   0;    0.733;   0;  -999;   8.3;    -999;    4.6;   97.58;    7.8;    1.0;   -2.4;eor
       4706;20181115;-999;-999;-999;    3;   0.0;   0;    5.083;   0;  -999;   8.0;    -999;    5.6;   88.38;    9.7;    3.6;   -1.2;eor
       4706;20181116;-999;-999;-999;    3;   0.0;   0;    8.250;   0;  -999;   6.7;    -999;    4.1;   81.46;    8.2;   -1.6;   -5.2;eor
       4706;20181117;-999;-999;-999;    3;   0.0;   0;    8.250;   0;  -999;   5.9;    -999;    3.7;   74.29;    7.2;    0.7;   -1.1;eor
       4706;20181118;-999;-999;-999;    3;   1.0;   4;    8.250;   0;  -999;   5.3;    -999;    2.2;   73.63;    6.3;   -0.5;   -2.3;eor
       4706;20181119;-999;-999;-999;    3;   0.1;   4;    0.017;   0;  -999;   5.7;    -999;    0.3;   90.79;    1.2;   -1.1;   -1.6;eor
       4706;20181120;-999;-999;-999;    3;   0.0;   0;    6.400;   0;  -999;   6.1;    -999;    2.4;   84.04;    5.4;    0.6;   -1.0;eor
       4706;20181121;-999;-999;-999;    3;   0.1;   4;    0.000;   0;  -999;   6.8;    -999;    2.7;   91.25;    3.9;    1.3;    1.1;eor
       4706;20181122;-999;-999;-999;    3;   0.0;   0;    0.850;   0;  -999;   7.3;    -999;    3.8;   90.96;    5.9;    2.1;    1.5;eor
       4706;20181123;-999;-999;-999;    3;   0.0;   0;    0.000;   0;  -999;   7.4;    -999;    3.1;   95.88;    4.7;    1.7;    2.1;eor
       4706;20181124;-999;-999;-999;    3;   0.3;   4;    0.000;   0;  -999;   7.9;    -999;    4.6;   92.92;    6.3;    0.3;   -2.0;eor
       4706;20181125;-999;-999;-999;    3;   2.1;   4;    0.000;   0;  -999;   7.8;    -999;    3.9;   97.13;    5.2;    0.5;   -0.7;eor
       4706;20181126;-999;-999;-999;    3;  22.1;   4;    0.000;   0;  -999;   6.8;    -999;    2.0;   96.04;    5.0;    0.2;    0.0;eor
       4706;20181127;-999;-999;-999;    3;   1.8;   4;    0.000;   3;  -999;   6.3;    -999;    0.7;   98.13;    1.9;   -0.5;   -2.3;eor
       4706;20181128;-999;-999;-999;    3;   0.0;   0;    2.083;   2;  -999;   5.3;    -999;   -1.0;   93.54;    1.5;   -3.5;   -7.7;eor
       4706;20181129;-999;-999;-999;    3;   0.0;   0;    6.583;   2;  -999;   4.5;    -999;   -2.3;   86.46;    0.1;   -4.3;   -7.5;eor
       4706;20181130;-999;-999;-999;    3;   8.0;   4;    0.000;   1;  -999;   4.9;    -999;   -1.3;   88.13;    0.2;   -2.7;   -3.4;eor
       4706;20181201;-999;-999;-999;    3;   0.6;   4;    1.183;   0;  -999;   6.8;    -999;    1.5;   99.00;    4.3;    0.1;   -0.1;eor
       4706;20181202;-999;-999;-999;    3;  12.4;   4;    0.000;   0;  -999;   6.9;    -999;    1.7;  100.00;    3.4;   -0.2;    0.0;eor
       4706;20181203;-999;-999;-999;    3;   4.7;   4;    1.283;   0;  -999;  10.9;    -999;    8.8;   95.21;   14.6;    3.1;    3.1;eor
       4706;20181204;-999;-999;-999;    3;   1.5;   4;    0.667;   0;  -999;   9.3;    -999;    7.3;   91.00;   10.5;    2.1;   -1.2;eor
       4706;20181205;-999;-999;-999;    3;   0.7;   4;    0.000;   0;  -999;   6.3;    -999;    2.1;   89.13;    3.8;   -0.5;   -3.3;eor
       4706;20181206;-999;-999;-999;    3;   1.2;   4;    0.000;   0;  -999;   7.2;    -999;    3.2;   93.96;    4.8;    1.6;    1.1;eor
       4706;20181207;-999;-999;-999;    3;   1.3;   4;    1.667;   0;  -999;   9.9;    -999;    8.5;   89.46;   13.9;    4.6;    2.0;eor
       4706;20181208;-999;-999;-999;    3;   4.0;   4;    2.833;   0;  -999;   6.9;    -999;    7.8;   66.00;    9.8;    4.9;    2.3;eor
       4706;20181209;-999;-999;-999;    3;   5.7;   4;    0.017;   0;  -999;   8.4;    -999;    6.7;   85.38;   10.0;    5.5;    3.9;eor
       4706;20181210;-999;-999;-999;    3;   4.4;   4;    0.733;   0;  -999;   6.9;    -999;    3.6;   87.17;    6.0;    0.9;   -0.3;eor
       4706;20181211;-999;-999;-999;    3;   3.7;   4;    0.000;   0;  -999;   6.1;    -999;    2.1;   85.75;    3.2;    1.0;    0.1;eor
       4706;20181212;-999;-999;-999;    3;   2.3;   4;    0.000;   2;  -999;   6.3;    -999;    0.9;   96.38;    2.0;   -0.7;   -1.5;eor
       4706;20181213;-999;-999;-999;    3;   0.0;   0;    0.017;   2;  -999;   5.2;    -999;   -0.7;   89.58;   -0.1;   -1.6;   -1.8;eor
       4706;20181214;-999;-999;-999;    3;   0.0;   0;    0.000;   1;  -999;   4.6;    -999;   -1.5;   84.67;   -1.0;   -2.0;   -2.2;eor
       4706;20181215;-999;-999;-999;    3;   0.0;   0;    0.000;   0;  -999;   4.1;    -999;   -2.3;   79.17;   -0.5;   -7.0;   -9.4;eor
       4706;20181216;-999;-999;-999;    3;   0.4;   4;    0.067;   0;  -999;   4.3;    -999;   -3.6;   91.04;   -1.5;   -7.4;  -10.0;eor
       4706;20181217;-999;-999;-999;    3;   3.0;   4;    0.400;   1;  -999;   5.2;    -999;   -1.3;   93.42;    0.8;   -6.0;   -9.2;eor
       4706;20181218;-999;-999;-999;    3;   0.1;   4;    2.500;   0;  -999;   6.5;    -999;    1.2;   97.96;    4.3;   -0.5;   -3.1;eor
       4706;20181219;-999;-999;-999;    3;   0.6;   4;    0.000;   0;  -999;   5.5;    -999;   -0.7;   94.88;    0.8;   -2.6;   -5.2;eor
       4706;20181220;-999;-999;-999;    3;   1.0;   4;    2.967;   0;  -999;   6.5;    -999;    1.7;   93.54;    8.3;   -1.0;   -3.4;eor
       4706;20181221;-999;-999;-999;    3;   6.2;   4;    0.000;   0;  -999;   7.7;    -999;    4.4;   90.38;   11.0;    0.7;   -2.7;eor
       4706;20181222;-999;-999;-999;    3;  10.6;   4;    0.000;   0;  -999;  10.1;    -999;    9.6;   85.04;   12.9;    6.5;    4.9;eor
       4706;20181223;-999;-999;-999;    3;  28.2;   4;    0.000;   0;  -999;   9.5;    -999;    7.3;   93.21;   10.7;    6.0;    4.5;eor
       4706;20181224;-999;-999;-999;    3;   4.0;   4;    1.000;   0;  -999;   8.1;    -999;    5.0;   91.50;   11.3;    2.3;   -0.2;eor
       4706;20181225;-999;-999;-999;    3;   0.0;   0;    0.000;   0;  -999;   5.9;    -999;    1.5;   85.88;    2.7;   -1.2;   -4.2;eor
       4706;20181226;-999;-999;-999;    3;   0.0;   0;    6.383;   0;  -999;   5.4;    -999;   -0.3;   89.96;    4.2;   -3.1;   -5.4;eor
       4706;20181227;-999;-999;-999;    3;   0.0;   0;    5.867;   0;  -999;   5.3;    -999;   -1.2;   94.13;    4.5;   -4.4;   -5.6;eor
       4706;20181228;-999;-999;-999;    3;   0.0;   0;    3.200;   0;  -999;   5.6;    -999;   -0.6;   95.33;    4.3;   -3.0;   -4.8;eor
       4706;20181229;-999;-999;-999;    3;   3.6;   4;    0.000;   0;  -999;   5.4;    -999;   -1.0;   94.75;    0.6;   -3.5;   -6.7;eor
       4706;20181230;-999;-999;-999;    3;   2.5;   4;    0.000;   1;  -999;   7.1;    -999;    3.3;   91.21;    4.7;   -0.2;   -0.4;eor
       4706;20181231;-999;-999;-999;    3;   2.7;   4;    0.000;   0;  -999;   7.4;    -999;    3.3;   95.88;    4.9;    2.2;    2.0;eor
       4706;20190101;-999;-999;-999;    3;   2.0;   4;    0.000;   0;  -999;   8.0;    -999;    4.9;   92.29;    5.7;    3.7;    1.9;eor
       4706;20190102;-999;-999;-999;    3;   0.5;   4;    1.817;   0;  -999;   5.2;    -999;    1.1;   78.63;    4.1;   -1.8;   -5.1;eor
       4706;20190103;-999;-999;-999;    3;   4.8;   4;    0.300;   1;  -999;   4.4;    -999;   -1.5;   79.29;   -0.3;   -3.1;   -7.3;eor
       4706;20190104;-999;-999;-999;    3;   7.8;   4;    0.000;   4;  -999;   5.2;    -999;   -1.7;   95.54;    0.1;   -7.3;   -8.5;eor
       4706;20190105;-999;-999;-999;    3;  17.2;   4;    0.000;  22;  -999;   6.3;    -999;    0.7;   97.67;    1.7;   -0.3;   -0.1;eor
       4706;20190106;-999;-999;-999;    3;   2.5;   4;    0.000;  15;  -999;   6.6;    -999;    1.6;   96.04;    2.2;    0.6;    0.1;eor
       4706;20190107;-999;-999;-999;    3;   3.7;   4;    0.000;  11;  -999;   6.8;    -999;    2.0;   95.71;    2.5;    1.0;    0.5;eor
       4706;20190108;-999;-999;-999;    3;   5.3;   4;    0.583;   6;  -999;   6.5;    -999;    2.5;   89.29;    4.5;    0.4;    0.0;eor
       4706;20190109;-999;-999;-999;    3;  13.4;   4;    0.000;   5;  -999;   6.0;    -999;    0.6;   94.17;    2.5;   -0.5;   -0.1;eor
       4706;20190110;-999;-999;-999;    3;   0.8;   4;    0.000;  20;  -999;   5.7;    -999;    0.1;   92.29;    1.4;   -2.0;   -0.3;eor
       4706;20190111;-999;-999;-999;    3;   3.3;   4;    1.550;  17;  -999;   4.6;    -999;   -2.3;   89.54;   -0.7;   -4.6;   -1.3;eor
       4706;20190112;-999;-999;-999;    3;  10.4;   4;    0.033;  14;  -999;   6.2;    -999;    1.3;   92.54;    2.8;   -1.2;   -0.5;eor
       4706;20190113;-999;-999;-999;    3;  14.0;   4;    0.000;  11;  -999;   7.1;    -999;    2.8;   94.21;    5.6;    0.9;   -0.1;eor
       4706;20190114;-999;-999;-999;    3;   2.0;   4;    0.083;   0;  -999;   6.5;    -999;    3.1;   85.50;    5.4;    0.9;   -0.9;eor
       4706;20190115;-999;-999;-999;    3;   0.0;   0;    0.000;   0;  -999;   5.4;    -999;    2.3;   74.96;    4.0;    0.7;   -0.9;eor
       4706;20190116;-999;-999;-999;    3;   0.0;   0;    7.467;   0;  -999;   5.4;    -999;    2.0;   77.92;    6.2;   -2.5;   -6.3;eor
       4706;20190117;-999;-999;-999;    3;   0.4;   4;    4.767;   0;  -999;   5.8;    -999;    2.9;   77.92;    9.5;   -3.9;   -7.2;eor
       4706;20190118;-999;-999;-999;    3;   0.1;   4;    2.767;   0;  -999;   5.0;    -999;   -0.1;   82.13;    3.1;   -5.5;   -9.4;eor
       4706;20190119;-999;-999;-999;    3;   0.0;   0;    7.150;   0;  -999;   4.1;    -999;   -2.8;   82.46;   -0.5;   -5.6;   -9.1;eor
       4706;20190120;-999;-999;-999;    3;   0.0;   0;    3.167;   0;  -999;   4.0;    -999;   -4.4;   89.17;   -0.7;   -8.3;  -11.3;eor
       4706;20190121;-999;-999;-999;    3;   0.0;   0;    2.900;   0;  -999;   4.0;    -999;   -3.1;   82.00;    0.1;   -6.9;  -10.1;eor
       4706;20190122;-999;-999;-999;    3;   0.2;   4;    0.000;   0;  -999;   4.1;    -999;   -4.2;   92.13;   -2.8;   -7.2;  -10.6;eor
       4706;20190123;-999;-999;-999;    3;   0.3;   4;    0.333;   1;  -999;   3.9;    -999;   -4.1;   87.04;   -3.0;   -5.2;   -5.1;eor
       4706;20190124;-999;-999;-999;    3;   0.0;   0;    0.000;   0;  -999;   4.2;    -999;   -2.9;   84.58;   -1.6;   -4.1;   -7.8;eor
       4706;20190125;-999;-999;-999;    3;   0.2;   4;    0.450;   0;  -999;   3.9;    -999;   -3.7;   83.04;   -2.0;   -5.3;   -9.4;eor
       4706;20190126;-999;-999;-999;    3;   8.5;   4;    0.000;   2;  -999;   5.7;    -999;    0.0;   90.00;    4.1;   -5.1;   -9.1;eor
       4706;20190127;-999;-999;-999;    3;   0.7;   4;    1.733;   3;  -999;   6.3;    -999;    1.7;   90.75;    6.8;   -2.0;   -5.6;eor
       4706;20190128;-999;-999;-999;    3;   1.0;   4;    1.050;   0;  -999;   5.6;    -999;    2.4;   77.33;    5.3;    0.3;   -0.3;eor
       4706;20190129;-999;-999;-999;    3;   0.2;   4;    2.067;   2;  -999;   5.4;    -999;   -0.2;   89.54;    2.9;   -3.5;   -9.8;eor
       4706;20190130;-999;-999;-999;    3;   0.0;   0;    2.550;   1;  -999;   4.4;    -999;   -2.0;   83.50;    1.4;   -5.8;   -8.2;eor
       4706;20190131;-999;-999;-999;    3;   0.0;   0;    5.200;   1;  -999;   4.3;    -999;   -2.8;   86.33;    2.7;   -7.2;  -10.1;eor
       4706;20190201;-999;-999;-999;    3;   0.0;   0;    1.383;   0;  -999;   5.1;    -999;    0.6;   80.04;    3.5;   -2.1;   -4.0;eor
       4706;20190202;-999;-999;-999;    3;  19.8;   4;    0.283;   0;  -999;   6.2;    -999;    1.1;   93.46;    3.5;   -1.5;   -3.7;eor
       4706;20190203;-999;-999;-999;    3;  10.7;   4;    0.000;   8;  -999;   6.2;    -999;    0.5;   97.04;    2.2;   -0.5;   -0.1;eor
       4706;20190204;-999;-999;-999;    3;   0.0;   0;    6.617;  14;  -999;   5.0;    -999;   -1.6;   90.83;    4.0;   -7.4;   -4.0;eor
       4706;20190205;-999;-999;-999;    3;   0.0;   0;    0.000;   8;  -999;   4.2;    -999;   -4.4;   94.13;   -2.1;   -7.9;   -2.7;eor
       4706;20190206;-999;-999;-999;    3;   0.0;   0;    0.000;   8;  -999;   4.3;    -999;   -4.3;   97.79;   -3.2;   -5.5;   -2.0;eor
       4706;20190207;-999;-999;-999;    3;   3.2;   4;    0.167;   8;  -999;   4.3;    -999;   -4.3;   96.46;   -0.6;   -7.6;   -3.0;eor
       4706;20190208;-999;-999;-999;    3;   0.0;   0;    6.867;   6;  -999;   6.1;    -999;    1.3;   91.04;    9.9;   -2.4;   -3.5;eor
       4706;20190209;-999;-999;-999;    3;   1.0;   4;    3.917;   5;  -999;   6.1;    -999;    1.8;   87.54;    9.7;   -4.0;   -5.1;eor
       4706;20190210;-999;-999;-999;    3;   3.5;   4;    6.250;   4;  -999;   6.2;    -999;    2.6;   84.88;    7.9;   -3.0;   -6.9;eor
       4706;20190211;-999;-999;-999;    3;   8.0;   4;    0.000;   2;  -999;   6.4;    -999;    2.7;   86.54;    5.4;    0.4;   -0.8;eor
       4706;20190212;-999;-999;-999;    3;   0.4;   4;    0.283;   2;  -999;   5.5;    -999;    1.8;   78.79;    3.6;    0.3;   -2.4;eor
       4706;20190213;-999;-999;-999;    3;   0.0;   0;    7.467;   0;  -999;   5.3;    -999;    2.1;   75.88;    7.8;   -2.9;   -5.9;eor
       4706;20190214;-999;-999;-999;    3;   0.0;   0;    7.717;   0;  -999;   5.2;    -999;    0.4;   84.25;    8.3;   -4.5;   -7.5;eor
       4706;20190215;-999;-999;-999;    3;   0.0;   0;    9.317;   0;  -999;   5.4;    -999;    0.7;   84.38;    9.9;   -5.0;   -8.1;eor
       4706;20190216;-999;-999;-999;    3;   0.0;   0;    9.067;   0;  -999;   5.2;    -999;    0.8;   81.67;   10.5;   -5.0;   -8.5;eor
       4706;20190217;-999;-999;-999;    3;   0.0;   0;    9.350;   0;  -999;   5.2;    -999;    1.3;   79.71;   11.5;   -5.4;   -8.9;eor
       4706;20190218;-999;-999;-999;    3;   0.0;   0;    9.383;   0;  -999;   5.2;    -999;    1.0;   80.75;   10.9;   -5.4;   -9.3;eor
       4706;20190219;-999;-999;-999;    3;   0.3;   4;    8.417;   0;  -999;   6.0;    -999;    4.0;   75.58;   13.7;   -4.6;   -8.2;eor
       4706;20190220;-999;-999;-999;    3;   0.0;   0;    1.033;   0;  -999;   7.5;    -999;    4.6;   89.04;    9.7;    1.1;   -2.5;eor
       4706;20190221;-999;-999;-999;    3;   1.3;   4;    2.867;   0;  -999;   7.6;    -999;    5.7;   84.21;   11.8;    1.0;   -2.0;eor
       4706;20190222;-999;-999;-999;    3;   1.0;   4;    1.067;   0;  -999;   8.5;    -999;    6.9;   84.21;   11.1;    1.0;   -1.4;eor
       4706;20190223;-999;-999;-999;    3;   0.0;   0;    9.867;   0;  -999;   3.5;    -999;    0.1;   57.58;    3.9;   -2.6;   -5.1;eor
       4706;20190224;-999;-999;-999;    3;   0.0;   0;    6.450;   0;  -999;   3.2;    -999;    0.4;   52.50;    6.0;   -2.9;   -6.3;eor
       4706;20190225;-999;-999;-999;    3;   0.0;   0;    8.833;   0;  -999;   5.1;    -999;    3.0;   69.46;   14.3;   -4.0;   -7.0;eor
       4706;20190226;-999;-999;-999;    3;   0.0;   0;    8.217;   0;  -999;   6.9;    -999;    6.4;   73.88;   15.2;   -1.2;   -5.1;eor
       4706;20190227;-999;-999;-999;    3;   0.0;   0;   10.217;   0;  -999;   6.6;    -999;    6.2;   73.42;   16.5;   -1.4;   -5.4;eor
       4706;20190228;-999;-999;-999;    3;   2.2;   4;    9.800;   0;  -999;   6.7;    -999;    9.0;   63.38;   18.4;   -1.3;   -5.5;eor
       4706;20190301;-999;-999;-999;    3;   3.7;   4;    0.100;   0;  -999;   9.1;    -999;    7.9;   85.75;   10.7;    6.6;    3.6;eor
       4706;20190302;-999;-999;-999;    3;   3.8;   4;    0.050;   0;  -999;   8.5;    -999;    6.7;   86.71;    8.3;    4.6;   -0.8;eor
       4706;20190303;-999;-999;-999;    3;   0.0;   0;    4.967;   0;  -999;   8.2;    -999;    8.9;   73.46;   14.8;    4.2;   -0.5;eor
       4706;20190304;-999;-999;-999;    3;   0.4;   4;    4.450;   0;  -999;   7.2;    -999;    8.1;   68.50;   17.9;    1.7;   -2.4;eor
       4706;20190305;-999;-999;-999;    3;   3.4;   4;    2.233;   0;  -999;   6.5;    -999;    6.9;   67.38;   11.1;    4.0;    0.9;eor
       4706;20190306;-999;-999;-999;    3;   0.0;   0;    7.433;   0;  -999;   8.4;    -999;    7.0;   84.29;   13.0;    1.1;   -1.8;eor
       4706;20190307;-999;-999;-999;    3;   4.3;   4;    2.267;   0;  -999;   8.3;    -999;    7.0;   83.21;   15.2;    2.0;   -1.4;eor
       4706;20190308;-999;-999;-999;    3;   0.7;   4;    5.133;   0;  -999;   7.2;    -999;    7.6;   69.38;   11.8;    1.4;   -2.5;eor
       4706;20190309;-999;-999;-999;    3;   1.4;   4;    0.450;   0;  -999;   7.9;    -999;    8.0;   74.33;   12.0;    0.9;   -2.6;eor
       4706;20190310;-999;-999;-999;    3;  15.9;   4;    0.717;   0;  -999;   9.1;    -999;   10.1;   73.92;   15.1;    5.4;    3.3;eor
       4706;20190311;-999;-999;-999;    3;   4.7;   4;    1.150;   0;  -999;   5.7;    -999;    3.4;   74.71;    6.9;    0.7;   -2.7;eor
       4706;20190312;-999;-999;-999;    3;   0.0;   0;    5.983;   0;  -999;   5.5;    -999;    3.8;   70.88;    8.6;    1.0;   -3.4;eor
       4706;20190313;-999;-999;-999;    3;   1.5;   4;    4.300;   0;  -999;   5.9;    -999;    6.0;   63.25;   10.3;    1.5;   -1.0;eor
       4706;20190314;-999;-999;-999;    3;  14.5;   4;    0.500;   0;  -999;   7.2;    -999;    5.1;   82.88;    7.5;    3.7;    2.4;eor
       4706;20190315;-999;-999;-999;    3;  15.2;   4;    0.000;   0;  -999;   9.1;    -999;    6.8;   90.75;   10.9;    2.6;    1.4;eor
       4706;20190316;-999;-999;-999;    3;   0.0;   0;    0.800;   0;  -999;   9.2;    -999;   10.4;   73.75;   14.7;    1.4;   -2.4;eor
       4706;20190317;-999;-999;-999;    3;   3.4;   4;   10.583;   0;  -999;   6.9;    -999;    8.7;   69.33;   20.9;   -1.0;   -5.8;eor
       4706;20190318;-999;-999;-999;    3;   2.3;   4;    1.667;   0;  -999;   6.7;    -999;    4.0;   82.96;    7.1;    0.3;   -4.4;eor
       4706;20190319;-999;-999;-999;    3;   0.0;   0;    5.367;   0;  -999;   5.9;    -999;    3.7;   75.63;    8.8;    0.8;   -2.6;eor
       4706;20190320;-999;-999;-999;    3;   0.0;   0;   10.133;   0;  -999;   5.0;    -999;    3.9;   65.88;   10.3;   -1.9;   -6.2;eor
       4706;20190321;-999;-999;-999;    3;   0.0;   0;   11.433;   0;  -999;   5.2;    -999;    4.5;   66.13;   13.0;   -3.8;   -8.8;eor
       4706;20190322;-999;-999;-999;    3;   0.0;   0;   11.500;   0;  -999;   7.1;    -999;    7.8;   68.96;   17.5;   -1.6;   -6.2;eor
       4706;20190323;-999;-999;-999;    3;   0.0;   0;   11.517;   0;  -999;   7.3;    -999;    8.4;   71.63;   18.9;   -0.3;   -4.4;eor
       4706;20190324;-999;-999;-999;    3;   0.0;   0;   10.700;   0;  -999;   8.1;    -999;    9.6;   70.29;   18.4;   -0.2;   -4.4;eor
       4706;20190325;-999;-999;-999;    3;   1.4;   4;    4.300;   0;  -999;   7.2;    -999;    6.4;   75.71;   10.7;    1.2;   -0.8;eor
       4706;20190326;-999;-999;-999;    3;   1.1;   4;    0.617;   0;  -999;   6.1;    -999;    4.2;   75.08;    8.1;    0.1;   -3.0;eor
       4706;20190327;-999;-999;-999;    3;   0.0;   4;    0.283;   0;  -999;   7.4;    -999;    5.1;   84.54;    7.5;    2.7;    2.4;eor
       4706;20190328;-999;-999;-999;    3;   0.0;   0;    2.817;   0;  -999;   8.0;    -999;    8.0;   76.21;   12.7;    3.6;    2.2;eor
       4706;20190329;-999;-999;-999;    3;   0.0;   0;   11.317;   0;  -999;   8.2;    -999;    8.5;   75.33;   14.4;    1.4;   -2.5;eor
       4706;20190330;-999;-999;-999;    3;   0.0;   0;   11.433;   0;  -999;   7.6;    -999;    7.8;   74.33;   18.1;   -0.8;   -5.0;eor
       4706;20190331;-999;-999;-999;    3;   0.0;   0;   11.550;   0;  -999;   7.9;    -999;    9.7;   69.42;   18.0;    0.4;   -3.6;eor
       4706;20190401;-999;-999;-999;    3;   0.0;   0;   10.850;   0;  -999;   8.2;    -999;   11.1;   62.67;   16.5;    6.8;    4.6;eor
       4706;20190402;-999;-999;-999;    3;   0.0;   0;   11.233;   0;  -999;   7.4;    -999;   11.3;   55.46;   19.5;    4.1;    2.0;eor
       4706;20190403;-999;-999;-999;    3;   0.0;   0;    8.833;   0;  -999;   8.0;    -999;   12.1;   61.04;   20.7;    4.4;    0.4;eor
       4706;20190404;-999;-999;-999;    3;   0.0;   0;    5.800;   0;  -999;   7.8;    -999;   10.4;   65.46;   21.1;    2.2;   -1.5;eor
       4706;20190405;-999;-999;-999;    3;   0.0;   0;    2.617;   0;  -999;   8.2;    -999;    7.5;   79.13;   11.8;    3.7;   -1.2;eor
       4706;20190406;-999;-999;-999;    3;   0.0;   0;    8.267;   0;  -999;   8.8;    -999;   10.1;   73.17;   15.8;    2.9;   -1.8;eor
       4706;20190407;-999;-999;-999;    3;   0.0;   0;   10.867;   0;  -999;   9.0;    -999;   10.5;   71.04;   16.2;    5.0;   -0.2;eor
       4706;20190408;-999;-999;-999;    3;   0.5;   4;    0.650;   0;  -999;  10.3;    -999;   10.3;   82.42;   13.2;    7.6;    6.2;eor
       4706;20190409;-999;-999;-999;    3;   0.0;   0;    7.283;   0;  -999;   9.9;    -999;   12.0;   72.58;   18.3;    5.5;    1.6;eor
       4706;20190410;-999;-999;-999;    3;   0.1;   4;    1.633;   0;  -999;   9.4;    -999;   10.6;   73.42;   14.2;    7.1;    3.8;eor
       4706;20190411;-999;-999;-999;    3;   0.0;   0;    2.533;   0;  -999;   7.3;    -999;    8.3;   66.63;   11.1;    4.5;    1.4;eor
       4706;20190412;-999;-999;-999;    3;   0.0;   0;    4.283;   0;  -999;   5.5;    -999;    6.2;   58.75;   10.1;    2.3;    0.6;eor
       4706;20190413;-999;-999;-999;    3;   0.0;   0;    5.000;   0;  -999;   5.5;    -999;    6.8;   55.88;   11.0;    3.6;    1.6;eor
       4706;20190414;-999;-999;-999;    3;   1.5;   4;    1.233;   0;  -999;   7.0;    -999;    6.4;   73.04;    9.6;    3.7;    2.5;eor
       4706;20190415;-999;-999;-999;    3;   0.0;   0;   10.750;   0;  -999;   7.8;    -999;    9.0;   70.42;   14.6;    4.8;   -2.2;eor
       4706;20190416;-999;-999;-999;    3;   0.0;   0;   12.517;   0;  -999;   6.6;    -999;   11.2;   50.13;   18.1;    4.7;    1.3;eor
       4706;20190417;-999;-999;-999;    3;   0.0;   0;   12.600;   0;  -999;   6.4;    -999;   11.8;   47.79;   17.7;    3.8;   -2.2;eor
       4706;20190418;-999;-999;-999;    3;   0.0;   0;   12.550;   0;  -999;   8.3;    -999;   13.6;   54.92;   19.8;    7.6;    5.3;eor
       4706;20190419;-999;-999;-999;    3;   0.0;   0;   12.733;   0;  -999;   7.3;    -999;   15.2;   44.46;   22.0;    7.8;    3.7;eor
       4706;20190420;-999;-999;-999;    3;   0.0;   0;   12.717;   0;  -999;   6.1;    -999;   14.6;   39.33;   22.3;    4.4;   -2.0;eor
       4706;20190421;-999;-999;-999;    3;   0.0;   0;   12.750;   0;  -999;   6.2;    -999;   13.1;   46.92;   22.1;    1.0;   -3.2;eor
       4706;20190422;-999;-999;-999;    3;   0.0;   0;   12.800;   0;  -999;   7.3;    -999;   15.2;   44.79;   22.9;    3.5;   -2.0;eor
       4706;20190423;-999;-999;-999;    3;   0.0;   0;    1.750;   0;  -999;  10.0;    -999;   13.7;   63.92;   19.1;   10.0;    7.6;eor
       4706;20190424;-999;-999;-999;    3;   0.0;   0;   10.400;   0;  -999;   9.6;    -999;   18.2;   50.33;   27.7;    7.4;    1.7;eor
       4706;20190425;-999;-999;-999;    3;   0.0;   0;   11.900;   0;  -999;   9.2;    -999;   17.5;   50.71;   27.5;    5.6;    0.1;eor
       4706;20190426;-999;-999;-999;    3;   1.5;   4;    4.717;   0;  -999;   9.9;    -999;   11.2;   75.25;   17.6;    6.9;    3.8;eor
       4706;20190427;-999;-999;-999;    3;   2.0;   4;    3.367;   0;  -999;   9.7;    -999;    9.7;   81.54;   15.5;    6.8;    5.1;eor
       4706;20190428;-999;-999;-999;    3;   0.0;   0;    2.933;   0;  -999;   7.6;    -999;    8.3;   70.50;   12.3;    5.0;    2.5;eor
       4706;20190429;-999;-999;-999;    3;   8.5;   4;    0.267;   0;  -999;   8.8;    -999;    7.3;   85.96;   11.9;    4.1;    0.7;eor
       4706;20190430;-999;-999;-999;    3;   3.6;   4;    1.283;   0;  -999;  10.4;    -999;    9.1;   90.17;   13.4;    6.2;    3.0;eor
       4706;20190501;-999;-999;-999;    3;   0.0;   0;    8.867;-999;  -999;   9.7;    -999;   10.5;   79.46;   17.7;    2.8;   -0.7;eor
       4706;20190502;-999;-999;-999;    3;  10.9;   4;   11.900;-999;  -999;   9.0;    -999;   13.3;   64.13;   21.5;    3.6;   -0.9;eor
       4706;20190503;-999;-999;-999;    3;   1.3;   4;    0.817;-999;  -999;  11.0;    -999;   10.1;   88.54;   13.6;    7.0;    2.6;eor
       4706;20190504;-999;-999;-999;    3;   4.9;   4;    1.683;-999;  -999;   9.1;    -999;    7.6;   87.00;   13.9;    2.5;   -0.3;eor
       4706;20190505;-999;-999;-999;    3;   1.3;   4;    1.217;-999;  -999;   7.1;    -999;    4.8;   83.17;    9.6;    2.4;    2.4;eor
       4706;20190506;-999;-999;-999;    3;   0.0;   0;    2.517;-999;  -999;   6.4;    -999;    6.5;   68.13;   11.1;    2.1;   -0.6;eor
       4706;20190507;-999;-999;-999;    3;   0.0;   0;    9.200;-999;  -999;   6.8;    -999;    7.9;   66.29;   14.2;    0.5;   -2.7;eor
       4706;20190508;-999;-999;-999;    3;   7.4;   4;    5.667;-999;  -999;   9.0;    -999;   10.7;   71.54;   17.8;    1.1;   -2.2;eor
       4706;20190509;-999;-999;-999;    3;   2.1;   4;    5.700;-999;  -999;  11.1;    -999;   11.7;   82.54;   17.2;    8.5;    6.3;eor
       4706;20190510;-999;-999;-999;    3;   0.5;   4;    7.267;-999;  -999;  10.5;    -999;   11.9;   76.63;   17.4;    6.9;    2.8;eor
       4706;20190511;-999;-999;-999;    3;  14.7;   4;    0.917;-999;  -999;  11.6;    -999;   10.6;   90.79;   18.4;    8.2;    6.0;eor
       4706;20190512;-999;-999;-999;    3;   7.6;   4;    0.000;-999;  -999;  10.1;    -999;    8.1;   93.67;    9.0;    6.7;    6.7;eor
       4706;20190513;-999;-999;-999;    3;   0.0;   0;    4.383;-999;  -999;   8.5;    -999;   10.2;   71.08;   14.5;    6.2;    4.7;eor
       4706;20190514;-999;-999;-999;    3;   1.9;   4;    7.333;-999;  -999;   6.8;    -999;    7.3;   68.33;   12.0;    2.0;   -0.5;eor
       4706;20190515;-999;-999;-999;    3;   0.5;   4;    0.000;-999;  -999;   8.2;    -999;    6.7;   83.96;    8.6;    5.3;    4.9;eor
       4706;20190516;-999;-999;-999;    3;   0.3;   4;    1.283;-999;  -999;   9.4;    -999;    8.4;   85.21;   12.1;    5.7;    5.6;eor
       4706;20190517;-999;-999;-999;    3;   0.0;   0;   13.100;-999;  -999;  11.4;    -999;   13.6;   74.00;   19.8;    7.0;    4.9;eor
       4706;20190518;-999;-999;-999;    3;   0.0;   0;   13.217;-999;  -999;  11.4;    -999;   15.1;   68.46;   21.7;    8.3;    4.2;eor
       4706;20190519;-999;-999;-999;    3;   0.0;   0;   12.433;-999;  -999;  11.8;    -999;   16.0;   66.79;   22.9;    6.9;    2.5;eor
       4706;20190520;-999;-999;-999;    3;  56.2;   4;    0.000;-999;  -999;  13.6;    -999;   12.7;   92.96;   14.8;   10.7;    7.1;eor
       4706;20190521;-999;-999;-999;    3;  26.7;   4;    0.000;-999;  -999;  13.5;    -999;   11.8;   97.63;   12.5;   10.7;   11.2;eor
       4706;20190522;-999;-999;-999;    3;   1.8;   4;    0.000;-999;  -999;  13.3;    -999;   12.2;   93.67;   14.3;    9.1;    6.5;eor
       4706;20190523;-999;-999;-999;    3;   0.0;   0;   11.250;-999;  -999;  10.6;    -999;   13.0;   74.83;   19.8;    6.6;    2.4;eor
       4706;20190524;-999;-999;-999;    3;   0.0;   0;   12.933;-999;  -999;  11.5;    -999;   14.3;   73.13;   22.6;    5.0;    0.9;eor
       4706;20190525;-999;-999;-999;    3;   0.0;   0;   10.033;-999;  -999;  12.4;    -999;   16.5;   69.75;   23.7;    7.8;    4.1;eor
       4706;20190526;-999;-999;-999;    3;   0.0;   0;    7.383;-999;  -999;  13.8;    -999;   16.5;   75.46;   23.3;   10.3;    6.5;eor
       4706;20190527;-999;-999;-999;    3;  11.5;   4;    0.450;-999;  -999;  14.6;    -999;   14.8;   87.33;   19.5;    9.5;    6.0;eor
       4706;20190528;-999;-999;-999;    3;  12.2;   4;    0.000;-999;  -999;  14.6;    -999;   13.1;   96.79;   15.8;   10.5;   10.6;eor
       4706;20190529;-999;-999;-999;    3;  11.5;   4;    0.000;-999;  -999;  12.7;    -999;   11.3;   94.38;   14.1;   10.2;   10.1;eor
       4706;20190530;-999;-999;-999;    3;   0.0;   0;    6.400;-999;  -999;  12.0;    -999;   13.1;   81.54;   18.7;    8.3;    5.9;eor
       4706;20190531;-999;-999;-999;    3;   0.2;   4;    1.117;-999;  -999;  13.5;    -999;   13.8;   85.92;   19.9;    7.8;    6.2;eor
       4706;20190601;-999;-999;-999;    3;   0.0;   0;    8.783;-999;  -999;  15.6;    -999;   17.8;   78.88;   25.6;    9.5;    6.7;eor
       4706;20190602;-999;-999;-999;    3;   0.0;   0;   13.850;-999;  -999;  15.1;    -999;   20.1;   67.96;   27.6;   10.8;    7.0;eor
       4706;20190603;-999;-999;-999;    3;   0.0;   0;   14.467;-999;  -999;  14.0;    -999;   21.0;   60.83;   29.5;   11.2;    8.5;eor
       4706;20190604;-999;-999;-999;    3;   0.0;   0;   13.900;-999;  -999;  15.0;    -999;   21.6;   62.21;   29.9;   11.7;    9.7;eor
       4706;20190605;-999;-999;-999;    3;   0.0;   0;   14.483;-999;  -999;  15.5;    -999;   22.6;   60.42;   30.3;   12.6;    9.9;eor
       4706;20190606;-999;-999;-999;    3;   0.1;   4;    9.050;-999;  -999;  15.4;    -999;   20.6;   64.71;   26.0;   14.3;   11.7;eor
       4706;20190607;-999;-999;-999;    3;   0.0;   0;   14.450;-999;  -999;  16.4;    -999;   19.6;   72.21;   26.8;   10.7;    7.7;eor
       4706;20190608;-999;-999;-999;    3;   0.0;   0;    8.450;-999;  -999;  10.6;    -999;   17.6;   54.54;   23.4;   13.2;    9.7;eor
       4706;20190609;-999;-999;-999;    3;   0.0;   0;   11.500;-999;  -999;  14.3;    -999;   19.7;   63.96;   26.8;   10.6;    7.1;eor
       4706;20190610;-999;-999;-999;    3;   2.9;   4;    3.983;-999;  -999;  18.0;    -999;   20.7;   74.75;   26.7;   14.9;   11.7;eor
       4706;20190611;-999;-999;-999;    3;   0.0;   0;    8.083;-999;  -999;  19.3;    -999;   20.8;   79.50;   28.6;   16.2;   15.6;eor
       4706;20190612;-999;-999;-999;    3;   0.0;   0;    8.967;-999;  -999;  17.7;    -999;   20.7;   74.83;   31.3;   14.5;   11.9;eor
       4706;20190613;-999;-999;-999;    3;   0.0;   0;   11.650;-999;  -999;  16.1;    -999;   20.0;   69.71;   27.4;   13.7;   11.6;eor
       4706;20190614;-999;-999;-999;    3;   0.0;   0;   12.450;-999;  -999;  19.1;    -999;   23.4;   68.04;   30.4;   12.8;    9.6;eor
       4706;20190615;-999;-999;-999;    3;   0.5;   4;    6.483;-999;  -999;  18.9;    -999;   22.8;   71.13;   29.0;   16.1;   13.8;eor
       4706;20190616;-999;-999;-999;    3;   0.0;   0;    1.883;-999;  -999;  16.7;    -999;   18.4;   79.54;   23.1;   15.6;   12.7;eor
       4706;20190617;-999;-999;-999;    3;   0.0;   0;   13.150;-999;  -999;  16.6;    -999;   20.1;   72.13;   26.0;   13.0;    9.6;eor
       4706;20190618;-999;-999;-999;    3;   0.0;   0;   14.283;-999;  -999;  17.0;    -999;   22.4;   64.46;   29.9;   15.6;   11.3;eor
       4706;20190619;-999;-999;-999;    3;   0.0;   0;   10.867;-999;  -999;  16.4;    -999;   22.4;   64.58;   30.9;   14.0;    9.7;eor
       4706;20190620;-999;-999;-999;    3;  14.2;   4;    8.200;-999;  -999;  16.7;    -999;   19.8;   74.92;   27.9;   13.1;   10.4;eor
       4706;20190621;-999;-999;-999;    3;   0.6;   4;    9.217;-999;  -999;  17.6;    -999;   19.1;   81.08;   25.9;   12.1;   10.1;eor
       4706;20190622;-999;-999;-999;    3;   8.4;   4;    4.617;-999;  -999;  18.9;    -999;   18.9;   87.29;   24.4;   16.1;   15.4;eor
       4706;20190623;-999;-999;-999;    3;  16.2;   4;    6.183;-999;  -999;  19.6;    -999;   19.3;   88.33;   24.2;   16.2;   14.1;eor
       4706;20190624;-999;-999;-999;    3;   0.0;   0;   14.433;-999;  -999;  19.1;    -999;   21.9;   74.33;   27.0;   14.7;   11.9;eor
       4706;20190625;-999;-999;-999;    3;   0.0;   0;   14.450;-999;  -999;  21.5;    -999;   24.4;   70.88;   30.9;   18.4;   15.6;eor
       4706;20190626;-999;-999;-999;    3;   0.0;   0;   14.517;-999;  -999;  22.7;    -999;   25.9;   71.67;   35.2;   16.4;   13.7;eor
       4706;20190627;-999;-999;-999;    3;   0.0;   0;   13.633;-999;  -999;  21.5;    -999;   26.2;   65.00;   33.0;   18.5;   13.3;eor
       4706;20190628;-999;-999;-999;    3;   0.0;   0;   14.533;-999;  -999;  13.4;    -999;   21.5;   55.83;   28.9;   12.9;   10.0;eor
       4706;20190629;-999;-999;-999;    3;   0.0;   0;   14.533;-999;  -999;  14.2;    -999;   21.8;   57.25;   28.5;   12.5;    9.0;eor
       4706;20190630;-999;-999;-999;    3;   0.0;   0;   14.517;-999;  -999;  16.9;    -999;   24.7;   57.17;   35.3;   12.7;    9.0;eor
       4706;20190701;-999;-999;-999;    3;   2.6;   4;    7.350;-999;  -999;  19.4;    -999;   23.5;   68.58;   32.8;   16.4;   13.2;eor
       4706;20190702;-999;-999;-999;    3;   0.0;   4;    6.250;-999;  -999;  18.4;    -999;   21.2;   74.79;   27.2;   15.1;   11.5;eor
       4706;20190703;-999;-999;-999;    3;   0.0;   0;   12.883;-999;  -999;  13.5;    -999;   19.2;   63.04;   26.6;   11.4;    7.8;eor
       4706;20190704;-999;-999;-999;    3;   0.0;   0;   14.533;-999;  -999;  12.9;    -999;   19.4;   61.54;   29.1;    9.4;    6.3;eor
       4706;20190705;-999;-999;-999;    3;   0.0;   0;    9.667;-999;  -999;  13.2;    -999;   20.2;   60.67;   27.9;   11.1;    6.7;eor
       4706;20190706;-999;-999;-999;    3;   1.0;   4;    9.150;-999;  -999;  14.8;    -999;   22.5;   59.42;   31.3;   11.3;    7.9;eor
       4706;20190707;-999;-999;-999;    3;   4.9;   4;    4.267;-999;  -999;  18.1;    -999;   19.0;   82.42;   23.8;   15.9;   14.9;eor
       4706;20190708;-999;-999;-999;    3;   0.0;   0;    4.050;-999;  -999;  14.6;    -999;   16.8;   76.92;   20.6;   12.0;    9.1;eor
       4706;20190709;-999;-999;-999;    3;   0.0;   0;    6.300;-999;  -999;  11.4;    -999;   16.1;   65.21;   22.1;   11.4;    7.5;eor
       4706;20190710;-999;-999;-999;    3;   0.0;   0;   13.217;-999;  -999;   9.6;    -999;   16.0;   56.38;   23.3;    8.5;    5.1;eor
       4706;20190711;-999;-999;-999;    3;   4.9;   4;    1.233;-999;  -999;  12.7;    -999;   15.6;   74.50;   23.5;    8.3;    4.6;eor
       4706;20190712;-999;-999;-999;    3;   3.2;   4;    6.450;-999;  -999;  16.0;    -999;   17.9;   79.25;   24.2;   14.1;   12.8;eor
       4706;20190713;-999;-999;-999;    3;   3.9;   4;    1.217;-999;  -999;  15.9;    -999;   15.3;   91.54;   19.3;   14.1;   13.5;eor
       4706;20190714;-999;-999;-999;    3;   4.6;   4;    1.650;-999;  -999;  16.2;    -999;   16.0;   88.96;   20.5;   11.2;    9.4;eor
       4706;20190715;-999;-999;-999;    3;   0.0;   0;   10.350;-999;  -999;  14.7;    -999;   17.0;   78.50;   23.6;   10.4;    8.6;eor
       4706;20190716;-999;-999;-999;    3;   0.0;   0;   12.467;-999;  -999;  13.9;    -999;   18.0;   71.08;   25.9;   10.7;    8.5;eor
       4706;20190717;-999;-999;-999;    3;   0.0;   0;   12.817;-999;  -999;  14.0;    -999;   19.3;   67.00;   28.3;    9.7;    7.2;eor
       4706;20190718;-999;-999;-999;    3;   0.0;   0;   12.283;-999;  -999;  14.1;    -999;   20.0;   64.79;   28.3;   10.9;    8.8;eor
       4706;20190719;-999;-999;-999;    3;   0.0;   0;    5.567;-999;  -999;  15.8;    -999;   20.1;   69.92;   28.5;   12.2;    9.4;eor
       4706;20190720;-999;-999;-999;    3;   0.1;   4;   12.433;-999;  -999;  16.9;    -999;   23.4;   64.21;   33.4;   12.6;   10.1;eor
       4706;20190721;-999;-999;-999;    3;   8.5;   4;    3.833;-999;  -999;  19.9;    -999;   19.9;   85.83;   25.5;   16.0;   12.8;eor
       4706;20190722;-999;-999;-999;    3;   0.0;   0;    8.750;-999;  -999;  18.7;    -999;   21.9;   74.46;   29.5;   14.6;   12.6;eor
       4706;20190723;-999;-999;-999;    3;   0.0;   0;   13.650;-999;  -999;  18.2;    -999;   23.1;   69.25;   31.4;   14.4;   12.2;eor
       4706;20190724;-999;-999;-999;    3;   0.0;   0;   13.533;-999;  -999;  18.0;    -999;   24.3;   64.83;   34.2;   14.3;   12.1;eor
       4706;20190725;-999;-999;-999;    3;   0.0;   0;   13.450;-999;  -999;  18.3;    -999;   25.3;   61.71;   34.5;   15.2;   13.4;eor
       4706;20190726;-999;-999;-999;    3;   0.0;   4;   13.017;-999;  -999;  18.5;    -999;   25.6;   61.54;   34.9;   15.3;   13.2;eor
       4706;20190727;-999;-999;-999;    3;   0.2;   4;    5.783;-999;  -999;  19.6;    -999;   23.4;   69.13;   28.2;   18.6;   16.2;eor
       4706;20190728;-999;-999;-999;    3;  19.8;   4;    0.433;-999;  -999;  20.4;    -999;   20.4;   85.58;   24.3;   16.4;   14.2;eor
       4706;20190729;-999;-999;-999;    3;   0.0;   0;    0.117;-999;  -999;  19.7;    -999;   18.4;   93.25;   20.0;   16.8;   15.5;eor
       4706;20190730;-999;-999;-999;    3;   0.1;   4;    6.100;-999;  -999;  19.7;    -999;   21.5;   78.21;   27.8;   17.2;   16.9;eor
       4706;20190731;-999;-999;-999;    3;   1.2;   4;    0.683;-999;  -999;  18.8;    -999;   18.2;   89.88;   20.8;   14.2;   12.0;eor
       4706;20190801;-999;-999;-999;    3;   0.1;   4;    9.450;-999;  -999;  16.5;    -999;   19.2;   78.08;   26.9;   13.2;   11.6;eor
       4706;20190802;-999;-999;-999;    3;   3.0;   4;    5.600;-999;  -999;  16.2;    -999;   20.5;   69.88;   26.7;   15.2;   13.9;eor
       4706;20190803;-999;-999;-999;    3;   4.5;   4;    2.783;-999;  -999;  17.0;    -999;   16.7;   89.25;   21.3;   13.8;   12.1;eor
       4706;20190804;-999;-999;-999;    3;   0.0;   0;   10.100;-999;  -999;  16.3;    -999;   19.1;   77.08;   26.7;   13.3;   11.4;eor
       4706;20190805;-999;-999;-999;    3;   0.1;   4;    7.650;-999;  -999;  17.2;    -999;   20.2;   75.79;   28.1;   12.1;   10.2;eor
       4706;20190806;-999;-999;-999;    3;   0.0;   0;    7.200;-999;  -999;  18.2;    -999;   21.6;   73.42;   28.9;   15.9;   13.6;eor
       4706;20190807;-999;-999;-999;    3;   1.1;   4;    4.417;-999;  -999;  18.9;    -999;   20.5;   79.92;   27.2;   16.2;   14.1;eor
       4706;20190808;-999;-999;-999;    3;   0.0;   0;    7.883;-999;  -999;  17.1;    -999;   20.0;   76.33;   27.0;   13.7;   11.3;eor
       4706;20190809;-999;-999;-999;    3;   0.0;   0;   12.383;-999;  -999;  18.1;    -999;   21.9;   72.79;   33.2;   11.6;    9.2;eor
       4706;20190810;-999;-999;-999;    3;   2.1;   4;    0.667;-999;  -999;  20.3;    -999;   20.8;   83.17;   25.8;   16.1;   14.3;eor
       4706;20190811;-999;-999;-999;    3;   2.5;   4;    9.717;-999;  -999;  18.6;    -999;   22.4;   71.79;   28.2;   16.0;   14.2;eor
       4706;20190812;-999;-999;-999;    3;  14.4;   4;    1.500;-999;  -999;  18.0;    -999;   17.4;   90.58;   21.0;   15.2;   15.4;eor
       4706;20190813;-999;-999;-999;    3;   7.8;   4;    0.417;-999;  -999;  16.0;    -999;   16.4;   86.67;   20.8;   13.8;   13.3;eor
       4706;20190814;-999;-999;-999;    3;   0.0;   0;    8.217;-999;  -999;  12.9;    -999;   16.3;   72.38;   22.1;    9.3;    6.6;eor
       4706;20190815;-999;-999;-999;    3;   4.1;   4;    8.117;-999;  -999;  13.3;    -999;   16.0;   74.58;   23.2;    7.4;    4.5;eor
       4706;20190816;-999;-999;-999;    3;   0.0;   0;    7.450;-999;  -999;  14.1;    -999;   17.0;   75.04;   23.2;   10.0;    7.2;eor
       4706;20190817;-999;-999;-999;    3;   0.0;   0;    3.417;-999;  -999;  15.2;    -999;   17.8;   75.71;   25.7;    8.9;    6.1;eor
       4706;20190818;-999;-999;-999;    3;   0.0;   0;   10.300;-999;  -999;  17.2;    -999;   23.7;   62.04;   32.4;   15.2;   13.0;eor
       4706;20190819;-999;-999;-999;    3;   0.0;   0;    2.133;-999;  -999;  17.3;    -999;   21.0;   70.46;   25.0;   17.0;   14.8;eor
       4706;20190820;-999;-999;-999;    3;   7.4;   4;    0.417;-999;  -999;  18.1;    -999;   19.3;   80.79;   22.8;   14.7;   14.0;eor
       4706;20190821;-999;-999;-999;    3;   0.0;   4;    4.950;-999;  -999;  14.4;    -999;   16.0;   79.54;   20.8;   12.8;   10.3;eor
       4706;20190822;-999;-999;-999;    3;   0.0;   0;    7.900;-999;  -999;  14.5;    -999;   16.7;   77.42;   21.7;   12.6;    9.8;eor
       4706;20190823;-999;-999;-999;    3;   0.0;   0;    3.533;-999;  -999;  17.1;    -999;   18.9;   79.00;   23.8;   13.9;   12.9;eor
       4706;20190824;-999;-999;-999;    3;   0.0;   0;   11.800;-999;  -999;  18.7;    -999;   21.3;   75.75;   28.7;   13.4;   11.3;eor
       4706;20190825;-999;-999;-999;    3;   0.0;   0;    9.433;-999;  -999;  18.2;    -999;   20.6;   76.08;   26.7;   14.2;   11.4;eor
       4706;20190826;-999;-999;-999;    3;   2.6;   4;   11.867;-999;  -999;  19.0;    -999;   21.5;   76.08;   28.2;   15.0;   12.1;eor
       4706;20190827;-999;-999;-999;    3;   0.0;   0;   10.317;-999;  -999;  18.8;    -999;   20.8;   78.58;   28.7;   14.7;   11.7;eor
       4706;20190828;-999;-999;-999;    3;   2.0;   4;    6.867;-999;  -999;  18.3;    -999;   20.7;   77.04;   28.4;   14.0;   11.0;eor
       4706;20190829;-999;-999;-999;    3;   1.1;   4;    0.967;-999;  -999;  20.2;    -999;   20.2;   85.04;   24.2;   16.6;   13.2;eor
       4706;20190830;-999;-999;-999;    3;   0.0;   0;    7.817;-999;  -999;  19.0;    -999;   21.0;   78.29;   27.2;   15.3;   12.2;eor
       4706;20190831;-999;-999;-999;    3;   0.0;   0;   10.000;-999;  -999;  18.5;    -999;   21.4;   75.58;   29.8;   13.5;   10.4;eor
       4706;20190901;-999;-999;-999;    3;   4.9;   4;    0.650;-999;  -999;  18.2;    -999;   20.8;   75.25;   27.6;   14.9;   11.5;eor
       4706;20190902;-999;-999;-999;    3;   2.6;   4;    0.000;-999;  -999;  16.1;    -999;   16.0;   88.17;   18.7;   10.8;    6.8;eor
       4706;20190903;-999;-999;-999;    3;   0.0;   0;   10.417;-999;  -999;  11.2;    -999;   14.4;   72.88;   22.5;    8.1;    4.0;eor
       4706;20190904;-999;-999;-999;    3;   0.0;   0;   11.717;-999;  -999;  12.0;    -999;   14.8;   74.79;   24.1;    6.1;    2.6;eor
       4706;20190905;-999;-999;-999;    3;   4.1;   4;    1.867;-999;  -999;  13.4;    -999;   14.3;   82.67;   19.2;    9.6;    5.5;eor
       4706;20190906;-999;-999;-999;    3;   4.5;   4;    0.350;-999;  -999;  13.0;    -999;   14.0;   82.04;   17.3;   11.0;   10.7;eor
       4706;20190907;-999;-999;-999;    3;   3.8;   4;    0.217;-999;  -999;  13.5;    -999;   13.0;   89.96;   16.0;   11.5;   10.1;eor
       4706;20190908;-999;-999;-999;    3;  10.3;   4;    0.483;-999;  -999;  12.7;    -999;   12.1;   89.54;   15.6;    9.0;    8.5;eor
       4706;20190909;-999;-999;-999;    3;   1.1;   4;    0.017;-999;  -999;  11.5;    -999;   10.3;   91.42;   13.6;    5.3;    1.5;eor
       4706;20190910;-999;-999;-999;    3;   0.0;   0;    7.617;-999;  -999;  10.8;    -999;   11.1;   83.58;   19.3;    4.6;    1.3;eor
       4706;20190911;-999;-999;-999;    3;   0.0;   0;    4.283;-999;  -999;  12.6;    -999;   12.9;   85.29;   21.4;    7.4;    4.9;eor
       4706;20190912;-999;-999;-999;    3;   0.0;   0;    5.950;-999;  -999;  13.1;    -999;   15.4;   77.75;   23.5;    8.6;    4.7;eor
       4706;20190913;-999;-999;-999;    3;   0.0;   0;   10.350;-999;  -999;  15.1;    -999;   18.1;   74.50;   25.0;   12.5;    8.2;eor
       4706;20190914;-999;-999;-999;    3;   0.0;   0;    7.883;-999;  -999;  15.9;    -999;   17.4;   80.58;   22.5;   12.4;    8.5;eor
       4706;20190915;-999;-999;-999;    3;   0.0;   0;   11.000;-999;  -999;  14.5;    -999;   16.8;   77.33;   25.8;    8.0;    4.3;eor
       4706;20190916;-999;-999;-999;    3;   0.0;   0;    8.350;-999;  -999;  16.2;    -999;   19.3;   74.67;   26.9;   12.1;    8.5;eor
       4706;20190917;-999;-999;-999;    3;   0.0;   0;    2.383;-999;  -999;  13.9;    -999;   16.1;   76.75;   20.4;    7.8;    2.9;eor
       4706;20190918;-999;-999;-999;    3;   0.0;   0;    9.983;-999;  -999;   7.7;    -999;   10.7;   65.38;   18.2;    3.6;   -1.0;eor
       4706;20190919;-999;-999;-999;    3;   0.0;   0;    6.883;-999;  -999;   7.1;    -999;    8.7;   67.38;   16.8;    1.6;   -2.4;eor
       4706;20190920;-999;-999;-999;    3;   0.0;   0;   10.600;-999;  -999;   7.1;    -999;    8.1;   70.58;   16.9;    0.4;   -3.6;eor
       4706;20190921;-999;-999;-999;    3;   0.0;   0;   11.017;-999;  -999;   8.5;    -999;   13.5;   56.92;   21.7;    2.6;   -1.6;eor
       4706;20190922;-999;-999;-999;    3;   0.0;   0;    5.233;-999;  -999;  10.5;    -999;   14.0;   66.33;   18.8;    8.1;    2.5;eor
       4706;20190923;-999;-999;-999;    3;  11.3;   4;    0.000;-999;  -999;  13.2;    -999;   12.1;   93.00;   14.6;    6.8;    3.1;eor
       4706;20190924;-999;-999;-999;    3;   1.5;   4;    3.400;-999;  -999;  14.0;    -999;   14.4;   85.79;   19.0;   12.3;   11.9;eor
       4706;20190925;-999;-999;-999;    3;   1.0;   4;    0.883;-999;  -999;  14.0;    -999;   14.6;   85.13;   19.7;   12.0;   11.1;eor
       4706;20190926;-999;-999;-999;    3;   0.3;   4;    3.333;-999;  -999;  14.1;    -999;   15.0;   83.29;   19.9;   11.1;    9.0;eor
       4706;20190927;-999;-999;-999;    3;   6.0;   4;    5.617;-999;  -999;  15.3;    -999;   17.1;   80.42;   23.3;   13.2;   10.9;eor
       4706;20190928;-999;-999;-999;    3;   0.4;   4;    1.050;-999;  -999;  13.6;    -999;   14.1;   85.25;   18.7;    8.8;    5.9;eor
       4706;20190929;-999;-999;-999;    3;   0.2;   4;   10.017;-999;  -999;  12.6;    -999;   15.2;   75.08;   23.1;    7.1;    4.0;eor
       4706;20190930;-999;-999;-999;    3;   0.2;   4;    6.650;-999;  -999;  11.4;    -999;   16.7;   61.25;   20.4;    9.2;    6.3;eor
       4706;20191001;-999;-999;-999;    3;   3.2;   4;   10.300;   0;  -999;  11.4;    -999;   14.8;   71.17;   24.7;    5.4;    2.0;eor
       4706;20191002;-999;-999;-999;    3;   3.5;   4;    0.333;   0;  -999;  12.7;    -999;   13.2;   82.79;   17.9;    6.8;    4.8;eor
       4706;20191003;-999;-999;-999;    3;   0.0;   0;    0.817;   0;  -999;   8.2;    -999;    7.8;   78.50;   11.6;    3.7;    0.3;eor
       4706;20191004;-999;-999;-999;    3;   5.4;   4;    3.400;   0;  -999;   9.0;    -999;    8.9;   79.88;   14.1;    2.4;   -0.9;eor
       4706;20191005;-999;-999;-999;    3;   8.4;   4;    0.933;   0;  -999;  10.4;    -999;   10.1;   83.58;   13.6;    7.4;    5.6;eor
       4706;20191006;-999;-999;-999;    3;   5.9;   4;    2.083;   0;  -999;   8.9;    -999;    9.0;   78.04;   12.8;    5.3;    3.3;eor
       4706;20191007;-999;-999;-999;    3;   0.1;   4;    0.000;   0;  -999;   9.0;    -999;    7.2;   88.46;    8.9;    5.4;    5.2;eor
       4706;20191008;-999;-999;-999;    3;   8.4;   4;    2.000;   0;  -999;  10.7;    -999;   11.1;   82.25;   16.5;    5.0;    1.5;eor
       4706;20191009;-999;-999;-999;    3;  13.4;   4;    0.000;   0;  -999;  12.6;    -999;   11.4;   92.71;   13.6;    7.7;    3.2;eor
       4706;20191010;-999;-999;-999;    3;   2.0;   4;    3.850;   0;  -999;  10.4;    -999;   10.5;   82.96;   14.5;    6.6;    3.3;eor
       4706;20191011;-999;-999;-999;    3;   0.0;   0;   10.033;   0;  -999;   9.9;    -999;   10.0;   82.63;   18.5;    3.2;    0.2;eor
       4706;20191012;-999;-999;-999;    3;   0.0;   0;   10.117;   0;  -999;  10.7;    -999;   10.7;   83.46;   21.0;    2.4;   -0.4;eor
       4706;20191013;-999;-999;-999;    3;   0.0;   0;    8.500;   0;  -999;  11.6;    -999;   12.2;   83.33;   21.7;    5.4;    3.2;eor
       4706;20191014;-999;-999;-999;    3;   0.0;   0;    3.600;   0;  -999;  12.0;    -999;   11.7;   88.00;   20.3;    6.6;    3.1;eor
       4706;20191015;-999;-999;-999;    3;   1.3;   4;    3.633;   0;  -999;  12.8;    -999;   12.0;   91.50;   18.3;    9.0;    7.8;eor
       4706;20191016;-999;-999;-999;    3;   0.0;   0;    7.900;   0;  -999;   9.8;    -999;   11.5;   74.13;   17.5;    4.3;    1.0;eor
       4706;20191017;-999;-999;-999;    3;   0.0;   0;    9.450;   0;  -999;   9.6;    -999;    9.8;   80.96;   18.3;    2.9;    0.1;eor
       4706;20191018;-999;-999;-999;    3;   0.0;   0;    7.883;   0;  -999;  11.1;    -999;   11.5;   82.67;   20.3;    4.6;    1.6;eor
       4706;20191019;-999;-999;-999;    3;   0.0;   0;    2.500;   0;  -999;  11.5;    -999;   10.1;   92.63;   14.5;    6.4;    3.4;eor
       4706;20191020;-999;-999;-999;    1;   0.0;   0;    5.250;   0;  -999;  12.1;    -999;   12.3;   85.08;   17.6;    9.7;    8.4;eor
       4706;20191021;-999;-999;-999;    1;   0.0;   0;    2.250;   0;  -999;  12.4;    -999;   12.1;   88.17;   18.1;    8.9;    6.2;eor
       4706;20191022;-999;-999;-999;    1;   0.1;   4;    0.000;   0;  -999;  12.4;    -999;   10.7;   95.71;   13.5;    7.7;    6.3;eor
       4706;20191023;-999;-999;-999;    1;   0.0;   0;    4.583;   0;  -999;  13.0;    -999;   12.5;   90.25;   18.3;    8.2;    5.2;eor
       4706;20191024;-999;-999;-999;    1;   0.0;   0;    5.750;   0;  -999;  12.6;    -999;   12.6;   87.38;   20.4;    8.3;    8.4;eor
       4706;20191025;-999;-999;-999;    1;   0.0;   0;    3.367;   0;  -999;  12.4;    -999;   11.8;   89.83;   18.2;    7.5;    5.0;eor
       4706;20191026;-999;-999;-999;    1;   0.1;   4;    4.900;   0;  -999;  11.4;    -999;    9.9;   93.46;   15.7;    6.1;    3.4;eor
       4706;20191027;-999;-999;-999;    1;   5.0;   4;    7.733;   0;  -999;  11.1;    -999;   11.3;   84.08;   22.1;    3.8;    2.2;eor
       4706;20191028;-999;-999;-999;    1;   2.2;   4;    0.000;   0;  -999;  11.1;    -999;   10.1;   89.17;   14.3;    7.5;    7.1;eor
       4706;20191029;-999;-999;-999;    1;   1.2;   4;    0.000;   0;  -999;   8.8;    -999;    7.4;   85.83;    7.9;    6.7;    5.8;eor
       4706;20191030;-999;-999;-999;    1;   0.0;   0;    1.833;   0;  -999;   7.2;    -999;    5.8;   77.83;    8.1;    4.0;    2.4;eor
       4706;20191031;-999;-999;-999;    1;   0.0;   0;    1.717;   0;  -999;   6.2;    -999;    3.7;   76.79;    5.5;    1.8;    0.5;eor
       4706;20191101;-999;-999;-999;    1;   1.0;   4;    0.000;   0;  -999;   7.5;    -999;    4.6;   89.04;    6.1;    3.4;    3.4;eor
       4706;20191102;-999;-999;-999;    1;   0.3;   4;    1.700;   0;  -999;   9.5;    -999;    7.5;   91.00;   12.1;    4.2;    1.9;eor
       4706;20191103;-999;-999;-999;    1;   4.9;   4;    2.833;   0;  -999;   9.5;    -999;    7.2;   92.75;   10.8;    3.1;    0.7;eor
       4706;20191104;-999;-999;-999;    1;   5.3;   4;    6.650;   0;  -999;   9.6;    -999;   10.2;   78.54;   15.0;    5.1;    0.7;eor
       4706;20191105;-999;-999;-999;    1;   3.7;   4;    0.000;   0;  -999;   9.2;    -999;    7.0;   92.29;    8.4;    2.7;    0.6;eor
       4706;20191106;-999;-999;-999;    1;   2.9;   4;    2.917;   0;  -999;   8.2;    -999;    4.9;   93.25;   10.0;    0.3;   -0.5;eor
       4706;20191107;-999;-999;-999;    1;   0.0;   0;    4.367;   0;  -999;   7.9;    -999;    4.6;   92.63;    9.9;    0.2;   -1.8;eor
       4706;20191108;-999;-999;-999;    1;   1.3;   4;    0.783;   0;  -999;   8.2;    -999;    6.0;   87.08;    9.8;    2.4;    0.3;eor
       4706;20191109;-999;-999;-999;    1;   2.2;   4;    0.050;   0;  -999;   7.2;    -999;    4.1;   88.00;    6.8;   -0.4;   -2.3;eor
       4706;20191110;-999;-999;-999;    1;   0.0;   0;    2.367;   0;  -999;   6.5;    -999;    2.2;   91.63;    6.0;   -0.7;   -2.6;eor
       4706;20191111;-999;-999;-999;    1;   1.3;   4;    0.000;   0;  -999;   6.2;    -999;    1.6;   90.04;    2.8;    0.6;   -0.3;eor
       4706;20191112;-999;-999;-999;    1;   8.6;   4;    0.000;   0;  -999;   7.2;    -999;    3.6;   90.46;    6.7;    0.7;    0.2;eor
       4706;20191113;-999;-999;-999;    1;   4.7;   4;    0.000;   0;  -999;   6.4;    -999;    1.5;   93.79;    3.1;   -1.5;   -4.4;eor
       4706;20191114;-999;-999;-999;    1;   0.0;   0;    5.300;   0;  -999;   6.2;    -999;    1.8;   88.54;    5.2;   -2.5;   -4.9;eor
       4706;20191115;-999;-999;-999;    1;   0.0;   4;    0.433;   0;  -999;   7.7;    -999;    7.3;   75.96;   12.8;    4.0;    1.9;eor
       4706;20191116;-999;-999;-999;    1;   0.0;   0;    0.000;   0;  -999;   7.2;    -999;    3.5;   90.75;    5.3;   -1.0;   -3.6;eor
       4706;20191117;-999;-999;-999;    1;   0.6;   4;    2.550;   0;  -999;   8.4;    -999;    6.3;   88.21;   11.6;    2.2;   -0.2;eor
       4706;20191118;-999;-999;-999;    1;   0.0;   0;    3.833;   0;  -999;   6.9;    -999;    4.3;   84.54;    9.6;   -0.2;   -2.9;eor
       4706;20191119;-999;-999;-999;    1;   0.0;   0;    1.500;   0;  -999;   6.1;    -999;    0.8;   94.50;    5.8;   -1.7;   -3.9;eor
       4706;20191120;-999;-999;-999;    1;   1.5;   4;    0.000;   0;  -999;   6.3;    -999;    1.0;   95.54;    2.7;   -2.2;   -4.4;eor
       4706;20191121;-999;-999;-999;    1;   1.0;   4;    0.033;   0;  -999;   7.4;    -999;    3.9;   91.46;    5.9;    2.7;    2.6;eor
       4706;20191122;-999;-999;-999;    1;   0.0;   0;    0.000;   0;  -999;   7.6;    -999;    3.7;   94.96;    4.9;    2.8;   -0.6;eor
       4706;20191123;-999;-999;-999;    1;   0.0;   0;    5.950;   0;  -999;   8.1;    -999;    8.2;   74.92;   12.7;    0.3;   -1.7;eor
       4706;20191124;-999;-999;-999;    1;   0.0;   0;    0.667;   0;  -999;   8.3;    -999;    8.6;   74.58;   11.2;    1.5;   -1.2;eor
       4706;20191125;-999;-999;-999;    1;   0.0;   4;    0.000;   0;  -999;   7.4;    -999;    3.1;   96.75;    4.5;    0.2;   -2.2;eor
       4706;20191126;-999;-999;-999;    1;   0.1;   4;    0.000;   0;  -999;   8.0;    -999;    4.4;   94.92;    5.7;    3.3;    3.1;eor
       4706;20191127;-999;-999;-999;    1;   0.0;   4;    0.100;   0;  -999;   7.8;    -999;    4.3;   93.21;    6.3;    2.3;    0.1;eor
       4706;20191128;-999;-999;-999;    1;   0.4;   4;    0.183;   0;  -999;   7.9;    -999;    6.0;   84.88;   10.6;    0.3;   -1.6;eor
       4706;20191129;-999;-999;-999;    1;   3.8;   4;    0.800;   0;  -999;   7.9;    -999;    6.7;   79.79;   10.7;    1.1;   -1.9;eor
       4706;20191130;-999;-999;-999;    1;   0.0;   0;    0.000;   0;  -999;   5.9;    -999;    2.0;   83.71;    5.6;   -3.6;   -6.8;eor
       4706;20191201;-999;-999;-999;    1;   3.2;   4;    2.250;   0;  -999;   5.3;    -999;    1.0;   81.50;    2.5;   -3.6;   -6.9;eor
       4706;20191202;-999;-999;-999;    1;   0.0;   4;    0.000;   2;  -999;   5.8;    -999;    1.1;   87.29;    2.1;    0.3;    0.0;eor
       4706;20191203;-999;-999;-999;    1;   0.0;   0;    2.650;   0;  -999;   4.9;    -999;    0.3;   79.92;    4.7;   -4.4;   -7.0;eor
       4706;20191204;-999;-999;-999;    1;   0.0;   0;    7.933;   0;  -999;   4.7;    -999;    0.1;   78.21;    3.9;   -4.7;   -6.9;eor
       4706;20191205;-999;-999;-999;    1;   0.0;   0;    6.483;   0;  -999;   4.8;    -999;   -1.6;   89.13;    1.2;   -4.3;   -7.2;eor
       4706;20191206;-999;-999;-999;    1;   2.2;   4;    0.000;   0;  -999;   5.0;    -999;   -2.4;   96.50;   -1.4;   -3.0;   -2.6;eor
       4706;20191207;-999;-999;-999;    1;   0.0;   0;    1.717;   0;  -999;   7.1;    -999;    4.3;   84.79;   10.4;   -3.3;   -3.3;eor
       4706;20191208;-999;-999;-999;    1;   0.1;   4;    7.517;   0;  -999;   6.5;    -999;    3.4;   83.96;   10.5;   -1.4;   -4.0;eor
       4706;20191209;-999;-999;-999;    1;   3.7;   4;    0.767;   0;  -999;   7.4;    -999;    5.1;   83.67;    8.8;    2.7;   -0.4;eor
       4706;20191210;-999;-999;-999;    1;   0.0;   0;    2.100;   0;  -999;   6.0;    -999;    2.2;   83.17;    5.0;   -3.9;   -6.9;eor
       4706;20191211;-999;-999;-999;    1;   0.0;   4;    6.400;   0;  -999;   4.3;    -999;   -2.5;   85.38;    2.4;   -6.2;   -9.0;eor
       4706;20191212;-999;-999;-999;    1;   0.9;   4;    0.050;   0;  -999;   6.0;    -999;    1.0;   91.46;    3.5;   -1.7;   -2.3;eor
       4706;20191213;-999;-999;-999;    1;   1.2;   4;    0.133;   0;  -999;   5.8;    -999;    1.2;   87.58;    5.5;   -0.7;   -1.4;eor
       4706;20191214;-999;-999;-999;    1;   3.6;   4;    1.467;   0;  -999;   6.2;    -999;    5.1;   70.42;   10.6;   -0.3;   -2.9;eor
       4706;20191215;-999;-999;-999;    1;   0.0;   0;    3.567;   0;  -999;   6.9;    -999;    6.8;   71.21;   13.3;    1.7;   -1.6;eor
       4706;20191216;-999;-999;-999;    1;   0.0;   0;    2.150;   0;  -999;   6.5;    -999;    2.3;   90.42;    7.4;   -1.0;   -3.5;eor
       4706;20191217;-999;-999;-999;    1;   0.0;   0;    0.000;   0;  -999;   6.4;    -999;    1.9;   91.92;    4.7;   -0.4;   -2.6;eor
       4706;20191218;-999;-999;-999;    1;   0.0;   0;    5.333;   0;  -999;   6.9;    -999;    3.4;   87.83;   11.8;   -0.6;   -3.3;eor
       4706;20191219;-999;-999;-999;    1;   0.0;   0;    1.400;   0;  -999;   7.2;    -999;    3.3;   92.71;    7.4;   -0.7;   -3.3;eor
       4706;20191220;-999;-999;-999;    1;   2.5;   4;    4.767;   0;  -999;   7.8;    -999;    6.7;   79.92;   14.5;   -0.6;   -3.1;eor
       4706;20191221;-999;-999;-999;    1;   6.6;   4;    0.000;   0;  -999;   8.4;    -999;    5.2;   94.21;   10.0;   -0.2;   -2.5;eor
       4706;20191222;-999;-999;-999;    1;   1.7;   4;    0.000;   0;  -999;   7.1;    -999;    2.7;   95.33;    6.8;   -0.3;   -0.7;eor
       4706;20191223;-999;-999;-999;    1;   1.8;   4;    0.133;   0;  -999;   7.6;    -999;    6.2;   80.38;    7.2;    5.2;    2.6;eor
       4706;20191224;-999;-999;-999;    1;   8.0;   4;    4.783;   0;  -999;   7.6;    -999;    5.8;   82.17;    9.6;    4.3;    2.0;eor
       4706;20191225;-999;-999;-999;    1;   9.4;   4;    0.000;   0;  -999;   8.0;    -999;    5.8;   87.04;    7.5;    2.9;    0.5;eor
       4706;20191226;-999;-999;-999;    1;   0.6;   4;    2.117;   0;  -999;   6.8;    -999;    3.1;   88.75;    6.6;    0.8;   -1.8;eor
       4706;20191227;-999;-999;-999;    1;   0.2;   4;    0.000;   0;  -999;   6.7;    -999;    2.8;   89.46;    4.6;    1.2;   -0.4;eor
       4706;20191228;-999;-999;-999;    1;   0.0;   0;    0.967;   0;  -999;   4.8;    -999;    0.1;   78.83;    2.9;   -4.1;   -7.2;eor
       4706;20191229;-999;-999;-999;    1;   0.0;   0;    7.717;   0;  -999;   3.8;    -999;   -3.5;   81.96;    2.0;   -7.0;   -9.5;eor
       4706;20191230;-999;-999;-999;    1;   0.0;   0;    6.067;-999;  -999;   4.3;    -999;   -2.7;   84.71;    3.7;   -7.0;   -8.9;eor
       4706;20191231;-999;-999;-999;    1;   0.0;   0;    5.633;-999;  -999;   5.2;    -999;    1.7;   76.88;    7.3;   -3.2;   -5.9;eor
