STATIONS_ID;MESS_DATUM;QN_3;  FX;  FM;QN_4; RSK;RSKF; SDK;SHK_TAG;  NM; VPM;  PM; TMK; UPM; TXK; TNK; TGK;eor
       4704;20180628;-999;-999;-999;    3;   5.3;   4;    4.950;-999;  -999;  13.3;    -999;   15.9;   73.92;   21.3;   12.3;   11.3;eor
       4704;20180629;-999;-999;-999;    3;   0.0;   0;    7.300;-999;  -999;  17.3;    -999;   18.8;   80.88;   24.3;   13.7;   13.0;eor
       4704;20180630;-999;-999;-999;    3;   0.0;   0;   12.783;-999;  -999;  17.0;    -999;   21.9;   67.63;   29.1;   12.5;   11.0;eor
       4704;20180701;-999;-999;-999;    3;   0.0;   0;   12.883;-999;  -999;  14.6;    -999;   20.7;   60.63;   27.1;   14.5;   13.6;eor
       4704;20180702;-999;-999;-999;    3;   0.0;   0;   12.600;-999;  -999;  14.0;    -999;   20.7;   57.75;   28.6;   12.7;   11.4;eor
       4704;20180703;-999;-999;-999;    3;  23.4;   4;    3.250;-999;  -999;  17.6;    -999;   18.3;   83.46;   22.7;   14.5;   12.4;eor
       4704;20180704;-999;-999;-999;    3;   0.0;   0;    6.983;-999;  -999;  16.9;    -999;   20.9;   69.38;   26.8;   14.3;   12.1;eor
       4704;20180705;-999;-999;-999;    3;  18.8;   4;    0.317;-999;  -999;  17.3;    -999;   17.7;   85.21;   20.5;   14.3;   12.0;eor
       4704;20180706;-999;-999;-999;    3;   8.1;   4;    0.867;-999;  -999;  17.4;    -999;   16.2;   94.79;   19.5;   14.6;   12.8;eor
       4704;20180707;-999;-999;-999;    3;   0.0;   0;   11.150;-999;  -999;  16.4;    -999;   19.0;   76.50;   24.8;   13.8;   12.2;eor
       4704;20180708;-999;-999;-999;    3;   0.0;   0;    9.617;-999;  -999;  15.5;    -999;   19.7;   69.29;   25.9;   13.0;   10.9;eor
       4704;20180709;-999;-999;-999;    3;   0.0;   0;   12.217;-999;  -999;  14.3;    -999;   20.6;   62.00;   27.1;   12.5;   10.4;eor
       4704;20180710;-999;-999;-999;    3;   2.2;   4;    4.117;-999;  -999;  14.3;    -999;   18.0;   70.83;   22.2;   13.5;   11.8;eor
       4704;20180711;-999;-999;-999;    3;   0.0;   0;    6.317;-999;  -999;  12.8;    -999;   16.3;   70.50;   21.4;   12.1;    9.7;eor
       4704;20180712;-999;-999;-999;    3;   0.0;   0;   12.483;-999;  -999;  12.8;    -999;   17.8;   65.67;   24.9;    8.8;    6.9;eor
       4704;20180713;-999;-999;-999;    3;   1.2;   4;   12.550;-999;  -999;  12.7;    -999;   19.8;   59.79;   27.4;   11.1;    9.2;eor
       4704;20180714;-999;-999;-999;    3;   1.7;   4;   10.850;-999;  -999;  15.4;    -999;   22.0;   61.08;   28.5;   15.2;   12.9;eor
       4704;20180715;-999;-999;-999;    3;   4.4;   4;    7.167;-999;  -999;  16.3;    -999;   20.5;   70.38;   27.7;   15.2;   14.3;eor
       4704;20180716;-999;-999;-999;    3;   0.0;   0;   11.117;-999;  -999;  15.0;    -999;   20.7;   64.88;   27.3;   14.9;   11.9;eor
       4704;20180717;-999;-999;-999;    3;   1.3;   4;    9.017;-999;  -999;  15.5;    -999;   19.3;   71.08;   27.3;   12.2;   10.6;eor
       4704;20180718;-999;-999;-999;    3;   0.0;   0;   12.217;-999;  -999;  13.4;    -999;   22.0;   52.96;   28.8;   16.2;   13.2;eor
       4704;20180719;-999;-999;-999;    3;   0.0;   0;   12.417;-999;  -999;  14.1;    -999;   22.1;   56.63;   29.3;   12.4;   10.1;eor
       4704;20180720;-999;-999;-999;    3;   5.5;   4;    9.550;-999;  -999;  16.2;    -999;   21.5;   65.67;   29.2;   13.7;   11.8;eor
       4704;20180721;-999;-999;-999;    3;   4.1;   4;    2.517;-999;  -999;  17.0;    -999;   18.5;   80.46;   22.8;   16.2;   15.5;eor
       4704;20180722;-999;-999;-999;    3;   1.5;   4;    0.583;-999;  -999;  17.3;    -999;   17.7;   86.00;   21.8;   15.7;   15.1;eor
       4704;20180723;-999;-999;-999;    3;   1.1;   4;    6.050;-999;  -999;  18.4;    -999;   19.1;   84.21;   24.8;   15.5;   13.4;eor
       4704;20180724;-999;-999;-999;    3;   0.0;   0;   12.017;-999;  -999;  16.2;    -999;   22.1;   64.04;   29.8;   13.2;   11.3;eor
       4704;20180725;-999;-999;-999;    3;   0.0;   0;   12.000;-999;  -999;  15.9;    -999;   22.7;   60.75;   30.9;   13.5;   11.5;eor
       4704;20180726;-999;-999;-999;    3;   0.0;   0;   11.950;-999;  -999;  15.2;    -999;   23.5;   55.54;   30.2;   14.6;   12.5;eor
       4704;20180727;-999;-999;-999;    3;   0.0;   0;   11.800;-999;  -999;  15.3;    -999;   23.1;   56.75;   31.4;   13.7;   11.5;eor
       4704;20180728;-999;-999;-999;    3;   0.0;   0;    4.050;-999;  -999;  16.3;    -999;   21.4;   65.00;   26.7;   15.5;   12.6;eor
       4704;20180729;-999;-999;-999;    3;   0.0;   0;   11.900;-999;  -999;  15.8;    -999;   22.1;   63.83;   30.7;   13.3;   11.4;eor
       4704;20180730;-999;-999;-999;    3;   0.0;   0;   11.883;-999;  -999;  15.2;    -999;   24.1;   55.42;   33.0;   14.7;   12.7;eor
       4704;20180731;-999;-999;-999;    3;   0.0;   0;   11.733;-999;  -999;  15.8;    -999;   25.0;   53.00;   33.6;   15.7;   12.9;eor
       4704;20180801;-999;-999;-999;    3;  13.6;   4;   10.350;-999;  -999;  17.1;    -999;   24.3;   60.75;   33.8;   16.6;   14.0;eor
       4704;20180802;-999;-999;-999;    3;   0.0;   0;    9.517;-999;  -999;  20.4;    -999;   23.1;   74.46;   29.4;   16.9;   16.0;eor
       4704;20180803;-999;-999;-999;    3;   0.0;   0;   11.717;-999;  -999;  20.0;    -999;   25.0;   65.96;   32.5;   16.8;   15.6;eor
       4704;20180804;-999;-999;-999;    3;   2.1;   4;   11.017;-999;  -999;  21.0;    -999;   24.2;   71.17;   32.6;   16.6;   14.8;eor
       4704;20180805;-999;-999;-999;    3;   0.0;   0;   10.233;-999;  -999;  19.4;    -999;   25.2;   63.38;   32.3;   17.3;   15.5;eor
       4704;20180806;-999;-999;-999;    3;   0.7;   4;   10.150;-999;  -999;  18.6;    -999;   24.9;   60.67;   32.7;   18.0;   16.2;eor
       4704;20180807;-999;-999;-999;    3;   0.1;   4;    1.800;-999;  -999;  16.2;    -999;   24.8;   52.25;   29.6;   21.5;   19.3;eor
       4704;20180808;-999;-999;-999;    3;   0.2;   4;    4.300;-999;  -999;  18.3;    -999;   23.5;   64.17;   30.4;   17.3;   14.9;eor
       4704;20180809;-999;-999;-999;    3;   2.7;   4;    7.500;-999;  -999;  16.8;    -999;   22.8;   65.33;   33.2;   16.1;   13.7;eor
       4704;20180810;-999;-999;-999;    3;   0.9;   4;    0.733;-999;  -999;  13.8;    -999;   17.1;   72.42;   21.3;   11.9;    9.8;eor
       4704;20180811;-999;-999;-999;    3;   0.0;   0;    9.817;-999;  -999;  11.8;    -999;   17.2;   63.79;   23.9;   10.3;    8.1;eor
       4704;20180812;-999;-999;-999;    3;   0.0;   0;   11.467;-999;  -999;  13.7;    -999;   19.5;   63.13;   28.4;   10.3;    8.6;eor
       4704;20180813;-999;-999;-999;    3;  19.3;   4;    4.167;-999;  -999;  17.0;    -999;   20.8;   70.46;   26.0;   15.7;   15.2;eor
       4704;20180814;-999;-999;-999;    3;   1.1;   4;    4.250;-999;  -999;  17.4;    -999;   18.5;   82.67;   23.3;   15.8;   13.6;eor
       4704;20180815;-999;-999;-999;    3;   0.0;   0;    7.400;-999;  -999;  15.8;    -999;   18.7;   75.54;   25.1;   12.3;   10.8;eor
       4704;20180816;-999;-999;-999;    3;   0.0;   0;   11.467;-999;  -999;  14.6;    -999;   19.5;   67.92;   28.1;   11.6;   10.1;eor
       4704;20180817;-999;-999;-999;    3;   0.0;   0;    9.150;-999;  -999;  14.9;    -999;   20.5;   64.92;   30.0;   12.5;    9.8;eor
       4704;20180818;-999;-999;-999;    3;   0.0;   0;    6.517;-999;  -999;  18.4;    -999;   20.9;   75.83;   26.6;   16.5;   15.7;eor
       4704;20180819;-999;-999;-999;    3;   0.0;   0;   11.350;-999;  -999;  18.3;    -999;   22.0;   71.71;   28.1;   14.2;   12.9;eor
       4704;20180820;-999;-999;-999;    3;   0.0;   0;   10.200;-999;  -999;  17.7;    -999;   22.7;   65.38;   28.4;   17.2;   15.4;eor
       4704;20180821;-999;-999;-999;    3;   0.0;   0;   10.433;-999;  -999;  16.9;    -999;   22.9;   62.54;   30.2;   14.4;   12.7;eor
       4704;20180822;-999;-999;-999;    3;   0.0;   4;   11.200;-999;  -999;  16.3;    -999;   22.8;   62.08;   30.6;   14.8;   13.2;eor
       4704;20180823;-999;-999;-999;    3;   0.2;   4;    5.950;-999;  -999;  17.4;    -999;   22.3;   66.42;   29.3;   18.6;   17.7;eor
       4704;20180824;-999;-999;-999;    3;   8.1;   4;    2.200;-999;  -999;  17.1;    -999;   18.5;   80.71;   24.1;   13.0;   12.9;eor
       4704;20180825;-999;-999;-999;    3;  31.8;   4;    0.000;-999;  -999;  12.7;    -999;   12.6;   87.08;   15.4;    9.4;    9.4;eor
       4704;20180826;-999;-999;-999;    3;   0.0;   0;    9.617;-999;  -999;  10.1;    -999;   12.7;   71.63;   18.7;    7.7;    6.0;eor
       4704;20180827;-999;-999;-999;    3;   0.0;   0;    4.500;-999;  -999;  11.0;    -999;   17.8;   55.13;   24.1;    7.0;    5.7;eor
       4704;20180828;-999;-999;-999;    3;   0.0;   0;   10.850;-999;  -999;  15.5;    -999;   20.4;   66.46;   26.8;   14.1;   12.6;eor
       4704;20180829;-999;-999;-999;    3;   9.1;   4;    8.283;-999;  -999;  16.3;    -999;   19.3;   76.25;   28.4;   12.2;   11.0;eor
       4704;20180830;-999;-999;-999;    3;  13.8;   4;    0.000;-999;  -999;  17.0;    -999;   16.0;   92.88;   18.1;   14.7;   14.3;eor
       4704;20180831;-999;-999;-999;    3;  37.0;   4;    0.000;-999;  -999;  15.7;    -999;   14.4;   95.88;   15.8;   12.8;   12.7;eor
       4704;20180901;-999;-999;-999;    3;   2.1;   4;    0.000;-999;  -999;  13.6;    -999;   12.6;   93.04;   13.6;   11.5;   11.2;eor
       4704;20180902;-999;-999;-999;    3;   0.0;   0;    0.167;-999;  -999;  13.7;    -999;   13.6;   87.83;   16.0;   11.6;   10.6;eor
       4704;20180903;-999;-999;-999;    3;   0.0;   0;    1.917;-999;  -999;  14.3;    -999;   14.4;   87.33;   19.4;   10.2;    9.0;eor
       4704;20180904;-999;-999;-999;    3;   0.0;   0;    6.450;-999;  -999;  13.9;    -999;   15.2;   82.13;   22.3;    8.2;    7.2;eor
       4704;20180905;-999;-999;-999;    3;   0.0;   0;   10.717;-999;  -999;  15.1;    -999;   16.7;   81.17;   23.6;    9.7;    8.3;eor
       4704;20180906;-999;-999;-999;    3;  16.2;   4;    8.967;-999;  -999;  16.2;    -999;   17.8;   80.75;   24.8;   11.8;   10.5;eor
       4704;20180907;-999;-999;-999;    3;   0.7;   4;    5.533;-999;  -999;  16.3;    -999;   17.2;   83.67;   21.4;   14.8;   12.5;eor
       4704;20180908;-999;-999;-999;    3;   0.0;   0;    6.933;-999;  -999;  14.7;    -999;   16.6;   79.21;   23.0;   10.7;    9.1;eor
       4704;20180909;-999;-999;-999;    3;   0.0;   0;   10.500;-999;  -999;  14.7;    -999;   16.7;   79.25;   25.5;    8.7;    7.4;eor
       4704;20180910;-999;-999;-999;    3;   0.0;   0;    9.917;-999;  -999;  13.5;    -999;   17.5;   70.96;   25.8;    9.8;    8.5;eor
       4704;20180911;-999;-999;-999;    3;   0.0;   0;   10.433;-999;  -999;  14.2;    -999;   19.5;   64.38;   27.2;   12.6;   10.5;eor
       4704;20180912;-999;-999;-999;    3;   2.0;   4;   10.367;-999;  -999;  13.9;    -999;   19.1;   66.79;   28.3;   10.8;    8.4;eor
       4704;20180913;-999;-999;-999;    3;  16.0;   4;    7.450;-999;  -999;  17.4;    -999;   19.1;   80.29;   25.4;   14.9;   13.2;eor
       4704;20180914;-999;-999;-999;    3;   0.6;   4;    4.333;-999;  -999;  16.8;    -999;   17.2;   86.92;   22.9;   13.9;   12.6;eor
       4704;20180915;-999;-999;-999;    3;   0.0;   0;    4.433;-999;  -999;  15.7;    -999;   16.9;   82.42;   21.2;   13.0;   11.4;eor
       4704;20180916;-999;-999;-999;    3;   0.0;   4;    6.400;-999;  -999;  15.6;    -999;   15.9;   86.17;   21.7;   10.0;    8.8;eor
       4704;20180917;-999;-999;-999;    3;   0.0;   0;    9.300;-999;  -999;  16.0;    -999;   17.5;   81.50;   25.1;   11.0;   10.0;eor
       4704;20180918;-999;-999;-999;    3;   0.0;   0;    6.150;-999;  -999;  16.1;    -999;   17.9;   80.38;   24.4;   11.3;    9.6;eor
       4704;20180919;-999;-999;-999;    3;   0.0;   0;    9.967;-999;  -999;  15.6;    -999;   19.2;   71.96;   26.2;   12.6;   10.2;eor
       4704;20180920;-999;-999;-999;    3;   0.0;   0;   10.017;-999;  -999;  15.2;    -999;   18.2;   74.75;   26.6;   11.3;    9.4;eor
       4704;20180921;-999;-999;-999;    3;   9.3;   4;    6.283;-999;  -999;  14.7;    -999;   19.2;   67.92;   26.1;   11.5;   10.8;eor
       4704;20180922;-999;-999;-999;    3;   2.1;   4;    5.800;-999;  -999;  11.8;    -999;   13.5;   76.96;   17.3;    9.8;    9.1;eor
       4704;20180923;-999;-999;-999;    3;  16.9;   4;    3.217;-999;  -999;  15.7;    -999;   17.6;   79.33;   25.2;   10.3;   10.2;eor
       4704;20180924;-999;-999;-999;    3;   0.0;   0;    4.733;-999;  -999;   8.8;    -999;    9.2;   76.13;   13.8;    5.0;    3.1;eor
       4704;20180925;-999;-999;-999;    3;   0.0;   0;    9.850;-999;  -999;   7.4;    -999;    8.7;   67.08;   14.8;    3.5;    1.8;eor
       4704;20180926;-999;-999;-999;    3;   0.0;   0;    9.333;-999;  -999;   9.6;    -999;    9.1;   82.38;   17.8;    1.0;   -0.5;eor
       4704;20180927;-999;-999;-999;    3;   0.0;   0;    9.517;-999;  -999;  11.1;    -999;   11.8;   81.50;   20.7;    4.1;    2.5;eor
       4704;20180928;-999;-999;-999;    3;   0.1;   4;    9.550;-999;  -999;  12.2;    -999;   14.7;   73.21;   21.4;    6.7;    4.5;eor
       4704;20180929;-999;-999;-999;    3;   0.0;   0;    9.083;-999;  -999;  10.8;    -999;   12.3;   75.42;   17.1;    6.9;    4.9;eor
       4704;20180930;-999;-999;-999;    3;  23.7;   4;    8.800;-999;  -999;  12.0;    -999;   12.6;   82.67;   21.1;    4.6;    3.1;eor
       4704;20181001;-999;-999;-999;    3;  22.0;   4;    0.000;   0;  -999;  11.1;    -999;    9.2;   94.13;   12.4;    5.9;    5.5;eor
       4704;20181002;-999;-999;-999;    3;   0.8;   4;    4.550;   0;  -999;   8.8;    -999;    8.8;   78.79;   12.0;    4.8;    3.9;eor
       4704;20181003;-999;-999;-999;    3;   0.0;   0;    0.000;   0;  -999;  11.3;    -999;   11.1;   84.96;   14.3;    8.6;    7.3;eor
       4704;20181004;-999;-999;-999;    3;   0.0;   0;    9.267;   0;  -999;  11.4;    -999;   11.7;   83.38;   18.8;    5.7;    3.8;eor
       4704;20181005;-999;-999;-999;    3;   0.0;   0;    8.150;   0;  -999;  12.3;    -999;   11.4;   90.92;   19.0;    6.0;    4.5;eor
       4704;20181006;-999;-999;-999;    3;   0.2;   4;    3.483;   0;  -999;  13.1;    -999;   13.2;   87.63;   21.6;    7.4;    6.1;eor
       4704;20181007;-999;-999;-999;    3;   0.4;   4;    6.500;   0;  -999;  13.9;    -999;   15.7;   78.88;   20.4;   10.2;    8.1;eor
       4704;20181008;-999;-999;-999;    3;   0.0;   0;    9.133;   0;  -999;  13.3;    -999;   13.4;   87.17;   19.3;    7.7;    6.2;eor
       4704;20181009;-999;-999;-999;    3;   0.0;   0;    6.550;   0;  -999;  14.5;    -999;   14.4;   88.79;   19.2;   10.8;    9.2;eor
       4704;20181010;-999;-999;-999;    3;   0.0;   0;    8.883;   0;  -999;  14.1;    -999;   14.8;   85.33;   23.4;    9.0;    7.3;eor
       4704;20181011;-999;-999;-999;    3;   0.0;   0;    6.233;   0;  -999;  12.2;    -999;   14.2;   76.38;   20.4;    8.1;    5.8;eor
       4704;20181012;-999;-999;-999;    3;   0.0;   0;    9.183;   0;  -999;  13.1;    -999;   14.6;   81.38;   24.3;    8.0;    6.4;eor
       4704;20181013;-999;-999;-999;    3;   0.0;   0;    9.167;   0;  -999;  13.0;    -999;   13.1;   86.83;   20.3;    6.6;    4.6;eor
       4704;20181014;-999;-999;-999;    3;   0.0;   0;    9.167;   0;  -999;   9.2;    -999;   15.6;   59.17;   24.2;    6.2;    3.9;eor
       4704;20181015;-999;-999;-999;    3;   0.0;   0;    9.117;   0;  -999;   8.6;    -999;   14.9;   56.08;   24.1;    6.4;    3.9;eor
       4704;20181016;-999;-999;-999;    3;   0.0;   0;    9.083;   0;  -999;  10.1;    -999;   12.1;   73.42;   21.4;    4.4;    2.6;eor
       4704;20181017;-999;-999;-999;    3;   0.0;   0;    8.967;   0;  -999;  10.6;    -999;   11.9;   76.67;   19.5;    5.3;    2.8;eor
       4704;20181018;-999;-999;-999;    3;   0.0;   0;    7.383;   0;  -999;  11.4;    -999;   11.6;   83.46;   16.3;    6.1;    4.1;eor
       4704;20181019;-999;-999;-999;    3;   0.0;   0;    5.617;   0;  -999;  11.3;    -999;    9.9;   92.50;   14.6;    6.3;    4.1;eor
       4704;20181020;-999;-999;-999;    3;   0.0;   0;    4.550;   0;  -999;  11.4;    -999;    9.9;   93.04;   14.7;    5.3;    3.4;eor
       4704;20181021;-999;-999;-999;    3;   0.0;   0;    5.217;   0;  -999;   9.4;    -999;    8.5;   85.04;   14.9;    3.7;    1.8;eor
       4704;20181022;-999;-999;-999;    3;   0.0;   0;    6.433;   0;  -999;   8.0;    -999;    6.3;   84.08;   12.7;    0.0;   -1.4;eor
       4704;20181023;-999;-999;-999;    3;   0.1;   4;    4.550;   0;  -999;   8.8;    -999;    8.1;   81.67;   12.8;    0.8;   -1.1;eor
       4704;20181024;-999;-999;-999;    3;   3.1;   4;    0.050;   0;  -999;  10.7;    -999;   10.5;   84.54;   12.6;    7.9;    7.4;eor
       4704;20181025;-999;-999;-999;    3;   0.0;   0;    8.650;   0;  -999;  11.6;    -999;   10.7;   90.38;   17.0;    5.3;    3.2;eor
       4704;20181026;-999;-999;-999;    3;   2.5;   4;    4.617;   0;  -999;  10.9;    -999;    9.7;   90.92;   14.2;    6.7;    4.5;eor
       4704;20181027;-999;-999;-999;    3;  17.4;   4;    0.000;   0;  -999;   8.5;    -999;    5.6;   92.79;    9.3;    2.3;    2.2;eor
       4704;20181028;-999;-999;-999;    3;   0.6;   4;    0.000;   0;  -999;   7.0;    -999;    2.7;   94.42;    4.0;    1.6;    1.4;eor
       4704;20181029;-999;-999;-999;    3;   3.9;   4;    0.000;   0;  -999;   8.4;    -999;    5.1;   94.63;   12.9;    2.5;    2.5;eor
       4704;20181030;-999;-999;-999;    3;   0.0;   0;    0.200;   0;  -999;   7.0;    -999;    5.5;   78.13;   13.6;    0.1;   -1.8;eor
       4704;20181031;-999;-999;-999;    3;   0.0;   0;    0.117;   0;  -999;   7.4;    -999;    5.8;   79.67;   15.5;   -0.3;   -1.8;eor
       4704;20181101;-999;-999;-999;    3;   0.0;   0;    5.683;   0;  -999;   8.6;    -999;    7.2;   85.00;   13.2;    3.4;    0.8;eor
       4704;20181102;-999;-999;-999;    3;   0.0;   0;    2.667;   0;  -999;   9.5;    -999;    7.7;   89.75;   12.5;    3.7;    2.4;eor
       4704;20181103;-999;-999;-999;    3;   0.0;   0;    7.367;   0;  -999;   9.7;    -999;    8.9;   84.88;   13.1;    3.9;    2.0;eor
       4704;20181104;-999;-999;-999;    3;   0.0;   0;    0.000;   0;  -999;   9.7;    -999;    7.0;   96.88;    9.4;    4.1;    3.2;eor
       4704;20181105;-999;-999;-999;    3;   0.0;   0;    2.483;   0;  -999;  10.2;    -999;    9.3;   87.25;   14.9;    5.6;    2.8;eor
       4704;20181106;-999;-999;-999;    3;   0.0;   0;    1.083;   0;  -999;   9.2;    -999;   12.5;   65.42;   19.4;    5.5;    3.1;eor
       4704;20181107;-999;-999;-999;    3;   0.5;   4;    4.850;   0;  -999;   9.4;    -999;    7.5;   90.83;   13.8;    3.1;    1.3;eor
       4704;20181108;-999;-999;-999;    3;   0.0;   4;    0.183;   0;  -999;  10.7;    -999;    9.6;   89.54;   12.3;    5.8;    3.8;eor
       4704;20181109;-999;-999;-999;    3;   0.0;   0;    2.750;   0;  -999;  10.5;    -999;    8.6;   93.79;   13.0;    4.1;    2.0;eor
       4704;20181110;-999;-999;-999;    3;   0.0;   0;    2.383;   0;  -999;   9.3;    -999;    6.1;   98.83;    9.8;    3.5;    1.7;eor
       4704;20181111;-999;-999;-999;    3;   0.2;   4;    5.967;   0;  -999;  10.5;    -999;    9.5;   89.29;   15.7;    4.9;    3.1;eor
       4704;20181112;-999;-999;-999;    3;   0.0;   0;    7.433;   0;  -999;   9.4;    -999;    8.7;   84.25;   16.8;    3.2;    1.4;eor
       4704;20181113;-999;-999;-999;    3;   0.4;   4;    0.383;   0;  -999;   9.6;    -999;    7.3;   93.71;   11.1;    2.7;    1.0;eor
       4704;20181114;-999;-999;-999;    3;   0.0;   4;    0.000;   0;  -999;   8.8;    -999;    5.0;  100.00;    6.9;    1.0;   -0.4;eor
       4704;20181115;-999;-999;-999;    3;   0.0;   0;    0.000;   0;  -999;   8.3;    -999;    4.9;   96.38;    6.1;    3.8;    4.0;eor
       4704;20181116;-999;-999;-999;    3;   0.0;   0;    2.300;   0;  -999;   6.8;    -999;    2.6;   92.08;    5.9;   -1.4;   -3.1;eor
       4704;20181117;-999;-999;-999;    3;   0.0;   0;    6.200;   0;  -999;   5.8;    -999;    3.3;   75.67;    7.9;    0.0;   -1.6;eor
       4704;20181118;-999;-999;-999;    3;   0.0;   0;    1.017;   0;  -999;   5.2;    -999;   -0.1;   86.54;    3.3;   -2.7;   -4.4;eor
       4704;20181119;-999;-999;-999;    3;   0.0;   0;    1.600;   0;  -999;   5.3;    -999;    0.8;   82.08;    2.7;   -2.2;   -3.8;eor
       4704;20181120;-999;-999;-999;    3;   0.0;   0;    3.250;   0;  -999;   5.1;    -999;   -0.9;   89.13;    3.7;   -4.5;   -5.9;eor
       4704;20181121;-999;-999;-999;    3;   0.0;   0;    0.083;   0;  -999;   5.2;    -999;   -1.2;   92.71;    0.8;   -5.6;   -7.5;eor
       4704;20181122;-999;-999;-999;    3;   0.0;   0;    5.333;   0;  -999;   6.3;    -999;    1.6;   92.63;    7.6;   -2.8;   -4.3;eor
       4704;20181123;-999;-999;-999;    3;   0.4;   4;    2.333;   0;  -999;   6.8;    -999;    1.7;   98.42;    5.9;   -2.2;   -2.8;eor
       4704;20181124;-999;-999;-999;    3;   0.8;   4;    2.750;   0;  -999;   7.6;    -999;    3.8;   94.42;    9.9;   -0.2;   -1.8;eor
       4704;20181125;-999;-999;-999;    3;   0.0;   0;    3.533;   0;  -999;   6.7;    -999;    1.7;   97.25;    7.5;   -2.9;   -4.4;eor
       4704;20181126;-999;-999;-999;    3;   5.7;   4;    0.000;   0;  -999;   7.2;    -999;    3.0;   95.21;    4.3;    1.4;    1.5;eor
       4704;20181127;-999;-999;-999;    3;   3.3;   4;    0.000;   1;  -999;   6.6;    -999;    1.1;   99.38;    2.3;    0.2;    0.0;eor
       4704;20181128;-999;-999;-999;    3;   0.0;   0;    6.483;   0;  -999;   6.2;    -999;    1.0;   94.42;    6.0;   -2.2;   -3.5;eor
       4704;20181129;-999;-999;-999;    3;   0.0;   0;    1.433;   0;  -999;   6.9;    -999;    2.4;   94.58;    4.7;   -1.0;   -2.0;eor
       4704;20181130;-999;-999;-999;    3;   6.2;   4;    0.000;   0;  -999;   8.0;    -999;    4.0;   98.63;    6.6;    0.4;   -1.4;eor
       4704;20181201;-999;-999;-999;    3;   0.0;   0;    3.767;   0;  -999;   8.2;    -999;    5.0;   93.88;    9.0;    1.2;   -0.7;eor
       4704;20181202;-999;-999;-999;    3;  41.4;   4;    0.000;   0;  -999;   8.7;    -999;    5.9;   92.92;    7.9;    1.1;   -0.4;eor
       4704;20181203;-999;-999;-999;    3;   4.2;   4;    0.000;   0;  -999;  10.6;    -999;    9.6;   88.88;   11.5;    7.5;    7.2;eor
       4704;20181204;-999;-999;-999;    3;  10.3;   4;    0.017;   0;  -999;   9.4;    -999;    7.9;   88.75;   10.6;    5.0;    4.5;eor
       4704;20181205;-999;-999;-999;    3;   4.3;   4;    0.033;   0;  -999;   8.9;    -999;    5.9;   95.92;    8.3;    4.6;    4.2;eor
       4704;20181206;-999;-999;-999;    3;   1.2;   4;    0.000;   0;  -999;  10.2;    -999;    8.2;   93.92;    9.8;    5.9;    5.4;eor
       4704;20181207;-999;-999;-999;    3;   3.5;   4;    2.450;   0;  -999;   9.2;    -999;    9.2;   79.00;   11.5;    5.6;    1.7;eor
       4704;20181208;-999;-999;-999;    3;   5.6;   4;    0.000;   0;  -999;   6.5;    -999;    6.6;   66.83;    8.3;    4.7;    3.6;eor
       4704;20181209;-999;-999;-999;    3;  12.3;   4;    0.000;   0;  -999;   8.0;    -999;    6.3;   83.88;   10.5;    2.9;    1.2;eor
       4704;20181210;-999;-999;-999;    3;  12.6;   4;    0.100;   0;  -999;   7.0;    -999;    2.9;   92.46;    5.0;    0.5;   -0.1;eor
       4704;20181211;-999;-999;-999;    3;   1.1;   4;    0.200;   0;  -999;   6.0;    -999;    0.9;   92.00;    3.0;   -1.0;   -2.6;eor
       4704;20181212;-999;-999;-999;    3;   0.0;   0;    6.600;   0;  -999;   4.7;    -999;   -1.1;   84.67;    2.9;   -4.3;   -6.2;eor
       4704;20181213;-999;-999;-999;    3;   0.0;   0;    7.233;   0;  -999;   4.0;    -999;   -2.5;   79.04;    1.1;   -6.7;   -7.7;eor
       4704;20181214;-999;-999;-999;    3;   0.0;   0;    6.950;   0;  -999;   3.7;    -999;   -3.3;   76.67;   -0.2;   -5.9;   -7.5;eor
       4704;20181215;-999;-999;-999;    3;   4.1;   4;    4.767;   0;  -999;   3.7;    -999;   -3.3;   76.83;   -0.9;   -7.1;   -8.3;eor
       4704;20181216;-999;-999;-999;    3;   2.4;   4;    0.000;   4;  -999;   5.5;    -999;   -1.3;   96.46;    3.7;   -6.0;   -9.1;eor
       4704;20181217;-999;-999;-999;    3;   0.3;   4;    0.000;   2;  -999;   6.3;    -999;    0.6;   98.21;    3.7;   -4.7;   -7.9;eor
       4704;20181218;-999;-999;-999;    3;   0.0;   0;    7.000;   0;  -999;   5.8;    -999;    0.8;   90.00;    5.7;   -3.4;   -6.3;eor
       4704;20181219;-999;-999;-999;    3;   2.6;   4;    0.167;   0;  -999;   6.0;    -999;    0.9;   93.08;    3.4;   -2.1;   -2.1;eor
       4704;20181220;-999;-999;-999;    3;   0.0;   0;    0.233;   0;  -999;   7.0;    -999;    4.4;   83.67;    7.0;    2.3;    1.4;eor
       4704;20181221;-999;-999;-999;    3;  10.6;   4;    0.000;   0;  -999;   6.8;    -999;    5.4;   75.42;    7.5;    3.8;    2.9;eor
       4704;20181222;-999;-999;-999;    3;   2.2;   4;    0.000;   0;  -999;   9.6;    -999;    9.5;   81.21;   11.8;    7.2;    6.0;eor
       4704;20181223;-999;-999;-999;    3;  27.5;   4;    0.000;   0;  -999;   9.6;    -999;    7.5;   92.29;    9.9;    6.3;    5.5;eor
       4704;20181224;-999;-999;-999;    3;   4.5;   4;    0.267;   0;  -999;   8.5;    -999;    5.4;   93.83;   10.9;   -0.5;   -1.7;eor
       4704;20181225;-999;-999;-999;    3;   0.0;   0;    6.017;   0;  -999;   5.7;    -999;   -0.1;   94.33;    3.2;   -3.4;   -4.8;eor
       4704;20181226;-999;-999;-999;    3;   0.0;   0;    4.183;   0;  -999;   5.2;    -999;   -1.7;   96.17;    1.2;   -5.3;   -5.9;eor
       4704;20181227;-999;-999;-999;    3;   0.0;   0;    0.000;   0;  -999;   5.1;    -999;   -2.4;   99.71;   -0.1;   -5.8;   -6.0;eor
       4704;20181228;-999;-999;-999;    3;   0.0;   0;    2.000;   0;  -999;   6.0;    -999;   -0.1;   98.71;    2.2;   -1.3;   -1.4;eor
       4704;20181229;-999;-999;-999;    3;   4.9;   4;    0.000;   0;  -999;   5.9;    -999;    0.4;   93.17;    0.9;   -0.1;   -0.1;eor
       4704;20181230;-999;-999;-999;    3;   5.3;   4;    0.000;   0;  -999;   7.0;    -999;    2.3;   96.67;    4.4;   -0.2;    0.0;eor
       4704;20181231;-999;-999;-999;    3;   4.0;   4;    0.000;   0;  -999;   7.6;    -999;    3.0;   99.75;    4.0;    2.3;    2.1;eor
       4704;20190101;-999;-999;-999;    3;   0.8;   4;    0.000;   0;  -999;   7.4;    -999;    3.2;   96.25;    4.2;    1.6;    2.1;eor
       4704;20190102;-999;-999;-999;    3;   1.3;   4;    0.000;   0;  -999;   5.6;    -999;    0.7;   87.33;    3.8;   -2.4;   -4.5;eor
       4704;20190103;-999;-999;-999;    3;   0.4;   4;    0.600;   1;  -999;   4.4;    -999;   -2.6;   87.54;   -0.7;   -6.9;   -8.7;eor
       4704;20190104;-999;-999;-999;    3;   0.0;   4;    0.833;   2;  -999;   4.7;    -999;   -1.0;   82.67;    0.8;   -4.0;   -6.9;eor
       4704;20190105;-999;-999;-999;    3;  60.6;   4;    0.000;   2;  -999;   5.5;    -999;   -0.5;   92.96;    0.4;   -1.4;   -1.2;eor
       4704;20190106;-999;-999;-999;    3;  29.5;   4;    0.000;  45;  -999;   6.2;    -999;    0.2;  100.00;    0.6;   -0.1;    0.0;eor
       4704;20190107;-999;-999;-999;    3;   6.3;   4;    0.000;  50;  -999;   6.5;    -999;    0.8;  100.00;    2.0;    0.1;    0.0;eor
       4704;20190108;-999;-999;-999;    3;   7.5;   4;    0.017;  40;  -999;   6.7;    -999;    1.7;   96.92;    3.1;   -0.1;    0.0;eor
       4704;20190109;-999;-999;-999;    3;   9.6;   4;    0.000;  26;  -999;   6.0;    -999;    0.0;   97.71;    2.2;   -1.8;   -3.0;eor
       4704;20190110;-999;-999;-999;    3;  10.0;   4;    0.000;  55;  -999;   5.4;    -999;   -1.4;   98.67;    0.0;   -3.1;   -3.9;eor
       4704;20190111;-999;-999;-999;    3;   5.4;   4;    0.567;  55;  -999;   4.7;    -999;   -3.0;   95.00;   -1.0;   -7.9;  -10.8;eor
       4704;20190112;-999;-999;-999;    3;  15.9;   4;    0.000;  55;  -999;   5.8;    -999;   -0.5;   98.96;    2.0;   -2.3;   -1.3;eor
       4704;20190113;-999;-999;-999;    3;  46.8;   4;    0.000;  49;  -999;   7.1;    -999;    2.4;   96.75;    5.4;    0.3;    0.0;eor
       4704;20190114;-999;-999;-999;    3;   3.7;   4;    0.000;  40;  -999;   7.0;    -999;    2.4;   96.00;    4.7;   -0.6;   -2.5;eor
       4704;20190115;-999;-999;-999;    3;   0.0;   0;    4.217;  37;  -999;   5.6;    -999;    1.5;   81.92;    4.7;    0.1;   -2.2;eor
       4704;20190116;-999;-999;-999;    3;   0.0;   0;    7.750;  34;  -999;   5.1;    -999;    1.9;   72.71;    5.1;   -3.6;   -6.0;eor
       4704;20190117;-999;-999;-999;    3;   1.9;   4;    0.000;  34;  -999;   6.0;    -999;    3.9;   74.71;    6.2;    0.6;   -3.3;eor
       4704;20190118;-999;-999;-999;    3;   0.0;   0;    5.283;  30;  -999;   4.4;    -999;   -0.9;   76.75;    4.2;   -6.9;   -8.7;eor
       4704;20190119;-999;-999;-999;    3;   0.0;   0;    7.700;  26;  -999;   3.2;    -999;   -7.0;   87.79;   -1.7;  -11.8;  -13.1;eor
       4704;20190120;-999;-999;-999;    3;   0.0;   0;    2.950;  26;  -999;   3.6;    -999;   -4.8;   84.00;    0.3;  -11.3;  -12.1;eor
       4704;20190121;-999;-999;-999;    3;   0.0;   0;    0.017;  26;  -999;   4.7;    -999;   -1.7;   86.79;    1.5;   -3.9;   -6.1;eor
       4704;20190122;-999;-999;-999;    3;   0.0;   0;    7.283;  26;  -999;   4.0;    -999;   -3.8;   87.50;    1.0;   -8.1;  -10.2;eor
       4704;20190123;-999;-999;-999;    3;   0.0;   0;    6.483;  26;  -999;   3.3;    -999;   -6.3;   87.17;   -1.5;  -10.2;  -11.6;eor
       4704;20190124;-999;-999;-999;    3;   1.0;   4;    0.000;  26;  -999;   3.9;    -999;   -3.8;   84.92;   -1.5;   -5.5;   -5.4;eor
       4704;20190125;-999;-999;-999;    3;   0.3;   4;    4.550;  27;  -999;   3.5;    -999;   -3.9;   76.46;   -0.1;   -8.6;  -12.3;eor
       4704;20190126;-999;-999;-999;    3;   1.7;   4;    0.000;  26;  -999;   4.9;    -999;   -0.3;   81.75;    2.5;   -3.2;   -3.5;eor
       4704;20190127;-999;-999;-999;    3;   3.0;   4;    0.167;  26;  -999;   6.1;    -999;    2.6;   82.13;    5.0;    0.1;   -0.7;eor
       4704;20190128;-999;-999;-999;    3;   2.5;   4;    0.033;  25;  -999;   5.3;    -999;    1.2;   79.04;    2.2;   -0.2;   -0.3;eor
       4704;20190129;-999;-999;-999;    3;   0.3;   4;    4.733;  25;  -999;   5.0;    -999;   -1.2;   88.17;    3.5;   -7.1;   -9.7;eor
       4704;20190130;-999;-999;-999;    3;   0.0;   0;    0.100;  23;  -999;   3.8;    -999;   -0.9;   67.96;    4.2;   -7.9;  -12.1;eor
       4704;20190131;-999;-999;-999;    3;   0.1;   4;    0.200;  23;  -999;   3.9;    -999;   -2.4;   74.88;    2.8;  -10.5;  -13.7;eor
       4704;20190201;-999;-999;-999;    3;   0.8;   4;    0.000;  23;  -999;   5.3;    -999;    0.9;   81.54;    4.2;   -2.1;   -3.7;eor
       4704;20190202;-999;-999;-999;    3;  10.9;   4;    3.383;  23;  -999;   6.9;    -999;    2.2;   95.42;    6.7;    0.7;   -0.7;eor
       4704;20190203;-999;-999;-999;    3;  14.2;   4;    0.000;  25;  -999;   6.1;    -999;    0.1;   99.38;    2.4;   -2.1;   -3.4;eor
       4704;20190204;-999;-999;-999;    3;   0.0;   0;    8.267;  28;  -999;   4.7;    -999;   -2.9;   94.29;    0.6;   -7.6;  -10.2;eor
       4704;20190205;-999;-999;-999;    3;   0.0;   0;    7.800;  25;  -999;   4.0;    -999;   -5.2;   94.54;    1.6;  -10.7;  -12.8;eor
       4704;20190206;-999;-999;-999;    3;   0.0;   0;    3.033;  24;  -999;   4.1;    -999;   -5.3;   97.63;   -1.7;  -11.3;  -13.1;eor
       4704;20190207;-999;-999;-999;    3;   7.9;   4;    0.050;  24;  -999;   5.5;    -999;   -1.6;   99.21;    3.0;   -5.1;   -4.6;eor
       4704;20190208;-999;-999;-999;    3;   0.0;   0;    8.050;  22;  -999;   5.7;    -999;    1.8;   84.21;    7.6;   -3.6;   -5.2;eor
       4704;20190209;-999;-999;-999;    3;   0.4;   4;    0.000;  20;  -999;   6.4;    -999;    4.6;   74.92;    8.1;   -3.3;   -5.4;eor
       4704;20190210;-999;-999;-999;    3;  12.3;   4;    2.750;  15;  -999;   6.2;    -999;    5.9;   68.21;   12.6;    0.5;   -0.7;eor
       4704;20190211;-999;-999;-999;    3;   4.8;   4;    0.067;  10;  -999;   6.2;    -999;    1.8;   89.79;    4.2;    0.3;    0.0;eor
       4704;20190212;-999;-999;-999;    3;   0.0;   0;    1.350;   8;  -999;   5.8;    -999;    1.7;   83.96;    4.5;   -2.6;   -3.7;eor
       4704;20190213;-999;-999;-999;    3;   0.0;   0;    8.867;   8;  -999;   4.7;    -999;    0.0;   78.58;    7.6;   -5.3;   -6.3;eor
       4704;20190214;-999;-999;-999;    3;   0.0;   0;    8.833;   8;  -999;   5.1;    -999;    0.7;   80.71;    9.9;   -5.7;   -6.8;eor
       4704;20190215;-999;-999;-999;    3;   0.0;   0;    8.950;   8;  -999;   4.9;    -999;    1.0;   76.50;   10.4;   -5.2;   -6.8;eor
       4704;20190216;-999;-999;-999;    3;   0.0;   0;    8.983;   7;  -999;   4.9;    -999;    1.1;   76.00;   11.0;   -6.4;   -7.3;eor
       4704;20190217;-999;-999;-999;    3;   0.0;   0;    9.017;   7;  -999;   4.5;    -999;    2.1;   64.79;   10.0;   -4.8;   -6.5;eor
       4704;20190218;-999;-999;-999;    3;   0.0;   0;    9.050;   7;  -999;   4.8;    -999;    1.6;   71.67;   11.6;   -6.0;   -7.0;eor
       4704;20190219;-999;-999;-999;    3;   0.0;   0;    7.117;   7;  -999;   5.5;    -999;    4.6;   66.54;   11.9;   -3.4;   -4.7;eor
       4704;20190220;-999;-999;-999;    3;   0.0;   0;    7.983;   5;  -999;   5.9;    -999;    4.4;   72.71;   10.4;   -1.2;   -2.8;eor
       4704;20190221;-999;-999;-999;    3;   0.9;   4;    8.933;   0;  -999;   6.0;    -999;    5.7;   67.33;   13.4;   -0.6;   -2.9;eor
       4704;20190222;-999;-999;-999;    3;   0.8;   4;    0.133;   0;  -999;   7.8;    -999;    5.3;   87.08;    8.7;    2.8;    1.3;eor
       4704;20190223;-999;-999;-999;    3;   0.0;   0;    8.950;   0;  -999;   5.3;    -999;    3.6;   68.33;    7.3;   -1.3;   -2.9;eor
       4704;20190224;-999;-999;-999;    3;   0.0;   0;    5.467;   0;  -999;   4.5;    -999;    1.0;   69.13;    6.8;   -3.7;   -4.7;eor
       4704;20190225;-999;-999;-999;    3;   0.0;   0;    9.233;   0;  -999;   5.7;    -999;    3.8;   71.96;   12.7;   -3.6;   -4.6;eor
       4704;20190226;-999;-999;-999;    3;   0.0;   0;    8.717;   0;  -999;   6.4;    -999;    4.5;   77.96;   12.8;   -2.5;   -3.6;eor
       4704;20190227;-999;-999;-999;    3;   0.0;   0;    9.217;   0;  -999;   6.2;    -999;    6.2;   67.67;   15.3;   -1.0;   -2.4;eor
       4704;20190228;-999;-999;-999;    3;   0.0;   0;    9.067;   0;  -999;   6.6;    -999;   10.8;   52.13;   17.2;    4.7;    1.4;eor
       4704;20190301;-999;-999;-999;    3;  11.1;   4;    0.000;   0;  -999;   8.1;    -999;    6.8;   83.00;    9.2;    5.0;    4.7;eor
       4704;20190302;-999;-999;-999;    3;   0.0;   0;    0.150;   0;  -999;   8.1;    -999;    6.4;   84.13;    8.7;    4.4;    2.4;eor
       4704;20190303;-999;-999;-999;    3;   0.0;   0;    8.433;   0;  -999;   7.0;    -999;    9.3;   60.50;   14.0;    5.1;    4.3;eor
       4704;20190304;-999;-999;-999;    3;   0.9;   4;    3.367;   0;  -999;   5.8;    -999;    8.7;   52.92;   14.5;    2.7;    1.7;eor
       4704;20190305;-999;-999;-999;    3;   0.0;   0;    0.117;   0;  -999;   6.1;    -999;    6.6;   63.79;    9.1;    2.0;   -0.1;eor
       4704;20190306;-999;-999;-999;    3;   0.0;   0;    4.167;   0;  -999;   5.3;    -999;    9.1;   49.58;   15.9;   -1.0;   -2.9;eor
       4704;20190307;-999;-999;-999;    3;   2.2;   4;    0.183;   0;  -999;   7.5;    -999;    9.3;   66.33;   15.0;    6.4;    5.1;eor
       4704;20190308;-999;-999;-999;    3;   1.0;   4;    0.167;   0;  -999;   7.4;    -999;    6.3;   78.00;    7.5;    5.4;    4.2;eor
       4704;20190309;-999;-999;-999;    3;   1.8;   4;    0.167;   0;  -999;   8.1;    -999;    8.3;   73.83;   11.1;    5.6;    4.9;eor
       4704;20190310;-999;-999;-999;    3;   8.5;   4;    1.617;   0;  -999;   9.0;    -999;    9.1;   77.79;   14.2;    6.5;    5.6;eor
       4704;20190311;-999;-999;-999;    3;   5.2;   4;    0.450;   0;  -999;   5.9;    -999;    2.7;   81.25;    6.6;   -0.2;   -0.6;eor
       4704;20190312;-999;-999;-999;    3;   0.2;   4;    7.500;   0;  -999;   4.6;    -999;    5.5;   53.83;    9.7;    0.8;   -1.1;eor
       4704;20190313;-999;-999;-999;    3;   2.6;   4;    2.567;   0;  -999;   6.2;    -999;    4.9;   72.29;    9.1;    1.8;    1.3;eor
       4704;20190314;-999;-999;-999;    3;  10.6;   4;    0.000;   0;  -999;   6.8;    -999;    4.4;   80.88;    5.6;    2.6;    2.2;eor
       4704;20190315;-999;-999;-999;    3;  23.7;   4;    0.000;   0;  -999;   8.7;    -999;    6.5;   90.42;   10.2;    3.4;    3.4;eor
       4704;20190316;-999;-999;-999;    3;   0.0;   0;    6.850;   0;  -999;   8.0;    -999;   11.6;   59.25;   16.7;    8.9;    4.1;eor
       4704;20190317;-999;-999;-999;    3;   5.8;   4;    6.967;   0;  -999;   5.8;    -999;   10.1;   50.79;   17.6;    1.6;    1.5;eor
       4704;20190318;-999;-999;-999;    3;   1.4;   4;    2.900;   0;  -999;   6.2;    -999;    3.6;   78.75;    7.0;   -0.5;   -2.1;eor
       4704;20190319;-999;-999;-999;    3;   0.0;   0;    1.533;   0;  -999;   6.0;    -999;    2.4;   84.21;    7.8;   -1.5;   -2.9;eor
       4704;20190320;-999;-999;-999;    3;   0.0;   0;   10.183;   0;  -999;   4.9;    -999;    3.5;   66.92;   10.3;   -3.2;   -4.6;eor
       4704;20190321;-999;-999;-999;    3;   0.0;   0;   10.300;   0;  -999;   5.5;    -999;    5.4;   62.13;   12.7;   -1.6;   -3.4;eor
       4704;20190322;-999;-999;-999;    3;   0.0;   0;   10.117;   0;  -999;   6.5;    -999;    6.3;   70.13;   15.6;   -2.1;   -3.9;eor
       4704;20190323;-999;-999;-999;    3;   0.0;   0;   10.367;   0;  -999;   6.4;    -999;    7.6;   65.33;   16.2;   -1.1;   -2.9;eor
       4704;20190324;-999;-999;-999;    3;   0.0;   0;   10.300;   0;  -999;   7.2;    -999;    9.2;   65.42;   17.9;    0.4;   -1.8;eor
       4704;20190325;-999;-999;-999;    3;   1.0;   4;    2.333;   0;  -999;   6.7;    -999;    6.2;   71.29;    9.9;    2.2;   -0.1;eor
       4704;20190326;-999;-999;-999;    3;   0.0;   0;    5.633;   0;  -999;   5.7;    -999;    3.7;   73.08;    8.1;    0.6;   -1.3;eor
       4704;20190327;-999;-999;-999;    3;   0.0;   0;    6.783;   0;  -999;   6.0;    -999;    5.5;   67.88;   10.6;    0.0;   -1.8;eor
       4704;20190328;-999;-999;-999;    3;   0.0;   0;   10.583;   0;  -999;   6.0;    -999;    7.4;   61.25;   13.8;    0.0;   -2.1;eor
       4704;20190329;-999;-999;-999;    3;   0.0;   0;   10.633;   0;  -999;   6.4;    -999;    8.0;   62.00;   15.6;    1.2;   -1.5;eor
       4704;20190330;-999;-999;-999;    3;   0.0;   0;   10.617;   0;  -999;   6.5;    -999;    8.2;   63.29;   16.7;   -0.8;   -2.8;eor
       4704;20190331;-999;-999;-999;    3;   0.0;   0;   10.717;   0;  -999;   6.7;    -999;   10.2;   57.50;   19.0;    0.7;   -1.6;eor
       4704;20190401;-999;-999;-999;    3;   0.0;   0;   10.667;   0;  -999;   8.2;    -999;   10.0;   67.13;   16.6;    3.6;    1.1;eor
       4704;20190402;-999;-999;-999;    3;   0.0;   0;    8.867;   0;  -999;   7.4;    -999;   11.3;   60.83;   18.9;    1.6;   -0.8;eor
       4704;20190403;-999;-999;-999;    3;   0.0;   0;    5.900;   0;  -999;   7.7;    -999;   10.2;   62.83;   16.4;    4.8;    2.9;eor
       4704;20190404;-999;-999;-999;    3;  14.8;   4;    0.000;   0;  -999;   6.8;    -999;    2.7;   91.25;    5.5;    0.1;    0.0;eor
       4704;20190405;-999;-999;-999;    3;   0.0;   0;    2.600;   2;  -999;   6.9;    -999;    4.3;   84.67;    9.1;    0.5;   -0.7;eor
       4704;20190406;-999;-999;-999;    3;   0.0;   0;    8.700;   0;  -999;   7.9;    -999;    6.3;   83.46;   14.4;   -1.6;   -2.6;eor
       4704;20190407;-999;-999;-999;    3;   2.4;   4;    3.117;   0;  -999;   8.8;    -999;    8.9;   78.25;   14.6;    2.0;    0.6;eor
       4704;20190408;-999;-999;-999;    3;   0.4;   4;    2.083;   0;  -999;   9.2;    -999;    9.2;   79.96;   12.4;    6.8;    6.2;eor
       4704;20190409;-999;-999;-999;    3;   2.0;   4;    0.750;   0;  -999;  10.2;    -999;    9.0;   88.50;   12.4;    7.1;    6.6;eor
       4704;20190410;-999;-999;-999;    3;   2.3;   4;    0.000;   0;  -999;  10.6;    -999;    8.4;   96.21;   10.0;    7.5;    7.1;eor
       4704;20190411;-999;-999;-999;    3;   0.0;   0;    1.100;   0;  -999;   8.7;    -999;    7.5;   83.92;    9.5;    5.1;    3.7;eor
       4704;20190412;-999;-999;-999;    3;   0.0;   0;    3.883;   0;  -999;   6.7;    -999;    5.4;   75.17;    9.6;    1.0;   -0.4;eor
       4704;20190413;-999;-999;-999;    3;   0.2;   4;    2.750;   0;  -999;   6.8;    -999;    5.4;   76.63;    9.3;    2.6;    2.0;eor
       4704;20190414;-999;-999;-999;    3;   1.7;   4;    0.000;   0;  -999;   7.1;    -999;    3.1;   93.04;    4.3;    1.5;    0.3;eor
       4704;20190415;-999;-999;-999;    3;   0.0;   0;   10.517;   0;  -999;   7.7;    -999;    7.6;   76.29;   16.1;   -1.7;   -2.7;eor
       4704;20190416;-999;-999;-999;    3;   0.0;   0;   10.633;   0;  -999;   8.1;    -999;    9.6;   70.92;   17.7;   -0.1;   -1.8;eor
       4704;20190417;-999;-999;-999;    3;   0.0;   0;    6.533;   0;  -999;   9.0;    -999;   12.5;   64.50;   19.0;    7.0;    4.8;eor
       4704;20190418;-999;-999;-999;    3;   0.0;   0;   10.467;   0;  -999;   7.9;    -999;   12.5;   56.50;   20.6;    2.5;    0.3;eor
       4704;20190419;-999;-999;-999;    3;   0.0;   0;   10.833;   0;  -999;   8.1;    -999;   13.7;   55.04;   22.0;    4.5;    1.7;eor
       4704;20190420;-999;-999;-999;    3;   0.0;   0;   11.400;   0;  -999;   7.5;    -999;   14.4;   48.63;   22.3;    4.5;    1.2;eor
       4704;20190421;-999;-999;-999;    3;   0.0;   0;   10.317;   0;  -999;   7.2;    -999;   14.9;   45.75;   22.5;    5.6;    3.3;eor
       4704;20190422;-999;-999;-999;    3;   0.0;   0;    8.717;   0;  -999;   7.5;    -999;   15.7;   45.58;   23.4;    6.0;    3.2;eor
       4704;20190423;-999;-999;-999;    3;   0.0;   0;    3.233;   0;  -999;   7.6;    -999;   17.8;   37.04;   22.9;   11.9;   10.0;eor
       4704;20190424;-999;-999;-999;    3;   0.0;   0;    6.933;   0;  -999;   8.2;    -999;   17.1;   44.71;   23.8;    5.7;    3.6;eor
       4704;20190425;-999;-999;-999;    3;   0.2;   4;    6.567;   0;  -999;   7.4;    -999;   16.1;   45.42;   22.6;    6.5;    4.5;eor
       4704;20190426;-999;-999;-999;    3;  14.7;   4;    0.083;   0;  -999;   8.7;    -999;    6.6;   89.46;    9.4;    4.6;    4.0;eor
       4704;20190427;-999;-999;-999;    3;   9.7;   4;    0.950;   0;  -999;   8.6;    -999;    7.3;   84.08;   12.8;    4.5;    3.8;eor
       4704;20190428;-999;-999;-999;    3;   4.1;   4;    4.883;   0;  -999;   7.4;    -999;    5.3;   83.38;    9.1;    3.1;    1.5;eor
       4704;20190429;-999;-999;-999;    3;   4.6;   4;    0.300;   0;  -999;   8.6;    -999;    5.9;   92.33;    7.9;    3.9;    3.9;eor
       4704;20190430;-999;-999;-999;    3;   0.2;   4;    0.500;   0;  -999;   9.3;    -999;    7.1;   91.75;   10.9;    3.3;    1.6;eor
       4704;20190501;-999;-999;-999;    3;   0.0;   0;   11.500;-999;  -999;   8.6;    -999;    9.3;   75.67;   18.2;    1.0;   -0.7;eor
       4704;20190502;-999;-999;-999;    3;  22.8;   4;    9.200;-999;  -999;   9.0;    -999;   11.7;   67.71;   19.1;    4.3;    1.9;eor
       4704;20190503;-999;-999;-999;    3;   1.7;   4;    0.133;-999;  -999;  10.1;    -999;    8.1;   93.75;   10.6;    5.3;    4.1;eor
       4704;20190504;-999;-999;-999;    3;  12.8;   4;    1.483;-999;  -999;   8.4;    -999;    5.6;   92.42;   11.7;    0.7;    0.5;eor
       4704;20190505;-999;-999;-999;    3;   0.1;   4;    2.150;-999;  -999;   6.7;    -999;    3.3;   87.25;    7.3;    0.3;    0.0;eor
       4704;20190506;-999;-999;-999;    3;   0.0;   0;    2.567;-999;  -999;   6.2;    -999;    4.8;   74.42;    9.3;    0.3;   -1.4;eor
       4704;20190507;-999;-999;-999;    3;   0.1;   4;   11.583;-999;  -999;   6.3;    -999;    7.1;   66.38;   14.4;   -1.7;   -3.1;eor
       4704;20190508;-999;-999;-999;    3;   7.6;   4;    0.000;-999;  -999;   9.7;    -999;    9.4;   81.96;   14.9;    3.9;    2.4;eor
       4704;20190509;-999;-999;-999;    3;   5.5;   4;    6.900;-999;  -999;   9.8;    -999;   10.7;   78.00;   16.5;    5.1;    2.6;eor
       4704;20190510;-999;-999;-999;    3;   1.0;   4;    3.600;-999;  -999;  10.6;    -999;   11.3;   80.17;   16.3;    8.1;    7.1;eor
       4704;20190511;-999;-999;-999;    3;  18.0;   4;    0.000;-999;  -999;  10.7;    -999;   10.3;   85.54;   12.8;    6.8;    6.5;eor
       4704;20190512;-999;-999;-999;    3;   1.8;   4;    0.000;-999;  -999;   8.6;    -999;    6.5;   88.71;    7.9;    5.4;    5.0;eor
       4704;20190513;-999;-999;-999;    3;   0.0;   0;    5.200;-999;  -999;   7.5;    -999;    8.2;   70.25;   12.6;    3.7;    1.5;eor
       4704;20190514;-999;-999;-999;    3;   0.1;   4;    8.517;-999;  -999;   6.1;    -999;    7.5;   60.54;   12.0;    2.9;    0.8;eor
       4704;20190515;-999;-999;-999;    3;   0.0;   0;    2.817;-999;  -999;   7.1;    -999;    7.2;   71.17;   10.8;    3.2;    1.7;eor
       4704;20190516;-999;-999;-999;    3;   0.0;   0;    6.183;-999;  -999;   8.2;    -999;    8.2;   75.96;   14.1;    2.4;    1.1;eor
       4704;20190517;-999;-999;-999;    3;   0.0;   0;   10.400;-999;  -999;   9.8;    -999;   11.8;   73.29;   20.4;    1.9;    0.6;eor
       4704;20190518;-999;-999;-999;    3;   0.2;   4;    5.383;-999;  -999;  11.5;    -999;   12.7;   78.54;   17.8;    6.8;    4.0;eor
       4704;20190519;-999;-999;-999;    3;  11.0;   4;-999;-999;  -999;  12.4;    -999;   13.2;   83.25;   18.9;   10.1;    8.4;eor
       4704;20190520;-999;-999;-999;    3; 103.8;   4;    0.000;-999;  -999;  12.9;    -999;   10.8;   99.38;   11.7;   10.1;   10.1;eor
       4704;20190521;-999;-999;-999;    3;  55.0;   4;    0.000;-999;  -999;  12.4;    -999;   10.2;   99.54;   11.0;    9.4;    9.2;eor
       4704;20190522;-999;-999;-999;    3;   1.7;   4;    3.983;-999;  -999;  11.7;    -999;   12.0;   85.21;   17.6;    9.2;    7.4;eor
       4704;20190523;-999;-999;-999;    3;   0.0;   0;   11.400;-999;  -999;  11.2;    -999;   14.1;   72.29;   20.8;    7.2;    5.7;eor
       4704;20190524;-999;-999;-999;    3;   0.0;   0;   11.933;-999;  -999;  10.5;    -999;   14.7;   66.67;   21.8;    6.4;    5.1;eor
       4704;20190525;-999;-999;-999;    3;   5.1;   4;    1.800;-999;  -999;  12.4;    -999;   12.8;   84.67;   18.4;    7.4;    6.2;eor
       4704;20190526;-999;-999;-999;    3;   0.0;   0;    5.700;-999;  -999;  12.8;    -999;   14.0;   82.42;   20.6;    8.6;    7.4;eor
       4704;20190527;-999;-999;-999;    3;   4.7;   4;    1.083;-999;  -999;  12.7;    -999;   14.8;   76.75;   18.3;    9.9;    9.1;eor
       4704;20190528;-999;-999;-999;    3;  10.3;   4;    0.000;-999;  -999;  12.3;    -999;   11.2;   92.46;   12.6;    9.0;    8.9;eor
       4704;20190529;-999;-999;-999;    3;   4.3;   4;    0.333;-999;  -999;  11.4;    -999;   10.0;   92.96;   12.5;    8.7;    8.5;eor
       4704;20190530;-999;-999;-999;    3;   0.0;   0;    9.050;-999;  -999;  10.7;    -999;   12.9;   74.79;   19.3;    7.3;    6.3;eor
       4704;20190531;-999;-999;-999;    3;   0.0;   0;    6.983;-999;  -999;  11.0;    -999;   16.3;   60.21;   22.9;   11.3;    9.1;eor
       4704;20190601;-999;-999;-999;    3;   0.0;   0;   12.467;-999;  -999;  12.8;    -999;   18.5;   62.75;   26.1;    8.9;    7.3;eor
       4704;20190602;-999;-999;-999;    3;   0.0;   0;   12.650;-999;  -999;  12.9;    -999;   19.3;   61.75;   27.6;   10.4;    8.5;eor
       4704;20190603;-999;-999;-999;    3;   0.0;   0;   11.783;-999;  -999;  13.8;    -999;   22.0;   53.71;   29.2;   14.9;   12.3;eor
       4704;20190604;-999;-999;-999;    3;   0.0;   0;   12.250;-999;  -999;  14.3;    -999;   22.6;   56.25;   30.2;   12.8;   11.3;eor
       4704;20190605;-999;-999;-999;    3;   0.8;   4;   12.750;-999;  -999;  14.6;    -999;   23.9;   50.21;   29.8;   16.9;   14.0;eor
       4704;20190606;-999;-999;-999;    3;   0.0;   0;    0.083;-999;  -999;  12.6;    -999;   14.2;   78.21;   21.9;   10.3;    9.5;eor
       4704;20190607;-999;-999;-999;    3;   0.0;   0;   10.050;-999;  -999;  12.0;    -999;   17.5;   66.33;   29.1;    7.8;    6.4;eor
       4704;20190608;-999;-999;-999;    3;   0.0;   0;    6.167;-999;  -999;   9.3;    -999;   16.1;   52.83;   21.4;   11.0;    8.4;eor
       4704;20190609;-999;-999;-999;    3;   3.8;   4;    4.183;-999;  -999;  12.3;    -999;   14.9;   72.33;   20.2;    8.2;    6.6;eor
       4704;20190610;-999;-999;-999;    3;  26.7;   4;    3.417;-999;  -999;  16.0;    -999;   15.1;   93.21;   20.4;   12.5;   11.5;eor
       4704;20190611;-999;-999;-999;    3;   6.6;   4;    5.017;-999;  -999;  14.8;    -999;   14.6;   88.75;   19.0;   10.9;   10.4;eor
       4704;20190612;-999;-999;-999;    3;   4.7;   4;    4.550;-999;  -999;  14.3;    -999;   14.4;   88.29;   19.3;   11.2;    9.9;eor
       4704;20190613;-999;-999;-999;    3;   0.0;   0;    9.533;-999;  -999;  13.7;    -999;   16.6;   74.71;   23.4;    9.7;    8.6;eor
       4704;20190614;-999;-999;-999;    3;   0.0;   0;    9.917;-999;  -999;  15.2;    -999;   19.6;   68.00;   26.1;   10.7;    9.5;eor
       4704;20190615;-999;-999;-999;    3;   8.6;   4;    6.183;-999;  -999;  15.0;    -999;   19.6;   67.08;   24.1;   13.3;   13.5;eor
       4704;20190616;-999;-999;-999;    3;   0.0;   0;    6.133;-999;  -999;  14.6;    -999;   16.2;   80.46;   21.1;   13.0;   12.3;eor
       4704;20190617;-999;-999;-999;    3;   0.0;   0;   12.567;-999;  -999;  16.1;    -999;   19.0;   74.58;   25.9;   10.6;    9.2;eor
       4704;20190618;-999;-999;-999;    3;   0.1;   4;   12.100;-999;  -999;  16.2;    -999;   20.5;   69.75;   28.2;   12.7;   11.2;eor
       4704;20190619;-999;-999;-999;    3;   6.2;   4;   11.950;-999;  -999;  14.4;    -999;   22.5;   56.00;   30.1;   15.5;   13.7;eor
       4704;20190620;-999;-999;-999;    3;   0.7;   4;    4.800;-999;  -999;  16.4;    -999;   18.6;   76.88;   22.5;   14.2;   12.9;eor
       4704;20190621;-999;-999;-999;    3;   1.5;   4;    4.983;-999;  -999;  16.8;    -999;   18.2;   80.96;   23.9;   13.5;   12.7;eor
       4704;20190622;-999;-999;-999;    3;   3.5;   4;    3.450;-999;  -999;  17.3;    -999;   17.8;   85.13;   22.0;   15.0;   14.7;eor
       4704;20190623;-999;-999;-999;    3;   0.0;   0;    7.917;-999;  -999;  17.5;    -999;   19.9;   77.38;   25.2;   15.5;   13.7;eor
       4704;20190624;-999;-999;-999;    3;   0.0;   0;   12.900;-999;  -999;  18.6;    -999;   22.7;   69.54;   30.0;   13.5;   12.1;eor
       4704;20190625;-999;-999;-999;    3;   0.0;   0;   12.883;-999;  -999;  21.0;    -999;   23.6;   73.29;   31.8;   14.6;   12.9;eor
       4704;20190626;-999;-999;-999;    3;   0.0;   0;   12.733;-999;  -999;  20.7;    -999;   25.4;   65.96;   32.4;   16.5;   14.0;eor
       4704;20190627;-999;-999;-999;    3;   0.0;   0;   12.733;-999;  -999;  21.4;    -999;   27.5;   59.08;   33.4;   19.4;   16.6;eor
       4704;20190628;-999;-999;-999;    3;   0.0;   0;   12.900;-999;  -999;  14.3;    -999;   24.3;   48.46;   30.1;   18.1;   14.8;eor
       4704;20190629;-999;-999;-999;    3;   0.0;   0;   12.883;-999;  -999;  15.0;    -999;   23.8;   54.04;   32.1;   13.6;   11.0;eor
       4704;20190630;-999;-999;-999;    3;   0.0;   0;   12.900;-999;  -999;  17.3;    -999;   25.4;   57.13;   34.1;   15.3;   12.9;eor
       4704;20190701;-999;-999;-999;    3;   6.6;   4;   10.067;-999;  -999;  16.7;    -999;   26.1;   50.58;   30.9;   18.1;   17.4;eor
       4704;20190702;-999;-999;-999;    3;   0.0;   0;    7.050;-999;  -999;  19.3;    -999;   21.5;   76.46;   25.8;   17.6;   17.1;eor
       4704;20190703;-999;-999;-999;    3;   0.0;   0;    7.967;-999;  -999;  14.9;    -999;   20.2;   63.46;   24.9;   15.9;   14.6;eor
       4704;20190704;-999;-999;-999;    3;   0.0;   0;   12.900;-999;  -999;  13.7;    -999;   20.5;   57.92;   26.9;   13.6;   11.9;eor
       4704;20190705;-999;-999;-999;    3;   0.0;   0;   12.750;-999;  -999;  13.9;    -999;   21.9;   55.79;   29.4;   13.7;   11.2;eor
       4704;20190706;-999;-999;-999;    3;   8.7;   4;    8.750;-999;  -999;  15.8;    -999;   21.0;   64.29;   28.4;   13.2;   10.8;eor
       4704;20190707;-999;-999;-999;    3;   6.2;   4;    4.950;-999;  -999;  17.1;    -999;   19.4;   76.33;   25.4;   15.8;   15.0;eor
       4704;20190708;-999;-999;-999;    3;   0.0;   0;    0.883;-999;  -999;  16.2;    -999;   17.0;   83.75;   19.2;   13.8;   12.1;eor
       4704;20190709;-999;-999;-999;    3;   0.0;   0;    4.450;-999;  -999;  12.7;    -999;   16.5;   68.50;   21.8;   12.3;   10.9;eor
       4704;20190710;-999;-999;-999;    3;   0.0;   0;   12.617;-999;  -999;  10.5;    -999;   15.6;   61.17;   22.5;    9.6;    7.7;eor
       4704;20190711;-999;-999;-999;    3;   0.2;   4;    0.333;-999;  -999;  12.7;    -999;   14.9;   75.46;   20.6;    9.2;    6.9;eor
       4704;20190712;-999;-999;-999;    3;  22.4;   4;    1.450;-999;  -999;  15.6;    -999;   15.7;   87.54;   19.3;   12.3;   10.3;eor
       4704;20190713;-999;-999;-999;    3;   0.0;   0;    3.667;-999;  -999;  14.2;    -999;   16.3;   78.17;   20.9;   13.2;   11.6;eor
       4704;20190714;-999;-999;-999;    3;   0.0;   0;   10.700;-999;  -999;  13.8;    -999;   17.7;   70.25;   23.0;   12.3;   11.6;eor
       4704;20190715;-999;-999;-999;    3;   0.0;   0;    7.817;-999;  -999;  14.0;    -999;   17.8;   70.29;   23.2;   13.4;   12.1;eor
       4704;20190716;-999;-999;-999;    3;   0.0;   0;   12.533;-999;  -999;  13.3;    -999;   17.8;   68.13;   24.9;   10.1;    8.6;eor
       4704;20190717;-999;-999;-999;    3;   0.0;   0;   12.467;-999;  -999;  13.1;    -999;   19.3;   61.46;   27.1;   10.2;    8.3;eor
       4704;20190718;-999;-999;-999;    3;   0.0;   0;   11.533;-999;  -999;  12.6;    -999;   19.6;   59.13;   27.1;   11.5;   10.3;eor
       4704;20190719;-999;-999;-999;    3;   0.0;   0;   11.083;-999;  -999;  13.9;    -999;   22.0;   53.29;   27.5;   16.3;   13.7;eor
       4704;20190720;-999;-999;-999;    3;   3.0;   4;   11.867;-999;  -999;  16.1;    -999;   23.3;   59.38;   30.4;   14.0;   12.0;eor
       4704;20190721;-999;-999;-999;    3;   8.9;   4;    6.533;-999;  -999;  19.3;    -999;   21.6;   76.13;   27.5;   17.6;   16.0;eor
       4704;20190722;-999;-999;-999;    3;   0.0;   0;   11.450;-999;  -999;  17.7;    -999;   22.3;   68.33;   29.2;   15.5;   14.1;eor
       4704;20190723;-999;-999;-999;    3;   0.0;   0;   12.200;-999;  -999;  18.0;    -999;   23.8;   63.58;   32.5;   14.1;   12.7;eor
       4704;20190724;-999;-999;-999;    3;   0.0;   0;   12.117;-999;  -999;  17.0;    -999;   25.1;   58.00;   34.2;   15.6;   13.6;eor
       4704;20190725;-999;-999;-999;    3;   0.0;   0;   12.100;-999;  -999;  17.6;    -999;   26.8;   52.88;   35.0;   17.7;   15.6;eor
       4704;20190726;-999;-999;-999;    3;   1.0;   4;    9.650;-999;  -999;  17.9;    -999;   26.4;   54.17;   33.2;   20.0;   17.8;eor
       4704;20190727;-999;-999;-999;    3;  30.4;   4;    6.350;-999;  -999;  18.4;    -999;   20.8;   76.79;   27.7;   15.1;   14.5;eor
       4704;20190728;-999;-999;-999;    3;  72.8;   4;    0.000;-999;  -999;  18.6;    -999;   16.4;   99.17;   18.1;   14.8;   14.1;eor
       4704;20190729;-999;-999;-999;    3;   0.0;   0;    5.733;-999;  -999;  17.6;    -999;   18.5;   83.54;   23.1;   14.2;   14.3;eor
       4704;20190730;-999;-999;-999;    3;   5.8;   4;   11.033;-999;  -999;  18.0;    -999;   21.9;   70.38;   27.1;   17.0;   15.2;eor
       4704;20190731;-999;-999;-999;    3;   2.0;   4;    0.767;-999;  -999;  17.1;    -999;   17.7;   85.21;   22.2;   14.7;   12.8;eor
       4704;20190801;-999;-999;-999;    3;   0.1;   4;    9.517;-999;  -999;  16.3;    -999;   19.3;   74.92;   25.2;   13.2;   11.7;eor
       4704;20190802;-999;-999;-999;    3;   0.7;   4;    6.017;-999;  -999;  16.8;    -999;   18.6;   78.71;   22.8;   14.8;   13.1;eor
       4704;20190803;-999;-999;-999;    3;   0.0;   0;    8.317;-999;  -999;  15.0;    -999;   19.3;   68.29;   24.8;   14.0;   11.6;eor
       4704;20190804;-999;-999;-999;    3;   0.0;   0;   11.117;-999;  -999;  13.6;    -999;   19.0;   65.38;   26.1;   12.1;   10.8;eor
       4704;20190805;-999;-999;-999;    3;  28.2;   4;    4.150;-999;  -999;  16.4;    -999;   22.0;   63.88;   27.6;   13.6;   11.4;eor
       4704;20190806;-999;-999;-999;    3;  12.1;   4;    1.600;-999;  -999;  19.0;    -999;   18.8;   87.88;   24.0;   16.7;   16.4;eor
       4704;20190807;-999;-999;-999;    3;  21.2;   4;    1.750;-999;  -999;  18.3;    -999;   18.3;   87.08;   21.4;   15.7;   13.7;eor
       4704;20190808;-999;-999;-999;    3;   0.0;   0;   10.233;-999;  -999;  17.7;    -999;   19.5;   80.08;   25.9;   14.5;   13.1;eor
       4704;20190809;-999;-999;-999;    3;   0.9;   4;   11.150;-999;  -999;  18.2;    -999;   23.0;   67.17;   32.5;   13.6;   12.1;eor
       4704;20190810;-999;-999;-999;    3;  13.3;   4;    0.317;-999;  -999;  19.8;    -999;   19.3;   87.75;   23.5;   15.4;   14.2;eor
       4704;20190811;-999;-999;-999;    3;   6.0;   4;   11.417;-999;  -999;  18.5;    -999;   20.5;   78.08;   28.3;   13.4;   12.3;eor
       4704;20190812;-999;-999;-999;    3;  29.4;   4;    0.983;-999;  -999;  17.5;    -999;   16.1;   95.46;   19.6;   14.3;   14.2;eor
       4704;20190813;-999;-999;-999;    3;   0.0;   0;    1.700;-999;  -999;  14.4;    -999;   16.0;   79.83;   18.8;   12.6;   11.0;eor
       4704;20190814;-999;-999;-999;    3;   0.0;   0;    9.733;-999;  -999;  12.4;    -999;   15.2;   75.21;   21.6;   10.0;    8.3;eor
       4704;20190815;-999;-999;-999;    3;  11.9;   4;    3.050;-999;  -999;  14.2;    -999;   15.6;   79.79;   20.2;    9.6;    7.9;eor
       4704;20190816;-999;-999;-999;    3;   0.0;   0;   10.833;-999;  -999;  14.4;    -999;   17.1;   75.92;   22.7;   12.0;   10.2;eor
       4704;20190817;-999;-999;-999;    3;   0.0;   0;    1.850;-999;  -999;  15.3;    -999;   18.9;   70.08;   23.4;   12.8;   10.6;eor
       4704;20190818;-999;-999;-999;    3;  22.4;   4;   11.367;-999;  -999;  16.8;    -999;   23.7;   59.29;   31.9;   17.3;   16.4;eor
       4704;20190819;-999;-999;-999;    3;  14.0;   4;    3.000;-999;  -999;  18.9;    -999;   18.9;   87.54;   23.7;   16.1;   15.9;eor
       4704;20190820;-999;-999;-999;    3;  40.1;   4;    0.000;-999;  -999;  17.2;    -999;   15.3;   97.79;   17.7;   12.0;   12.1;eor
       4704;20190821;-999;-999;-999;    3;   0.0;   0;    9.017;-999;  -999;  14.4;    -999;   15.6;   81.92;   20.2;   11.5;   11.1;eor
       4704;20190822;-999;-999;-999;    3;   0.0;   0;    0.000;-999;  -999;  15.3;    -999;   15.8;   85.29;   18.9;   11.0;   10.0;eor
       4704;20190823;-999;-999;-999;    3;   0.0;   0;    1.433;-999;  -999;  16.1;    -999;   17.2;   82.42;   22.4;   11.5;   10.8;eor
       4704;20190824;-999;-999;-999;    3;   0.0;   0;    7.867;-999;  -999;  17.8;    -999;   17.7;   88.38;   23.8;   12.1;   10.9;eor
       4704;20190825;-999;-999;-999;    3;   0.0;   0;   10.333;-999;  -999;  17.8;    -999;   18.7;   83.79;   25.9;   12.6;   11.4;eor
       4704;20190826;-999;-999;-999;    3;   0.0;   0;   11.067;-999;  -999;  18.2;    -999;   19.9;   79.50;   27.4;   13.2;   11.9;eor
       4704;20190827;-999;-999;-999;    3;   0.0;   0;   11.033;-999;  -999;  17.6;    -999;   20.5;   75.75;   29.2;   12.9;   11.3;eor
       4704;20190828;-999;-999;-999;    3;   3.6;   4;    9.367;-999;  -999;  18.7;    -999;   22.2;   71.25;   28.1;   16.8;   15.0;eor
       4704;20190829;-999;-999;-999;    3;   9.9;   4;    3.833;-999;  -999;  19.2;    -999;   19.4;   85.63;   23.6;   14.8;   13.4;eor
       4704;20190830;-999;-999;-999;    3;   0.0;   0;   10.950;-999;  -999;  18.5;    -999;   20.4;   78.54;   27.3;   13.4;   12.1;eor
       4704;20190831;-999;-999;-999;    3;   0.0;   0;    9.367;-999;  -999;  18.5;    -999;   21.1;   74.92;   27.8;   14.2;   12.9;eor
       4704;20190901;-999;-999;-999;    3;  16.0;   4;    4.100;-999;  -999;  17.0;    -999;   20.3;   71.83;   24.3;   15.2;   15.1;eor
       4704;20190902;-999;-999;-999;    3;   0.3;   4;    0.000;-999;  -999;  15.0;    -999;   14.4;   91.17;   16.9;    9.4;    8.5;eor
       4704;20190903;-999;-999;-999;    3;   0.0;   0;   10.800;-999;  -999;  11.9;    -999;   14.0;   78.13;   21.8;    7.5;    6.5;eor
       4704;20190904;-999;-999;-999;    3;   0.0;   0;   10.750;-999;  -999;  13.4;    -999;   15.6;   77.79;   23.5;    8.2;    7.2;eor
       4704;20190905;-999;-999;-999;    3;   7.8;   4;    0.000;-999;  -999;  13.8;    -999;   12.9;   92.33;   16.2;   10.7;   10.3;eor
       4704;20190906;-999;-999;-999;    3;   7.1;   4;    0.017;-999;  -999;  13.0;    -999;   12.1;   91.88;   15.1;   10.2;   10.1;eor
       4704;20190907;-999;-999;-999;    3;   3.7;   4;    1.217;-999;  -999;  12.8;    -999;   12.0;   91.04;   17.2;    8.3;    7.0;eor
       4704;20190908;-999;-999;-999;    3;  71.2;   4;    0.017;-999;  -999;  11.8;    -999;   10.3;   94.58;   11.8;    8.9;    8.8;eor
       4704;20190909;-999;-999;-999;    3;   2.0;   4;    3.783;-999;  -999;  11.2;    -999;   10.7;   88.21;   16.6;    8.0;    6.8;eor
       4704;20190910;-999;-999;-999;    3;   0.0;   0;    8.633;-999;  -999;  12.5;    -999;   13.4;   81.71;   19.7;    7.2;    6.7;eor
       4704;20190911;-999;-999;-999;    3;   0.0;   0;    6.717;-999;  -999;  13.8;    -999;   14.6;   83.96;   20.4;    8.5;    6.9;eor
       4704;20190912;-999;-999;-999;    3;   0.0;   0;    9.933;-999;  -999;  13.7;    -999;   16.3;   77.00;   23.1;   10.5;    9.1;eor
       4704;20190913;-999;-999;-999;    3;   0.0;   0;   10.300;-999;  -999;  15.1;    -999;   16.7;   80.46;   24.2;    9.3;    7.8;eor
       4704;20190914;-999;-999;-999;    3;   0.0;   0;   10.250;-999;  -999;  17.0;    -999;   17.3;   86.13;   23.2;   11.2;    9.6;eor
       4704;20190915;-999;-999;-999;    3;   0.0;   0;    8.417;-999;  -999;  17.2;    -999;   17.4;   87.38;   25.4;   10.6;    9.1;eor
       4704;20190916;-999;-999;-999;    3;   0.0;   0;    9.533;-999;  -999;  17.3;    -999;   19.7;   76.88;   26.7;   13.7;   11.3;eor
       4704;20190917;-999;-999;-999;    3;   0.0;   0;    7.417;-999;  -999;  15.4;    -999;   17.4;   78.88;   23.2;   12.3;   10.7;eor
       4704;20190918;-999;-999;-999;    3;   0.0;   0;    4.217;-999;  -999;  10.6;    -999;   13.4;   69.08;   18.5;    8.7;    7.2;eor
       4704;20190919;-999;-999;-999;    3;   0.0;   0;   10.067;-999;  -999;   8.5;    -999;   11.3;   64.29;   16.8;    6.2;    4.5;eor
       4704;20190920;-999;-999;-999;    3;   0.0;   0;   10.017;-999;  -999;   9.1;    -999;   10.7;   71.08;   18.1;    4.2;    2.2;eor
       4704;20190921;-999;-999;-999;    3;   0.0;   0;    9.967;-999;  -999;  11.5;    -999;   11.4;   84.54;   19.8;    3.4;    2.0;eor
       4704;20190922;-999;-999;-999;    3;   6.2;   4;    3.717;-999;  -999;  14.6;    -999;   14.4;   89.42;   22.7;    9.0;    7.9;eor
       4704;20190923;-999;-999;-999;    3;  11.2;   4;    0.233;-999;  -999;  13.7;    -999;   12.7;   92.67;   17.2;   10.7;    8.6;eor
       4704;20190924;-999;-999;-999;    3;   5.4;   4;    3.183;-999;  -999;  12.3;    -999;   12.0;   88.08;   15.9;    5.7;    4.4;eor
       4704;20190925;-999;-999;-999;    3;   5.5;   4;    2.667;-999;  -999;  13.9;    -999;   14.1;   86.67;   18.2;   12.5;   11.9;eor
       4704;20190926;-999;-999;-999;    3;  12.4;   4;    0.000;-999;  -999;  14.5;    -999;   13.3;   94.96;   15.6;   11.7;   11.7;eor
       4704;20190927;-999;-999;-999;    3;  14.6;   4;    5.150;-999;  -999;  14.8;    -999;   16.3;   80.67;   22.0;   13.5;   12.3;eor
       4704;20190928;-999;-999;-999;    3;   0.0;   0;    4.800;-999;  -999;  13.6;    -999;   14.7;   82.71;   18.8;   10.4;    8.1;eor
       4704;20190929;-999;-999;-999;    3;   0.0;   4;    8.883;-999;  -999;  12.5;    -999;   15.9;   71.08;   21.9;    7.6;    6.1;eor
       4704;20190930;-999;-999;-999;    3;   0.0;   0;    4.133;-999;  -999;  13.1;    -999;   15.1;   76.79;   18.4;    8.6;    6.8;eor
       4704;20191001;-999;-999;-999;    3;  16.9;   4;    8.283;   0;  -999;  13.4;    -999;   15.5;   76.96;   22.0;    8.0;    6.4;eor
       4704;20191002;-999;-999;-999;    3;   7.4;   4;    0.650;   0;  -999;  12.9;    -999;   12.1;   91.00;   16.3;    7.1;    5.9;eor
       4704;20191003;-999;-999;-999;    3;   0.0;   4;    5.700;   0;  -999;   8.8;    -999;    7.7;   84.58;   13.2;    3.7;    2.5;eor
       4704;20191004;-999;-999;-999;    3;   6.7;   4;    0.417;   0;  -999;   9.6;    -999;    8.9;   83.50;   11.7;    3.7;    2.1;eor
       4704;20191005;-999;-999;-999;    3;   8.1;   4;    0.000;   0;  -999;  11.8;    -999;   10.8;   91.46;   12.9;    8.5;    8.3;eor
       4704;20191006;-999;-999;-999;    3;  33.2;   4;    0.000;   0;  -999;  12.3;    -999;   10.4;   97.04;   12.4;    8.2;    8.3;eor
       4704;20191007;-999;-999;-999;    3;   0.0;   0;    5.433;   0;  -999;  10.2;    -999;    9.9;   85.04;   14.5;    5.7;    3.9;eor
       4704;20191008;-999;-999;-999;    3;  23.1;   4;    0.500;   0;  -999;  10.1;    -999;   12.0;   71.54;   16.2;    8.2;    6.9;eor
       4704;20191009;-999;-999;-999;    3;  22.1;   4;    0.000;   0;  -999;  12.4;    -999;   11.1;   93.38;   14.2;    9.3;    8.6;eor
       4704;20191010;-999;-999;-999;    3;   0.0;   0;    0.500;   0;  -999;  10.6;    -999;   11.1;   80.96;   13.8;    8.0;    4.9;eor
       4704;20191011;-999;-999;-999;    3;   0.0;   0;    9.217;   0;  -999;   9.9;    -999;   11.8;   72.38;   17.8;    7.6;    5.4;eor
       4704;20191012;-999;-999;-999;    3;   0.0;   0;    8.900;   0;  -999;  10.2;    -999;   14.5;   62.67;   21.4;    6.2;    3.6;eor
       4704;20191013;-999;-999;-999;    3;   0.0;   0;    8.717;   0;  -999;  12.1;    -999;   15.2;   70.92;   21.5;    8.6;    6.7;eor
       4704;20191014;-999;-999;-999;    3;   0.0;   0;    9.133;   0;  -999;  12.4;    -999;   13.5;   81.38;   20.3;    7.3;    5.7;eor
       4704;20191015;-999;-999;-999;    3;  13.6;   4;    2.383;   0;  -999;  11.7;    -999;   12.2;   82.50;   19.9;    8.3;    5.9;eor
       4704;20191016;-999;-999;-999;    3;   0.0;   0;    9.067;   0;  -999;  10.5;    -999;   10.6;   83.54;   17.0;    5.1;    3.5;eor
       4704;20191017;-999;-999;-999;    3;   0.0;   0;    7.083;   0;  -999;  10.4;    -999;   11.3;   80.08;   18.5;    4.4;    2.8;eor
       4704;20191018;-999;-999;-999;    1;   0.1;   4;    2.850;   0;  -999;  12.0;    -999;   12.1;   85.46;   17.4;    8.4;    6.6;eor
       4704;20191019;-999;-999;-999;    1;   1.3;   4;    2.300;   0;  -999;  12.7;    -999;   12.3;   88.63;   16.5;    8.0;    6.0;eor
       4704;20191020;-999;-999;-999;    1;   0.1;   4;    3.983;   0;  -999;  11.1;    -999;   15.7;   68.00;   23.5;    6.2;    4.8;eor
       4704;20191021;-999;-999;-999;    1;   0.1;   4;    1.367;   0;  -999;  14.8;    -999;   14.0;   92.21;   16.7;   12.2;   10.8;eor
       4704;20191022;-999;-999;-999;    1;   0.0;   0;    0.200;   0;  -999;  13.5;    -999;   12.1;   95.83;   15.0;    8.2;    6.9;eor
       4704;20191023;-999;-999;-999;    1;   0.0;   0;    7.617;   0;  -999;  13.2;    -999;   12.6;   90.25;   18.7;    7.7;    6.0;eor
       4704;20191024;-999;-999;-999;    1;   0.0;   0;    2.233;   0;  -999;  13.4;    -999;   12.9;   90.00;   16.3;   10.2;    8.9;eor
       4704;20191025;-999;-999;-999;    1;   0.0;   0;    4.900;   0;  -999;  12.4;    -999;   12.6;   85.33;   17.3;    6.4;    5.1;eor
       4704;20191026;-999;-999;-999;    1;   0.0;   0;    8.850;   0;  -999;  11.3;    -999;    9.6;   93.63;   16.5;    4.2;    3.0;eor
       4704;20191027;-999;-999;-999;    1;   2.2;   4;    8.267;   0;  -999;  11.6;    -999;   11.9;   84.29;   20.9;    4.5;    3.1;eor
       4704;20191028;-999;-999;-999;    1;   8.0;   4;    0.000;   0;  -999;  12.3;    -999;   10.3;   97.67;   12.9;    7.4;    7.7;eor
       4704;20191029;-999;-999;-999;    1;  11.2;   4;    0.000;   0;  -999;  10.1;    -999;    7.3;   97.83;    8.7;    5.9;    5.8;eor
       4704;20191030;-999;-999;-999;    1;  20.3;   4;    0.000;   0;  -999;   9.2;    -999;    6.3;   96.25;    8.0;    5.4;    5.6;eor
       4704;20191031;-999;-999;-999;    1;   0.0;   0;    0.000;   0;  -999;   9.4;    -999;    6.6;   96.50;    9.3;    5.1;    5.2;eor
       4704;20191101;-999;-999;-999;    1;   4.2;   4;    0.067;   0;  -999;  11.4;    -999;    9.3;   97.42;   12.2;    7.1;    6.9;eor
       4704;20191102;-999;-999;-999;    1;   2.3;   4;    2.383;   0;  -999;  12.5;    -999;   11.7;   91.38;   16.7;    8.4;    7.1;eor
       4704;20191103;-999;-999;-999;    1;   6.0;   4;    0.000;   0;  -999;  11.6;    -999;   10.3;   92.25;   12.3;    8.4;    7.8;eor
       4704;20191104;-999;-999;-999;    1;   4.8;   4;    2.900;   0;  -999;   9.9;    -999;    9.9;   81.67;   13.1;    7.8;    6.0;eor
       4704;20191105;-999;-999;-999;    1;   1.5;   4;    0.133;   0;  -999;   9.8;    -999;    7.8;   91.92;    9.9;    6.3;    4.8;eor
       4704;20191106;-999;-999;-999;    1;   5.4;   4;    0.100;   0;  -999;   9.0;    -999;    7.2;   88.96;    8.5;    5.9;    4.2;eor
       4704;20191107;-999;-999;-999;    1;   4.6;   4;    2.833;   0;  -999;   8.1;    -999;    5.5;   89.46;    9.3;   -0.3;   -0.9;eor
       4704;20191108;-999;-999;-999;    1;   4.8;   4;    0.000;   0;  -999;   8.0;    -999;    4.2;   96.42;    5.5;    3.2;    2.8;eor
       4704;20191109;-999;-999;-999;    1;   0.4;   4;    0.917;   0;  -999;   7.6;    -999;    3.9;   93.38;    7.7;   -1.1;   -2.3;eor
       4704;20191110;-999;-999;-999;    1;   0.0;   0;    6.083;   0;  -999;   6.3;    -999;    1.4;   93.46;    6.2;   -3.3;   -4.0;eor
       4704;20191111;-999;-999;-999;    1;   8.0;   4;    2.250;   0;  -999;   6.6;    -999;    1.9;   93.88;    4.4;   -0.7;   -0.8;eor
       4704;20191112;-999;-999;-999;    1;   0.0;   0;    0.433;   0;  -999;   7.5;    -999;    4.1;   91.71;    6.0;    1.9;    0.1;eor
       4704;20191113;-999;-999;-999;    1;   0.1;   4;    2.367;   0;  -999;   6.7;    -999;    3.5;   85.71;    6.7;   -1.4;   -2.8;eor
       4704;20191114;-999;-999;-999;    1;   0.0;   0;    2.933;   0;  -999;   5.7;    -999;    2.6;   78.08;    8.9;   -3.2;   -4.2;eor
       4704;20191115;-999;-999;-999;    1;   4.4;   4;    0.617;   0;  -999;   7.0;    -999;    4.0;   85.13;    7.7;    0.4;   -1.7;eor
       4704;20191116;-999;-999;-999;    1;   1.0;   4;    1.517;   0;  -999;   7.6;    -999;    3.9;   94.21;    7.7;    1.9;    0.1;eor
       4704;20191117;-999;-999;-999;    1;   2.4;   4;    0.000;   0;  -999;   7.6;    -999;    3.5;   96.92;    4.3;    2.4;    1.1;eor
       4704;20191118;-999;-999;-999;    1;   0.0;   0;    0.967;   0;  -999;   7.0;    -999;    4.0;   86.08;    7.4;    0.2;   -1.6;eor
       4704;20191119;-999;-999;-999;    1;   0.0;   0;    0.150;   0;  -999;   6.6;    -999;    2.0;   93.29;    4.7;   -1.0;   -2.3;eor
       4704;20191120;-999;-999;-999;    1;   0.0;   0;    0.000;   0;  -999;   7.2;    -999;    4.3;   86.13;    5.7;    3.1;    2.7;eor
       4704;20191121;-999;-999;-999;    1;   0.0;   0;    0.050;   0;  -999;   6.9;    -999;    3.1;   90.96;    5.4;   -1.9;   -3.0;eor
       4704;20191122;-999;-999;-999;    1;   0.0;   0;    1.683;   0;  -999;   6.7;    -999;    1.9;   95.88;    5.8;   -2.2;   -3.0;eor
       4704;20191123;-999;-999;-999;    1;   0.0;   0;    0.050;   0;  -999;   7.3;    -999;    6.7;   74.96;   14.1;    1.2;    0.0;eor
       4704;20191124;-999;-999;-999;    1;   0.0;   0;    0.050;   0;  -999;   8.3;    -999;    7.3;   82.00;   13.9;    1.6;    0.1;eor
       4704;20191125;-999;-999;-999;    1;   0.1;   4;    0.000;   0;  -999;   8.3;    -999;    4.3;   99.96;    5.7;    1.1;   -0.2;eor
       4704;20191126;-999;-999;-999;    1;   0.0;   0;    4.183;   0;  -999;   9.0;    -999;    6.1;   95.67;   10.6;    2.3;    1.7;eor
       4704;20191127;-999;-999;-999;    1;   2.2;   4;    0.150;   0;  -999;   9.2;    -999;    7.1;   91.42;   10.1;    3.0;    2.4;eor
       4704;20191128;-999;-999;-999;    1;   0.3;   4;    0.350;   0;  -999;   8.8;    -999;    8.4;   79.88;    9.9;    6.6;    5.9;eor
       4704;20191129;-999;-999;-999;    1;  21.2;   4;    0.000;   0;  -999;   8.5;    -999;    5.7;   92.71;    7.2;    1.9;    1.8;eor
       4704;20191130;-999;-999;-999;    1;   0.0;   0;    4.383;   0;  -999;   6.6;    -999;    2.5;   89.63;    6.8;   -0.3;   -1.6;eor
       4704;20191201;-999;-999;-999;    1;   2.9;   4;    0.200;   0;  -999;   6.1;    -999;    1.0;   92.42;    3.1;   -1.5;   -2.3;eor
       4704;20191202;-999;-999;-999;    1;   0.0;   0;    0.000;   0;  -999;   6.1;    -999;    1.3;   89.58;    2.4;   -0.4;   -1.6;eor
       4704;20191203;-999;-999;-999;    1;   0.0;   0;    7.667;   0;  -999;   4.9;    -999;   -0.2;   82.04;    4.5;   -3.9;   -5.1;eor
       4704;20191204;-999;-999;-999;    1;   0.0;   0;    2.733;   0;  -999;   5.1;    -999;   -1.3;   92.33;    0.9;   -4.9;   -6.0;eor
       4704;20191205;-999;-999;-999;    1;   0.0;   0;    0.000;   0;  -999;   5.7;    -999;   -0.6;   97.88;    0.8;   -1.7;   -1.1;eor
       4704;20191206;-999;-999;-999;    1;   0.2;   4;    4.817;   0;  -999;   5.7;    -999;    0.9;   89.46;    6.1;   -2.3;   -3.1;eor
       4704;20191207;-999;-999;-999;    1;   0.4;   4;    0.000;   0;  -999;   7.5;    -999;    7.3;   73.58;    8.4;    5.1;    2.9;eor
       4704;20191208;-999;-999;-999;    1;   1.2;   4;    5.900;   0;  -999;   6.6;    -999;    6.7;   67.29;   10.0;    4.1;    2.4;eor
       4704;20191209;-999;-999;-999;    1;   6.3;   4;    1.217;   0;  -999;   7.6;    -999;    6.6;   77.63;    9.7;    3.7;    2.6;eor
       4704;20191210;-999;-999;-999;    1;   0.0;   0;    4.367;   0;  -999;   5.6;    -999;    1.8;   79.92;    5.0;   -2.7;   -4.8;eor
       4704;20191211;-999;-999;-999;    1;   7.9;   4;    0.650;   0;  -999;   5.2;    -999;    0.3;   81.46;    3.2;   -4.3;   -5.8;eor
       4704;20191212;-999;-999;-999;    1;   6.6;   4;    1.483;   0;  -999;   6.1;    -999;    1.0;   92.50;    3.8;   -3.1;   -4.8;eor
       4704;20191213;-999;-999;-999;    1;   1.7;   4;    0.817;   0;  -999;   5.9;    -999;    3.6;   74.92;    6.1;   -0.4;   -1.4;eor
       4704;20191214;-999;-999;-999;    1;   0.1;   4;    0.567;   0;  -999;   6.9;    -999;    6.6;   70.88;    9.7;    3.3;    0.3;eor
       4704;20191215;-999;-999;-999;    1;   0.0;   0;    1.133;   0;  -999;   6.9;    -999;    8.1;   63.75;   12.8;    1.8;   -0.4;eor
       4704;20191216;-999;-999;-999;    1;   0.0;   0;    2.733;   0;  -999;   7.0;    -999;    5.7;   78.63;   17.9;   -0.8;   -2.3;eor
       4704;20191217;-999;-999;-999;    1;   0.0;   0;    0.000;   0;  -999;   7.0;    -999;   15.9;   39.83;   18.8;    6.1;    2.5;eor
       4704;20191218;-999;-999;-999;    1;   0.0;   0;    1.733;   0;  -999;   8.4;    -999;    6.8;   84.71;   12.8;    2.1;   -0.3;eor
       4704;20191219;-999;-999;-999;    1;   0.0;   0;    4.950;   0;  -999;   7.6;    -999;    5.4;   85.79;   13.1;    1.7;   -0.7;eor
       4704;20191220;-999;-999;-999;    1;  12.3;   4;    0.150;   0;  -999;   7.2;    -999;   10.0;   63.08;   17.5;    0.6;   -1.4;eor
       4704;20191221;-999;-999;-999;    1;   1.7;   4;    0.533;   0;  -999;   8.0;    -999;    4.2;   97.13;    6.6;    0.2;   -1.2;eor
       4704;20191222;-999;-999;-999;    1;   2.2;   4;    0.000;   0;  -999;   7.8;    -999;    5.9;   84.21;    7.6;    3.3;    2.8;eor
       4704;20191223;-999;-999;-999;    1;   4.3;   4;    0.000;   0;  -999;   7.7;    -999;    5.5;   85.46;    6.4;    4.7;    3.5;eor
       4704;20191224;-999;-999;-999;    1;   9.9;   4;    0.000;   0;  -999;   7.8;    -999;    5.3;   87.42;    7.9;    3.4;   -0.3;eor
       4704;20191225;-999;-999;-999;    1;   2.9;   4;    0.000;   0;  -999;   7.9;    -999;    5.2;   88.83;    7.7;    0.8;   -1.3;eor
       4704;20191226;-999;-999;-999;    1;   8.4;   4;    4.750;   0;  -999;   6.4;    -999;    1.5;   93.29;    5.6;   -2.5;   -3.7;eor
       4704;20191227;-999;-999;-999;    1;   5.5;   4;    0.000;   0;  -999;   8.0;    -999;    4.0;   98.08;    4.9;    3.0;    2.7;eor
       4704;20191228;-999;-999;-999;    1;   0.0;   0;    0.000;   0;  -999;   6.3;    -999;    1.2;   92.92;    4.2;   -3.4;   -4.7;eor
       4704;20191229;-999;-999;-999;    1;   0.0;   0;    7.450;   0;  -999;   4.8;    -999;   -2.3;   92.54;    3.0;   -5.2;   -6.0;eor
