STATIONS_ID;MESS_DATUM;QN_3;  FX;  FM;QN_4; RSK;RSKF; SDK;SHK_TAG;  NM; VPM;  PM; TMK; UPM; TXK; TNK; TGK;eor
       4763;20180626;-999;-999;-999;    3;   0.0;   4;-999;-999;  -999;  13.5;    -999;   16.2;   74.79;   21.6;   11.1;    8.7;eor
       4763;20180627;-999;-999;-999;    3;   0.0;   0;-999;-999;  -999;  12.1;    -999;   16.8;   67.58;   24.0;    9.4;    6.6;eor
       4763;20180628;-999;-999;-999;    3;   0.0;   0;-999;-999;  -999;  12.2;    -999;   18.6;   61.67;   26.7;    7.3;    5.1;eor
       4763;20180629;-999;-999;-999;    3;   0.0;   0;-999;-999;  -999;  12.2;    -999;   21.5;   51.42;   28.4;   13.4;   10.6;eor
       4763;20180630;-999;-999;-999;    3;   0.0;   0;-999;-999;  -999;   9.5;    -999;   18.8;   47.00;   24.0;   12.5;    9.4;eor
       4763;20180701;-999;-999;-999;    3;   0.0;   0;-999;-999;  -999;   7.6;    -999;   16.0;   45.88;   22.4;    6.4;    3.6;eor
       4763;20180702;-999;-999;-999;    3;   0.0;   0;-999;-999;  -999;   7.8;    -999;   15.6;   50.83;   24.4;    4.3;    1.3;eor
       4763;20180703;-999;-999;-999;    3;   0.0;   0;-999;-999;  -999;   8.3;    -999;   17.7;   48.96;   29.0;    4.2;    1.3;eor
       4763;20180704;-999;-999;-999;    3;   0.0;   0;-999;-999;  -999;  11.3;    -999;   20.3;   53.71;   30.4;    7.1;    4.4;eor
       4763;20180705;-999;-999;-999;    3;   0.4;   4;-999;-999;  -999;  16.6;    -999;   20.7;   70.71;   28.5;   12.2;   10.0;eor
       4763;20180706;-999;-999;-999;    3;   0.0;   0;-999;-999;  -999;  12.7;    -999;   17.8;   64.96;   24.2;    9.8;    5.7;eor
       4763;20180707;-999;-999;-999;    3;   0.0;   0;-999;-999;  -999;   9.5;    -999;   17.0;   53.79;   25.3;    7.4;    4.2;eor
       4763;20180708;-999;-999;-999;    3;   0.0;   0;-999;-999;  -999;  11.7;    -999;   17.6;   61.33;   26.1;    8.0;    5.2;eor
       4763;20180709;-999;-999;-999;    3;   0.1;   4;-999;-999;  -999;  12.2;    -999;   17.1;   64.83;   24.1;    8.6;    5.5;eor
       4763;20180710;-999;-999;-999;    3;  14.7;   4;-999;-999;  -999;  12.7;    -999;   14.5;   77.75;   18.6;   12.4;   12.1;eor
       4763;20180711;-999;-999;-999;    3;   4.0;   4;-999;-999;  -999;  14.2;    -999;   15.2;   83.67;   20.7;   12.2;   11.7;eor
       4763;20180712;-999;-999;-999;    3;   0.0;   0;-999;-999;  -999;  15.4;    -999;   17.6;   78.33;   24.5;   13.0;   12.4;eor
       4763;20180713;-999;-999;-999;    3;   0.0;   0;-999;-999;  -999;  13.4;    -999;   19.4;   64.33;   26.6;   11.4;    9.1;eor
       4763;20180714;-999;-999;-999;    3;   0.0;   0;-999;-999;  -999;  13.4;    -999;   19.6;   63.00;   27.7;    9.6;    6.9;eor
       4763;20180715;-999;-999;-999;    3;   0.0;   0;-999;-999;  -999;  12.8;    -999;   20.3;   57.83;   27.5;   11.8;    9.2;eor
       4763;20180716;-999;-999;-999;    3;   0.7;   4;-999;-999;  -999;  13.2;    -999;   19.7;   61.79;   28.9;   10.6;    8.2;eor
       4763;20180717;-999;-999;-999;    3;   0.0;   0;-999;-999;  -999;  12.7;    -999;   21.3;   56.96;   29.8;   10.9;    8.5;eor
       4763;20180718;-999;-999;-999;    3;   0.0;   0;-999;-999;  -999;  12.4;    -999;   20.4;   54.71;   26.0;   11.7;    8.2;eor
       4763;20180719;-999;-999;-999;    3;   0.0;   0;-999;-999;  -999;  10.3;    -999;   18.5;   54.58;   26.6;    8.5;    5.5;eor
       4763;20180720;-999;-999;-999;    3;   0.0;   0;-999;-999;  -999;  10.7;    -999;   20.3;   51.67;   29.8;    8.7;    5.7;eor
       4763;20180721;-999;-999;-999;    3;   6.3;   4;-999;-999;  -999;  14.6;    -999;   19.6;   65.71;   24.9;   12.4;    9.3;eor
       4763;20180722;-999;-999;-999;    3;   0.0;   4;-999;-999;  -999;  17.8;    -999;   19.5;   80.33;   26.5;   15.2;   13.0;eor
       4763;20180723;-999;-999;-999;    3;   0.0;   0;-999;-999;  -999;  14.3;    -999;   21.3;   62.83;   29.5;   13.0;   11.0;eor
       4763;20180724;-999;-999;-999;    3;   0.0;   0;-999;-999;  -999;  13.7;    -999;   22.8;   56.33;   32.8;   11.6;    9.2;eor
       4763;20180725;-999;-999;-999;    3;   0.0;   0;-999;-999;  -999;  14.9;    -999;   23.9;   55.75;   33.7;   13.7;   11.5;eor
       4763;20180726;-999;-999;-999;    3;   0.0;   0;-999;-999;  -999;  13.6;    -999;   24.4;   51.42;   33.1;   13.8;   11.3;eor
       4763;20180727;-999;-999;-999;    3;   0.0;   0;-999;-999;  -999;  14.0;    -999;   24.1;   51.29;   32.7;   12.9;   10.0;eor
       4763;20180728;-999;-999;-999;    3;   0.0;   0;-999;-999;  -999;  16.1;    -999;   23.5;   59.08;   32.1;   14.6;   12.4;eor
       4763;20180729;-999;-999;-999;    3;   0.0;   0;-999;-999;  -999;  15.8;    -999;   22.9;   60.71;   30.4;   15.2;   13.2;eor
       4763;20180730;-999;-999;-999;    3;   0.0;   0;-999;-999;  -999;  14.2;    -999;   24.5;   52.88;   34.8;   13.3;   10.7;eor
       4763;20180731;-999;-999;-999;    3;   0.0;   0;-999;-999;  -999;  14.6;    -999;   26.1;   49.54;   35.8;   13.9;   11.2;eor
       4763;20180801;-999;-999;-999;    3;   0.1;   4;-999;-999;  -999;  15.9;    -999;   25.6;   50.38;   31.9;   20.6;   19.1;eor
       4763;20180802;-999;-999;-999;    3;   0.0;   0;-999;-999;  -999;  18.7;    -999;   25.1;   60.21;   31.3;   18.6;   15.7;eor
       4763;20180803;-999;-999;-999;    3;   0.0;   0;-999;-999;  -999;  17.2;    -999;   24.9;   59.58;   33.7;   15.5;   13.0;eor
       4763;20180804;-999;-999;-999;    3;   0.0;   0;-999;-999;  -999;  16.5;    -999;   25.2;   55.58;   33.1;   15.4;   13.2;eor
       4763;20180805;-999;-999;-999;    3;   0.0;   0;-999;-999;  -999;  14.6;    -999;   21.7;   57.75;   27.1;   12.4;    8.3;eor
       4763;20180806;-999;-999;-999;    3;   0.0;   0;-999;-999;  -999;  11.2;    -999;   21.4;   51.17;   32.2;    9.0;    5.8;eor
       4763;20180807;-999;-999;-999;    3;   0.0;   0;-999;-999;  -999;  13.6;    -999;   25.5;   46.67;   35.8;   13.1;   10.3;eor
       4763;20180808;-999;-999;-999;    3;   0.4;   4;-999;-999;  -999;  16.3;    -999;   24.0;   57.33;   30.9;   16.7;   13.8;eor
       4763;20180809;-999;-999;-999;    3;   1.1;   4;-999;-999;  -999;  17.0;    -999;   22.3;   67.54;   34.1;   14.5;   12.5;eor
       4763;20180810;-999;-999;-999;    3;   0.0;   0;-999;-999;  -999;  10.9;    -999;   18.3;   53.42;   23.7;   10.0;    6.4;eor
       4763;20180811;-999;-999;-999;    3;   0.1;   4;-999;-999;  -999;   9.1;    -999;   15.7;   55.08;   23.3;    7.9;    4.8;eor
       4763;20180812;-999;-999;-999;    3;   0.0;   0;-999;-999;  -999;   8.4;    -999;   17.1;   49.67;   27.5;    5.0;    2.0;eor
       4763;20180813;-999;-999;-999;    3;   4.7;   4;-999;-999;  -999;  14.4;    -999;   15.6;   79.42;   23.2;    7.7;    4.9;eor
       4763;20180814;-999;-999;-999;    3;   0.0;   0;-999;-999;  -999;  15.6;    -999;   17.2;   80.88;   23.3;   11.7;    9.5;eor
       4763;20180815;-999;-999;-999;    3;   0.0;   0;-999;-999;  -999;  13.9;    -999;   17.4;   72.54;   23.6;   11.3;    8.2;eor
       4763;20180816;-999;-999;-999;    3;   0.0;   0;-999;-999;  -999;  13.5;    -999;   19.7;   64.92;   30.0;    8.7;    6.2;eor
       4763;20180817;-999;-999;-999;    3;   0.0;   0;-999;-999;  -999;  15.4;    -999;   20.3;   67.79;   28.6;   11.7;    9.4;eor
       4763;20180818;-999;-999;-999;    3;   0.0;   0;-999;-999;  -999;  13.6;    -999;   20.3;   60.21;   27.7;   11.4;    7.8;eor
       4763;20180819;-999;-999;-999;    3;   0.0;   0;-999;-999;  -999;  10.7;    -999;   19.6;   54.13;   30.3;    8.2;    5.5;eor
       4763;20180820;-999;-999;-999;    3;   0.0;   0;-999;-999;  -999;  15.2;    -999;   18.8;   70.58;   24.5;   11.0;    8.7;eor
       4763;20180821;-999;-999;-999;    3;   0.0;   0;-999;-999;  -999;  16.1;    -999;   19.8;   70.92;   25.4;   13.1;   10.2;eor
       4763;20180822;-999;-999;-999;    3;   0.0;   0;-999;-999;  -999;  14.1;    -999;   21.9;   58.38;   31.1;   13.9;   11.7;eor
       4763;20180823;-999;-999;-999;    3;   0.6;   4;-999;-999;  -999;  14.2;    -999;   22.1;   58.79;   32.0;   12.1;    9.6;eor
       4763;20180824;-999;-999;-999;    3;   0.1;   4;-999;-999;  -999;  13.7;    -999;   17.2;   69.83;   20.4;   12.4;   10.5;eor
       4763;20180825;-999;-999;-999;    3;   1.0;   4;-999;-999;  -999;  10.0;    -999;   12.8;   68.13;   17.1;    6.4;    2.1;eor
       4763;20180826;-999;-999;-999;    3;   0.2;   4;-999;-999;  -999;   8.1;    -999;   12.5;   61.25;   20.1;    3.1;    0.0;eor
       4763;20180827;-999;-999;-999;    3;   0.2;   4;-999;-999;  -999;  12.6;    -999;   14.5;   74.58;   19.4;    7.5;    4.4;eor
       4763;20180828;-999;-999;-999;    3;   0.0;   0;-999;-999;  -999;  11.8;    -999;   16.4;   66.58;   23.3;    8.7;    5.2;eor
       4763;20180829;-999;-999;-999;    3;   5.0;   4;-999;-999;  -999;  13.0;    -999;   18.3;   66.83;   30.0;    5.7;    2.7;eor
       4763;20180830;-999;-999;-999;    3;   0.0;   4;-999;-999;  -999;  14.6;    -999;   16.2;   79.92;   20.6;   10.7;    8.7;eor
       4763;20180831;-999;-999;-999;    3;   0.0;   0;-999;-999;  -999;  10.3;    -999;   12.8;   73.25;   19.0;    5.6;    2.6;eor
       4763;20180901;-999;-999;-999;    3;   0.0;   0;-999;-999;  -999;   9.1;    -999;   12.1;   69.38;   21.0;    3.0;    0.1;eor
       4763;20180902;-999;-999;-999;    3;   1.1;   4;-999;-999;  -999;  12.8;    -999;   13.1;   84.67;   17.8;    6.2;    3.7;eor
       4763;20180903;-999;-999;-999;    3;   2.6;   4;-999;-999;  -999;  17.5;    -999;   16.2;   94.75;   18.8;   14.3;   14.1;eor
       4763;20180904;-999;-999;-999;    3;   3.1;   4;-999;-999;  -999;  17.3;    -999;   18.6;   84.00;   26.2;   14.2;   13.0;eor
       4763;20180905;-999;-999;-999;    3;   0.0;   0;-999;-999;  -999;  14.6;    -999;   18.1;   75.04;   26.7;   12.1;   11.1;eor
       4763;20180906;-999;-999;-999;    3;   2.7;   4;-999;-999;  -999;  15.2;    -999;   16.7;   82.00;   25.8;   10.6;    8.4;eor
       4763;20180907;-999;-999;-999;    3;   0.1;   4;-999;-999;  -999;  14.2;    -999;   15.5;   81.13;   20.4;    7.6;    4.3;eor
       4763;20180908;-999;-999;-999;    3;   0.0;   0;-999;-999;  -999;   9.8;    -999;   12.6;   71.50;   20.6;    4.3;    1.2;eor
       4763;20180909;-999;-999;-999;    3;   0.0;   0;-999;-999;  -999;  11.5;    -999;   15.5;   69.08;   25.1;    9.0;    5.8;eor
       4763;20180910;-999;-999;-999;    3;   0.0;   0;-999;-999;  -999;  12.0;    -999;   16.2;   69.29;   25.8;    6.1;    3.6;eor
       4763;20180911;-999;-999;-999;    3;   0.0;   0;-999;-999;  -999;  12.4;    -999;   17.7;   65.33;   26.4;   10.0;    7.2;eor
       4763;20180912;-999;-999;-999;    3;   0.0;   0;-999;-999;  -999;  12.6;    -999;   18.7;   63.75;   28.4;    9.4;    6.4;eor
       4763;20180913;-999;-999;-999;    3;   0.1;   4;-999;-999;  -999;  14.4;    -999;   14.9;   85.04;   17.1;   12.8;   12.7;eor
       4763;20180914;-999;-999;-999;    3;   0.0;   0;-999;-999;  -999;  11.9;    -999;   14.2;   75.88;   21.3;    8.1;    5.2;eor
       4763;20180915;-999;-999;-999;    3;   0.0;   0;-999;-999;  -999;  10.2;    -999;   13.2;   70.17;   20.5;    5.7;    2.5;eor
       4763;20180916;-999;-999;-999;    3;   0.0;   0;-999;-999;  -999;   9.6;    -999;   13.2;   68.75;   23.1;    4.1;    1.3;eor
       4763;20180917;-999;-999;-999;    3;   0.0;   0;-999;-999;  -999;   9.8;    -999;   14.7;   64.96;   26.0;    4.1;    0.9;eor
       4763;20180918;-999;-999;-999;    3;   0.0;   0;-999;-999;  -999;  11.1;    -999;   18.2;   59.75;   30.3;    4.9;    1.7;eor
       4763;20180919;-999;-999;-999;    3;   0.0;   0;-999;-999;  -999;  13.5;    -999;   19.7;   62.71;   28.9;   10.7;    8.2;eor
       4763;20180920;-999;-999;-999;    3;   0.0;   0;-999;-999;  -999;  12.6;    -999;   18.3;   65.08;   27.8;   10.5;    8.3;eor
       4763;20180921;-999;-999;-999;    3;   3.3;   4;-999;-999;  -999;  12.6;    -999;   15.4;   74.08;   24.9;   10.2;    7.9;eor
       4763;20180922;-999;-999;-999;    3;   3.2;   4;-999;-999;  -999;   9.9;    -999;   12.0;   71.92;   17.4;    8.9;    7.8;eor
       4763;20180923;-999;-999;-999;    3;  28.0;   4;-999;-999;  -999;  11.5;    -999;    9.9;   93.92;   12.4;    7.2;    5.9;eor
       4763;20180924;-999;-999;-999;    3;   1.7;   4;-999;-999;  -999;   9.0;    -999;    8.7;   80.38;   13.6;    3.5;    0.8;eor
       4763;20180925;-999;-999;-999;    3;   0.0;   0;-999;-999;  -999;   7.9;    -999;    6.5;   83.79;   13.9;    1.5;   -0.9;eor
       4763;20180926;-999;-999;-999;    3;   0.0;   0;-999;-999;  -999;   7.0;    -999;    8.2;   69.63;   17.1;    0.2;   -1.9;eor
       4763;20180927;-999;-999;-999;    3;   0.0;   0;-999;-999;  -999;   7.7;    -999;   11.7;   63.96;   23.1;    3.6;    1.7;eor
       4763;20180928;-999;-999;-999;    3;   0.0;   0;-999;-999;  -999;   8.5;    -999;    7.8;   81.71;   13.7;    1.8;   -2.1;eor
       4763;20180929;-999;-999;-999;    3;   0.0;   0;-999;-999;  -999;   6.5;    -999;    6.0;   74.75;   14.6;   -1.4;   -4.4;eor
       4763;20180930;-999;-999;-999;    3;   0.0;   0;-999;-999;  -999;   6.8;    -999;    7.3;   72.92;   18.5;   -1.7;   -4.6;eor
       4763;20181001;-999;-999;-999;    3;   1.1;   4;-999;   0;  -999;   7.9;    -999;    6.0;   85.33;   14.1;    0.5;   -2.4;eor
       4763;20181002;-999;-999;-999;    3;   3.0;   4;-999;   0;  -999;   9.1;    -999;    6.7;   91.67;   10.2;    2.9;    0.4;eor
       4763;20181003;-999;-999;-999;    3;   0.0;   0;-999;   0;  -999;   8.9;    -999;   10.0;   73.25;   14.4;    1.9;   -0.5;eor
       4763;20181004;-999;-999;-999;    3;   0.0;   0;-999;   0;  -999;   9.5;    -999;    7.9;   88.21;   14.6;    0.9;   -1.4;eor
       4763;20181005;-999;-999;-999;    3;   0.0;   0;-999;   0;  -999;   9.4;    -999;   10.0;   80.96;   21.1;    3.0;    1.9;eor
       4763;20181006;-999;-999;-999;    3;   0.0;   0;-999;   0;  -999;  11.4;    -999;   12.6;   79.29;   23.5;    2.5;    0.2;eor
       4763;20181007;-999;-999;-999;    3;   0.0;   0;-999;   0;  -999;  10.6;    -999;    9.4;   89.67;   12.2;    5.2;    2.1;eor
       4763;20181008;-999;-999;-999;    3;   0.0;   0;-999;   0;  -999;   9.6;    -999;    8.5;   87.79;   18.0;    2.4;    0.3;eor
       4763;20181009;-999;-999;-999;    3;   0.0;   0;-999;   0;  -999;  11.6;    -999;   10.5;   90.96;   20.6;    4.5;    2.2;eor
       4763;20181010;-999;-999;-999;    3;   0.0;   0;-999;   0;  -999;  12.3;    -999;   12.3;   87.50;   21.2;    6.7;    4.0;eor
       4763;20181011;-999;-999;-999;    3;   0.0;   0;-999;   0;  -999;  10.2;    -999;   12.2;   76.71;   23.6;    4.4;    1.8;eor
       4763;20181012;-999;-999;-999;    3;   0.0;   0;-999;   0;  -999;  12.4;    -999;   14.2;   78.92;   24.4;    6.6;    4.3;eor
       4763;20181013;-999;-999;-999;    3;   0.0;   0;-999;   0;  -999;  11.5;    -999;   14.0;   76.50;   25.1;    6.5;    3.9;eor
       4763;20181014;-999;-999;-999;    3;   0.0;   0;-999;   0;  -999;  10.6;    -999;   12.3;   77.83;   23.3;    3.8;    0.9;eor
       4763;20181015;-999;-999;-999;    3;   0.0;   0;-999;   0;  -999;   9.9;    -999;   11.7;   77.33;   24.9;    3.8;    1.2;eor
       4763;20181016;-999;-999;-999;    3;   0.0;   0;-999;   0;  -999;  10.8;    -999;    9.8;   89.13;   19.3;    4.0;    1.2;eor
       4763;20181017;-999;-999;-999;    3;   0.0;   0;-999;   0;  -999;  11.4;    -999;   11.4;   86.33;   22.3;    5.7;    3.2;eor
       4763;20181018;-999;-999;-999;    3;   0.0;   0;-999;   0;  -999;  11.1;    -999;   10.5;   87.42;   15.9;    4.9;    2.9;eor
       4763;20181019;-999;-999;-999;    3;   0.0;   0;-999;   0;  -999;  10.8;    -999;   11.3;   80.42;   14.7;    4.3;    0.5;eor
       4763;20181020;-999;-999;-999;    3;   0.0;   0;-999;   0;  -999;   7.8;    -999;    5.9;   84.83;   13.9;   -0.1;   -2.9;eor
       4763;20181021;-999;-999;-999;    3;   0.0;   0;-999;   0;  -999;   8.1;    -999;    6.1;   86.75;   15.0;    0.1;   -2.7;eor
       4763;20181022;-999;-999;-999;    3;   0.2;   4;-999;   0;  -999;   8.1;    -999;    4.8;   93.08;   10.6;   -0.8;   -3.3;eor
       4763;20181023;-999;-999;-999;    3;   1.9;   4;-999;   0;  -999;   9.2;    -999;    6.8;   91.58;   11.7;    0.4;   -0.3;eor
       4763;20181024;-999;-999;-999;    3;   2.8;   4;-999;   0;  -999;  12.3;    -999;   11.5;   90.54;   13.1;   10.2;    9.7;eor
       4763;20181025;-999;-999;-999;    3;   0.0;   0;-999;   0;  -999;  10.9;    -999;   11.2;   81.83;   12.7;    9.4;    8.6;eor
       4763;20181026;-999;-999;-999;    3;   0.1;   4;-999;   0;  -999;   9.3;    -999;    9.0;   81.04;   10.4;    5.9;    5.0;eor
       4763;20181027;-999;-999;-999;    3;   0.0;   0;-999;   0;  -999;   7.4;    -999;    5.9;   80.29;    8.2;    1.9;   -0.2;eor
       4763;20181028;-999;-999;-999;    3;   0.2;   4;-999;   0;  -999;   6.8;    -999;    4.2;   82.79;    5.1;    3.1;    2.2;eor
       4763;20181029;-999;-999;-999;    3;   0.0;   4;-999;   0;  -999;   7.2;    -999;    3.7;   90.54;    4.8;    3.2;    2.9;eor
       4763;20181030;-999;-999;-999;    3;   3.7;   4;-999;   0;  -999;   8.0;    -999;    5.7;   87.00;    7.8;    3.8;    3.3;eor
       4763;20181031;-999;-999;-999;    3;   0.0;   0;-999;   0;  -999;   7.7;    -999;    6.7;   78.54;   10.7;    2.1;   -1.0;eor
       4763;20181101;-999;-999;-999;    3;   0.1;   4;-999;   0;  -999;   7.6;    -999;    4.2;   91.13;   10.4;   -1.5;   -3.7;eor
       4763;20181102;-999;-999;-999;    3;   0.0;   0;-999;   0;  -999;   9.0;    -999;    7.9;   84.13;   12.2;    2.4;   -0.1;eor
       4763;20181103;-999;-999;-999;    3;   0.0;   0;-999;   0;  -999;   8.1;    -999;    6.0;   87.46;   10.8;    2.8;   -0.4;eor
       4763;20181104;-999;-999;-999;    3;   0.0;   0;-999;   0;  -999;  10.1;    -999;    8.5;   90.58;   10.1;    5.9;    3.2;eor
       4763;20181105;-999;-999;-999;    3;   0.0;   0;-999;   0;  -999;  10.5;    -999;    9.4;   89.13;   14.4;    4.4;    1.7;eor
       4763;20181106;-999;-999;-999;    3;   0.0;   0;-999;   0;  -999;   9.4;    -999;    7.3;   92.17;   16.7;    2.0;    1.6;eor
       4763;20181107;-999;-999;-999;    3;   0.1;   4;-999;   0;  -999;   8.6;    -999;    6.9;   88.29;   16.2;    1.6;   -0.1;eor
       4763;20181108;-999;-999;-999;    3;   0.4;   4;-999;   0;  -999;  10.1;    -999;    8.4;   91.33;   13.2;    4.1;    3.3;eor
       4763;20181109;-999;-999;-999;    3;   0.0;   0;-999;   0;  -999;  10.4;    -999;    8.8;   91.46;   13.3;    5.5;    3.2;eor
       4763;20181110;-999;-999;-999;    3;   0.8;   4;-999;   0;  -999;  10.1;    -999;    9.3;   85.71;   11.9;    5.4;    3.6;eor
       4763;20181111;-999;-999;-999;    3;   5.7;   4;-999;   0;  -999;  10.9;    -999;   10.9;   83.58;   13.2;    8.1;    6.9;eor
       4763;20181112;-999;-999;-999;    3;   3.9;   4;-999;   0;  -999;  11.9;    -999;   12.2;   84.71;   16.4;    9.0;    7.2;eor
       4763;20181113;-999;-999;-999;    3;   3.5;   4;-999;   0;  -999;  11.1;    -999;    9.8;   90.75;   12.5;    3.9;    0.5;eor
       4763;20181114;-999;-999;-999;    3;   0.0;   0;-999;   0;  -999;   8.2;    -999;    4.5;   96.04;    6.9;    0.5;   -1.7;eor
       4763;20181115;-999;-999;-999;    3;   0.0;   0;-999;   0;  -999;   7.0;    -999;    2.3;   96.38;    7.0;   -0.6;   -2.5;eor
       4763;20181116;-999;-999;-999;    3;   0.0;   0;-999;   0;  -999;   6.5;    -999;    1.2;   97.67;    6.2;   -1.2;   -4.4;eor
       4763;20181117;-999;-999;-999;    3;   0.0;   0;-999;   0;  -999;   5.9;    -999;    0.9;   90.79;    4.1;   -2.0;   -5.0;eor
       4763;20181118;-999;-999;-999;    3;   0.2;   4;-999;   0;  -999;   4.4;    -999;   -0.7;   78.21;    4.0;   -5.6;   -8.3;eor
       4763;20181119;-999;-999;-999;    3;   4.1;   4;-999;   0;  -999;   6.3;    -999;    2.1;   88.46;    3.2;    0.3;   -0.2;eor
       4763;20181120;-999;-999;-999;    3;   2.7;   4;-999;   0;  -999;   5.7;    -999;    0.6;   89.17;    1.0;    0.0;   -0.1;eor
       4763;20181121;-999;-999;-999;    3;   0.1;   4;-999;   2;  -999;   5.9;    -999;    0.9;   91.13;    1.4;    0.5;   -0.9;eor
       4763;20181122;-999;-999;-999;    3;   0.0;   0;-999;   0;  -999;   6.1;    -999;    1.1;   92.46;    1.9;   -0.3;   -1.0;eor
       4763;20181123;-999;-999;-999;    3;   0.0;   0;-999;   0;  -999;   6.4;    -999;    0.8;   97.96;    3.5;   -1.4;   -1.2;eor
       4763;20181124;-999;-999;-999;    3;   0.6;   4;-999;   0;  -999;   7.3;    -999;    2.7;   96.92;    5.6;   -0.1;    0.1;eor
       4763;20181125;-999;-999;-999;    3;   0.1;   4;-999;   0;  -999;   8.1;    -999;    5.0;   93.38;    6.8;    2.6;    0.8;eor
       4763;20181126;-999;-999;-999;    3;   0.0;   0;-999;   0;  -999;   7.3;    -999;    3.5;   92.96;    5.5;    1.6;    1.4;eor
       4763;20181127;-999;-999;-999;    3;   0.0;   0;-999;   0;  -999;   5.2;    -999;    0.7;   80.71;    2.0;   -1.4;   -3.0;eor
       4763;20181128;-999;-999;-999;    3;   0.2;   4;-999;   0;  -999;   5.4;    -999;    1.3;   79.71;    4.3;   -0.9;   -1.6;eor
       4763;20181129;-999;-999;-999;    3;   0.0;   0;-999;   0;  -999;   5.3;    -999;    2.7;   71.71;    4.9;    0.9;    0.4;eor
       4763;20181130;-999;-999;-999;    3;   0.2;   4;-999;   0;  -999;   5.9;    -999;    2.7;   79.29;    3.9;    1.4;   -1.0;eor
       4763;20181201;-999;-999;-999;    3;   0.0;   0;-999;   0;  -999;   8.2;    -999;    6.0;   87.88;    8.0;    3.1;    2.9;eor
       4763;20181202;-999;-999;-999;    3;  15.5;   4;-999;   0;  -999;  10.4;    -999;    8.8;   90.92;   11.6;    6.8;    6.2;eor
       4763;20181203;-999;-999;-999;    3;   7.7;   4;-999;   0;  -999;  11.9;    -999;   11.0;   90.54;   13.0;    9.7;    7.9;eor
       4763;20181204;-999;-999;-999;    3;   0.1;   4;-999;   0;  -999;   7.5;    -999;    4.5;   86.75;   10.2;   -2.6;   -5.8;eor
       4763;20181205;-999;-999;-999;    3;   0.2;   4;-999;   0;  -999;   5.8;    -999;    0.3;   93.21;    3.6;   -3.5;   -5.5;eor
       4763;20181206;-999;-999;-999;    3;   0.8;   4;-999;   0;  -999;   8.9;    -999;    6.5;   90.50;   11.0;    3.0;    1.8;eor
       4763;20181207;-999;-999;-999;    3;   7.0;   4;-999;   0;  -999;  10.8;    -999;    9.8;   88.79;   11.6;    5.2;    4.0;eor
       4763;20181208;-999;-999;-999;    3;   7.9;   4;-999;   0;  -999;   8.1;    -999;    5.9;   86.17;    8.2;    4.3;    2.6;eor
       4763;20181209;-999;-999;-999;    3;  12.8;   4;-999;   0;  -999;   8.1;    -999;    5.9;   86.50;    8.4;    3.9;    2.6;eor
       4763;20181210;-999;-999;-999;    3;   1.9;   4;-999;   0;  -999;   6.5;    -999;    3.4;   83.63;    4.7;    1.6;    0.3;eor
       4763;20181211;-999;-999;-999;    3;   0.9;   4;-999;   0;  -999;   6.6;    -999;    3.3;   85.75;    3.8;    2.0;    0.5;eor
       4763;20181212;-999;-999;-999;    3;   0.2;   4;-999;   0;  -999;   6.4;    -999;    2.4;   87.50;    3.0;    1.4;    0.0;eor
       4763;20181213;-999;-999;-999;    3;   0.0;   0;-999;   0;  -999;   5.0;    -999;    0.0;   81.21;    1.5;   -0.7;   -2.1;eor
       4763;20181214;-999;-999;-999;    3;   0.0;   0;-999;   0;  -999;   4.3;    -999;   -0.2;   70.83;    0.2;   -0.5;   -1.8;eor
       4763;20181215;-999;-999;-999;    3;   0.0;   0;-999;   0;  -999;   3.8;    -999;   -0.9;   67.17;   -0.4;   -1.4;   -2.1;eor
       4763;20181216;-999;-999;-999;    3;   1.3;   4;-999;   0;  -999;   4.5;    -999;   -1.7;   83.13;    0.1;   -2.7;   -4.2;eor
       4763;20181217;-999;-999;-999;    3;   1.0;   4;-999;   1;  -999;   6.8;    -999;    2.2;   94.96;    3.9;    0.0;   -0.2;eor
       4763;20181218;-999;-999;-999;    3;   0.0;   0;-999;   0;  -999;   7.0;    -999;    3.5;   88.46;    5.3;   -0.5;   -3.0;eor
       4763;20181219;-999;-999;-999;    3;   0.7;   4;-999;   0;  -999;   6.4;    -999;    2.1;   89.75;    3.5;    0.7;   -2.5;eor
       4763;20181220;-999;-999;-999;    3;   3.2;   4;-999;   0;  -999;   7.9;    -999;    4.7;   91.21;    6.2;    2.6;    2.4;eor
       4763;20181221;-999;-999;-999;    3;   7.8;   4;-999;   0;  -999;   9.2;    -999;    8.1;   85.25;   11.5;    5.8;    4.9;eor
       4763;20181222;-999;-999;-999;    3;   4.4;   4;-999;   0;  -999;   8.9;    -999;    8.3;   81.08;   10.6;    5.3;    3.8;eor
       4763;20181223;-999;-999;-999;    3;  10.8;   4;-999;   0;  -999;   8.6;    -999;    6.2;   90.83;    8.2;    4.0;    3.6;eor
       4763;20181224;-999;-999;-999;    3;   1.1;   4;-999;   0;  -999;   6.6;    -999;    2.4;   90.63;    4.5;   -1.2;   -3.5;eor
       4763;20181225;-999;-999;-999;    3;   0.0;   0;-999;   0;  -999;   6.2;    -999;    2.2;   86.92;    4.1;   -0.1;   -1.4;eor
       4763;20181226;-999;-999;-999;    3;   0.0;   0;-999;   0;  -999;   6.0;    -999;    1.6;   86.71;    3.2;    0.4;   -1.5;eor
       4763;20181227;-999;-999;-999;    3;   0.0;   0;-999;   0;  -999;   6.1;    -999;    2.5;   84.42;    5.5;    0.0;   -2.3;eor
       4763;20181228;-999;-999;-999;    3;   0.4;   4;-999;   0;  -999;   5.5;    -999;   -0.3;   92.29;    3.1;   -3.6;   -6.5;eor
       4763;20181229;-999;-999;-999;    3;   4.7;   4;-999;   0;  -999;   6.5;    -999;    1.4;   96.42;    6.0;   -0.7;   -0.7;eor
       4763;20181230;-999;-999;-999;    3;   0.4;   4;-999;   0;  -999;   8.0;    -999;    5.8;   86.75;    6.9;    4.8;    3.8;eor
       4763;20181231;-999;-999;-999;    3;   0.3;   4;-999;   0;  -999;   9.3;    -999;    6.5;   95.88;    8.3;    4.9;    4.5;eor
       4763;20190101;-999;-999;-999;    3;   4.1;   4;-999;   0;  -999;   8.0;    -999;    5.7;   86.83;    7.5;    1.7;    1.1;eor
       4763;20190102;-999;-999;-999;    3;   0.8;   4;-999;   0;  -999;   4.8;    -999;    2.0;   67.13;    3.3;   -2.2;   -6.0;eor
       4763;20190103;-999;-999;-999;    3;   0.1;   4;-999;   0;  -999;   4.5;    -999;   -2.8;   90.13;    1.9;   -6.7;   -9.5;eor
       4763;20190104;-999;-999;-999;    3;   3.7;   4;-999;   0;  -999;   6.0;    -999;    0.7;   92.67;    3.2;   -3.0;   -4.1;eor
       4763;20190105;-999;-999;-999;    3;   4.4;   4;-999;   0;  -999;   8.6;    -999;    5.5;   94.88;    6.8;    3.2;    2.7;eor
       4763;20190106;-999;-999;-999;    3;   2.0;   4;-999;   0;  -999;   8.8;    -999;    5.8;   95.08;    6.9;    4.6;    4.0;eor
       4763;20190107;-999;-999;-999;    3;   4.0;   4;-999;   0;  -999;   7.5;    -999;    4.2;   91.33;    5.0;    3.2;    2.7;eor
       4763;20190108;-999;-999;-999;    3;   5.5;   4;-999;   0;  -999;   7.3;    -999;    4.4;   87.08;    5.5;    2.1;    1.3;eor
       4763;20190109;-999;-999;-999;    3;   0.0;   4;-999;   0;  -999;   5.5;    -999;    1.3;   82.71;    3.1;    0.7;   -0.1;eor
       4763;20190110;-999;-999;-999;    3;   0.6;   4;-999;   0;  -999;   4.8;    -999;   -0.2;   79.83;    0.8;   -1.2;   -2.5;eor
       4763;20190111;-999;-999;-999;    3;   2.4;   4;-999;   1;  -999;   6.0;    -999;    0.4;   94.96;    4.5;   -1.5;   -1.6;eor
       4763;20190112;-999;-999;-999;    3;   5.4;   4;-999;   0;  -999;   7.6;    -999;    4.1;   92.38;    4.9;    3.5;    2.9;eor
       4763;20190113;-999;-999;-999;    3;  13.2;   4;-999;   0;  -999;   8.4;    -999;    5.7;   91.08;    8.1;    3.9;    3.1;eor
       4763;20190114;-999;-999;-999;    3;   0.4;   4;-999;   0;  -999;   5.9;    -999;    2.8;   78.50;    5.7;    0.5;   -1.6;eor
       4763;20190115;-999;-999;-999;    3;   0.2;   4;-999;   0;  -999;   6.2;    -999;    3.4;   79.54;    5.3;    1.1;   -0.4;eor
       4763;20190116;-999;-999;-999;    3;   0.1;   4;-999;   0;  -999;   6.7;    -999;    3.9;   83.29;    5.2;    2.5;    0.4;eor
       4763;20190117;-999;-999;-999;    3;   3.3;   4;-999;   0;  -999;   6.6;    -999;    3.6;   83.21;    6.0;    0.8;   -0.6;eor
       4763;20190118;-999;-999;-999;    3;   0.0;   0;-999;   0;  -999;   4.4;    -999;   -1.4;   79.63;    2.2;   -7.0;   -9.9;eor
       4763;20190119;-999;-999;-999;    3;   0.0;   0;-999;   0;  -999;   3.5;    -999;   -4.9;   84.17;    0.4;   -8.7;  -11.6;eor
       4763;20190120;-999;-999;-999;    3;   0.0;   0;-999;   0;  -999;   3.2;    -999;   -6.3;   84.00;   -0.3;  -11.2;  -14.1;eor
       4763;20190121;-999;-999;-999;    3;   0.0;   0;-999;   0;  -999;   3.1;    -999;   -7.7;   88.75;   -0.8;  -12.0;  -14.5;eor
       4763;20190122;-999;-999;-999;    3;   0.0;   0;-999;   0;  -999;   3.0;    -999;   -7.9;   88.21;   -2.4;  -12.6;  -15.1;eor
       4763;20190123;-999;-999;-999;    3;   0.0;   0;-999;   0;  -999;   3.4;    -999;   -5.4;   83.29;   -3.9;   -9.4;  -11.8;eor
       4763;20190124;-999;-999;-999;    3;   0.2;   4;-999;   0;  -999;   3.7;    -999;   -5.3;   88.71;   -3.5;   -7.4;   -7.2;eor
       4763;20190125;-999;-999;-999;    3;   5.0;   4;-999;   1;  -999;   4.0;    -999;   -3.5;   85.17;   -1.1;   -5.4;   -5.5;eor
       4763;20190126;-999;-999;-999;    3;   4.1;   4;-999;   3;  -999;   6.9;    -999;    2.3;   94.71;    4.5;   -1.1;   -1.5;eor
       4763;20190127;-999;-999;-999;    3;   3.5;   4;-999;   0;  -999;   7.4;    -999;    4.1;   89.92;    6.0;    0.8;    0.2;eor
       4763;20190128;-999;-999;-999;    3;   5.3;   4;-999;   0;  -999;   6.2;    -999;    1.4;   91.79;    2.6;    0.3;   -0.1;eor
       4763;20190129;-999;-999;-999;    3;   0.0;   4;-999;   1;  -999;   5.4;    -999;    0.2;   87.13;    2.5;   -3.8;   -6.7;eor
       4763;20190130;-999;-999;-999;    3;   0.0;   0;-999;   0;  -999;   4.7;    -999;   -1.0;   83.63;    1.2;   -3.8;   -6.9;eor
       4763;20190131;-999;-999;-999;    3;   0.1;   4;-999;   0;  -999;   4.5;    -999;   -0.4;   76.79;    3.1;   -4.9;   -8.0;eor
       4763;20190201;-999;-999;-999;    3;   0.7;   4;-999;   1;  -999;   5.5;    -999;    0.7;   84.58;    3.2;   -3.5;   -5.6;eor
       4763;20190202;-999;-999;-999;    3;   0.5;   4;-999;   0;  -999;   6.3;    -999;    1.0;   95.67;    1.9;    0.5;    0.0;eor
       4763;20190203;-999;-999;-999;    3;   0.0;   0;-999;   0;  -999;   5.3;    -999;    1.0;   79.75;    2.1;   -0.5;   -3.3;eor
       4763;20190204;-999;-999;-999;    3;   0.0;   0;-999;   0;  -999;   4.9;    -999;    0.4;   79.50;    3.7;   -4.0;   -7.1;eor
       4763;20190205;-999;-999;-999;    3;   0.0;   0;-999;   0;  -999;   5.2;    -999;    0.7;   81.08;    4.5;   -4.0;   -7.1;eor
       4763;20190206;-999;-999;-999;    3;   0.0;   0;-999;   0;  -999;   5.0;    -999;   -0.3;   84.58;    6.1;   -4.3;   -7.1;eor
       4763;20190207;-999;-999;-999;    3;   0.2;   4;-999;   0;  -999;   5.6;    -999;    0.8;   85.71;    4.0;   -1.4;   -3.3;eor
       4763;20190208;-999;-999;-999;    3;   1.5;   4;-999;   0;  -999;   7.1;    -999;    5.3;   80.00;    7.0;    3.5;    1.9;eor
       4763;20190209;-999;-999;-999;    3;   1.4;   4;-999;   0;  -999;   7.2;    -999;    6.9;   72.33;    9.0;    4.9;    2.2;eor
       4763;20190210;-999;-999;-999;    3;  22.2;   4;-999;   0;  -999;   8.3;    -999;    6.3;   86.33;    8.7;    3.4;    0.8;eor
       4763;20190211;-999;-999;-999;    3;   2.4;   4;-999;   0;  -999;   6.5;    -999;    3.2;   84.42;    6.0;    1.2;   -1.9;eor
       4763;20190212;-999;-999;-999;    3;   0.3;   4;-999;   0;  -999;   6.0;    -999;    3.0;   78.88;    5.1;    0.7;   -1.6;eor
       4763;20190213;-999;-999;-999;    3;   0.0;   0;-999;   0;  -999;   6.3;    -999;    3.3;   81.21;    8.6;   -0.7;   -3.0;eor
       4763;20190214;-999;-999;-999;    3;   0.0;   0;-999;   0;  -999;   5.6;    -999;    2.1;   82.00;   12.0;   -2.4;   -5.4;eor
       4763;20190215;-999;-999;-999;    3;   0.0;   0;-999;   0;  -999;   5.5;    -999;    2.2;   81.17;   15.0;   -4.3;   -7.1;eor
       4763;20190216;-999;-999;-999;    3;   0.0;   0;-999;   0;  -999;   5.4;    -999;    3.2;   75.92;   15.0;   -4.7;   -8.1;eor
       4763;20190217;-999;-999;-999;    3;   0.0;   0;-999;   0;  -999;   5.6;    -999;    3.2;   77.42;   15.3;   -4.2;   -7.1;eor
       4763;20190218;-999;-999;-999;    3;   0.0;   0;-999;   0;  -999;   5.7;    -999;    3.0;   78.58;   14.5;   -4.5;   -7.7;eor
       4763;20190219;-999;-999;-999;    3;   0.1;   4;-999;   0;  -999;   6.5;    -999;    4.1;   80.38;    9.7;   -1.9;   -5.0;eor
       4763;20190220;-999;-999;-999;    3;   0.0;   0;-999;   0;  -999;   6.6;    -999;    4.1;   80.75;    9.4;   -0.6;   -3.5;eor
       4763;20190221;-999;-999;-999;    3;   0.0;   0;-999;   0;  -999;   7.8;    -999;    5.9;   84.17;   11.0;    0.1;   -2.8;eor
       4763;20190222;-999;-999;-999;    3;   0.0;   0;-999;   0;  -999;   8.4;    -999;    6.8;   84.17;    9.7;    1.0;   -0.5;eor
       4763;20190223;-999;-999;-999;    3;   0.0;   0;-999;   0;  -999;   4.7;    -999;    1.4;   72.67;    8.2;   -3.4;   -6.1;eor
       4763;20190224;-999;-999;-999;    3;   0.0;   0;-999;   0;  -999;   4.0;    -999;    2.1;   65.00;   14.2;   -5.2;   -7.9;eor
       4763;20190225;-999;-999;-999;    3;   0.0;   0;-999;   0;  -999;   5.0;    -999;    3.8;   68.25;   16.8;   -4.4;   -7.3;eor
       4763;20190226;-999;-999;-999;    3;   0.0;   0;-999;   0;  -999;   5.0;    -999;    4.4;   67.50;   17.6;   -3.7;   -7.1;eor
       4763;20190227;-999;-999;-999;    3;   0.0;   0;-999;   0;  -999;   4.4;    -999;    4.3;   62.25;   18.0;   -5.1;   -8.4;eor
       4763;20190228;-999;-999;-999;    3;   2.4;   4;-999;   0;  -999;   6.8;    -999;    6.5;   70.38;   14.8;   -3.0;   -6.4;eor
       4763;20190301;-999;-999;-999;    3;   0.7;   4;-999;   0;  -999;   9.1;    -999;    7.3;   88.83;   10.1;    4.0;    3.3;eor
       4763;20190302;-999;-999;-999;    3;   0.2;   4;-999;   0;  -999;   7.8;    -999;    5.1;   88.58;    8.5;    2.7;    2.1;eor
       4763;20190303;-999;-999;-999;    3;   0.1;   4;-999;   0;  -999;   9.3;    -999;    9.3;   79.00;   10.3;    7.9;    6.7;eor
       4763;20190304;-999;-999;-999;    3;   2.6;   4;-999;   0;  -999;   8.0;    -999;    8.5;   71.83;   12.2;    4.4;    2.8;eor
       4763;20190305;-999;-999;-999;    3;   1.7;   4;-999;   0;  -999;   6.8;    -999;    4.4;   82.00;    7.3;   -1.2;   -3.8;eor
       4763;20190306;-999;-999;-999;    3;   0.0;   0;-999;   0;  -999;   7.5;    -999;    7.2;   75.71;   12.7;   -1.3;   -4.2;eor
       4763;20190307;-999;-999;-999;    3;   0.6;   4;-999;   0;  -999;   7.9;    -999;   10.3;   62.79;   12.7;    7.1;    5.3;eor
       4763;20190308;-999;-999;-999;    3;   0.8;   4;-999;   0;  -999;   6.7;    -999;    7.3;   65.79;    9.8;    5.9;    3.5;eor
       4763;20190309;-999;-999;-999;    3;   6.2;   4;-999;   0;  -999;   7.9;    -999;    7.4;   76.04;   11.7;    4.4;    2.9;eor
       4763;20190310;-999;-999;-999;    3;   9.7;   4;-999;   0;  -999;   7.7;    -999;    6.2;   80.96;   11.1;    1.4;    0.0;eor
       4763;20190311;-999;-999;-999;    3;   5.2;   4;-999;   0;  -999;   6.2;    -999;    2.7;   83.38;    4.5;    0.7;    0.1;eor
       4763;20190312;-999;-999;-999;    3;   0.1;   4;-999;   0;  -999;   5.6;    -999;    5.2;   65.96;    8.4;    1.5;   -0.2;eor
       4763;20190313;-999;-999;-999;    3;   1.8;   4;-999;   0;  -999;   6.5;    -999;    5.1;   74.71;    8.5;    3.2;    1.7;eor
       4763;20190314;-999;-999;-999;    3;   7.0;   4;-999;   0;  -999;   7.4;    -999;    5.0;   84.92;    6.7;    3.8;    2.7;eor
       4763;20190315;-999;-999;-999;    3;  14.0;   4;-999;   0;  -999;   8.8;    -999;    7.3;   84.79;   11.9;    4.9;    3.2;eor
       4763;20190316;-999;-999;-999;    3;   1.0;   4;-999;   0;  -999;   8.7;    -999;    8.0;   80.67;   11.3;    5.2;    4.4;eor
       4763;20190317;-999;-999;-999;    3;   2.9;   4;-999;   0;  -999;   7.8;    -999;    6.9;   78.46;    9.8;    2.6;    1.5;eor
       4763;20190318;-999;-999;-999;    3;   1.4;   4;-999;   0;  -999;   6.1;    -999;    4.0;   75.54;    8.6;   -1.2;   -4.7;eor
       4763;20190319;-999;-999;-999;    3;   0.0;   0;-999;   0;  -999;   5.3;    -999;    2.1;   76.42;    7.6;   -2.8;   -6.3;eor
       4763;20190320;-999;-999;-999;    3;   0.0;   0;-999;   0;  -999;   5.6;    -999;    3.9;   73.13;   12.7;   -4.8;   -7.7;eor
       4763;20190321;-999;-999;-999;    3;   0.0;   0;-999;   0;  -999;   6.6;    -999;    6.7;   71.79;   16.5;   -1.8;   -4.1;eor
       4763;20190322;-999;-999;-999;    3;   0.0;   0;-999;   0;  -999;   8.0;    -999;    8.5;   75.83;   19.4;   -0.5;   -2.7;eor
       4763;20190323;-999;-999;-999;    3;   0.0;   0;-999;   0;  -999;   7.9;    -999;    7.0;   81.13;   17.1;    0.2;   -2.2;eor
       4763;20190324;-999;-999;-999;    3;   0.1;   4;-999;   0;  -999;   7.6;    -999;    6.0;   81.50;   11.7;   -1.3;   -5.0;eor
       4763;20190325;-999;-999;-999;    3;   4.2;   4;-999;   0;  -999;   6.5;    -999;    3.2;   84.54;    7.5;   -2.0;   -5.7;eor
       4763;20190326;-999;-999;-999;    3;   0.0;   4;-999;   0;  -999;   6.9;    -999;    5.1;   79.38;    7.4;    3.0;    1.1;eor
       4763;20190327;-999;-999;-999;    3;   0.2;   4;-999;   0;  -999;   6.9;    -999;    6.5;   73.63;   11.6;    0.4;   -2.2;eor
       4763;20190328;-999;-999;-999;    3;   0.0;   0;-999;   0;  -999;   8.7;    -999;    8.9;   76.96;   13.0;    5.9;    5.3;eor
       4763;20190329;-999;-999;-999;    3;   0.0;   0;-999;   0;  -999;   8.4;    -999;    9.8;   71.38;   15.5;    1.4;   -2.2;eor
       4763;20190330;-999;-999;-999;    3;   0.0;   0;-999;   0;  -999;   7.2;    -999;    8.4;   71.13;   19.3;   -1.0;   -4.2;eor
       4763;20190331;-999;-999;-999;    3;   0.0;   0;-999;   0;  -999;   7.4;    -999;    6.5;   77.71;   12.4;   -0.2;   -3.1;eor
       4763;20190401;-999;-999;-999;    3;   0.0;   0;-999;   0;  -999;   5.4;    -999;    6.9;   55.33;   12.0;    1.4;   -2.7;eor
       4763;20190402;-999;-999;-999;    3;   0.6;   4;-999;   0;  -999;   7.1;    -999;    8.6;   64.29;   17.9;   -2.4;   -5.6;eor
       4763;20190403;-999;-999;-999;    3;  10.7;   4;-999;   0;  -999;   9.4;    -999;    9.7;   78.92;   14.5;    3.9;    1.2;eor
       4763;20190404;-999;-999;-999;    3;   0.0;   4;-999;   0;  -999;   8.7;    -999;    6.3;   91.21;    8.7;    4.9;    4.8;eor
       4763;20190405;-999;-999;-999;    3;   0.0;   0;-999;   0;  -999;   9.0;    -999;    6.6;   92.00;    9.1;    5.0;    2.7;eor
       4763;20190406;-999;-999;-999;    3;   0.0;   0;-999;   0;  -999;   9.7;    -999;   11.4;   74.83;   18.1;    4.7;    1.3;eor
       4763;20190407;-999;-999;-999;    3;   0.0;   0;-999;   0;  -999;   8.7;    -999;   10.9;   70.17;   17.7;    1.2;   -1.6;eor
       4763;20190408;-999;-999;-999;    3;   0.0;   0;-999;   0;  -999;   8.8;    -999;   11.9;   66.50;   18.2;    4.0;    0.5;eor
       4763;20190409;-999;-999;-999;    3;   0.0;   0;-999;   0;  -999;   7.8;    -999;    7.5;   76.29;   11.4;    1.6;   -1.3;eor
       4763;20190410;-999;-999;-999;    3;   0.0;   0;-999;   0;  -999;   5.5;    -999;    6.2;   58.67;   10.1;    1.5;   -3.2;eor
       4763;20190411;-999;-999;-999;    3;   0.0;   0;-999;   0;  -999;   4.0;    -999;    4.6;   48.38;    8.6;   -0.1;   -3.1;eor
       4763;20190412;-999;-999;-999;    3;   0.0;   0;-999;   0;  -999;   4.7;    -999;    2.1;   66.21;    3.3;    0.6;   -0.9;eor
       4763;20190413;-999;-999;-999;    3;   0.0;   0;-999;   0;  -999;   5.3;    -999;    1.9;   75.63;    5.0;   -2.4;   -5.7;eor
       4763;20190414;-999;-999;-999;    3;   0.3;   4;-999;   0;  -999;   6.0;    -999;    1.7;   85.67;    5.6;   -4.4;   -7.7;eor
       4763;20190415;-999;-999;-999;    3;   0.0;   0;-999;   0;  -999;   6.2;    -999;    7.9;   62.92;   13.6;    2.0;    0.7;eor
       4763;20190416;-999;-999;-999;    3;   0.0;   0;-999;   0;  -999;   5.5;    -999;    9.5;   49.75;   16.8;   -1.7;   -5.2;eor
       4763;20190417;-999;-999;-999;    3;   0.0;   0;-999;   0;  -999;   5.8;    -999;   11.1;   48.33;   18.5;    0.5;   -3.1;eor
       4763;20190418;-999;-999;-999;    3;   0.0;   0;-999;   0;  -999;   6.8;    -999;   12.6;   51.42;   19.7;    1.4;   -1.6;eor
       4763;20190419;-999;-999;-999;    3;   0.0;   0;-999;   0;  -999;   7.2;    -999;   13.3;   52.42;   21.9;    1.2;   -2.5;eor
       4763;20190420;-999;-999;-999;    3;   0.0;   0;-999;   0;  -999;   6.8;    -999;   12.2;   55.58;   22.2;    0.9;   -2.3;eor
       4763;20190421;-999;-999;-999;    3;   0.0;   0;-999;   0;  -999;   6.9;    -999;   12.3;   55.21;   21.9;    0.0;   -3.3;eor
       4763;20190422;-999;-999;-999;    3;   0.0;   0;-999;   0;  -999;   6.4;    -999;   12.3;   50.21;   20.4;    1.5;   -1.7;eor
       4763;20190423;-999;-999;-999;    3;   0.0;   0;-999;   0;  -999;   8.9;    -999;   14.2;   55.25;   20.2;    7.9;    4.3;eor
       4763;20190424;-999;-999;-999;    3;   0.4;   4;-999;   0;  -999;  10.0;    -999;   17.1;   54.50;   24.9;    7.1;    4.2;eor
       4763;20190425;-999;-999;-999;    3;   0.0;   0;-999;   0;  -999;   9.0;    -999;   14.2;   60.92;   24.6;    2.4;   -0.5;eor
       4763;20190426;-999;-999;-999;    3;   6.9;   4;-999;   0;  -999;  10.5;    -999;   10.0;   86.38;   13.1;    6.8;    3.4;eor
       4763;20190427;-999;-999;-999;    3;   2.2;   4;-999;   0;  -999;  10.1;    -999;    8.6;   90.42;   14.2;    6.4;    5.3;eor
       4763;20190428;-999;-999;-999;    3;   0.0;   0;-999;   0;  -999;   8.3;    -999;    8.1;   78.63;   13.3;    1.2;   -1.5;eor
       4763;20190429;-999;-999;-999;    3;   4.8;   4;-999;   0;  -999;   8.7;    -999;    6.8;   88.00;   12.0;   -0.2;   -2.7;eor
       4763;20190430;-999;-999;-999;    3;   0.0;   0;-999;   0;  -999;   8.1;    -999;   10.5;   66.79;   17.0;    3.5;    0.0;eor
       4763;20190501;-999;-999;-999;    3;   0.0;   0;-999;-999;  -999;   9.7;    -999;   11.1;   75.71;   18.3;    2.5;   -0.3;eor
       4763;20190502;-999;-999;-999;    3;   0.1;   4;-999;-999;  -999;   9.2;    -999;   10.5;   74.63;   17.2;    2.5;   -0.8;eor
       4763;20190503;-999;-999;-999;    3;   7.1;   4;-999;-999;  -999;   7.1;    -999;    7.8;   68.04;   11.3;    3.5;    0.1;eor
       4763;20190504;-999;-999;-999;    3;   1.7;   4;-999;-999;  -999;   6.6;    -999;    4.0;   82.63;    9.2;   -0.9;   -3.6;eor
       4763;20190505;-999;-999;-999;    3;   0.0;   0;-999;-999;  -999;   5.8;    -999;    4.5;   71.54;    9.4;   -2.3;   -6.2;eor
       4763;20190506;-999;-999;-999;    3;   0.0;   0;-999;-999;  -999;   6.3;    -999;    5.8;   70.08;    9.9;   -0.4;   -3.3;eor
       4763;20190507;-999;-999;-999;    3;   0.0;   0;-999;-999;  -999;   7.1;    -999;    7.1;   71.83;   11.4;    1.6;   -1.4;eor
       4763;20190508;-999;-999;-999;    3;   3.6;   4;-999;-999;  -999;   9.3;    -999;    7.8;   85.88;   12.7;   -0.5;   -2.9;eor
       4763;20190509;-999;-999;-999;    3;   0.1;   4;-999;-999;  -999;  10.3;    -999;   10.7;   80.63;   14.0;    7.5;    5.7;eor
       4763;20190510;-999;-999;-999;    3;   2.8;   4;-999;-999;  -999;   9.9;    -999;   10.5;   78.83;   15.1;    6.7;    4.9;eor
       4763;20190511;-999;-999;-999;    3;  21.4;   4;-999;-999;  -999;  10.3;    -999;    8.1;   94.58;    9.6;    6.7;    6.0;eor
       4763;20190512;-999;-999;-999;    3;   0.0;   0;-999;-999;  -999;   7.1;    -999;    8.2;   67.54;   13.6;    2.2;   -1.5;eor
       4763;20190513;-999;-999;-999;    3;   0.0;   0;-999;-999;  -999;   5.8;    -999;    8.7;   55.83;   14.6;    0.4;   -2.4;eor
       4763;20190514;-999;-999;-999;    3;   0.0;   0;-999;-999;  -999;   6.2;    -999;    7.9;   61.21;   13.3;    0.1;   -2.9;eor
       4763;20190515;-999;-999;-999;    3;   0.1;   4;-999;-999;  -999;   6.2;    -999;    7.2;   63.67;   12.5;   -1.3;   -4.3;eor
       4763;20190516;-999;-999;-999;    3;   1.6;   4;-999;-999;  -999;   8.4;    -999;    7.4;   80.92;    8.8;    6.4;    5.7;eor
       4763;20190517;-999;-999;-999;    3;   0.0;   4;-999;-999;  -999;  10.1;    -999;   10.4;   81.38;   15.7;    4.4;    0.4;eor
       4763;20190518;-999;-999;-999;    3;   0.0;   0;-999;-999;  -999;   9.9;    -999;   13.1;   70.58;   22.4;    2.7;   -0.6;eor
       4763;20190519;-999;-999;-999;    3;   4.0;   4;-999;-999;  -999;  11.5;    -999;   15.4;   69.58;   23.0;    6.7;    3.7;eor
       4763;20190520;-999;-999;-999;    3;  43.9;   4;-999;-999;  -999;  14.8;    -999;   15.0;   87.96;   22.4;   10.4;    8.1;eor
       4763;20190521;-999;-999;-999;    3;   0.1;   4;-999;-999;  -999;  14.6;    -999;   14.0;   91.00;   15.4;   12.7;   12.4;eor
       4763;20190522;-999;-999;-999;    3;   0.0;   0;-999;-999;  -999;  11.3;    -999;   11.5;   83.50;   15.5;    4.3;    0.1;eor
       4763;20190523;-999;-999;-999;    3;   0.0;   0;-999;-999;  -999;  10.3;    -999;   12.3;   75.17;   21.0;    2.8;   -0.9;eor
       4763;20190524;-999;-999;-999;    3;   0.0;   0;-999;-999;  -999;  11.0;    -999;   15.0;   69.67;   22.5;    6.1;    2.5;eor
       4763;20190525;-999;-999;-999;    3;   0.0;   0;-999;-999;  -999;  11.0;    -999;   13.1;   75.00;   17.9;    6.4;    2.1;eor
       4763;20190526;-999;-999;-999;    3;   0.0;   0;-999;-999;  -999;  10.6;    -999;   14.6;   67.21;   22.0;    4.2;   -0.1;eor
       4763;20190527;-999;-999;-999;    3;   5.4;   4;-999;-999;  -999;  14.1;    -999;   14.6;   84.50;   16.6;   11.4;    9.0;eor
       4763;20190528;-999;-999;-999;    3;   5.2;   4;-999;-999;  -999;  12.5;    -999;   11.8;   91.08;   16.2;    9.7;    8.1;eor
       4763;20190529;-999;-999;-999;    3;   0.0;   0;-999;-999;  -999;   8.6;    -999;   11.4;   67.13;   17.9;    4.6;   -0.3;eor
       4763;20190530;-999;-999;-999;    3;   0.0;   0;-999;-999;  -999;  11.0;    -999;   13.2;   74.13;   19.3;    2.7;   -1.1;eor
       4763;20190531;-999;-999;-999;    3;   0.0;   0;-999;-999;  -999;  14.1;    -999;   16.9;   75.71;   24.5;    8.6;    4.5;eor
       4763;20190601;-999;-999;-999;    3;   0.0;   0;-999;-999;  -999;  14.5;    -999;   18.4;   72.29;   26.7;    8.8;    6.1;eor
       4763;20190602;-999;-999;-999;    3;   0.0;   0;-999;-999;  -999;  14.2;    -999;   20.6;   64.25;   29.5;   10.0;    7.4;eor
       4763;20190603;-999;-999;-999;    3;  -999;-999;-999;-999;  -999;  16.5;    -999;   19.3;   78.04;   30.1;   10.9;    8.4;eor
       4763;20190604;-999;-999;-999;    3;   0.0;   0;-999;-999;  -999;  17.2;    -999;   19.9;   78.08;   28.8;   13.5;   12.8;eor
       4763;20190605;-999;-999;-999;    3;   0.0;   0;-999;-999;  -999;  16.2;    -999;   23.6;   60.50;   31.3;   14.9;   13.2;eor
       4763;20190606;-999;-999;-999;    3;   1.0;   4;-999;-999;  -999;  14.4;    -999;   14.8;   85.25;   20.1;    8.5;    6.7;eor
       4763;20190607;-999;-999;-999;    3;   5.3;   4;-999;-999;  -999;  14.0;    -999;   15.4;   81.29;   23.6;    8.3;    6.9;eor
       4763;20190608;-999;-999;-999;    3;   0.0;   0;-999;-999;  -999;  10.3;    -999;   14.1;   66.17;   18.7;    7.1;    4.7;eor
       4763;20190609;-999;-999;-999;    3;   0.1;   4;-999;-999;  -999;  11.2;    -999;   16.0;   64.92;   23.3;    5.8;    3.6;eor
       4763;20190610;-999;-999;-999;    3;   4.9;   4;-999;-999;  -999;  15.7;    -999;   17.8;   78.29;   24.0;   12.4;   11.3;eor
       4763;20190611;-999;-999;-999;    3;   7.6;   4;-999;-999;  -999;  16.5;    -999;   17.2;   85.08;   21.8;   13.3;   12.1;eor
       4763;20190612;-999;-999;-999;    3;   9.3;   4;-999;-999;  -999;  16.1;    -999;   15.0;   93.71;   17.9;    9.6;    8.2;eor
       4763;20190613;-999;-999;-999;    3;   0.0;   0;-999;-999;  -999;  13.1;    -999;   15.9;   75.83;   23.0;    8.9;    7.0;eor
       4763;20190614;-999;-999;-999;    3;   0.0;   0;-999;-999;  -999;  14.5;    -999;   18.1;   72.58;   26.6;    7.2;    4.9;eor
       4763;20190615;-999;-999;-999;    3;   0.0;   0;-999;-999;  -999;  16.0;    -999;   18.8;   75.46;   24.6;   11.6;    9.5;eor
       4763;20190616;-999;-999;-999;    3;   3.0;   4;-999;-999;  -999;  15.9;    -999;   15.3;   91.00;   21.3;   11.3;    9.5;eor
       4763;20190617;-999;-999;-999;    3;   0.0;   0;-999;-999;  -999;  15.3;    -999;   18.2;   76.50;   25.5;   10.8;   10.9;eor
       4763;20190618;-999;-999;-999;    3;   0.0;   0;-999;-999;  -999;  16.2;    -999;   20.4;   71.29;   29.4;   10.7;    8.8;eor
       4763;20190619;-999;-999;-999;    3;   1.3;   4;-999;-999;  -999;  16.7;    -999;   22.5;   66.13;   30.2;   13.1;   11.2;eor
       4763;20190620;-999;-999;-999;    3;  12.8;   4;-999;-999;  -999;  17.5;    -999;   18.3;   84.42;   24.9;   13.4;   11.9;eor
       4763;20190621;-999;-999;-999;    3;   0.0;   0;-999;-999;  -999;  14.8;    -999;   17.5;   76.13;   23.3;   11.2;    9.2;eor
       4763;20190622;-999;-999;-999;    3;   0.0;   0;-999;-999;  -999;  14.3;    -999;   18.2;   71.04;   24.9;    9.8;    8.2;eor
       4763;20190623;-999;-999;-999;    3;   0.0;   0;-999;-999;  -999;  13.4;    -999;   20.8;   58.92;   27.2;   12.3;   10.2;eor
       4763;20190624;-999;-999;-999;    3;   0.0;   0;-999;-999;  -999;  14.9;    -999;   22.1;   59.96;   29.0;   13.1;   11.0;eor
       4763;20190625;-999;-999;-999;    3;   0.0;   0;-999;-999;  -999;  17.1;    -999;   23.5;   63.79;   32.7;   12.6;   10.8;eor
       4763;20190626;-999;-999;-999;    3;   0.0;   0;-999;-999;  -999;  20.9;    -999;   25.9;   65.79;   33.8;   16.1;   14.4;eor
       4763;20190627;-999;-999;-999;    3;   0.0;   0;-999;-999;  -999;  13.4;    -999;   20.1;   59.00;   25.6;   14.4;   12.3;eor
       4763;20190628;-999;-999;-999;    3;   0.0;   0;-999;-999;  -999;  11.8;    -999;   17.0;   64.92;   24.2;   10.4;    7.4;eor
       4763;20190629;-999;-999;-999;    3;   0.0;   0;-999;-999;  -999;  12.6;    -999;   20.2;   61.13;   30.8;    8.0;    4.6;eor
       4763;20190630;-999;-999;-999;    3;   0.1;   4;-999;-999;  -999;  16.3;    -999;   24.5;   58.33;   34.8;   10.4;    7.5;eor
       4763;20190701;-999;-999;-999;    3;   0.0;   4;-999;-999;  -999;  14.7;    -999;   20.8;   61.79;   27.0;   14.2;   10.2;eor
       4763;20190702;-999;-999;-999;    3;   0.0;   0;-999;-999;  -999;  11.2;    -999;   15.7;   64.88;   21.4;    7.4;    4.2;eor
       4763;20190703;-999;-999;-999;    3;   0.0;   0;-999;-999;  -999;   9.7;    -999;   13.6;   66.04;   21.3;    5.3;    2.1;eor
       4763;20190704;-999;-999;-999;    3;   0.0;   0;-999;-999;  -999;   9.3;    -999;   14.7;   61.63;   23.0;    4.5;    1.4;eor
       4763;20190705;-999;-999;-999;    3;   0.0;   0;-999;-999;  -999;  12.0;    -999;   18.0;   61.92;   26.1;   10.7;    8.7;eor
       4763;20190706;-999;-999;-999;    3;   0.3;   4;-999;-999;  -999;  12.8;    -999;   19.3;   61.79;   28.5;    9.7;    6.7;eor
       4763;20190707;-999;-999;-999;    3;   0.0;   0;-999;-999;  -999;  10.4;    -999;   14.6;   64.00;   18.5;    7.5;    4.1;eor
       4763;20190708;-999;-999;-999;    3;   0.0;   0;-999;-999;  -999;  10.5;    -999;   12.6;   72.58;   16.6;    7.7;    5.5;eor
       4763;20190709;-999;-999;-999;    3;   0.0;   0;-999;-999;  -999;  10.5;    -999;   12.9;   72.13;   17.7;    8.2;    4.7;eor
       4763;20190710;-999;-999;-999;    3;   1.7;   4;-999;-999;  -999;  10.7;    -999;   15.0;   66.75;   22.3;    6.3;    3.5;eor
       4763;20190711;-999;-999;-999;    3;   5.9;   4;-999;-999;  -999;  15.9;    -999;   15.4;   90.58;   18.6;   13.0;   12.6;eor
       4763;20190712;-999;-999;-999;    3;  18.1;   4;-999;-999;  -999;  16.5;    -999;   16.1;   90.46;   23.8;   12.8;   11.1;eor
       4763;20190713;-999;-999;-999;    3;   0.4;   4;-999;-999;  -999;  15.7;    -999;   15.0;   91.67;   17.2;   13.1;   12.9;eor
       4763;20190714;-999;-999;-999;    3;   0.0;   0;-999;-999;  -999;  13.5;    -999;   13.7;   85.96;   16.0;    9.6;    6.8;eor
       4763;20190715;-999;-999;-999;    3;   0.0;   0;-999;-999;  -999;  12.6;    -999;   13.1;   83.46;   15.9;    7.5;    4.0;eor
       4763;20190716;-999;-999;-999;    3;   0.0;   0;-999;-999;  -999;  12.5;    -999;   13.0;   83.54;   18.4;    6.1;    2.9;eor
       4763;20190717;-999;-999;-999;    3;   0.0;   0;-999;-999;  -999;  13.3;    -999;   14.5;   81.38;   19.7;    8.6;    4.9;eor
       4763;20190718;-999;-999;-999;    3;   2.0;   4;-999;-999;  -999;  13.6;    -999;   17.0;   74.67;   25.9;    8.3;    5.0;eor
       4763;20190719;-999;-999;-999;    3;   1.0;   4;-999;-999;  -999;  17.3;    -999;   17.4;   87.58;   23.4;   12.1;    9.2;eor
       4763;20190720;-999;-999;-999;    3;  12.9;   4;-999;-999;  -999;  17.0;    -999;   19.4;   78.92;   29.2;   10.3;    7.7;eor
       4763;20190721;-999;-999;-999;    3;   0.0;   0;-999;-999;  -999;  16.4;    -999;   19.2;   76.58;   25.4;   12.0;    8.7;eor
       4763;20190722;-999;-999;-999;    3;   0.0;   0;-999;-999;  -999;  15.2;    -999;   19.1;   72.79;   27.8;   10.1;    7.2;eor
       4763;20190723;-999;-999;-999;    3;   0.0;   0;-999;-999;  -999;  16.0;    -999;   22.3;   65.96;   32.0;   12.1;    9.3;eor
       4763;20190724;-999;-999;-999;    3;   0.0;   0;-999;-999;  -999;  17.7;    -999;   24.7;   64.13;   34.5;   13.4;   10.5;eor
       4763;20190725;-999;-999;-999;    3;   0.0;   0;-999;-999;  -999;  16.4;    -999;   25.8;   57.54;   35.7;   14.9;   11.9;eor
       4763;20190726;-999;-999;-999;    3;   0.0;   0;-999;-999;  -999;  14.9;    -999;   25.1;   51.88;   32.8;   14.4;   11.8;eor
       4763;20190727;-999;-999;-999;    3;   0.0;   0;-999;-999;  -999;  12.7;    -999;   24.4;   43.58;   29.7;   15.9;   12.0;eor
       4763;20190728;-999;-999;-999;    3;  24.4;   4;-999;-999;  -999;  17.0;    -999;   21.9;   65.71;   27.5;   18.5;   15.7;eor
       4763;20190729;-999;-999;-999;    3;   1.7;   4;-999;-999;  -999;  19.4;    -999;   18.5;   90.95;   21.9;   16.4;   14.3;eor
       4763;20190730;-999;-999;-999;    3;   1.8;   4;-999;-999;  -999;  17.1;    -999;   21.8;   69.13;   29.1;   15.8;   15.8;eor
       4763;20190731;-999;-999;-999;    3;   0.0;   0;-999;-999;  -999;  14.6;    -999;   19.5;   66.83;   25.3;   12.5;    9.5;eor
       4763;20190801;-999;-999;-999;    3;   0.0;   0;-999;-999;  -999;  12.9;    -999;   17.1;   69.13;   24.0;   10.2;    7.1;eor
       4763;20190802;-999;-999;-999;    3;  18.7;   4;-999;-999;  -999;  15.5;    -999;   17.5;   78.33;   23.2;   13.3;   11.4;eor
       4763;20190803;-999;-999;-999;    3;   0.0;   4;-999;-999;  -999;  15.8;    -999;   17.4;   80.29;   22.8;   13.0;   10.3;eor
       4763;20190804;-999;-999;-999;    3;   0.0;   0;-999;-999;  -999;  14.5;    -999;   18.0;   73.67;   25.5;   11.0;    8.2;eor
       4763;20190805;-999;-999;-999;    3;   0.0;   0;-999;-999;  -999;  15.4;    -999;   19.2;   71.04;   25.9;   13.5;   11.4;eor
       4763;20190806;-999;-999;-999;    3;   2.7;   4;-999;-999;  -999;  15.9;    -999;   18.9;   74.13;   24.9;   11.5;    8.7;eor
       4763;20190807;-999;-999;-999;    3;   2.7;   4;-999;-999;  -999;  16.8;    -999;   18.3;   79.67;   21.2;   13.5;    9.8;eor
       4763;20190808;-999;-999;-999;    3;   0.2;   4;-999;-999;  -999;  14.6;    -999;   17.7;   74.63;   24.6;   11.7;    8.2;eor
       4763;20190809;-999;-999;-999;    3;  11.7;   4;-999;-999;  -999;  17.1;    -999;   19.9;   75.50;   27.2;   12.1;    9.5;eor
       4763;20190810;-999;-999;-999;    3;   0.0;   0;-999;-999;  -999;  15.8;    -999;   20.1;   68.46;   24.5;   12.3;    8.3;eor
       4763;20190811;-999;-999;-999;    3;   2.9;   4;-999;-999;  -999;  12.6;    -999;   17.8;   65.50;   26.0;   10.4;    7.0;eor
       4763;20190812;-999;-999;-999;    3;   5.4;   4;-999;-999;  -999;  13.2;    -999;   16.5;   72.88;   22.5;   11.0;    8.2;eor
       4763;20190813;-999;-999;-999;    3;   0.0;   0;-999;-999;  -999;  11.7;    -999;   15.0;   70.88;   20.1;   10.9;    7.5;eor
       4763;20190814;-999;-999;-999;    3;   0.9;   4;-999;-999;  -999;  10.1;    -999;   14.3;   65.58;   21.0;    7.8;    4.5;eor
       4763;20190815;-999;-999;-999;    3;   3.5;   4;-999;-999;  -999;  14.4;    -999;   15.2;   83.38;   21.1;   11.2;   10.9;eor
       4763;20190816;-999;-999;-999;    3;   0.0;   0;-999;-999;  -999;  13.2;    -999;   16.5;   72.42;   22.9;   11.6;    8.4;eor
       4763;20190817;-999;-999;-999;    3;   3.4;   4;-999;-999;  -999;  14.2;    -999;   17.2;   73.88;   22.1;   11.7;   10.3;eor
       4763;20190818;-999;-999;-999;    3;   0.2;   4;-999;-999;  -999;  17.8;    -999;   20.1;   76.92;   26.7;   16.2;   14.0;eor
       4763;20190819;-999;-999;-999;    3;   0.0;   0;-999;-999;  -999;  12.3;    -999;   17.2;   65.88;   23.1;   10.1;    7.1;eor
       4763;20190820;-999;-999;-999;    3;   0.0;   0;-999;-999;  -999;  11.1;    -999;   14.4;   70.17;   20.8;    7.7;    4.3;eor
       4763;20190821;-999;-999;-999;    3;   0.0;   0;-999;-999;  -999;  10.6;    -999;   14.5;   68.33;   22.9;    6.2;    3.7;eor
       4763;20190822;-999;-999;-999;    3;   0.0;   0;-999;-999;  -999;  10.6;    -999;   15.6;   65.17;   25.8;    5.7;    3.1;eor
       4763;20190823;-999;-999;-999;    3;   0.0;   0;-999;-999;  -999;  10.7;    -999;   16.9;   62.00;   27.5;    6.4;    3.8;eor
       4763;20190824;-999;-999;-999;    3;   0.0;   0;-999;-999;  -999;  13.1;    -999;   18.4;   65.21;   28.2;    6.8;    4.1;eor
       4763;20190825;-999;-999;-999;    3;   0.0;   0;-999;-999;  -999;  17.1;    -999;   21.1;   70.92;   30.4;   12.4;   10.7;eor
       4763;20190826;-999;-999;-999;    3;   0.0;   0;-999;-999;  -999;  16.4;    -999;   22.2;   65.54;   31.3;   13.1;   11.1;eor
       4763;20190827;-999;-999;-999;    3;   0.0;   0;-999;-999;  -999;  17.0;    -999;   20.6;   72.54;   30.5;   13.5;   11.7;eor
       4763;20190828;-999;-999;-999;    3;   0.0;   0;-999;-999;  -999;  15.7;    -999;   21.7;   65.54;   31.5;   13.5;   11.9;eor
       4763;20190829;-999;-999;-999;    3;   0.1;   4;-999;-999;  -999;  17.0;    -999;   21.0;   70.58;   29.4;   13.6;   11.9;eor
       4763;20190830;-999;-999;-999;    3;   0.0;   0;-999;-999;  -999;  17.4;    -999;   21.3;   71.58;   28.8;   15.5;   13.7;eor
       4763;20190831;-999;-999;-999;    3;   0.0;   0;-999;-999;  -999;  16.2;    -999;   21.8;   66.42;   31.1;   12.9;   11.0;eor
       4763;20190901;-999;-999;-999;    3;   0.0;   0;-999;-999;  -999;  14.4;    -999;   17.0;   74.46;   23.1;    9.5;    6.3;eor
       4763;20190902;-999;-999;-999;    3;   0.0;   0;-999;-999;  -999;   9.3;    -999;   12.7;   67.42;   20.0;    5.9;    3.1;eor
       4763;20190903;-999;-999;-999;    3;   0.0;   0;-999;-999;  -999;   9.7;    -999;   14.1;   64.88;   23.1;    4.5;    2.3;eor
       4763;20190904;-999;-999;-999;    3;   0.1;   4;-999;-999;  -999;  11.5;    -999;   16.0;   66.21;   24.1;    6.2;    3.9;eor
       4763;20190905;-999;-999;-999;    3;   0.0;   0;-999;-999;  -999;  11.0;    -999;   14.9;   66.50;   20.0;    7.6;    4.5;eor
       4763;20190906;-999;-999;-999;    3;   0.0;   0;-999;-999;  -999;   8.1;    -999;   11.3;   65.04;   19.9;    3.4;    0.5;eor
       4763;20190907;-999;-999;-999;    3;   0.1;   4;-999;-999;  -999;   9.7;    -999;   11.0;   74.71;   16.5;    5.9;    3.5;eor
       4763;20190908;-999;-999;-999;    3;   0.7;   4;-999;-999;  -999;  10.5;    -999;   12.5;   73.79;   17.5;    5.9;    3.4;eor
       4763;20190909;-999;-999;-999;    3;   0.0;   4;-999;-999;  -999;  11.5;    -999;   12.5;   79.88;   16.1;    7.4;    3.9;eor
       4763;20190910;-999;-999;-999;    3;   0.0;   0;-999;-999;  -999;   9.3;    -999;   11.5;   72.17;   19.8;    4.7;    1.6;eor
       4763;20190911;-999;-999;-999;    3;   0.1;   4;-999;-999;  -999;   9.2;    -999;   13.0;   65.08;   21.8;    2.0;   -0.4;eor
       4763;20190912;-999;-999;-999;    3;   0.0;   0;-999;-999;  -999;  14.0;    -999;   16.6;   75.00;   22.2;   11.2;    8.2;eor
       4763;20190913;-999;-999;-999;    3;   0.0;   0;-999;-999;  -999;  13.9;    -999;   16.0;   76.75;   22.4;    9.6;    7.3;eor
       4763;20190914;-999;-999;-999;    3;   0.0;   0;-999;-999;  -999;   9.6;    -999;   13.5;   64.42;   20.8;    6.0;    2.7;eor
       4763;20190915;-999;-999;-999;    3;   0.0;   0;-999;-999;  -999;   8.9;    -999;   14.0;   61.25;   25.7;    3.3;    0.6;eor
       4763;20190916;-999;-999;-999;    3;   1.1;   4;-999;-999;  -999;  12.6;    -999;   13.3;   81.46;   17.3;    8.2;    6.1;eor
       4763;20190917;-999;-999;-999;    3;   0.0;   0;-999;-999;  -999;   9.8;    -999;   11.8;   72.50;   16.7;    7.3;    4.7;eor
       4763;20190918;-999;-999;-999;    3;   0.0;   0;-999;-999;  -999;   7.8;    -999;   10.3;   64.92;   16.6;    4.5;    0.7;eor
       4763;20190919;-999;-999;-999;    3;   0.0;   0;-999;-999;  -999;   6.9;    -999;    7.4;   70.17;   15.6;    0.3;   -2.7;eor
       4763;20190920;-999;-999;-999;    3;   0.0;   0;-999;-999;  -999;   6.3;    -999;    7.6;   66.21;   18.0;   -0.8;   -3.4;eor
       4763;20190921;-999;-999;-999;    3;   0.0;   0;-999;-999;  -999;   7.5;    -999;   10.9;   62.63;   23.1;   -0.5;   -2.9;eor
       4763;20190922;-999;-999;-999;    3;   0.0;   0;-999;-999;  -999;   8.8;    -999;   13.3;   62.83;   25.7;    2.2;   -0.5;eor
       4763;20190923;-999;-999;-999;    3;   0.1;   4;-999;-999;  -999;  12.8;    -999;   13.1;   84.04;   17.2;    7.9;    5.2;eor
       4763;20190924;-999;-999;-999;    3;   0.9;   4;-999;-999;  -999;  13.0;    -999;   14.6;   79.75;   20.1;   11.8;    9.4;eor
       4763;20190925;-999;-999;-999;    3;   0.1;   4;-999;-999;  -999;  13.3;    -999;   14.8;   79.29;   18.5;   13.1;   11.1;eor
       4763;20190926;-999;-999;-999;    3;   5.6;   4;-999;-999;  -999;  14.7;    -999;   15.3;   84.83;   17.6;   13.3;   12.3;eor
       4763;20190927;-999;-999;-999;    3;   4.1;   4;-999;-999;  -999;  14.1;    -999;   14.7;   84.67;   17.6;   12.0;    9.6;eor
       4763;20190928;-999;-999;-999;    3;   3.0;   4;-999;-999;  -999;  12.6;    -999;   14.2;   78.17;   16.9;   11.8;    9.4;eor
       4763;20190929;-999;-999;-999;    3;   9.4;   4;-999;-999;  -999;  12.6;    -999;   14.8;   74.96;   17.7;   12.4;   11.0;eor
       4763;20190930;-999;-999;-999;    3;   4.6;   4;-999;-999;  -999;  12.2;    -999;   12.6;   83.88;   15.5;    8.3;    5.8;eor
       4763;20191001;-999;-999;-999;    3;   3.3;   4;-999;   0;  -999;  13.5;    -999;   14.1;   83.25;   17.6;    9.7;    8.4;eor
       4763;20191002;-999;-999;-999;    3;   6.5;   4;-999;   0;  -999;  10.1;    -999;   10.0;   80.79;   14.6;    5.3;    2.4;eor
       4763;20191003;-999;-999;-999;    3;   3.2;   4;-999;   0;  -999;  10.0;    -999;    9.3;   85.29;   13.4;    5.9;    3.5;eor
       4763;20191004;-999;-999;-999;    3;  11.7;   4;-999;   0;  -999;  10.1;    -999;    8.6;   90.21;   10.8;    6.0;    4.3;eor
       4763;20191005;-999;-999;-999;    3;   0.0;   0;-999;   0;  -999;   9.0;    -999;    8.1;   83.54;   10.7;    3.1;    0.3;eor
       4763;20191006;-999;-999;-999;    3;   0.8;   4;-999;   0;  -999;   8.1;    -999;    6.2;   85.75;    9.6;    2.4;    1.5;eor
       4763;20191007;-999;-999;-999;    3;   0.5;   4;-999;   0;  -999;   8.4;    -999;    8.4;   76.54;   12.9;    2.9;    0.7;eor
       4763;20191008;-999;-999;-999;    3;  14.4;   4;-999;   0;  -999;  12.0;    -999;   11.3;   89.29;   12.6;    9.7;    7.3;eor
       4763;20191009;-999;-999;-999;    3;   6.0;   4;-999;   0;  -999;  10.8;    -999;   10.6;   84.88;   13.1;    8.8;    5.9;eor
       4763;20191010;-999;-999;-999;    3;   0.1;   4;-999;   0;  -999;   9.8;    -999;   10.0;   79.71;   13.0;    8.2;    6.0;eor
       4763;20191011;-999;-999;-999;    3;   0.0;   0;-999;   0;  -999;  11.2;    -999;   12.0;   79.79;   14.4;    7.5;    4.7;eor
       4763;20191012;-999;-999;-999;    3;   0.0;   0;-999;   0;  -999;  12.5;    -999;   15.8;   70.29;   20.1;   10.1;    6.9;eor
       4763;20191013;-999;-999;-999;    3;   0.0;   0;-999;   0;  -999;  15.0;    -999;   19.1;   68.50;   23.6;   13.6;   10.6;eor
       4763;20191014;-999;-999;-999;    3;   0.0;   0;-999;   0;  -999;  13.4;    -999;   15.9;   76.13;   24.3;    9.2;    6.5;eor
       4763;20191015;-999;-999;-999;    3;   5.8;   4;-999;   0;  -999;  13.6;    -999;   14.5;   82.54;   23.1;    7.7;    5.3;eor
       4763;20191016;-999;-999;-999;    1;   0.2;   4;-999;   0;  -999;  11.8;    -999;   12.2;   83.33;   14.1;   10.3;    9.7;eor
       4763;20191017;-999;-999;-999;    1;   6.1;   4;-999;   0;  -999;  12.4;    -999;   14.0;   76.75;   16.0;   12.1;   10.1;eor
       4763;20191018;-999;-999;-999;    1;   5.3;   4;-999;   0;  -999;  12.1;    -999;   12.3;   84.21;   17.1;    6.8;    4.4;eor
       4763;20191019;-999;-999;-999;    1;   0.0;   0;-999;   0;  -999;  11.3;    -999;   11.9;   80.88;   16.0;    7.0;    5.8;eor
       4763;20191020;-999;-999;-999;    1;   0.5;   4;-999;   0;  -999;  14.0;    -999;   13.9;   87.63;   16.8;   11.8;    9.8;eor
       4763;20191021;-999;-999;-999;    1;   0.0;   0;-999;   0;  -999;  12.9;    -999;   13.1;   85.83;   18.2;    9.0;    7.4;eor
       4763;20191022;-999;-999;-999;    1;   0.0;   0;-999;   0;  -999;  10.8;    -999;   11.6;   80.46;   16.7;    7.4;    5.3;eor
       4763;20191023;-999;-999;-999;    1;   0.0;   0;-999;   0;  -999;  12.0;    -999;   11.4;   89.21;   14.1;    7.0;    4.4;eor
       4763;20191024;-999;-999;-999;    1;   0.0;   0;-999;   0;  -999;  12.7;    -999;   12.5;   87.63;   16.3;    8.6;    8.3;eor
       4763;20191025;-999;-999;-999;    1;   0.0;   0;-999;   0;  -999;  11.5;    -999;   13.0;   77.17;   16.1;    9.6;    6.1;eor
       4763;20191026;-999;-999;-999;    1;   0.0;   0;-999;   0;  -999;  11.4;    -999;   13.4;   75.00;   18.1;    8.8;    4.9;eor
       4763;20191027;-999;-999;-999;    1;   2.9;   4;-999;   0;  -999;   9.9;    -999;    9.7;   82.13;   14.8;    2.3;    1.0;eor
       4763;20191028;-999;-999;-999;    1;   0.0;   0;-999;   0;  -999;   7.4;    -999;    4.4;   89.17;   10.4;    1.6;   -0.6;eor
       4763;20191029;-999;-999;-999;    1;   0.0;   0;-999;   0;  -999;   7.2;    -999;    4.6;   85.58;    9.4;   -1.0;   -3.8;eor
       4763;20191030;-999;-999;-999;    1;   0.0;   0;-999;   0;  -999;   5.8;    -999;    1.5;   85.83;    7.2;   -2.2;   -4.1;eor
       4763;20191031;-999;-999;-999;    1;   0.0;   0;-999;   0;  -999;   5.5;    -999;    1.7;   80.38;    7.2;   -3.3;   -6.4;eor
       4763;20191101;-999;-999;-999;    1;   2.0;   4;-999;   0;  -999;   6.5;    -999;    1.8;   90.71;    7.2;   -4.5;   -8.0;eor
       4763;20191102;-999;-999;-999;    1;   4.3;   4;-999;   0;  -999;  12.1;    -999;   12.5;   83.17;   15.5;    7.0;    6.7;eor
       4763;20191103;-999;-999;-999;    1;   0.7;   4;-999;   0;  -999;  11.1;    -999;   11.3;   83.25;   13.9;    9.1;    8.0;eor
       4763;20191104;-999;-999;-999;    1;   2.9;   4;-999;   0;  -999;  10.5;    -999;    9.7;   87.13;   11.7;    7.0;    4.0;eor
       4763;20191105;-999;-999;-999;    1;   1.9;   4;-999;   0;  -999;   9.2;    -999;    7.7;   87.50;   10.2;    4.2;    2.2;eor
       4763;20191106;-999;-999;-999;    1;   2.4;   4;-999;   0;  -999;   9.0;    -999;    6.9;   90.88;    9.1;    3.7;    1.1;eor
       4763;20191107;-999;-999;-999;    1;   0.6;   4;-999;   0;  -999;   8.8;    -999;    7.9;   82.75;   11.0;    4.7;    1.5;eor
       4763;20191108;-999;-999;-999;    1;  12.1;   4;-999;   0;  -999;   7.9;    -999;    4.8;   91.79;    6.9;    2.3;   -0.1;eor
       4763;20191109;-999;-999;-999;    1;   0.4;   4;-999;   0;  -999;   7.4;    -999;    4.3;   88.67;    7.1;    0.3;   -2.7;eor
       4763;20191110;-999;-999;-999;    1;   0.0;   0;-999;   0;  -999;   6.5;    -999;    1.9;   93.13;    4.8;   -0.8;   -3.1;eor
       4763;20191111;-999;-999;-999;    1;   0.0;   0;-999;   0;  -999;   5.9;    -999;    2.4;   81.58;    5.0;    0.6;   -2.4;eor
       4763;20191112;-999;-999;-999;    1;   0.0;   4;-999;   0;  -999;   6.6;    -999;    4.7;   76.96;    6.7;    2.8;    0.3;eor
       4763;20191113;-999;-999;-999;    1;   0.0;   0;-999;   0;  -999;   6.5;    -999;    3.9;   80.42;    5.2;    1.9;   -1.2;eor
       4763;20191114;-999;-999;-999;    1;   0.0;   0;-999;   0;  -999;   6.4;    -999;    4.6;   75.63;    7.4;    1.4;   -2.1;eor
       4763;20191115;-999;-999;-999;    1;   3.7;   4;-999;   0;  -999;   6.6;    -999;    3.4;   85.13;    5.6;    1.8;   -0.2;eor
       4763;20191116;-999;-999;-999;    1;   0.0;   4;-999;   0;  -999;   6.6;    -999;    2.5;   89.25;    5.4;   -1.5;   -4.2;eor
       4763;20191117;-999;-999;-999;    1;   0.9;   4;-999;   0;  -999;   6.8;    -999;    2.0;   95.29;    5.1;   -1.8;   -3.2;eor
       4763;20191118;-999;-999;-999;    1;   1.7;   4;-999;   0;  -999;   7.5;    -999;    4.6;   87.63;    5.6;    2.6;    2.0;eor
       4763;20191119;-999;-999;-999;    1;   0.0;   0;-999;   0;  -999;   6.5;    -999;    3.1;   85.63;    5.8;   -1.6;   -4.3;eor
       4763;20191120;-999;-999;-999;    1;   0.0;   0;-999;   0;  -999;   6.2;    -999;    1.6;   90.08;    4.0;   -1.5;   -1.6;eor
       4763;20191121;-999;-999;-999;    1;   0.0;   0;-999;   0;  -999;   7.6;    -999;    4.2;   91.50;    5.5;    2.4;    0.4;eor
       4763;20191122;-999;-999;-999;    1;   0.0;   0;-999;   0;  -999;   6.7;    -999;    2.9;   89.46;    6.0;   -0.8;   -2.4;eor
       4763;20191123;-999;-999;-999;    1;   0.0;   0;-999;   0;  -999;   7.5;    -999;    5.2;   85.29;    7.3;    3.3;    2.4;eor
       4763;20191124;-999;-999;-999;    1;   0.0;   0;-999;   0;  -999;   7.1;    -999;    2.9;   93.83;    4.9;    0.1;   -2.3;eor
       4763;20191125;-999;-999;-999;    1;   0.0;   0;-999;   0;  -999;   7.1;    -999;    2.9;   93.75;    4.9;    0.9;    1.1;eor
       4763;20191126;-999;-999;-999;    1;   0.0;   0;-999;   0;  -999;   8.9;    -999;    7.2;   86.79;    9.4;    4.5;    3.5;eor
       4763;20191127;-999;-999;-999;    1;   1.5;   4;-999;   0;  -999;   9.3;    -999;    8.5;   83.38;   10.9;    6.2;    4.7;eor
       4763;20191128;-999;-999;-999;    1;   7.3;   4;-999;   0;  -999;   9.0;    -999;    9.1;   78.50;   10.2;    7.7;    6.8;eor
       4763;20191129;-999;-999;-999;    1;   0.2;   4;-999;   0;  -999;   6.9;    -999;    5.1;   77.63;    8.0;    3.1;    0.6;eor
       4763;20191130;-999;-999;-999;    1;   0.0;   0;-999;   0;  -999;   5.8;    -999;    1.9;   82.63;    5.1;   -3.4;   -6.4;eor
       4763;20191201;-999;-999;-999;    1;   0.0;   0;-999;   0;  -999;   5.0;    -999;   -1.5;   91.08;    0.8;   -3.7;   -4.2;eor
       4763;20191202;-999;-999;-999;    1;   0.4;   4;-999;   0;  -999;   5.9;    -999;    1.4;   87.00;    4.0;   -1.5;   -3.6;eor
       4763;20191203;-999;-999;-999;    1;   0.0;   0;-999;   0;  -999;   6.9;    -999;    3.1;   89.96;    4.5;    0.5;   -1.8;eor
       4763;20191204;-999;-999;-999;    1;   0.0;   0;-999;   0;  -999;   5.5;    -999;   -0.3;   91.75;    3.2;   -3.1;   -5.2;eor
       4763;20191205;-999;-999;-999;    1;   0.0;   0;-999;   0;  -999;   4.8;    -999;   -1.4;   86.75;    2.9;   -5.1;   -7.3;eor
       4763;20191206;-999;-999;-999;    1;   5.5;   4;-999;   0;  -999;   5.6;    -999;    0.9;   84.25;    4.7;   -3.0;   -5.6;eor
       4763;20191207;-999;-999;-999;    1;   0.7;   4;-999;   0;  -999;   8.0;    -999;    6.9;   80.38;    8.5;    4.6;    4.0;eor
       4763;20191208;-999;-999;-999;    1;   1.8;   4;-999;   0;  -999;   8.4;    -999;    8.1;   77.33;    9.7;    6.6;    4.9;eor
       4763;20191209;-999;-999;-999;    1;   5.6;   4;-999;   0;  -999;   7.5;    -999;    5.8;   81.42;    7.5;    4.0;    2.7;eor
       4763;20191210;-999;-999;-999;    1;   0.0;   0;-999;   0;  -999;   5.6;    -999;    2.3;   78.04;    4.1;   -0.6;   -2.9;eor
       4763;20191211;-999;-999;-999;    1;   4.7;   4;-999;   0;  -999;   5.2;    -999;    2.2;   73.96;    3.7;    0.2;    0.0;eor
       4763;20191212;-999;-999;-999;    1;   0.0;   0;-999;   0;  -999;   6.2;    -999;    2.0;   88.21;    3.7;   -0.5;   -3.9;eor
       4763;20191213;-999;-999;-999;    1;   4.1;   4;-999;   0;  -999;   5.8;    -999;    1.4;   85.04;    3.7;    0.2;   -2.4;eor
       4763;20191214;-999;-999;-999;    1;   4.5;   4;-999;   0;  -999;   6.7;    -999;    4.4;   79.83;    5.6;    2.7;    1.8;eor
       4763;20191215;-999;-999;-999;    1;   1.9;   4;-999;   0;  -999;   7.3;    -999;    6.5;   74.88;    9.4;    1.6;   -1.8;eor
       4763;20191216;-999;-999;-999;    1;   0.9;   4;-999;   0;  -999;   8.5;    -999;    5.6;   92.54;    8.9;    1.4;   -1.9;eor
       4763;20191217;-999;-999;-999;    1;   0.3;   4;-999;   0;  -999;   8.1;    -999;    8.9;   73.29;   13.8;    1.7;    0.9;eor
       4763;20191218;-999;-999;-999;    1;   0.0;   0;-999;   0;  -999;   8.3;    -999;    6.7;   84.04;   11.7;   -0.3;   -2.7;eor
       4763;20191219;-999;-999;-999;    1;   0.0;   0;-999;   0;  -999;   6.8;    -999;    2.0;   95.50;    6.0;   -0.3;   -2.7;eor
       4763;20191220;-999;-999;-999;    1;   0.2;   4;-999;   0;  -999;   7.6;    -999;    5.2;   84.63;   10.7;   -1.8;   -3.3;eor
       4763;20191221;-999;-999;-999;    1;   0.0;   0;-999;   0;  -999;   7.4;    -999;    5.6;   81.67;    9.1;    1.3;   -1.4;eor
       4763;20191222;-999;-999;-999;    1;   0.0;   0;-999;   0;  -999;   8.0;    -999;    6.0;   85.33;    8.0;    3.6;    0.7;eor
       4763;20191223;-999;-999;-999;    1;   0.5;   4;-999;   0;  -999;   7.7;    -999;    6.0;   81.75;    7.2;    4.5;    1.8;eor
       4763;20191224;-999;-999;-999;    1;   1.3;   4;-999;   0;  -999;   7.8;    -999;    5.8;   84.46;    6.8;    4.4;    1.8;eor
       4763;20191225;-999;-999;-999;-999;-999;-999;-999;   0;  -999;   7.9;    -999;    5.3;   88.83;    6.5;    3.4;    1.7;eor
       4763;20191226;-999;-999;-999;    1;  -999;-999;-999;   0;  -999;   6.8;    -999;    3.3;   87.83;    5.5;    1.0;    0.0;eor
       4763;20191227;-999;-999;-999;    1;  -999;-999;-999;   0;  -999;   5.7;    -999;    2.0;   81.38;    4.6;    0.2;   -3.2;eor
