STATIONS_ID;MESS_DATUM;QN_3;  FX;  FM;QN_4; RSK;RSKF; SDK;SHK_TAG;  NM; VPM;  PM; TMK; UPM; TXK; TNK; TGK;eor
       4896;20180704;-999;-999;-999;    3;   0.0;   0;-999;-999;  -999;  14.5;    -999;   15.4;   82.83;   20.2;    9.2;    7.5;eor
       4896;20180705;-999;-999;-999;    3;   0.0;   4;-999;-999;  -999;  14.9;    -999;   16.0;   81.88;   18.7;   14.5;   14.1;eor
       4896;20180706;-999;-999;-999;    3;   0.0;   0;-999;-999;  -999;  12.4;    -999;   16.7;   66.79;   21.7;   11.0;    9.7;eor
       4896;20180707;-999;-999;-999;    3;   0.0;   0;-999;-999;  -999;  12.6;    -999;   16.3;   69.79;   21.7;   11.0;    9.8;eor
       4896;20180708;-999;-999;-999;    3;   0.0;   0;-999;-999;  -999;  12.9;    -999;   17.4;   68.00;   25.8;   10.5;    9.3;eor
       4896;20180709;-999;-999;-999;    3;   0.0;   0;-999;-999;  -999;  12.0;    -999;   14.2;   74.38;   17.4;    8.8;    7.4;eor
       4896;20180710;-999;-999;-999;    3;   0.5;   4;-999;-999;  -999;  12.4;    -999;   15.3;   73.00;   20.7;    8.4;    7.0;eor
       4896;20180711;-999;-999;-999;    3;   0.0;   4;-999;-999;  -999;  16.1;    -999;   19.0;   74.88;   24.7;   14.7;   13.5;eor
       4896;20180712;-999;-999;-999;    3;   0.0;   0;-999;-999;  -999;  15.4;    -999;   20.6;   67.33;   28.2;   13.6;   12.7;eor
       4896;20180713;-999;-999;-999;    3;   0.0;   0;-999;-999;  -999;  14.5;    -999;   18.5;   70.71;   26.3;   13.1;   11.9;eor
       4896;20180714;-999;-999;-999;    3;   0.0;   0;-999;-999;  -999;  12.9;    -999;   15.8;   72.79;   21.0;   11.4;    9.6;eor
       4896;20180715;-999;-999;-999;    3;   0.0;   0;-999;-999;  -999;  13.6;    -999;   18.5;   67.21;   26.9;    9.5;    8.1;eor
       4896;20180716;-999;-999;-999;    3;   0.0;   0;-999;-999;  -999;  14.4;    -999;   20.9;   60.54;   27.2;   13.5;   11.0;eor
       4896;20180717;-999;-999;-999;    3;   0.0;   0;-999;-999;  -999;  15.1;    -999;   22.3;   59.88;   30.2;   14.2;   11.8;eor
       4896;20180718;-999;-999;-999;    3;   0.0;   0;-999;-999;  -999;  15.3;    -999;   18.9;   72.33;   25.1;   13.2;   10.8;eor
       4896;20180719;-999;-999;-999;    3;   0.0;   0;-999;-999;  -999;  12.6;    -999;   18.3;   64.00;   25.6;   11.8;    9.6;eor
       4896;20180720;-999;-999;-999;    3;   0.0;   0;-999;-999;  -999;  12.3;    -999;   18.4;   61.96;   26.7;    9.1;    7.2;eor
       4896;20180721;-999;-999;-999;    3;   0.0;   0;-999;-999;  -999;  14.0;    -999;   20.6;   60.33;   27.6;   12.3;   10.5;eor
       4896;20180722;-999;-999;-999;    3;   0.0;   0;-999;-999;  -999;  14.5;    -999;   21.7;   58.46;   29.2;   15.6;   14.3;eor
       4896;20180723;-999;-999;-999;    3;   0.0;   0;-999;-999;  -999;  17.2;    -999;   20.6;   73.13;   27.9;   12.8;   11.4;eor
       4896;20180724;-999;-999;-999;    3;   0.0;   0;-999;-999;  -999;  18.3;    -999;   23.2;   68.08;   31.6;   14.2;   13.1;eor
       4896;20180725;-999;-999;-999;    3;  15.0;   4;-999;-999;  -999;  21.0;    -999;   23.5;   75.46;   32.0;   17.5;   15.5;eor
       4896;20180726;-999;-999;-999;    3;   0.0;   0;-999;-999;  -999;  20.7;    -999;   24.1;   71.58;   31.1;   18.5;   16.8;eor
       4896;20180727;-999;-999;-999;    3;   0.0;   0;-999;-999;  -999;  21.0;    -999;   24.0;   71.67;   28.9;   18.6;   16.3;eor
       4896;20180728;-999;-999;-999;    3;   4.0;   4;-999;-999;  -999;  22.0;    -999;   22.8;   80.96;   30.0;   17.1;   16.5;eor
       4896;20180729;-999;-999;-999;    3;   0.0;   0;-999;-999;  -999;  15.8;    -999;   20.6;   67.63;   27.0;   13.2;   11.9;eor
       4896;20180730;-999;-999;-999;    3;   0.7;   4;-999;-999;  -999;  18.9;    -999;   23.7;   65.58;   29.9;   18.2;   16.6;eor
       4896;20180731;-999;-999;-999;    3;   0.0;   0;-999;-999;  -999;  19.4;    -999;   24.5;   65.79;   33.0;   17.9;   16.1;eor
       4896;20180801;-999;-999;-999;    3;   0.0;   0;-999;-999;  -999;  16.4;    -999;   21.1;   68.42;   27.5;   16.2;   14.4;eor
       4896;20180802;-999;-999;-999;    3;   0.0;   0;-999;-999;  -999;  16.2;    -999;   21.7;   66.13;   29.4;   13.6;   12.0;eor
       4896;20180803;-999;-999;-999;    3;   0.0;   0;-999;-999;  -999;  16.3;    -999;   23.3;   61.63;   31.2;   14.9;   13.5;eor
       4896;20180804;-999;-999;-999;    3;   0.0;   0;-999;-999;  -999;  18.1;    -999;   20.9;   74.67;   27.5;   15.8;   13.7;eor
       4896;20180805;-999;-999;-999;    3;   0.5;   4;-999;-999;  -999;  15.0;    -999;   17.8;   74.21;   22.6;   12.8;   11.0;eor
       4896;20180806;-999;-999;-999;    3;   0.0;   0;-999;-999;  -999;  15.0;    -999;   20.4;   66.71;   28.4;   12.0;   10.4;eor
       4896;20180807;-999;-999;-999;    3;   0.0;   0;-999;-999;  -999;  16.5;    -999;   24.7;   58.71;   33.1;   16.6;   13.6;eor
       4896;20180808;-999;-999;-999;    3;   5.3;   4;-999;-999;  -999;  18.6;    -999;   22.9;   69.42;   31.6;   15.5;   13.8;eor
       4896;20180809;-999;-999;-999;    3;   6.7;   4;-999;-999;  -999;  17.6;    -999;   19.5;   79.00;   26.4;   14.5;   13.1;eor
       4896;20180810;-999;-999;-999;    3;   0.3;   4;-999;-999;  -999;  14.7;    -999;   16.9;   76.08;   21.1;   12.8;   10.8;eor
       4896;20180811;-999;-999;-999;    3;   5.7;   4;-999;-999;  -999;  13.7;    -999;   14.8;   82.13;   19.5;   11.0;    9.7;eor
       4896;20180812;-999;-999;-999;    3;   1.8;   4;-999;-999;  -999;  15.1;    -999;   15.0;   88.63;   19.3;   10.4;    9.3;eor
       4896;20180813;-999;-999;-999;    3;  11.4;   4;-999;-999;  -999;  17.6;    -999;   18.0;   85.33;   21.6;   14.9;   14.2;eor
       4896;20180814;-999;-999;-999;    3;   0.6;   4;-999;-999;  -999;  18.2;    -999;   18.9;   84.38;   24.2;   15.7;   15.0;eor
       4896;20180815;-999;-999;-999;    3;   0.0;   0;-999;-999;  -999;  17.4;    -999;   18.4;   82.75;   23.5;   14.4;   13.7;eor
       4896;20180816;-999;-999;-999;    3;   0.0;   0;-999;-999;  -999;  18.1;    -999;   20.1;   78.25;   25.8;   15.9;   14.2;eor
       4896;20180817;-999;-999;-999;    3;   0.2;   4;-999;-999;  -999;  15.7;    -999;   17.2;   81.17;   22.6;   11.8;   10.3;eor
       4896;20180818;-999;-999;-999;    3;   0.0;   0;-999;-999;  -999;  15.0;    -999;   17.3;   77.79;   23.1;   10.8;    9.6;eor
       4896;20180819;-999;-999;-999;    3;   1.4;   4;-999;-999;  -999;  16.8;    -999;   18.7;   78.58;   21.9;   15.4;   14.3;eor
       4896;20180820;-999;-999;-999;    3;   0.3;   4;-999;-999;  -999;  16.0;    -999;   17.5;   80.17;   21.8;   11.5;   10.2;eor
       4896;20180821;-999;-999;-999;    3;   0.0;   0;-999;-999;  -999;  13.0;    -999;   16.5;   71.33;   23.9;    9.1;    8.3;eor
       4896;20180822;-999;-999;-999;    3;   0.0;   0;-999;-999;  -999;  14.4;    -999;   20.7;   61.29;   28.3;   13.3;   10.9;eor
       4896;20180823;-999;-999;-999;    3;   1.9;   4;-999;-999;  -999;  17.6;    -999;   19.2;   79.92;   24.0;   15.1;   13.6;eor
       4896;20180824;-999;-999;-999;    3;   3.2;   4;-999;-999;  -999;  14.8;    -999;   15.3;   84.92;   19.9;   10.1;    9.8;eor
       4896;20180825;-999;-999;-999;    3;   2.2;   4;-999;-999;  -999;  12.4;    -999;   11.7;   90.58;   15.5;    8.8;    8.2;eor
       4896;20180826;-999;-999;-999;    3;   1.1;   4;-999;-999;  -999;  11.9;    -999;   13.7;   76.88;   19.6;    8.4;    7.3;eor
       4896;20180827;-999;-999;-999;    3;   9.5;   4;-999;-999;  -999;  14.1;    -999;   14.2;   86.29;   20.0;   11.8;   11.5;eor
       4896;20180828;-999;-999;-999;    3;   0.0;   0;-999;-999;  -999;  14.5;    -999;   15.4;   83.79;   21.6;   10.5;    9.4;eor
       4896;20180829;-999;-999;-999;    3;   5.7;   4;-999;-999;  -999;  15.6;    -999;   17.9;   77.67;   23.6;   11.9;   10.6;eor
       4896;20180830;-999;-999;-999;    3;  16.3;   4;-999;-999;  -999;  16.3;    -999;   14.9;   95.04;   17.6;   11.0;    9.9;eor
       4896;20180831;-999;-999;-999;    3;   0.0;   0;-999;-999;  -999;  14.3;    -999;   15.1;   83.79;   21.7;    9.6;    8.8;eor
       4896;20180901;-999;-999;-999;    3;   0.0;   0;-999;-999;  -999;  14.0;    -999;   15.0;   83.08;   20.0;   11.0;    9.8;eor
       4896;20180902;-999;-999;-999;    3;   0.5;   4;-999;-999;  -999;  15.7;    -999;   16.2;   85.79;   21.1;   10.3;    8.2;eor
       4896;20180903;-999;-999;-999;    3;   0.0;   0;-999;-999;  -999;  19.0;    -999;   18.7;   88.17;   22.8;   16.4;   14.6;eor
       4896;20180904;-999;-999;-999;    3;   0.0;   0;-999;-999;  -999;  17.0;    -999;   17.6;   84.92;   21.9;   13.8;   11.2;eor
       4896;20180905;-999;-999;-999;    3;   0.0;   0;-999;-999;  -999;  16.8;    -999;   17.5;   85.33;   23.1;   13.5;   10.6;eor
       4896;20180906;-999;-999;-999;    3;   8.5;   4;-999;-999;  -999;  17.6;    -999;   18.1;   85.58;   22.1;   13.7;   10.2;eor
       4896;20180907;-999;-999;-999;    3;   4.0;   4;-999;-999;  -999;  15.7;    -999;   14.9;   92.04;   20.3;    9.2;    7.1;eor
       4896;20180908;-999;-999;-999;    3;   3.8;   4;-999;-999;  -999;  13.4;    -999;   13.3;   87.63;   18.2;    9.6;    8.3;eor
       4896;20180909;-999;-999;-999;    3;   0.1;   4;-999;-999;  -999;  14.8;    -999;   15.9;   82.04;   21.3;   12.0;    9.6;eor
       4896;20180910;-999;-999;-999;    3;   2.1;   4;-999;-999;  -999;  14.6;    -999;   16.2;   79.63;   21.2;   12.6;   10.7;eor
       4896;20180911;-999;-999;-999;    3;   7.0;   4;-999;-999;  -999;  16.2;    -999;   15.0;   94.46;   17.3;   13.1;   12.1;eor
       4896;20180912;-999;-999;-999;    3;   0.2;   4;-999;-999;  -999;  13.5;    -999;   13.2;   88.83;   15.3;    9.5;    7.6;eor
       4896;20180913;-999;-999;-999;    3;   0.0;   0;-999;-999;  -999;  11.6;    -999;   12.9;   80.17;   19.4;    7.6;    5.3;eor
       4896;20180914;-999;-999;-999;    3;   0.7;   4;-999;-999;  -999;  12.1;    -999;   13.5;   79.33;   18.9;    9.3;    6.8;eor
       4896;20180915;-999;-999;-999;    3;   1.0;   4;-999;-999;  -999;  12.7;    -999;   13.0;   85.13;   17.9;    8.7;    6.2;eor
       4896;20180916;-999;-999;-999;    3;   0.0;   0;-999;-999;  -999;  13.1;    -999;   13.8;   83.50;   19.8;    7.3;    5.4;eor
       4896;20180917;-999;-999;-999;    3;   0.0;   0;-999;-999;  -999;  14.4;    -999;   16.1;   79.75;   22.4;   12.0;    9.4;eor
       4896;20180918;-999;-999;-999;    3;   0.0;   0;-999;-999;  -999;  14.6;    -999;   18.5;   71.04;   27.7;   11.4;    7.7;eor
       4896;20180919;-999;-999;-999;    3;   0.0;   0;-999;-999;  -999;  16.4;    -999;   18.2;   79.42;   23.9;   13.8;   11.2;eor
       4896;20180920;-999;-999;-999;    3;   0.1;   4;-999;-999;  -999;  16.4;    -999;   18.0;   79.33;   21.1;   15.3;   12.1;eor
       4896;20180921;-999;-999;-999;    3;  12.8;   4;-999;-999;  -999;  13.0;    -999;   14.0;   81.04;   21.1;    9.1;    8.1;eor
       4896;20180922;-999;-999;-999;    3;   2.0;   4;-999;-999;  -999;  10.5;    -999;   10.9;   81.46;   15.5;    7.1;    5.2;eor
       4896;20180923;-999;-999;-999;    3;   0.0;   0;-999;-999;  -999;  10.2;    -999;    9.9;   83.54;   14.0;    7.1;    5.0;eor
       4896;20180924;-999;-999;-999;    3;   0.7;   4;-999;-999;  -999;   8.5;    -999;    8.9;   75.08;   13.7;    4.6;    2.4;eor
       4896;20180925;-999;-999;-999;    3;   0.1;   4;-999;-999;  -999;   9.1;    -999;    9.1;   79.54;   15.5;    3.1;    2.1;eor
       4896;20180926;-999;-999;-999;    3;   2.0;   4;-999;-999;  -999;  13.1;    -999;   12.7;   87.71;   15.0;    9.4;    8.1;eor
       4896;20180927;-999;-999;-999;    3;   0.3;   4;-999;-999;  -999;  16.2;    -999;   15.7;   90.71;   18.4;   11.5;   10.2;eor
       4896;20180928;-999;-999;-999;    3;   0.0;   0;-999;-999;  -999;   9.1;    -999;   10.4;   72.92;   15.3;    5.2;    3.0;eor
       4896;20180929;-999;-999;-999;    3;   0.0;   0;-999;-999;  -999;   9.8;    -999;    9.7;   82.00;   15.1;    4.0;    2.1;eor
       4896;20180930;-999;-999;-999;    3;   0.4;   4;-999;-999;  -999;  10.9;    -999;   11.4;   80.71;   15.6;    9.0;    7.4;eor
       4896;20181001;-999;-999;-999;    3;   1.2;   4;-999;   0;  -999;   9.7;    -999;    8.5;   87.92;   13.1;    5.1;    2.6;eor
       4896;20181002;-999;-999;-999;    3;   9.2;   4;-999;   0;  -999;   9.8;    -999;    8.3;   89.50;   13.3;    5.1;    2.9;eor
       4896;20181003;-999;-999;-999;    3;   0.0;   0;-999;   0;  -999;   9.8;    -999;    9.9;   80.83;   13.5;    7.7;    6.0;eor
       4896;20181004;-999;-999;-999;    3;   0.3;   4;-999;   0;  -999;  13.5;    -999;   12.6;   91.83;   16.1;    8.5;    7.2;eor
       4896;20181005;-999;-999;-999;    3;   0.0;   0;-999;   0;  -999;  14.1;    -999;   14.1;   87.96;   18.7;   10.3;    7.0;eor
       4896;20181006;-999;-999;-999;    3;   3.8;   4;-999;   0;  -999;  12.8;    -999;   11.2;   95.75;   14.5;    7.1;    5.6;eor
       4896;20181007;-999;-999;-999;    3;   0.0;   0;-999;   0;  -999;   9.3;    -999;    8.0;   87.04;   12.4;    4.8;    3.2;eor
       4896;20181008;-999;-999;-999;    3;   0.0;   0;-999;   0;  -999;  10.2;    -999;    9.7;   84.21;   13.6;    5.1;    2.9;eor
       4896;20181009;-999;-999;-999;    3;   0.0;   0;-999;   0;  -999;  12.1;    -999;   11.6;   88.75;   15.9;    8.5;    5.4;eor
       4896;20181010;-999;-999;-999;    3;   0.0;   0;-999;   0;  -999;  12.1;    -999;   12.1;   86.21;   18.6;    6.2;    3.9;eor
       4896;20181011;-999;-999;-999;    3;   0.0;   0;-999;   0;  -999;  13.7;    -999;   13.9;   86.54;   18.5;   10.6;    6.8;eor
       4896;20181012;-999;-999;-999;    3;   0.0;   0;-999;   0;  -999;  13.9;    -999;   15.6;   78.08;   21.1;   10.4;    6.7;eor
       4896;20181013;-999;-999;-999;    3;   0.0;   0;-999;   0;  -999;  15.3;    -999;   18.2;   73.33;   23.7;   14.2;   10.2;eor
       4896;20181014;-999;-999;-999;    3;   0.0;   0;-999;   0;  -999;  12.4;    -999;   16.0;   68.13;   20.2;   11.3;    6.9;eor
       4896;20181015;-999;-999;-999;    3;   0.0;   0;-999;   0;  -999;  13.3;    -999;   15.5;   75.71;   21.1;   11.1;    7.3;eor
       4896;20181016;-999;-999;-999;    3;   0.0;   0;-999;   0;  -999;  14.9;    -999;   14.5;   89.96;   19.0;   11.4;    8.4;eor
       4896;20181017;-999;-999;-999;    3;   0.0;   0;-999;   0;  -999;  15.0;    -999;   14.9;   89.67;   21.1;   11.5;    8.5;eor
       4896;20181018;-999;-999;-999;    3;   1.1;   4;-999;   0;  -999;  11.5;    -999;   10.9;   87.29;   13.6;    6.1;    2.4;eor
       4896;20181019;-999;-999;-999;    3;   0.3;   4;-999;   0;  -999;   8.8;    -999;    7.8;   83.33;   12.7;    3.1;    0.9;eor
       4896;20181020;-999;-999;-999;    3;   0.1;   4;-999;   0;  -999;  10.5;    -999;    9.8;   86.29;   14.8;    6.9;    4.2;eor
       4896;20181021;-999;-999;-999;    3;   1.4;   4;-999;   0;  -999;  12.4;    -999;   11.2;   92.63;   14.3;    6.9;    4.1;eor
       4896;20181022;-999;-999;-999;    3;   3.3;   4;-999;   0;  -999;   9.9;    -999;    9.4;   83.33;   12.1;    6.5;    3.7;eor
       4896;20181023;-999;-999;-999;    3;   3.5;   4;-999;   0;  -999;  11.3;    -999;   11.2;   85.17;   12.7;   10.0;    8.9;eor
       4896;20181024;-999;-999;-999;    3;   2.4;   4;-999;   0;  -999;   9.7;    -999;    9.6;   80.67;   12.4;    6.9;    4.3;eor
       4896;20181025;-999;-999;-999;    3;   0.4;   4;-999;   0;  -999;  10.5;    -999;    9.9;   85.88;   11.7;    7.6;    5.2;eor
       4896;20181026;-999;-999;-999;    3;  13.2;   4;-999;   0;  -999;  10.5;    -999;    8.4;   93.67;   10.9;    5.3;    3.2;eor
       4896;20181027;-999;-999;-999;    3;   0.2;   4;-999;   0;  -999;   7.3;    -999;    4.8;   84.17;    6.9;    1.3;   -1.4;eor
       4896;20181028;-999;-999;-999;    3;   5.6;   4;-999;   0;  -999;   6.7;    -999;    3.7;   84.42;    6.5;    0.6;   -1.9;eor
       4896;20181029;-999;-999;-999;    3;  15.6;   4;-999;   0;  -999;   8.5;    -999;    6.0;   90.67;    7.2;    4.0;    3.5;eor
       4896;20181030;-999;-999;-999;    3;   2.8;   4;-999;   0;  -999;  10.2;    -999;    8.4;   91.54;   11.3;    5.2;    4.6;eor
       4896;20181031;-999;-999;-999;    3;   1.8;   4;-999;   0;  -999;   9.3;    -999;    7.4;   90.33;    9.9;    4.6;    2.8;eor
       4896;20181101;-999;-999;-999;    3;   0.0;   0;-999;   0;  -999;  10.1;    -999;    9.1;   87.17;   12.2;    7.0;    4.0;eor
       4896;20181102;-999;-999;-999;    3;   0.0;   0;-999;   0;  -999;  10.1;    -999;    8.3;   91.33;   12.4;    3.7;    0.4;eor
       4896;20181103;-999;-999;-999;    3;   0.0;   0;-999;   0;  -999;   8.1;    -999;    4.9;   93.33;    9.3;    2.4;   -1.4;eor
       4896;20181104;-999;-999;-999;    3;   0.0;   0;-999;   0;  -999;   9.2;    -999;    6.1;   95.33;    8.9;    1.4;   -1.8;eor
       4896;20181105;-999;-999;-999;    3;   0.0;   0;-999;   0;  -999;  11.7;    -999;    9.7;   96.88;   10.2;    8.8;    8.4;eor
       4896;20181106;-999;-999;-999;    3;   0.0;   0;-999;   0;  -999;  11.0;    -999;    8.5;   98.83;    9.6;    7.6;    5.0;eor
       4896;20181107;-999;-999;-999;    3;   0.0;   0;-999;   0;  -999;  11.2;    -999;    8.9;   98.25;   11.7;    7.6;    3.1;eor
       4896;20181108;-999;-999;-999;    3;   0.0;   0;-999;   0;  -999;  10.6;    -999;    8.8;   93.58;   11.9;    4.5;    1.4;eor
       4896;20181109;-999;-999;-999;    3;   1.7;   4;-999;   0;  -999;  10.0;    -999;    6.9;   99.17;    9.4;    1.9;   -0.4;eor
       4896;20181110;-999;-999;-999;    3;   3.5;   4;-999;   0;  -999;  11.4;    -999;    9.8;   93.75;   11.8;    7.9;    5.9;eor
       4896;20181111;-999;-999;-999;    3;   0.2;   4;-999;   0;  -999;  12.0;    -999;   10.9;   92.17;   13.0;    8.4;    4.6;eor
       4896;20181112;-999;-999;-999;    3;   4.5;   4;-999;   0;  -999;  11.5;    -999;    9.1;   99.04;   10.5;    7.2;    3.8;eor
       4896;20181113;-999;-999;-999;    3;   1.8;   4;-999;   0;  -999;  10.9;    -999;    8.8;   95.67;   10.1;    6.7;    3.9;eor
       4896;20181114;-999;-999;-999;    3;   0.1;   4;-999;   0;  -999;  10.7;    -999;    8.4;   96.79;    9.4;    6.9;    3.9;eor
       4896;20181115;-999;-999;-999;    3;   0.0;   0;-999;   0;  -999;   9.6;    -999;    7.6;   91.92;   11.0;    4.3;    0.6;eor
       4896;20181116;-999;-999;-999;    3;   0.0;   0;-999;   0;  -999;   8.0;    -999;    5.4;   89.63;    9.0;    2.8;   -0.8;eor
       4896;20181117;-999;-999;-999;    3;   0.0;   0;-999;   0;  -999;   7.2;    -999;    3.7;   90.29;    6.6;    1.2;   -2.3;eor
       4896;20181118;-999;-999;-999;    3;   0.0;   4;-999;   0;  -999;   7.6;    -999;    4.7;   88.96;    6.7;    1.6;   -2.2;eor
       4896;20181119;-999;-999;-999;    3;   2.0;   4;-999;   0;  -999;   7.6;    -999;    5.4;   83.92;    6.1;    4.4;    3.7;eor
       4896;20181120;-999;-999;-999;    3;   0.0;   4;-999;   0;  -999;   6.8;    -999;    5.4;   75.50;    5.9;    4.6;    3.5;eor
       4896;20181121;-999;-999;-999;    3;   0.0;   0;-999;   0;  -999;   6.8;    -999;    4.6;   79.63;    5.6;    3.3;    2.0;eor
       4896;20181122;-999;-999;-999;    3;   0.0;   0;-999;   0;  -999;   6.4;    -999;    2.4;   88.08;    4.8;    0.8;    1.0;eor
       4896;20181123;-999;-999;-999;    3;   0.0;   0;-999;   0;  -999;   6.7;    -999;    2.0;   94.42;    2.6;    1.3;    1.4;eor
       4896;20181124;-999;-999;-999;    3;   1.4;   4;-999;   0;  -999;   7.1;    -999;    2.5;   96.25;    3.6;    1.7;    1.7;eor
       4896;20181125;-999;-999;-999;    3;   0.5;   4;-999;   0;  -999;   7.8;    -999;    4.1;   94.88;    4.9;    3.4;    2.8;eor
       4896;20181126;-999;-999;-999;    3;   0.0;   0;-999;   0;  -999;   6.8;    -999;    3.3;   88.29;    5.0;   -1.2;   -3.6;eor
       4896;20181127;-999;-999;-999;    3;   0.0;   0;-999;   0;  -999;   5.4;    -999;    1.0;   82.71;    2.9;   -1.3;   -4.0;eor
       4896;20181128;-999;-999;-999;    3;   3.3;   4;-999;   0;  -999;   4.8;    -999;    0.9;   74.38;    1.8;   -0.6;   -2.5;eor
       4896;20181129;-999;-999;-999;    3;   4.6;   4;-999;   0;  -999;   7.3;    -999;    3.4;   93.79;    6.0;    1.1;    0.7;eor
       4896;20181130;-999;-999;-999;    3;   0.3;   4;-999;   0;  -999;   8.6;    -999;    6.7;   86.83;    8.0;    5.3;    1.7;eor
       4896;20181201;-999;-999;-999;    3;   1.1;   4;-999;   0;  -999;   9.0;    -999;    6.4;   93.79;    7.1;    5.3;    4.4;eor
       4896;20181202;-999;-999;-999;    3;   4.8;   4;-999;   0;  -999;  10.3;    -999;    7.7;   97.67;    9.3;    6.4;    5.8;eor
       4896;20181203;-999;-999;-999;    3;   1.9;   4;-999;   0;  -999;  11.2;    -999;    9.5;   93.88;   10.8;    7.0;    5.7;eor
       4896;20181204;-999;-999;-999;    3;   0.6;   4;-999;   0;  -999;   7.0;    -999;    4.5;   83.21;    7.2;    1.1;   -2.1;eor
       4896;20181205;-999;-999;-999;    3;   0.6;   4;-999;   0;  -999;   6.6;    -999;    2.1;   92.21;    4.8;    0.1;   -2.6;eor
       4896;20181206;-999;-999;-999;    3;   4.8;   4;-999;   0;  -999;   9.3;    -999;    6.1;   96.92;    9.7;    2.9;    2.0;eor
       4896;20181207;-999;-999;-999;    3;  14.8;   4;-999;   0;  -999;  11.8;    -999;    9.5;   98.50;   10.6;    6.2;    5.2;eor
       4896;20181208;-999;-999;-999;    3;  12.7;   4;-999;   0;  -999;   9.1;    -999;    6.8;   91.83;    8.0;    5.1;    3.2;eor
       4896;20181209;-999;-999;-999;    3;   3.0;   4;-999;   0;  -999;   8.4;    -999;    5.9;   90.38;    7.0;    4.2;    2.1;eor
       4896;20181210;-999;-999;-999;    3;   1.2;   4;-999;   0;  -999;   7.0;    -999;    4.3;   84.33;    5.8;    3.0;    0.8;eor
       4896;20181211;-999;-999;-999;    3;   0.0;   0;-999;   0;  -999;   6.6;    -999;    3.7;   82.88;    4.8;    1.9;   -0.9;eor
       4896;20181212;-999;-999;-999;    3;   0.0;   4;-999;   0;  -999;   6.8;    -999;    3.8;   84.21;    4.3;    3.0;    1.3;eor
       4896;20181213;-999;-999;-999;    3;   2.9;   4;-999;   0;  -999;   6.3;    -999;    2.3;   87.71;    3.3;    1.1;    0.6;eor
       4896;20181214;-999;-999;-999;    3;   3.0;   4;-999;   0;  -999;   6.1;    -999;    1.6;   88.63;    2.9;    0.4;   -0.9;eor
       4896;20181215;-999;-999;-999;    3;   0.0;   0;-999;   0;  -999;   5.0;    -999;    0.0;   81.33;    1.6;   -1.2;   -2.5;eor
       4896;20181216;-999;-999;-999;    3;   0.4;   4;-999;   0;  -999;   4.8;    -999;   -0.5;   82.13;    0.5;   -1.9;   -3.2;eor
       4896;20181217;-999;-999;-999;    3;   0.5;   4;-999;   1;  -999;   5.9;    -999;    0.2;   94.71;    2.0;   -1.6;   -2.5;eor
       4896;20181218;-999;-999;-999;    3;   0.1;   4;-999;   0;  -999;   7.8;    -999;    3.8;   97.25;    5.0;    2.0;    0.5;eor
       4896;20181219;-999;-999;-999;    3;   1.3;   4;-999;   0;  -999;   7.1;    -999;    2.9;   93.17;    4.3;    1.6;    0.2;eor
       4896;20181220;-999;-999;-999;    3;   2.5;   4;-999;   0;  -999;   8.2;    -999;    4.4;   97.54;    5.6;    2.8;    0.9;eor
       4896;20181221;-999;-999;-999;    3;  15.2;   4;-999;   0;  -999;   8.9;    -999;    5.6;   98.08;    6.0;    4.9;    4.8;eor
       4896;20181222;-999;-999;-999;    3;   2.6;   4;-999;   0;  -999;   7.7;    -999;    3.9;   96.08;    4.9;    3.1;    2.5;eor
       4896;20181223;-999;-999;-999;    3;   1.3;   4;-999;   0;  -999;   8.6;    -999;    5.1;   97.54;    6.6;    0.8;    0.8;eor
       4896;20181224;-999;-999;-999;    3;   0.0;   0;-999;   0;  -999;   6.5;    -999;    2.1;   90.54;    4.9;   -0.6;   -2.5;eor
       4896;20181225;-999;-999;-999;    3;   0.0;   0;-999;   0;  -999;   7.8;    -999;    5.5;   86.58;    6.7;    4.2;    2.7;eor
       4896;20181226;-999;-999;-999;    3;   0.2;   4;-999;   0;  -999;   9.8;    -999;    7.5;   94.08;    8.9;    6.0;    5.1;eor
       4896;20181227;-999;-999;-999;    3;   0.1;   4;-999;   0;  -999;  10.2;    -999;    7.3;   99.46;    7.8;    6.8;    6.6;eor
       4896;20181228;-999;-999;-999;    3;   0.5;   4;-999;   0;  -999;   9.5;    -999;    7.1;   93.88;    7.8;    6.0;    4.9;eor
       4896;20181229;-999;-999;-999;    3;   5.5;   4;-999;   0;  -999;  10.0;    -999;    7.5;   96.13;    8.3;    6.4;    6.0;eor
       4896;20181230;-999;-999;-999;    3;   0.0;   0;-999;   0;  -999;   8.0;    -999;    5.5;   88.25;    7.7;    2.3;   -0.7;eor
       4896;20181231;-999;-999;-999;    3;   0.2;   4;-999;   0;  -999;   9.3;    -999;    6.2;   97.46;    8.1;    3.0;    1.1;eor
       4896;20190101;-999;-999;-999;    3;   0.0;   0;-999;   0;  -999;   7.3;    -999;    6.1;   76.71;    8.3;    3.8;    1.5;eor
       4896;20190102;-999;-999;-999;    3;   0.0;   0;-999;   0;  -999;   4.6;    -999;    2.3;   64.17;    4.1;   -1.9;   -5.8;eor
       4896;20190103;-999;-999;-999;    3;   0.2;   4;-999;   0;  -999;   4.8;    -999;   -0.9;   83.63;    3.1;   -4.0;   -6.5;eor
       4896;20190104;-999;-999;-999;    3;   0.0;   4;-999;   0;  -999;   8.2;    -999;    5.1;   92.33;    7.7;    0.3;   -0.7;eor
       4896;20190105;-999;-999;-999;    3;   0.0;   0;-999;   0;  -999;   9.0;    -999;    6.5;   92.63;    9.3;    0.3;   -3.0;eor
       4896;20190106;-999;-999;-999;    3;   0.9;   4;-999;   0;  -999;   7.6;    -999;    3.0;   98.17;    6.2;   -1.7;   -3.2;eor
       4896;20190107;-999;-999;-999;    3;  11.6;   4;-999;   0;  -999;   9.0;    -999;    6.2;   95.17;    7.6;    4.8;    4.4;eor
       4896;20190108;-999;-999;-999;    3;   0.0;   4;-999;   0;  -999;   7.3;    -999;    5.1;   82.21;    7.0;    2.9;    1.9;eor
       4896;20190109;-999;-999;-999;    3;   0.0;   0;-999;   0;  -999;   5.5;    -999;    2.7;   73.63;    3.5;    1.7;    0.3;eor
       4896;20190110;-999;-999;-999;    3;   0.7;   4;-999;   0;  -999;   5.9;    -999;    0.8;   90.29;    3.3;   -1.6;   -3.5;eor
       4896;20190111;-999;-999;-999;    3;   0.2;   4;-999;   0;  -999;   8.2;    -999;    5.4;   91.33;    7.8;    2.9;   -0.5;eor
       4896;20190112;-999;-999;-999;    3;   4.0;   4;-999;   0;  -999;   8.3;    -999;    5.6;   91.63;    6.9;    4.2;    2.6;eor
       4896;20190113;-999;-999;-999;    3;   3.3;   4;-999;   0;  -999;   8.6;    -999;    6.2;   90.13;    8.5;    2.9;    0.7;eor
       4896;20190114;-999;-999;-999;    3;   0.6;   4;-999;   0;  -999;   4.9;    -999;    1.9;   70.08;    3.3;    0.1;   -1.4;eor
       4896;20190115;-999;-999;-999;    3;   3.6;   4;-999;   0;  -999;   8.5;    -999;    5.5;   93.00;    7.2;    2.4;    1.2;eor
       4896;20190116;-999;-999;-999;    3;   4.5;   4;-999;   0;  -999;   9.0;    -999;    6.4;   93.71;    7.4;    4.2;    3.8;eor
       4896;20190117;-999;-999;-999;    3;   3.8;   4;-999;   0;  -999;   6.8;    -999;    2.7;   91.13;    5.0;   -1.5;   -4.3;eor
       4896;20190118;-999;-999;-999;    3;   0.0;   0;-999;   1;  -999;   5.0;    -999;   -1.1;   88.17;    2.9;   -4.8;   -7.2;eor
       4896;20190119;-999;-999;-999;    3;   0.0;   0;-999;   0;  -999;   5.4;    -999;   -1.1;   95.46;    1.7;   -3.6;   -6.9;eor
       4896;20190120;-999;-999;-999;    3;   0.0;   0;-999;   0;  -999;   5.0;    -999;   -1.2;   89.42;    2.1;   -3.0;   -5.4;eor
       4896;20190121;-999;-999;-999;    3;   0.3;   4;-999;   0;  -999;   5.3;    -999;   -1.1;   93.33;    3.7;   -3.9;   -6.8;eor
       4896;20190122;-999;-999;-999;    3;   0.0;   0;-999;   0;  -999;   5.3;    -999;   -0.8;   91.96;    0.5;   -3.7;   -5.6;eor
       4896;20190123;-999;-999;-999;    3;   0.0;   0;-999;   0;  -999;   4.1;    -999;   -3.7;   88.33;   -1.7;   -5.2;   -9.9;eor
       4896;20190124;-999;-999;-999;    3;   0.0;   0;-999;   0;  -999;   3.6;    -999;   -5.0;   85.04;   -3.2;   -7.1;   -6.5;eor
       4896;20190125;-999;-999;-999;    3;   0.6;   4;-999;   0;  -999;   3.7;    -999;   -3.9;   81.04;   -2.7;   -4.7;   -4.7;eor
       4896;20190126;-999;-999;-999;    3;   5.0;   4;-999;   0;  -999;   6.8;    -999;    1.5;   98.17;    3.9;   -3.3;   -3.1;eor
       4896;20190127;-999;-999;-999;    3;   7.6;   4;-999;   0;  -999;   8.1;    -999;    4.0;   99.33;    4.7;    1.6;    0.0;eor
       4896;20190128;-999;-999;-999;    3;   0.5;   4;-999;   0;  -999;   6.3;    -999;    0.7;   96.67;    4.0;   -3.5;   -6.2;eor
       4896;20190129;-999;-999;-999;    3;   0.0;   4;-999;   0;  -999;   5.5;    -999;   -1.0;   95.00;    2.3;   -4.7;   -7.3;eor
       4896;20190130;-999;-999;-999;    3;   0.2;   4;-999;   0;  -999;   5.2;    -999;    0.0;   85.79;    1.9;   -2.5;   -5.3;eor
       4896;20190131;-999;-999;-999;    3;   0.0;   0;-999;   0;  -999;   5.3;    -999;    0.1;   86.50;    1.2;   -1.5;   -4.8;eor
       4896;20190201;-999;-999;-999;    3;   0.0;   0;-999;   0;  -999;   5.6;    -999;    0.4;   89.58;    1.0;   -0.3;   -2.2;eor
       4896;20190202;-999;-999;-999;    3;   0.2;   4;-999;   0;  -999;   6.0;    -999;    0.9;   91.83;    1.8;    0.1;   -0.6;eor
       4896;20190203;-999;-999;-999;    3;   0.0;   0;-999;   0;  -999;   5.8;    -999;    1.0;   88.33;    3.7;   -2.0;   -5.4;eor
       4896;20190204;-999;-999;-999;    3;   3.0;   4;-999;   0;  -999;   5.8;    -999;    0.8;   89.13;    2.9;   -2.6;   -6.0;eor
       4896;20190205;-999;-999;-999;    3;   0.4;   4;-999;   0;  -999;   7.5;    -999;    3.6;   94.71;    5.4;    1.8;    1.4;eor
       4896;20190206;-999;-999;-999;    3;   8.0;   4;-999;   0;  -999;   7.5;    -999;    3.1;   97.25;    4.4;    1.0;    0.0;eor
       4896;20190207;-999;-999;-999;    3;   3.9;   4;-999;   0;  -999;   8.2;    -999;    5.2;   93.08;    7.3;    4.1;    4.0;eor
       4896;20190208;-999;-999;-999;    3;   9.2;   4;-999;   0;  -999;   8.5;    -999;    5.9;   91.17;    7.2;    4.9;    3.9;eor
       4896;20190209;-999;-999;-999;    3;   6.8;   4;-999;   0;  -999;   8.4;    -999;    6.5;   86.25;    7.7;    5.4;    4.1;eor
       4896;20190210;-999;-999;-999;    3;  13.1;   4;-999;   0;  -999;   8.0;    -999;    4.8;   92.63;    6.4;    2.7;    1.4;eor
       4896;20190211;-999;-999;-999;    3;   0.0;   4;-999;   0;  -999;   6.4;    -999;    4.3;   77.42;    7.4;    1.6;   -0.6;eor
       4896;20190212;-999;-999;-999;    3;   0.1;   4;-999;   0;  -999;   6.5;    -999;    4.1;   79.58;    7.5;    0.4;   -2.7;eor
       4896;20190213;-999;-999;-999;    3;   0.0;   0;-999;   0;  -999;   9.3;    -999;    6.6;   95.00;    8.6;    5.3;    5.0;eor
       4896;20190214;-999;-999;-999;    3;   0.0;   0;-999;   0;  -999;   8.3;    -999;    5.5;   92.04;    8.5;    3.2;    2.7;eor
       4896;20190215;-999;-999;-999;    3;   0.0;   0;-999;   0;  -999;   6.3;    -999;    5.4;   73.79;   12.5;   -0.4;   -3.3;eor
       4896;20190216;-999;-999;-999;    3;   0.0;   0;-999;   0;  -999;   7.6;    -999;    6.6;   76.71;   10.8;    2.7;   -2.6;eor
       4896;20190217;-999;-999;-999;    3;   0.0;   0;-999;   0;  -999;   9.5;    -999;    8.0;   87.92;   12.7;    3.7;   -1.5;eor
       4896;20190218;-999;-999;-999;    3;   1.2;   4;-999;   0;  -999;   8.3;    -999;    6.8;   83.50;   12.9;    1.7;   -1.9;eor
       4896;20190219;-999;-999;-999;    3;   0.7;   4;-999;   0;  -999;   8.7;    -999;    6.1;   92.08;    7.7;    4.7;    2.4;eor
       4896;20190220;-999;-999;-999;    3;   0.2;   4;-999;   0;  -999;   8.9;    -999;    6.4;   92.08;    8.5;    4.7;    3.3;eor
       4896;20190221;-999;-999;-999;    3;   0.0;   4;-999;   0;  -999;   9.5;    -999;    6.9;   94.79;    7.9;    5.6;    2.4;eor
       4896;20190222;-999;-999;-999;    3;   0.0;   0;-999;   0;  -999;   6.6;    -999;    3.2;   85.08;    6.8;    0.2;   -2.2;eor
       4896;20190223;-999;-999;-999;    3;   0.0;   0;-999;   0;  -999;   5.0;    -999;    1.9;   72.54;    5.9;   -1.5;   -3.8;eor
       4896;20190224;-999;-999;-999;    3;   0.0;   0;-999;   0;  -999;   6.0;    -999;    4.4;   71.67;   12.8;   -1.2;   -3.9;eor
       4896;20190225;-999;-999;-999;    3;   0.0;   0;-999;   0;  -999;   7.4;    -999;    3.9;   90.42;   12.9;   -1.6;   -3.5;eor
       4896;20190226;-999;-999;-999;    3;   0.0;   0;-999;   0;  -999;   7.3;    -999;    6.2;   77.67;   14.4;    0.7;   -2.6;eor
       4896;20190227;-999;-999;-999;    3;   0.0;   0;-999;   0;  -999;   6.3;    -999;    6.8;   64.79;   15.3;   -0.3;   -3.4;eor
       4896;20190228;-999;-999;-999;    3;   0.0;   0;-999;   0;  -999;   7.9;    -999;    5.6;   87.25;   11.2;    2.7;   -0.9;eor
       4896;20190301;-999;-999;-999;    3;   0.0;   0;-999;   0;  -999;   6.5;    -999;    4.1;   79.88;    8.5;    0.3;   -3.6;eor
       4896;20190302;-999;-999;-999;    3;   3.8;   4;-999;   0;  -999;   6.6;    -999;    3.4;   85.29;    6.6;   -1.6;   -4.4;eor
       4896;20190303;-999;-999;-999;    3;  10.1;   4;-999;   0;  -999;   9.7;    -999;    8.2;   88.92;    9.8;    6.2;    5.6;eor
       4896;20190304;-999;-999;-999;    3;  14.1;   4;-999;   0;  -999;   9.4;    -999;    7.5;   89.75;   11.5;    4.9;    4.4;eor
       4896;20190305;-999;-999;-999;    3;   0.0;   0;-999;   0;  -999;   7.7;    -999;    6.1;   82.54;    9.6;    3.1;    0.3;eor
       4896;20190306;-999;-999;-999;    3;   6.8;   4;-999;   0;  -999;   8.5;    -999;    5.7;   91.38;    8.2;    2.6;    1.0;eor
       4896;20190307;-999;-999;-999;    3;   7.5;   4;-999;   0;  -999;   9.2;    -999;    7.9;   86.25;   10.9;    5.2;    3.7;eor
       4896;20190308;-999;-999;-999;    3;   4.8;   4;-999;   0;  -999;   7.1;    -999;    5.7;   78.29;    8.6;    3.3;    1.3;eor
       4896;20190309;-999;-999;-999;    3;   9.7;   4;-999;   0;  -999;   7.3;    -999;    4.5;   86.33;    8.6;    0.3;    0.0;eor
       4896;20190310;-999;-999;-999;    3;   0.8;   4;-999;   0;  -999;   6.8;    -999;    4.4;   81.33;    8.6;    0.5;   -2.1;eor
       4896;20190311;-999;-999;-999;    3;   0.2;   4;-999;   0;  -999;   6.4;    -999;    3.1;   84.79;    7.6;   -0.8;   -3.5;eor
       4896;20190312;-999;-999;-999;    3;  11.0;   4;-999;   0;  -999;   7.0;    -999;    3.1;   91.29;    5.3;   -0.8;   -3.5;eor
       4896;20190313;-999;-999;-999;    3;  11.3;   4;-999;   0;  -999;   8.0;    -999;    5.0;   91.50;    6.1;    3.4;    2.6;eor
       4896;20190314;-999;-999;-999;    3;   8.3;   4;-999;   0;  -999;   8.3;    -999;    5.4;   92.58;    6.2;    4.2;    2.1;eor
       4896;20190315;-999;-999;-999;    3;   9.2;   4;-999;   0;  -999;   8.2;    -999;    5.7;   89.00;    8.4;    3.7;    1.5;eor
       4896;20190316;-999;-999;-999;    3;  22.4;   4;-999;   0;  -999;   8.3;    -999;    5.9;   89.00;    9.3;    3.9;    2.2;eor
       4896;20190317;-999;-999;-999;    3;   2.1;   4;-999;   0;  -999;   8.0;    -999;    6.7;   81.00;    9.1;    3.8;    2.6;eor
       4896;20190318;-999;-999;-999;    3;   3.5;   4;-999;   0;  -999;   7.0;    -999;    5.0;   79.83;    8.1;    2.2;   -0.6;eor
       4896;20190319;-999;-999;-999;    3;   0.0;   0;-999;   0;  -999;   6.3;    -999;    4.7;   75.04;   11.0;    0.5;   -2.5;eor
       4896;20190320;-999;-999;-999;    3;   0.1;   4;-999;   0;  -999;   8.9;    -999;    6.2;   92.08;    9.5;    0.5;   -2.4;eor
       4896;20190321;-999;-999;-999;    3;   0.0;   0;-999;   0;  -999;  10.3;    -999;    8.0;   95.75;   10.2;    6.2;    6.3;eor
       4896;20190322;-999;-999;-999;    3;   0.0;   0;-999;   0;  -999;   9.9;    -999;    7.3;   96.88;   10.9;    5.7;    2.5;eor
       4896;20190323;-999;-999;-999;    3;   0.0;   0;-999;   0;  -999;   8.4;    -999;    7.2;   83.33;   13.1;    1.6;   -1.0;eor
       4896;20190324;-999;-999;-999;    3;   1.8;   4;-999;   0;  -999;   7.2;    -999;    5.1;   83.25;   10.8;    1.6;   -0.8;eor
       4896;20190325;-999;-999;-999;    3;   0.5;   4;-999;   0;  -999;   7.3;    -999;    5.2;   82.38;    9.2;    1.5;   -0.5;eor
       4896;20190326;-999;-999;-999;    3;   0.0;   0;-999;   0;  -999;   7.6;    -999;    6.2;   80.88;   10.0;    2.8;    0.3;eor
       4896;20190327;-999;-999;-999;    3;   1.9;   4;-999;   0;  -999;   9.8;    -999;    7.5;   94.08;    9.5;    6.0;    5.7;eor
       4896;20190328;-999;-999;-999;    3;   0.0;   0;-999;   0;  -999;  10.4;    -999;    9.3;   89.17;   14.0;    4.6;    1.2;eor
       4896;20190329;-999;-999;-999;    3;   0.0;   0;-999;   0;  -999;   8.9;    -999;    8.3;   82.54;   13.3;    3.6;   -0.6;eor
       4896;20190330;-999;-999;-999;    3;   0.0;   0;-999;   0;  -999;   9.1;    -999;    8.8;   81.21;   17.2;    2.3;   -1.7;eor
       4896;20190331;-999;-999;-999;    3;   0.0;   0;-999;   0;  -999;   5.9;    -999;    5.8;   64.83;   10.4;    0.2;   -3.7;eor
       4896;20190401;-999;-999;-999;    3;   0.0;   0;-999;   0;  -999;   5.8;    -999;    3.8;   74.04;    8.4;   -1.8;   -4.8;eor
       4896;20190402;-999;-999;-999;    3;   1.0;   4;-999;   0;  -999;   6.9;    -999;    6.7;   70.33;   11.2;    1.4;   -3.0;eor
       4896;20190403;-999;-999;-999;    3;   4.1;   4;-999;   0;  -999;   9.7;    -999;    8.1;   89.38;   11.4;    4.6;    2.1;eor
       4896;20190404;-999;-999;-999;    3;   0.0;   0;-999;   0;  -999;   9.3;    -999;    8.1;   86.63;   13.0;    4.8;    1.6;eor
       4896;20190405;-999;-999;-999;    3;   0.0;   0;-999;   0;  -999;   9.1;    -999;    8.2;   83.71;   12.6;    3.3;    0.5;eor
       4896;20190406;-999;-999;-999;    3;   0.0;   0;-999;   0;  -999;   9.8;    -999;    9.2;   85.25;   14.7;    4.5;    1.7;eor
       4896;20190407;-999;-999;-999;    3;   0.0;   0;-999;   0;  -999;   9.3;    -999;    9.6;   78.67;   15.8;    3.9;    0.3;eor
       4896;20190408;-999;-999;-999;    3;   0.0;   0;-999;   0;  -999;   7.6;    -999;    7.6;   73.79;   11.2;    2.5;   -1.7;eor
       4896;20190409;-999;-999;-999;    3;   0.0;   0;-999;   0;  -999;   5.7;    -999;    4.2;   71.08;    8.9;   -1.6;   -5.3;eor
       4896;20190410;-999;-999;-999;    3;   0.0;   0;-999;   0;  -999;   5.0;    -999;    3.0;   67.88;    7.9;   -1.6;   -5.9;eor
       4896;20190411;-999;-999;-999;    3;   1.8;   4;-999;   0;  -999;   6.5;    -999;    3.4;   83.21;    5.2;    1.2;   -1.7;eor
       4896;20190412;-999;-999;-999;    3;   0.6;   4;-999;   0;  -999;   5.7;    -999;    2.9;   77.00;    6.8;    0.0;   -2.6;eor
       4896;20190413;-999;-999;-999;    3;   0.3;   4;-999;   0;  -999;   5.6;    -999;    2.9;   74.67;    6.0;    0.3;   -0.8;eor
       4896;20190414;-999;-999;-999;    3;   0.0;   0;-999;   0;  -999;   6.5;    -999;    5.0;   74.83;    8.1;    3.0;    1.9;eor
       4896;20190415;-999;-999;-999;    3;   0.0;   0;-999;   0;  -999;   6.4;    -999;    5.3;   72.04;    8.4;    3.0;    1.3;eor
       4896;20190416;-999;-999;-999;    3;   0.0;   0;-999;   0;  -999;   6.6;    -999;    5.9;   71.08;    9.6;    2.3;    0.3;eor
       4896;20190417;-999;-999;-999;    3;   0.0;   0;-999;   0;  -999;   7.5;    -999;    8.5;   68.83;   12.6;    4.9;    3.1;eor
       4896;20190418;-999;-999;-999;    3;   0.0;   0;-999;   0;  -999;   8.1;    -999;    8.9;   72.88;   14.1;    3.9;   -0.8;eor
       4896;20190419;-999;-999;-999;    3;   0.0;   0;-999;   0;  -999;   7.6;    -999;    9.1;   67.75;   14.9;    4.4;   -1.0;eor
       4896;20190420;-999;-999;-999;    3;   0.0;   0;-999;   0;  -999;   6.1;    -999;    9.9;   54.42;   16.2;    3.1;   -2.3;eor
       4896;20190421;-999;-999;-999;    3;   0.0;   0;-999;   0;  -999;   7.0;    -999;   11.3;   54.00;   17.3;    4.0;   -2.4;eor
       4896;20190422;-999;-999;-999;    3;   0.0;   0;-999;   0;  -999;   8.3;    -999;   10.8;   65.46;   15.7;    4.6;   -0.8;eor
       4896;20190423;-999;-999;-999;    3;   0.0;   0;-999;   0;  -999;   8.9;    -999;   11.8;   65.08;   14.7;    8.7;    6.9;eor
       4896;20190424;-999;-999;-999;    3;   0.8;   4;-999;   0;  -999;  11.5;    -999;   12.7;   78.21;   17.0;    9.5;    7.8;eor
       4896;20190425;-999;-999;-999;    3;   0.0;   0;-999;   0;  -999;  11.9;    -999;   14.3;   74.08;   19.8;   10.1;    6.9;eor
       4896;20190426;-999;-999;-999;    3;   6.0;   4;-999;   0;  -999;  12.2;    -999;   12.5;   84.08;   17.3;    9.2;    8.5;eor
       4896;20190427;-999;-999;-999;    3;   2.4;   4;-999;   0;  -999;  11.7;    -999;   11.8;   85.42;   18.8;    8.7;    8.4;eor
       4896;20190428;-999;-999;-999;    3;   1.6;   4;-999;   0;  -999;  11.0;    -999;    9.3;   93.71;   11.2;    7.4;    5.0;eor
       4896;20190429;-999;-999;-999;    3;   0.0;   0;-999;   0;  -999;  10.3;    -999;   10.9;   80.58;   17.2;    4.9;    1.6;eor
       4896;20190430;-999;-999;-999;    3;   0.0;   0;-999;   0;  -999;   9.3;    -999;   12.5;   66.38;   20.1;    5.7;    1.9;eor
       4896;20190501;-999;-999;-999;    3;   0.0;   0;-999;-999;  -999;  10.1;    -999;    8.5;   90.58;    9.7;    7.7;    7.8;eor
       4896;20190502;-999;-999;-999;    3;   0.6;   4;-999;-999;  -999;   8.8;    -999;    7.9;   81.71;   10.7;    2.9;   -0.3;eor
       4896;20190503;-999;-999;-999;    3;   1.8;   4;-999;-999;  -999;   6.7;    -999;    5.5;   75.04;   12.5;    1.4;   -1.4;eor
       4896;20190504;-999;-999;-999;    3;   1.1;   4;-999;-999;  -999;   6.5;    -999;    4.7;   77.04;   10.4;   -0.4;   -2.0;eor
       4896;20190505;-999;-999;-999;    3;   1.5;   4;-999;-999;  -999;   6.7;    -999;    6.1;   72.83;   13.3;   -1.3;   -3.0;eor
       4896;20190506;-999;-999;-999;    3;   0.5;   4;-999;-999;  -999;   7.2;    -999;    6.5;   75.46;   11.9;    2.3;   -0.2;eor
       4896;20190507;-999;-999;-999;    3;   0.5;   4;-999;-999;  -999;   6.5;    -999;    6.6;   68.67;   12.4;    0.7;   -1.7;eor
       4896;20190508;-999;-999;-999;    3;   7.9;   4;-999;-999;  -999;   8.9;    -999;    9.2;   76.92;   13.3;    4.4;    1.3;eor
       4896;20190509;-999;-999;-999;    3;   0.3;   4;-999;-999;  -999;  11.4;    -999;   12.2;   81.38;   17.9;    9.4;    7.2;eor
       4896;20190510;-999;-999;-999;    3;   0.4;   4;-999;-999;  -999;   9.7;    -999;    8.6;   85.71;   12.6;    2.6;   -0.6;eor
       4896;20190511;-999;-999;-999;    3;   0.0;   0;-999;-999;  -999;   7.4;    -999;    8.3;   70.17;   15.4;    0.2;   -1.4;eor
       4896;20190512;-999;-999;-999;    3;   0.0;   0;-999;-999;  -999;   7.2;    -999;    9.1;   65.04;   15.7;    2.4;   -0.6;eor
       4896;20190513;-999;-999;-999;    3;   0.0;   0;-999;-999;  -999;   7.3;    -999;    9.5;   64.00;   15.7;    3.8;    0.5;eor
       4896;20190514;-999;-999;-999;    3;   0.0;   0;-999;-999;  -999;   7.5;    -999;    9.1;   67.33;   15.1;    2.8;   -0.4;eor
       4896;20190515;-999;-999;-999;    3;   0.0;   0;-999;-999;  -999;   7.2;    -999;   10.1;   61.25;   16.1;    1.6;   -0.4;eor
       4896;20190516;-999;-999;-999;    3;   1.2;   4;-999;-999;  -999;   9.0;    -999;   11.5;   68.25;   16.3;    5.5;    2.5;eor
       4896;20190517;-999;-999;-999;    3;   0.3;   4;-999;-999;  -999;  11.9;    -999;   10.1;   96.54;   11.1;    8.5;    8.7;eor
       4896;20190518;-999;-999;-999;    3;   0.0;   0;-999;-999;  -999;  13.3;    -999;   12.5;   91.71;   17.7;    9.3;    8.4;eor
       4896;20190519;-999;-999;-999;    3;   0.0;   0;-999;-999;  -999;  14.4;    -999;   13.3;   94.29;   17.6;   10.8;    8.3;eor
       4896;20190520;-999;-999;-999;    3;   0.2;   4;-999;-999;  -999;  15.7;    -999;   16.2;   85.96;   21.3;   12.3;   12.3;eor
       4896;20190521;-999;-999;-999;    3;   8.9;   4;-999;-999;  -999;  16.1;    -999;   15.7;   90.04;   20.0;   11.5;   12.1;eor
       4896;20190522;-999;-999;-999;    3;   0.2;   4;-999;-999;  -999;  11.5;    -999;   10.8;   89.17;   15.1;    6.2;    3.6;eor
       4896;20190523;-999;-999;-999;    3;   0.0;   0;-999;-999;  -999;  10.5;    -999;   13.5;   70.79;   19.9;    6.1;    4.0;eor
       4896;20190524;-999;-999;-999;    3;   0.0;   0;-999;-999;  -999;  10.8;    -999;   12.8;   74.92;   19.5;    6.2;    3.8;eor
       4896;20190525;-999;-999;-999;    3;   0.0;   0;-999;-999;  -999;  10.7;    -999;   11.6;   78.88;   16.9;    9.3;    8.9;eor
       4896;20190526;-999;-999;-999;    3;  17.1;   4;-999;-999;  -999;  13.5;    -999;   12.1;   94.63;   13.9;    9.1;    9.0;eor
       4896;20190527;-999;-999;-999;    3;   0.1;   4;-999;-999;  -999;  11.6;    -999;   12.8;   78.75;   16.5;    9.2;    8.2;eor
       4896;20190528;-999;-999;-999;    3;   0.0;   0;-999;-999;  -999;   9.2;    -999;   10.8;   72.13;   15.4;    4.1;    2.3;eor
       4896;20190529;-999;-999;-999;    3;   0.0;   0;-999;-999;  -999;   7.8;    -999;   10.0;   65.50;   15.6;    3.3;    1.6;eor
       4896;20190530;-999;-999;-999;    3;   3.8;   4;-999;-999;  -999;  12.6;    -999;   12.6;   84.13;   15.7;    7.5;    3.9;eor
       4896;20190531;-999;-999;-999;    3;   0.6;   4;-999;-999;  -999;  15.9;    -999;   15.1;   92.42;   18.2;   11.6;    9.4;eor
       4896;20190601;-999;-999;-999;    3;   0.1;   4;-999;-999;  -999;  14.1;    -999;   15.1;   82.46;   19.8;    9.6;    7.4;eor
       4896;20190602;-999;-999;-999;    3;   0.0;   0;-999;-999;  -999;  15.5;    -999;   16.6;   81.88;   23.7;    8.4;    6.9;eor
       4896;20190603;-999;-999;-999;    3;   0.3;   4;-999;-999;  -999;  15.8;    -999;   18.0;   76.58;   24.0;   12.3;   11.8;eor
       4896;20190604;-999;-999;-999;    3;   0.9;   4;-999;-999;  -999;  13.7;    -999;   14.8;   81.92;   17.5;    9.9;    8.5;eor
       4896;20190605;-999;-999;-999;    3;   0.0;   0;-999;-999;  -999;  18.7;    -999;   19.9;   80.79;   24.6;   15.4;   13.5;eor
       4896;20190606;-999;-999;-999;    3;   4.2;   4;-999;-999;  -999;  16.5;    -999;   17.7;   80.96;   26.2;   10.3;    9.0;eor
       4896;20190607;-999;-999;-999;    3;   1.3;   4;-999;-999;  -999;  12.7;    -999;   14.9;   76.00;   19.0;    9.9;    9.2;eor
       4896;20190608;-999;-999;-999;    3;   1.5;   4;-999;-999;  -999;  12.9;    -999;   14.6;   77.96;   17.0;   11.7;    9.8;eor
       4896;20190609;-999;-999;-999;    3;   0.4;   4;-999;-999;  -999;  12.3;    -999;   14.9;   73.42;   19.7;   11.9;    9.3;eor
       4896;20190610;-999;-999;-999;    3;   4.5;   4;-999;-999;  -999;  14.3;    -999;   14.2;   88.33;   16.8;   12.0;   11.3;eor
       4896;20190611;-999;-999;-999;    3;   3.9;   4;-999;-999;  -999;  16.5;    -999;   15.7;   92.13;   20.8;   13.1;   11.5;eor
       4896;20190612;-999;-999;-999;    3;   6.7;   4;-999;-999;  -999;  17.1;    -999;   15.6;   96.29;   17.2;   13.6;   11.6;eor
       4896;20190613;-999;-999;-999;    3;   1.7;   4;-999;-999;  -999;  14.1;    -999;   17.1;   74.88;   22.5;   11.5;    9.4;eor
       4896;20190614;-999;-999;-999;    3;   0.0;   0;-999;-999;  -999;  15.8;    -999;   17.6;   79.92;   24.3;   11.2;    9.7;eor
       4896;20190615;-999;-999;-999;    3;   9.1;   4;-999;-999;  -999;  17.2;    -999;   16.3;   92.54;   18.8;   13.8;   13.2;eor
       4896;20190616;-999;-999;-999;    3;   0.0;   0;-999;-999;  -999;  14.9;    -999;   16.7;   79.63;   22.3;   11.6;    9.8;eor
       4896;20190617;-999;-999;-999;    3;   0.0;   0;-999;-999;  -999;  15.4;    -999;   18.3;   74.92;   24.8;   11.3;    9.3;eor
       4896;20190618;-999;-999;-999;    3;  18.6;   4;-999;-999;  -999;  18.3;    -999;   20.0;   79.83;   27.9;   14.9;   12.2;eor
       4896;20190619;-999;-999;-999;    3;   3.0;   4;-999;-999;  -999;  19.6;    -999;   19.3;   87.88;   25.9;   14.9;   13.4;eor
       4896;20190620;-999;-999;-999;    3;   0.7;   4;-999;-999;  -999;  16.8;    -999;   17.0;   86.67;   20.6;   12.2;   10.7;eor
       4896;20190621;-999;-999;-999;    3;   3.5;   4;-999;-999;  -999;  13.4;    -999;   14.9;   80.13;   20.6;    9.7;    7.8;eor
       4896;20190622;-999;-999;-999;    3;   0.0;   0;-999;-999;  -999;  11.7;    -999;   14.1;   74.38;   18.6;    8.3;    6.9;eor
       4896;20190623;-999;-999;-999;    3;   0.0;   0;-999;-999;  -999;  13.5;    -999;   16.1;   74.54;   20.2;   10.3;    8.0;eor
       4896;20190624;-999;-999;-999;    3;   0.0;   0;-999;-999;  -999;  15.0;    -999;   18.6;   71.00;   21.7;   14.8;   12.6;eor
       4896;20190625;-999;-999;-999;    3;   0.0;   0;-999;-999;  -999;  19.6;    -999;   22.1;   73.88;   28.5;   15.9;   13.2;eor
       4896;20190626;-999;-999;-999;    3;   0.0;   0;-999;-999;  -999;  19.2;    -999;   21.0;   76.08;   28.0;   11.7;   10.6;eor
       4896;20190627;-999;-999;-999;    3;   0.0;   0;-999;-999;  -999;  13.1;    -999;   14.7;   78.38;   18.9;   10.1;    8.6;eor
       4896;20190628;-999;-999;-999;    3;   0.0;   0;-999;-999;  -999;  13.8;    -999;   15.8;   78.21;   23.1;    9.0;    7.9;eor
       4896;20190629;-999;-999;-999;    3;   0.0;   0;-999;-999;  -999;  14.5;    -999;   18.9;   69.83;   26.3;    9.8;    8.9;eor
       4896;20190630;-999;-999;-999;    3;   0.0;   0;-999;-999;  -999;  16.9;    -999;   20.9;   70.17;   30.5;   13.1;   11.2;eor
       4896;20190701;-999;-999;-999;    3;   0.1;   4;-999;-999;  -999;  14.7;    -999;   16.4;   80.08;   22.7;   12.5;   10.6;eor
       4896;20190702;-999;-999;-999;    3;   0.4;   4;-999;-999;  -999;  11.1;    -999;   13.2;   73.92;   17.5;    8.3;    6.5;eor
       4896;20190703;-999;-999;-999;    3;   0.0;   0;-999;-999;  -999;  10.8;    -999;   13.1;   73.54;   19.6;    7.8;    6.3;eor
       4896;20190704;-999;-999;-999;    3;   4.6;   4;-999;-999;  -999;  13.6;    -999;   13.0;   89.46;   16.6;    7.2;    5.5;eor
       4896;20190705;-999;-999;-999;    3;   2.4;   4;-999;-999;  -999;  15.0;    -999;   14.3;   91.92;   17.3;   12.1;   12.2;eor
       4896;20190706;-999;-999;-999;    3;   4.1;   4;-999;-999;  -999;  14.1;    -999;   14.3;   86.04;   18.7;   11.2;   10.1;eor
       4896;20190707;-999;-999;-999;    3;   0.1;   4;-999;-999;  -999;  11.4;    -999;   13.1;   76.33;   17.3;   10.2;   10.1;eor
       4896;20190708;-999;-999;-999;    3;   0.0;   0;-999;-999;  -999;  11.9;    -999;   13.3;   79.29;   18.5;    9.2;    8.0;eor
       4896;20190709;-999;-999;-999;    3;   0.0;   0;-999;-999;  -999;  12.3;    -999;   13.7;   79.67;   19.7;    8.3;    7.3;eor
       4896;20190710;-999;-999;-999;    3;   0.0;   0;-999;-999;  -999;  12.1;    -999;   15.5;   71.58;   22.0;    9.2;    8.1;eor
       4896;20190711;-999;-999;-999;    3;   2.8;   4;-999;-999;  -999;  15.3;    -999;   15.5;   86.42;   18.3;   12.9;   12.7;eor
       4896;20190712;-999;-999;-999;    3;   0.1;   4;-999;-999;  -999;  17.1;    -999;   16.8;   89.46;   21.0;   13.9;   11.8;eor
       4896;20190713;-999;-999;-999;    3;   0.0;   0;-999;-999;  -999;  16.3;    -999;   16.8;   85.17;   21.9;   13.2;   11.7;eor
       4896;20190714;-999;-999;-999;    3;   0.0;   4;-999;-999;  -999;  14.1;    -999;   14.1;   87.63;   16.2;   12.3;   12.5;eor
       4896;20190715;-999;-999;-999;    3;   0.0;   0;-999;-999;  -999;  12.9;    -999;   14.2;   79.17;   17.7;   12.0;   12.0;eor
       4896;20190716;-999;-999;-999;    3;   0.0;   0;-999;-999;  -999;  14.6;    -999;   16.1;   80.42;   22.5;   11.5;   10.7;eor
       4896;20190717;-999;-999;-999;    3;   0.0;   0;-999;-999;  -999;  14.5;    -999;   16.3;   79.88;   22.0;   12.1;   10.6;eor
       4896;20190718;-999;-999;-999;    3;   0.0;   0;-999;-999;  -999;  15.0;    -999;   17.7;   75.38;   23.7;   10.1;    9.5;eor
       4896;20190719;-999;-999;-999;    3;   0.0;   0;-999;-999;  -999;  15.8;    -999;   17.8;   78.21;   22.7;   11.7;   10.7;eor
       4896;20190720;-999;-999;-999;    3;   9.3;   4;-999;-999;  -999;  16.7;    -999;   18.8;   79.08;   26.4;   11.5;   10.6;eor
       4896;20190721;-999;-999;-999;    3;   0.0;   0;-999;-999;  -999;  16.4;    -999;   16.3;   87.96;   19.8;   12.2;   11.4;eor
       4896;20190722;-999;-999;-999;    3;   3.8;   4;-999;-999;  -999;  16.8;    -999;   15.4;   95.29;   18.0;   12.0;   10.9;eor
       4896;20190723;-999;-999;-999;    3;   0.0;   0;-999;-999;  -999;  19.9;    -999;   21.2;   80.67;   27.8;   14.5;   12.6;eor
       4896;20190724;-999;-999;-999;    3;   0.0;   0;-999;-999;  -999;  19.3;    -999;   22.5;   72.83;   27.9;   14.9;   14.3;eor
       4896;20190725;-999;-999;-999;    3;   0.0;   0;-999;-999;  -999;  19.5;    -999;   22.8;   71.21;   29.0;   18.1;   16.3;eor
       4896;20190726;-999;-999;-999;    3;   0.0;   0;-999;-999;  -999;  17.5;    -999;   22.2;   66.88;   27.4;   17.7;   15.2;eor
       4896;20190727;-999;-999;-999;    3;   0.0;   0;-999;-999;  -999;  18.4;    -999;   20.8;   75.71;   25.5;   17.9;   15.5;eor
       4896;20190728;-999;-999;-999;    3;   0.0;   0;-999;-999;  -999;  19.8;    -999;   20.9;   80.92;   25.2;   18.3;   17.1;eor
       4896;20190729;-999;-999;-999;    3;   2.5;   4;-999;-999;  -999;  21.5;    -999;   22.3;   81.42;   29.8;   17.2;   16.0;eor
       4896;20190730;-999;-999;-999;    3;   2.0;   4;-999;-999;  -999;  17.0;    -999;   18.1;   82.38;   22.9;   14.0;   11.6;eor
       4896;20190731;-999;-999;-999;    3;  10.2;   4;-999;-999;  -999;  18.5;    -999;   17.3;   93.63;   23.1;   13.3;   11.4;eor
       4896;20190801;-999;-999;-999;    3;   3.3;   4;-999;-999;  -999;  17.4;    -999;   17.7;   86.71;   22.7;   13.2;   11.5;eor
       4896;20190802;-999;-999;-999;    3;   0.6;   4;-999;-999;  -999;  17.8;    -999;   17.9;   87.29;   20.5;   13.4;   11.6;eor
       4896;20190803;-999;-999;-999;    3;   0.0;   0;-999;-999;  -999;  16.4;    -999;   18.2;   79.92;   24.4;   11.8;   10.2;eor
       4896;20190804;-999;-999;-999;    3;   0.0;   0;-999;-999;  -999;  15.2;    -999;   17.1;   79.58;   22.2;   11.3;    9.4;eor
       4896;20190805;-999;-999;-999;    3;   1.0;   4;-999;-999;  -999;  16.6;    -999;   17.2;   85.25;   22.5;   11.2;    9.5;eor
       4896;20190806;-999;-999;-999;    3;   0.0;   0;-999;-999;  -999;  16.4;    -999;   18.8;   76.88;   24.6;   13.0;   10.9;eor
       4896;20190807;-999;-999;-999;    3;  14.0;   4;-999;-999;  -999;  16.0;    -999;   17.1;   82.50;   22.2;   12.4;   10.3;eor
       4896;20190808;-999;-999;-999;    3;   4.1;   4;-999;-999;  -999;  16.5;    -999;   16.5;   88.33;   21.4;   13.3;   11.1;eor
       4896;20190809;-999;-999;-999;    3;   0.7;   4;-999;-999;  -999;  17.1;    -999;   17.6;   85.25;   21.0;   12.6;   10.5;eor
       4896;20190810;-999;-999;-999;    3;   0.0;   0;-999;-999;  -999;  17.7;    -999;   20.2;   75.13;   23.4;   18.4;   17.1;eor
       4896;20190811;-999;-999;-999;    3;   0.0;   0;-999;-999;  -999;  14.9;    -999;   18.5;   70.96;   22.4;   15.6;   13.9;eor
       4896;20190812;-999;-999;-999;    3;  10.1;   4;-999;-999;  -999;  14.7;    -999;   17.3;   74.88;   22.5;   13.4;   11.0;eor
       4896;20190813;-999;-999;-999;    3;   5.2;   4;-999;-999;  -999;  14.2;    -999;   13.8;   90.00;   17.2;   11.1;    9.2;eor
       4896;20190814;-999;-999;-999;    3;   1.1;   4;-999;-999;  -999;  13.1;    -999;   14.7;   79.71;   19.8;   10.2;    8.8;eor
       4896;20190815;-999;-999;-999;    3;   4.2;   4;-999;-999;  -999;  15.9;    -999;   15.2;   91.33;   19.5;   12.5;   12.3;eor
       4896;20190816;-999;-999;-999;    3;   2.6;   4;-999;-999;  -999;  15.3;    -999;   16.9;   80.63;   21.1;   13.3;   11.9;eor
       4896;20190817;-999;-999;-999;    3;  17.1;   4;-999;-999;  -999;  17.0;    -999;   16.3;   91.25;   19.2;   14.3;   13.7;eor
       4896;20190818;-999;-999;-999;    3;   1.7;   4;-999;-999;  -999;  16.9;    -999;   15.6;   94.96;   17.7;   13.0;   11.5;eor
       4896;20190819;-999;-999;-999;    3;   5.5;   4;-999;-999;  -999;  15.3;    -999;   15.4;   88.17;   20.5;   12.0;   10.4;eor
       4896;20190820;-999;-999;-999;    3;   1.2;   4;-999;-999;  -999;  14.3;    -999;   15.2;   83.63;   20.4;   10.7;    8.7;eor
       4896;20190821;-999;-999;-999;    3;   0.0;   4;-999;-999;  -999;  13.4;    -999;   15.5;   77.50;   21.9;   10.5;    8.3;eor
       4896;20190822;-999;-999;-999;    3;   0.0;   0;-999;-999;  -999;  13.4;    -999;   17.2;   71.33;   23.9;   10.6;    8.6;eor
       4896;20190823;-999;-999;-999;    3;   0.0;   0;-999;-999;  -999;  16.2;    -999;   18.1;   79.54;   24.8;   11.8;    9.4;eor
       4896;20190824;-999;-999;-999;    3;   0.0;   0;-999;-999;  -999;  17.6;    -999;   18.8;   81.92;   23.8;   12.9;   11.4;eor
       4896;20190825;-999;-999;-999;    3;   0.0;   0;-999;-999;  -999;  18.3;    -999;   21.3;   73.75;   25.7;   16.8;   14.0;eor
       4896;20190826;-999;-999;-999;    3;   0.0;   0;-999;-999;  -999;  18.4;    -999;   22.0;   71.25;   27.3;   16.8;   14.3;eor
       4896;20190827;-999;-999;-999;    3;   0.0;   0;-999;-999;  -999;  21.1;    -999;   22.1;   79.75;   26.2;   17.3;   14.5;eor
       4896;20190828;-999;-999;-999;    3;   2.7;   4;-999;-999;  -999;  21.8;    -999;   24.1;   74.63;   30.6;   18.7;   17.1;eor
       4896;20190829;-999;-999;-999;    3;   0.0;   0;-999;-999;  -999;  19.5;    -999;   19.6;   85.92;   24.1;   13.8;   11.7;eor
       4896;20190830;-999;-999;-999;    3;   0.0;   0;-999;-999;  -999;  15.6;    -999;   17.3;   80.46;   23.8;   12.4;   10.8;eor
       4896;20190831;-999;-999;-999;    3;   0.8;   4;-999;-999;  -999;  18.3;    -999;   20.5;   77.00;   26.4;   12.8;   10.4;eor
       4896;20190901;-999;-999;-999;    3;   0.7;   4;-999;-999;  -999;  15.6;    -999;   16.5;   82.58;   21.4;   10.4;    8.3;eor
       4896;20190902;-999;-999;-999;    3;   7.6;   4;-999;-999;  -999;  12.9;    -999;   13.8;   82.67;   19.2;    9.6;    7.7;eor
       4896;20190903;-999;-999;-999;    3;   7.5;   4;-999;-999;  -999;  15.9;    -999;   15.3;   90.88;   20.1;   12.2;   11.8;eor
       4896;20190904;-999;-999;-999;    3;   6.1;   4;-999;-999;  -999;  15.6;    -999;   15.9;   86.92;   20.2;   11.7;    9.9;eor
       4896;20190905;-999;-999;-999;    3;   4.5;   4;-999;-999;  -999;  12.7;    -999;   12.1;   89.88;   17.4;    8.3;    6.2;eor
       4896;20190906;-999;-999;-999;    3;   0.7;   4;-999;-999;  -999;  12.7;    -999;   12.6;   86.63;   16.9;    7.8;    5.8;eor
       4896;20190907;-999;-999;-999;    3;   0.6;   4;-999;-999;  -999;  13.4;    -999;   13.6;   86.63;   18.6;    9.8;    7.2;eor
       4896;20190908;-999;-999;-999;    3;   0.0;   0;-999;-999;  -999;  13.0;    -999;   13.4;   85.63;   18.9;    7.3;    5.8;eor
       4896;20190909;-999;-999;-999;    3;  10.0;   4;-999;-999;  -999;  14.1;    -999;   13.6;   91.08;   19.0;   10.2;    7.8;eor
       4896;20190910;-999;-999;-999;    3;   2.6;   4;-999;-999;  -999;  15.0;    -999;   13.8;   94.75;   18.2;   10.8;    8.2;eor
       4896;20190911;-999;-999;-999;    3;   5.6;   4;-999;-999;  -999;  14.1;    -999;   13.6;   90.58;   18.0;    9.5;    6.8;eor
       4896;20190912;-999;-999;-999;    3;   4.9;   4;-999;-999;  -999;  15.0;    -999;   15.2;   87.00;   20.1;   10.3;    7.3;eor
       4896;20190913;-999;-999;-999;    3;   0.0;   0;-999;-999;  -999;  13.7;    -999;   14.6;   82.13;   18.8;    8.2;    5.8;eor
       4896;20190914;-999;-999;-999;    3;   0.0;   0;-999;-999;  -999;  11.2;    -999;   12.3;   79.79;   18.6;    6.6;    4.7;eor
       4896;20190915;-999;-999;-999;    3;   0.8;   4;-999;-999;  -999;  12.8;    -999;   13.2;   83.71;   18.4;    9.3;    6.0;eor
       4896;20190916;-999;-999;-999;    3;   0.9;   4;-999;-999;  -999;  10.2;    -999;   11.6;   76.21;   16.3;    7.7;    4.7;eor
       4896;20190917;-999;-999;-999;    3;   1.3;   4;-999;-999;  -999;  10.2;    -999;   10.3;   81.79;   13.9;    6.9;    4.0;eor
       4896;20190918;-999;-999;-999;    3;   0.4;   4;-999;-999;  -999;   9.9;    -999;   10.7;   77.71;   15.3;    7.5;    4.5;eor
       4896;20190919;-999;-999;-999;    3;   0.0;   0;-999;-999;  -999;   9.9;    -999;   10.7;   78.58;   16.2;    5.3;    3.0;eor
       4896;20190920;-999;-999;-999;    3;   0.1;   4;-999;-999;  -999;  13.2;    -999;   12.8;   88.54;   17.4;    8.3;    6.9;eor
       4896;20190921;-999;-999;-999;    3;   0.0;   0;-999;-999;  -999;  13.7;    -999;   14.5;   84.38;   21.5;    8.8;    5.6;eor
       4896;20190922;-999;-999;-999;    3;   0.0;   0;-999;-999;  -999;  13.7;    -999;   15.1;   81.17;   20.2;    9.3;    5.3;eor
       4896;20190923;-999;-999;-999;    3;   0.0;   0;-999;-999;  -999;  15.4;    -999;   15.0;   90.42;   17.4;   13.8;   11.3;eor
       4896;20190924;-999;-999;-999;    3;   0.2;   4;-999;-999;  -999;  15.7;    -999;   15.0;   92.21;   19.4;   13.4;   11.2;eor
       4896;20190925;-999;-999;-999;    3;   2.0;   4;-999;-999;  -999;  15.8;    -999;   14.6;   94.92;   15.8;   12.7;    9.6;eor
       4896;20190926;-999;-999;-999;    3;  13.8;   4;-999;-999;  -999;  15.9;    -999;   15.1;   92.29;   17.5;   13.4;   12.1;eor
       4896;20190927;-999;-999;-999;    3;   0.0;   4;-999;-999;  -999;  15.0;    -999;   14.9;   88.67;   18.0;   12.6;    9.2;eor
       4896;20190928;-999;-999;-999;    3;  12.1;   4;-999;-999;  -999;  13.4;    -999;   14.0;   84.08;   17.4;   11.6;   10.1;eor
       4896;20190929;-999;-999;-999;    3;  21.5;   4;-999;-999;  -999;  14.3;    -999;   13.1;   94.29;   14.6;   11.0;    9.5;eor
       4896;20190930;-999;-999;-999;    3;   2.9;   4;-999;-999;  -999;  12.4;    -999;   12.5;   85.75;   16.0;    8.3;    5.6;eor
       4896;20191001;-999;-999;-999;    3;   3.5;   4;-999;   0;  -999;  10.9;    -999;    9.0;   94.83;   10.8;    5.9;    4.1;eor
       4896;20191002;-999;-999;-999;    3;   1.0;   4;-999;   0;  -999;   9.4;    -999;    8.2;   87.08;   13.1;    3.5;    1.2;eor
       4896;20191003;-999;-999;-999;    3;   0.2;   4;-999;   0;  -999;   9.7;    -999;    8.4;   88.21;   11.2;    6.1;    3.1;eor
       4896;20191004;-999;-999;-999;    3;   0.7;   4;-999;   0;  -999;   9.9;    -999;    8.8;   87.54;   10.9;    6.2;    2.9;eor
       4896;20191005;-999;-999;-999;    3;   1.5;   4;-999;   0;  -999;   9.2;    -999;    8.1;   84.63;   10.1;    5.7;    3.0;eor
       4896;20191006;-999;-999;-999;    3;   0.0;   4;-999;   0;  -999;   8.5;    -999;    8.3;   78.38;   11.7;    5.1;    1.3;eor
       4896;20191007;-999;-999;-999;    3;   6.0;   4;-999;   0;  -999;   8.1;    -999;    7.0;   81.50;   10.5;    3.3;   -0.8;eor
       4896;20191008;-999;-999;-999;    3;   1.0;   4;-999;   0;  -999;  11.9;    -999;   11.0;   89.42;   16.2;    7.4;    7.0;eor
       4896;20191009;-999;-999;-999;    3;   1.8;   4;-999;   0;  -999;  11.6;    -999;   11.1;   88.00;   13.3;    7.9;    6.4;eor
       4896;20191010;-999;-999;-999;    3;  13.4;   4;-999;   0;  -999;  11.3;    -999;   10.2;   90.96;   12.8;    7.6;    5.1;eor
       4896;20191011;-999;-999;-999;    3;  28.1;   4;-999;   0;  -999;  13.7;    -999;   12.7;   92.79;   13.8;   10.1;    9.5;eor
       4896;20191012;-999;-999;-999;    3;   1.6;   4;-999;   0;  -999;  13.0;    -999;   12.3;   90.50;   13.6;   10.8;   10.1;eor
       4896;20191013;-999;-999;-999;    3;   1.9;   4;-999;   0;  -999;  14.1;    -999;   12.8;   94.46;   18.1;   10.3;   10.2;eor
       4896;20191014;-999;-999;-999;    3;   9.5;   4;-999;   0;  -999;  12.6;    -999;   13.3;   82.21;   16.1;   11.4;    9.8;eor
       4896;20191015;-999;-999;-999;    3;   7.3;   4;-999;   0;  -999;  14.2;    -999;   13.9;   89.00;   19.3;   11.6;    9.2;eor
       4896;20191016;-999;-999;-999;    3;   3.1;   4;-999;   0;  -999;  13.7;    -999;   12.2;   95.63;   14.4;    9.4;    5.7;eor
       4896;20191017;-999;-999;-999;    3;   5.8;   4;-999;   0;  -999;  13.6;    -999;   12.4;   93.79;   14.6;    9.6;    6.2;eor
       4896;20191018;-999;-999;-999;    3;   7.0;   4;-999;   0;  -999;  12.6;    -999;   11.8;   90.58;   15.6;    9.8;    6.8;eor
       4896;20191019;-999;-999;-999;    3;   2.5;   4;-999;   0;  -999;  11.3;    -999;   10.8;   86.92;   13.4;    8.3;    5.1;eor
       4896;20191020;-999;-999;-999;    3;   1.3;   4;-999;   0;  -999;  12.2;    -999;   10.6;   95.46;   13.1;    8.5;    4.5;eor
       4896;20191021;-999;-999;-999;    3;   0.5;   4;-999;   0;  -999;  12.9;    -999;   11.3;   95.83;   12.5;    9.1;    6.4;eor
       4896;20191022;-999;-999;-999;    3;   0.0;   4;-999;   0;  -999;  12.1;    -999;   10.8;   93.25;   13.1;    8.4;    4.4;eor
       4896;20191023;-999;-999;-999;    3;   0.1;   4;-999;   0;  -999;  12.2;    -999;   11.0;   93.08;   12.7;    9.6;    6.4;eor
       4896;20191024;-999;-999;-999;    1;   0.0;   0;-999;   0;  -999;  13.4;    -999;   12.2;   94.75;   13.8;   10.4;    7.4;eor
       4896;20191025;-999;-999;-999;    1;   2.1;   4;-999;   0;  -999;  12.5;    -999;   12.5;   85.83;   13.9;   10.6;    8.8;eor
       4896;20191026;-999;-999;-999;    1;   3.3;   4;-999;   0;  -999;  13.5;    -999;   14.5;   81.88;   16.1;   12.9;   11.4;eor
       4896;20191027;-999;-999;-999;    1;   3.8;   4;-999;   0;  -999;  10.1;    -999;    9.6;   83.63;   13.9;    7.2;    4.8;eor
       4896;20191028;-999;-999;-999;    1;   0.3;   4;-999;   0;  -999;   8.7;    -999;    6.9;   87.50;   12.4;    2.8;   -0.6;eor
       4896;20191029;-999;-999;-999;    1;   0.0;   0;-999;   0;  -999;   7.5;    -999;    5.2;   85.50;   10.0;    0.9;   -2.2;eor
       4896;20191030;-999;-999;-999;    1;   0.0;   0;-999;   0;  -999;   6.5;    -999;    3.7;   83.08;    9.8;    0.0;   -3.5;eor
       4896;20191031;-999;-999;-999;    1;   0.0;   0;-999;   0;  -999;   6.4;    -999;    2.8;   86.13;    8.4;   -0.6;   -4.3;eor
       4896;20191101;-999;-999;-999;    1;   3.0;   4;-999;   0;  -999;   6.5;    -999;    2.6;   88.08;    4.9;   -0.2;   -5.0;eor
       4896;20191102;-999;-999;-999;    1;   5.6;   4;-999;   0;  -999;  10.7;    -999;    8.5;   94.83;   13.0;    4.4;    3.0;eor
       4896;20191103;-999;-999;-999;    1;   1.1;   4;-999;   0;  -999;  11.0;    -999;    9.7;   91.71;   11.8;    8.2;    4.9;eor
       4896;20191104;-999;-999;-999;    1;  28.0;   4;-999;   0;  -999;  11.8;    -999;   10.0;   96.29;   10.8;    8.9;    8.9;eor
       4896;20191105;-999;-999;-999;    1;   7.4;   4;-999;   0;  -999;   9.8;    -999;    7.3;   96.04;    9.2;    5.9;    5.9;eor
       4896;20191106;-999;-999;-999;    1;   0.0;   4;-999;   0;  -999;   8.3;    -999;    5.2;   94.00;    6.6;    3.4;    1.0;eor
       4896;20191107;-999;-999;-999;    1;   4.2;   4;-999;   0;  -999;   8.0;    -999;    4.3;   95.54;    7.5;    0.7;   -0.4;eor
       4896;20191108;-999;-999;-999;    1;   0.0;   0;-999;   0;  -999;   8.5;    -999;    6.0;   90.50;    9.5;    2.8;   -0.9;eor
       4896;20191109;-999;-999;-999;    1;   0.0;   0;-999;   0;  -999;   8.1;    -999;    4.4;   95.92;    8.2;    1.0;   -1.3;eor
       4896;20191110;-999;-999;-999;    1;   0.5;   4;-999;   0;  -999;   7.5;    -999;    4.0;   91.75;    8.5;   -0.3;   -2.0;eor
       4896;20191111;-999;-999;-999;    1;   0.0;   0;-999;   0;  -999;   7.0;    -999;    3.5;   88.33;    6.2;    2.0;    0.3;eor
       4896;20191112;-999;-999;-999;    1;   0.6;   4;-999;   0;  -999;   7.3;    -999;    4.9;   84.67;    6.4;    2.3;   -1.3;eor
       4896;20191113;-999;-999;-999;    1;   0.0;   4;-999;   0;  -999;   7.2;    -999;    3.7;   89.71;    5.5;    0.9;   -1.6;eor
       4896;20191114;-999;-999;-999;    1;   0.0;   0;-999;   0;  -999;   7.8;    -999;    5.2;   88.92;    7.4;    2.1;   -1.4;eor
       4896;20191115;-999;-999;-999;    1;   0.0;   0;-999;   0;  -999;   8.5;    -999;    7.0;   84.75;    8.5;    5.6;    4.4;eor
       4896;20191116;-999;-999;-999;    1;  11.0;   4;-999;   0;  -999;   9.7;    -999;    7.4;   94.13;    8.6;    4.4;    2.6;eor
       4896;20191117;-999;-999;-999;    1;   1.2;   4;-999;   0;  -999;   7.3;    -999;    4.0;   89.67;    6.2;    0.7;   -1.9;eor
       4896;20191118;-999;-999;-999;    1;   6.0;   4;-999;   0;  -999;   9.8;    -999;    7.5;   94.29;    8.8;    5.0;    4.6;eor
       4896;20191119;-999;-999;-999;    1;   0.6;   4;-999;   0;  -999;   8.7;    -999;    6.4;   90.25;    9.0;    4.8;    3.0;eor
       4896;20191120;-999;-999;-999;    1;   7.5;   4;-999;   0;  -999;   8.2;    -999;    4.5;   97.17;    6.1;    2.7;    0.0;eor
       4896;20191121;-999;-999;-999;    1;   3.0;   4;-999;   0;  -999;   8.9;    -999;    5.6;   96.79;    8.5;    1.8;   -1.3;eor
       4896;20191122;-999;-999;-999;    1;   0.0;   0;-999;   0;  -999;   9.5;    -999;    7.3;   92.88;    8.5;    5.8;    4.5;eor
       4896;20191123;-999;-999;-999;    1;   0.0;   0;-999;   0;  -999;   9.1;    -999;    7.2;   89.79;    8.6;    5.9;    5.9;eor
       4896;20191124;-999;-999;-999;    1;   0.0;   0;-999;   0;  -999;   8.2;    -999;    5.5;   89.92;    6.1;    4.6;    4.7;eor
       4896;20191125;-999;-999;-999;    1;   1.8;   4;-999;   0;  -999;   8.2;    -999;    5.2;   92.88;    6.1;    4.4;    4.4;eor
       4896;20191126;-999;-999;-999;    1;   0.1;   4;-999;   0;  -999;   8.9;    -999;    5.8;   96.33;    7.6;    4.7;    4.8;eor
       4896;20191127;-999;-999;-999;    1;   6.0;   4;-999;   0;  -999;   9.8;    -999;    7.5;   94.71;    8.3;    6.9;    4.9;eor
       4896;20191128;-999;-999;-999;    1;   5.0;   4;-999;   0;  -999;  10.3;    -999;    8.0;   95.63;    8.9;    4.7;    2.1;eor
       4896;20191129;-999;-999;-999;    1;   0.0;   0;-999;   0;  -999;   5.9;    -999;    2.2;   82.25;    5.0;   -1.9;   -5.1;eor
       4896;20191130;-999;-999;-999;    1;   0.0;   0;-999;   0;  -999;   6.2;    -999;    1.4;   91.33;    5.6;   -1.9;   -5.1;eor
       4896;20191201;-999;-999;-999;    1;   0.0;   0;-999;   0;  -999;   6.6;    -999;    1.9;   94.25;    5.9;   -0.4;   -3.9;eor
       4896;20191202;-999;-999;-999;    1;   0.5;   4;-999;   0;  -999;   6.5;    -999;    2.3;   90.54;    5.7;    0.2;   -3.8;eor
       4896;20191203;-999;-999;-999;    1;   0.5;   4;-999;   0;  -999;   8.3;    -999;    4.6;   95.83;    7.5;   -0.3;   -4.0;eor
       4896;20191204;-999;-999;-999;    1;   0.0;   0;-999;   0;  -999;   8.7;    -999;    6.2;   91.83;    7.3;    4.2;    1.5;eor
       4896;20191205;-999;-999;-999;    1;   3.3;   4;-999;   0;  -999;   7.8;    -999;    4.5;   92.13;    6.2;    2.6;    1.3;eor
       4896;20191206;-999;-999;-999;    1;   9.0;   4;-999;   0;  -999;   9.1;    -999;    6.3;   95.67;    7.8;    4.0;    3.8;eor
       4896;20191207;-999;-999;-999;    1;   0.8;   4;-999;   0;  -999;   9.5;    -999;    7.5;   91.25;    8.7;    6.3;    3.9;eor
       4896;20191208;-999;-999;-999;    1;   8.0;   4;-999;   0;  -999;   9.2;    -999;    7.6;   87.04;    9.4;    5.7;    4.0;eor
       4896;20191209;-999;-999;-999;    1;   1.4;   4;-999;   0;  -999;   7.7;    -999;    5.3;   86.29;    7.4;    1.4;   -2.2;eor
       4896;20191210;-999;-999;-999;    1;   1.5;   4;-999;   0;  -999;   6.4;    -999;    3.1;   83.13;    5.8;    0.7;   -4.0;eor
       4896;20191211;-999;-999;-999;    1;   1.1;   4;-999;   0;  -999;   8.0;    -999;    5.0;   91.92;    5.8;    3.7;    3.1;eor
       4896;20191212;-999;-999;-999;    1;   0.2;   4;-999;   0;  -999;   7.5;    -999;    3.9;   93.00;    5.2;    1.5;   -1.3;eor
       4896;20191213;-999;-999;-999;    1;   1.4;   4;-999;   0;  -999;   6.0;    -999;    1.9;   85.50;    3.1;    0.4;   -0.9;eor
       4896;20191214;-999;-999;-999;    1;   7.6;   4;-999;   0;  -999;   7.2;    -999;    3.2;   92.96;    5.1;    0.2;    0.1;eor
       4896;20191215;-999;-999;-999;    1;   7.8;   4;-999;   0;  -999;   7.3;    -999;    4.6;   85.38;    6.7;    2.4;    0.8;eor
       4896;20191216;-999;-999;-999;    1;   3.5;   4;-999;   0;  -999;   8.0;    -999;    5.3;   89.08;    6.5;    3.5;   -0.7;eor
       4896;20191217;-999;-999;-999;    1;   1.9;   4;-999;   0;  -999;   9.5;    -999;    7.6;   90.92;   11.2;    4.4;    2.8;eor
       4896;20191218;-999;-999;-999;    1;   0.0;   0;-999;   0;  -999;   8.4;    -999;    5.8;   90.42;    9.3;    3.0;   -1.4;eor
       4896;20191219;-999;-999;-999;    1;   0.0;   0;-999;   0;  -999;   8.2;    -999;    6.0;   87.46;    8.5;    3.0;   -0.7;eor
       4896;20191220;-999;-999;-999;    1;   5.9;   4;-999;   0;  -999;   8.6;    -999;    6.0;   92.42;    8.2;    3.8;   -1.2;eor
       4896;20191221;-999;-999;-999;    1;   1.0;   4;-999;   0;  -999;   8.6;    -999;    6.1;   90.42;    8.0;    3.7;   -1.1;eor
       4896;20191222;-999;-999;-999;    1;   0.6;   4;-999;   0;  -999;   7.5;    -999;    4.0;   92.54;    4.6;    2.7;   -1.1;eor
       4896;20191223;-999;-999;-999;    1;   1.2;   4;-999;   0;  -999;   8.8;    -999;    6.2;   92.88;    8.1;    4.5;    2.5;eor
       4896;20191224;-999;-999;-999;    1;   3.1;   4;-999;   0;  -999;   8.6;    -999;    5.7;   94.21;    6.6;    3.9;    1.5;eor
       4896;20191225;-999;-999;-999;    1;   0.0;   4;-999;   0;  -999;   8.2;    -999;    4.9;   93.96;    6.2;    3.9;    0.8;eor
       4896;20191226;-999;-999;-999;    1;   0.0;   0;-999;   0;  -999;   7.8;    -999;    4.3;   94.21;    6.7;    0.6;   -2.1;eor
       4896;20191227;-999;-999;-999;    1;   0.0;   0;-999;   0;  -999;   5.9;    -999;    2.1;   82.83;    3.2;   -0.6;   -3.5;eor
       4896;20191228;-999;-999;-999;    1;   0.0;   0;-999;   0;  -999;   5.2;    -999;    0.4;   83.13;    1.3;   -0.9;   -2.9;eor
       4896;20191229;-999;-999;-999;    1;   0.0;   0;-999;   0;  -999;   5.4;    -999;    1.0;   82.13;    3.6;   -1.1;   -2.9;eor
       4896;20191230;-999;-999;-999;    1;   0.5;   4;-999;   0;  -999;   6.9;    -999;    5.7;   74.04;    7.6;    3.5;    2.4;eor
       4896;20191231;-999;-999;-999;    1;   0.0;   0;-999;   0;  -999;   7.5;    -999;    5.0;   85.54;    7.5;    0.7;   -3.7;eor
       4896;20200101;-999;-999;-999;    1;   0.0;   0;-999;   0;  -999;   6.6;    -999;    2.8;   88.13;    5.9;   -0.4;   -2.8;eor
       4896;20200102;-999;-999;-999;    1;   0.3;   4;-999;   0;  -999;   6.2;    -999;    0.8;   95.83;    3.5;   -0.2;    0.0;eor
       4896;20200103;-999;-999;-999;    1;   6.3;   4;-999;   0;  -999;   8.3;    -999;    5.2;   93.54;    7.3;    3.3;   -0.4;eor
       4896;20200104;-999;-999;-999;    1;   2.7;   4;-999;   0;  -999;   6.8;    -999;    4.3;   80.67;    7.1;   -0.1;   -4.3;eor
