STATIONS_ID;MESS_DATUM;QN_3;  FX;  FM;QN_4; RSK;RSKF; SDK;SHK_TAG;  NM; VPM;  PM; TMK; UPM; TXK; TNK; TGK;eor
       5133;20180704;-999;-999;-999;    3;   0.3;   4;-999;-999;  -999;  12.4;    -999;   20.5;   55.25;   29.7;    9.4;    8.8;eor
       5133;20180705;-999;-999;-999;    3;  21.2;   4;-999;-999;  -999;  16.7;    -999;   19.6;   74.17;   27.9;   13.1;   12.4;eor
       5133;20180706;-999;-999;-999;    3;   0.0;   0;-999;-999;  -999;  12.9;    -999;   17.3;   68.38;   24.3;   10.7;    9.6;eor
       5133;20180707;-999;-999;-999;    3;   0.0;   0;-999;-999;  -999;  10.2;    -999;   17.4;   55.38;   24.7;    8.4;    7.4;eor
       5133;20180708;-999;-999;-999;    3;   0.0;   0;-999;-999;  -999;  11.0;    -999;   17.5;   58.96;   25.1;    8.4;    7.8;eor
       5133;20180709;-999;-999;-999;    3;   1.1;   4;-999;-999;  -999;  12.9;    -999;   16.8;   68.92;   24.2;    9.6;    8.9;eor
       5133;20180710;-999;-999;-999;    3;   3.8;   4;-999;-999;  -999;  12.5;    -999;   13.3;   81.38;   15.7;   11.4;   10.8;eor
       5133;20180711;-999;-999;-999;    3;   4.2;   4;-999;-999;  -999;  14.1;    -999;   14.5;   85.50;   17.2;   12.1;   11.6;eor
       5133;20180712;-999;-999;-999;    3;   0.1;   4;-999;-999;  -999;  15.5;    -999;   17.2;   79.50;   23.6;   11.1;   10.1;eor
       5133;20180713;-999;-999;-999;    3;   0.0;   0;-999;-999;  -999;  13.6;    -999;   19.3;   64.29;   25.5;   11.7;   10.6;eor
       5133;20180714;-999;-999;-999;    3;   0.2;   4;-999;-999;  -999;  14.4;    -999;   18.7;   69.29;   26.1;   10.7;   10.0;eor
       5133;20180715;-999;-999;-999;    3;   0.0;   0;-999;-999;  -999;  11.6;    -999;   19.2;   57.75;   27.3;    9.8;    9.0;eor
       5133;20180716;-999;-999;-999;    3;   0.0;   0;-999;-999;  -999;  12.3;    -999;   20.3;   55.88;   30.0;    9.9;    9.2;eor
       5133;20180717;-999;-999;-999;    3;   0.0;   0;-999;-999;  -999;  12.8;    -999;   22.2;   52.67;   30.0;   11.9;   11.5;eor
       5133;20180718;-999;-999;-999;    3;   0.0;   0;-999;-999;  -999;  12.5;    -999;   19.6;   57.33;   25.8;   12.4;   11.5;eor
       5133;20180719;-999;-999;-999;    3;   0.0;   0;-999;-999;  -999;  10.7;    -999;   19.1;   53.79;   27.7;    9.5;    8.8;eor
       5133;20180720;-999;-999;-999;    3;   0.0;   4;-999;-999;  -999;  11.8;    -999;   20.7;   53.33;   29.7;   10.0;    9.5;eor
       5133;20180721;-999;-999;-999;    3;   0.0;   0;-999;-999;  -999;  15.0;    -999;   20.9;   62.08;   26.4;   15.5;   15.3;eor
       5133;20180722;-999;-999;-999;    3;  11.6;   4;-999;-999;  -999;  17.2;    -999;   18.9;   79.79;   25.7;   14.4;   13.7;eor
       5133;20180723;-999;-999;-999;    3;   0.0;   0;-999;-999;  -999;  14.3;    -999;   21.2;   62.13;   29.6;   12.8;   12.0;eor
       5133;20180724;-999;-999;-999;    3;   0.0;   0;-999;-999;  -999;  14.6;    -999;   23.6;   56.04;   33.3;   13.0;   12.2;eor
       5133;20180725;-999;-999;-999;    3;   7.8;   4;-999;-999;  -999;  17.1;    -999;   23.3;   65.17;   34.4;   15.2;   14.6;eor
       5133;20180726;-999;-999;-999;    3;   0.0;   0;-999;-999;  -999;  16.3;    -999;   25.0;   57.50;   33.7;   15.4;   14.8;eor
       5133;20180727;-999;-999;-999;    3;   0.0;   0;-999;-999;  -999;  14.6;    -999;   24.9;   51.00;   33.3;   14.8;   13.6;eor
       5133;20180728;-999;-999;-999;    3;   0.0;   0;-999;-999;  -999;  16.2;    -999;   22.6;   61.54;   29.3;   15.3;   14.8;eor
       5133;20180729;-999;-999;-999;    3;   0.0;   0;-999;-999;  -999;  15.5;    -999;   21.5;   63.54;   28.7;   13.8;   13.4;eor
       5133;20180730;-999;-999;-999;    3;   0.0;   0;-999;-999;  -999;  14.9;    -999;   24.3;   54.04;   32.8;   14.0;   13.1;eor
       5133;20180731;-999;-999;-999;    3;   0.0;   0;-999;-999;  -999;  16.0;    -999;   26.0;   52.13;   34.6;   16.0;   14.8;eor
       5133;20180801;-999;-999;-999;    3;   4.5;   4;-999;-999;  -999;  15.9;    -999;   24.2;   55.17;   30.8;   18.7;   17.9;eor
       5133;20180802;-999;-999;-999;    3;   0.0;   0;-999;-999;  -999;  18.5;    -999;   24.1;   65.83;   33.3;   16.1;   15.6;eor
       5133;20180803;-999;-999;-999;    3;   0.0;   0;-999;-999;  -999;  16.4;    -999;   25.2;   56.88;   33.8;   16.5;   15.8;eor
       5133;20180804;-999;-999;-999;    3;   0.0;   0;-999;-999;  -999;  16.5;    -999;   24.8;   56.21;   32.5;   17.4;   16.7;eor
       5133;20180805;-999;-999;-999;    3;   0.0;   0;-999;-999;  -999;  14.6;    -999;   21.5;   58.96;   27.1;   13.4;   12.4;eor
       5133;20180806;-999;-999;-999;    3;   0.0;   0;-999;-999;  -999;  11.6;    -999;   21.6;   51.75;   31.9;   10.3;    9.4;eor
       5133;20180807;-999;-999;-999;    3;   0.1;   4;-999;-999;  -999;  14.4;    -999;   25.1;   49.75;   35.2;   14.6;   13.6;eor
       5133;20180808;-999;-999;-999;    3;   0.2;   4;-999;-999;  -999;  16.7;    -999;   23.3;   59.96;   29.8;   16.6;   16.0;eor
       5133;20180809;-999;-999;-999;    3;   1.3;   4;-999;-999;  -999;  16.8;    -999;   21.4;   68.71;   32.5;   14.3;   13.6;eor
       5133;20180810;-999;-999;-999;    3;   0.2;   4;-999;-999;  -999;   9.8;    -999;   17.6;   51.17;   23.4;   10.0;    8.8;eor
       5133;20180811;-999;-999;-999;    3;   0.0;   0;-999;-999;  -999;   9.2;    -999;   15.8;   54.13;   22.3;    9.1;    8.2;eor
       5133;20180812;-999;-999;-999;    3;   0.0;   0;-999;-999;  -999;   8.9;    -999;   17.6;   50.42;   27.0;    6.7;    5.7;eor
       5133;20180813;-999;-999;-999;    3;  14.2;   4;-999;-999;  -999;  14.3;    -999;   15.3;   81.17;   20.3;   10.2;    9.3;eor
       5133;20180814;-999;-999;-999;    3;   0.2;   4;-999;-999;  -999;  14.7;    -999;   17.0;   77.46;   22.8;   11.8;   10.9;eor
       5133;20180815;-999;-999;-999;    3;   0.0;   0;-999;-999;  -999;  14.7;    -999;   17.9;   73.17;   22.5;   12.8;   11.8;eor
       5133;20180816;-999;-999;-999;    3;   0.0;   0;-999;-999;  -999;  14.3;    -999;   20.3;   64.38;   28.5;   11.1;   10.0;eor
       5133;20180817;-999;-999;-999;    3;   0.0;   0;-999;-999;  -999;  15.2;    -999;   19.2;   70.21;   27.5;   13.5;   12.5;eor
       5133;20180818;-999;-999;-999;    3;   0.0;   0;-999;-999;  -999;  11.9;    -999;   19.4;   56.42;   27.3;   12.9;   12.1;eor
       5133;20180819;-999;-999;-999;    3;   0.0;   0;-999;-999;  -999;  12.6;    -999;   20.3;   57.25;   29.4;   10.7;   10.0;eor
       5133;20180820;-999;-999;-999;    3;   0.0;   0;-999;-999;  -999;  16.4;    -999;   19.7;   71.50;   23.4;   14.6;   14.2;eor
       5133;20180821;-999;-999;-999;    3;   0.0;   0;-999;-999;  -999;  15.6;    -999;   20.3;   67.58;   27.6;   15.0;   14.0;eor
       5133;20180822;-999;-999;-999;    3;   0.0;   0;-999;-999;  -999;  14.9;    -999;   22.6;   57.92;   31.0;   15.0;   14.3;eor
       5133;20180823;-999;-999;-999;    3;   0.0;   0;-999;-999;  -999;  15.9;    -999;   23.2;   58.83;   31.2;   15.4;   14.3;eor
       5133;20180824;-999;-999;-999;    3;   0.0;   4;-999;-999;  -999;  11.7;    -999;   17.6;   58.00;   20.5;   11.4;   10.9;eor
       5133;20180825;-999;-999;-999;    3;   1.4;   4;-999;-999;  -999;   9.8;    -999;   12.7;   67.75;   18.1;    6.3;    5.3;eor
       5133;20180826;-999;-999;-999;    3;   0.1;   4;-999;-999;  -999;   8.1;    -999;   12.6;   60.42;   20.4;    3.9;    3.0;eor
       5133;20180827;-999;-999;-999;    3;   0.1;   4;-999;-999;  -999;  11.8;    -999;   16.4;   62.92;   21.3;   12.3;   10.9;eor
       5133;20180828;-999;-999;-999;    3;   0.0;   0;-999;-999;  -999;  11.4;    -999;   16.6;   63.00;   23.8;    9.9;    8.5;eor
       5133;20180829;-999;-999;-999;    3;   4.6;   4;-999;-999;  -999;  13.1;    -999;   17.8;   67.96;   28.2;    6.8;    5.8;eor
       5133;20180830;-999;-999;-999;    3;   0.6;   4;-999;-999;  -999;  13.9;    -999;   15.6;   79.17;   19.8;    9.3;    8.4;eor
       5133;20180831;-999;-999;-999;    3;   0.0;   0;-999;-999;  -999;  10.0;    -999;   13.1;   69.96;   20.3;    7.4;    6.6;eor
       5133;20180901;-999;-999;-999;    3;   0.0;   0;-999;-999;  -999;   9.3;    -999;   13.2;   65.08;   21.7;    4.9;    4.3;eor
       5133;20180902;-999;-999;-999;    3;   0.3;   4;-999;-999;  -999;  11.3;    -999;   14.6;   69.33;   21.6;    6.9;    5.8;eor
       5133;20180903;-999;-999;-999;    3;   0.7;   4;-999;-999;  -999;  16.7;    -999;   16.6;   87.96;   19.1;   14.4;   14.0;eor
       5133;20180904;-999;-999;-999;    3;   0.0;   4;-999;-999;  -999;  16.0;    -999;   18.3;   78.71;   27.5;   12.1;   11.6;eor
       5133;20180905;-999;-999;-999;    3;   0.0;   0;-999;-999;  -999;  13.3;    -999;   18.5;   67.42;   28.2;   10.1;    9.2;eor
       5133;20180906;-999;-999;-999;    3;   0.4;   4;-999;-999;  -999;  14.9;    -999;   16.3;   80.83;   23.8;   11.1;    9.8;eor
       5133;20180907;-999;-999;-999;    3;   0.0;   0;-999;-999;  -999;  12.3;    -999;   14.8;   73.96;   20.1;    6.6;    5.6;eor
       5133;20180908;-999;-999;-999;    3;   0.0;   0;-999;-999;  -999;   9.4;    -999;   13.2;   65.38;   20.9;    4.8;    3.8;eor
       5133;20180909;-999;-999;-999;    3;   0.0;   0;-999;-999;  -999;  10.8;    -999;   16.2;   61.67;   25.1;    9.6;    8.1;eor
       5133;20180910;-999;-999;-999;    3;   0.0;   0;-999;-999;  -999;  12.0;    -999;   16.1;   67.08;   24.1;    9.0;    7.8;eor
       5133;20180911;-999;-999;-999;    3;   0.0;   0;-999;-999;  -999;  11.9;    -999;   18.2;   60.83;   26.5;   11.0;    9.3;eor
       5133;20180912;-999;-999;-999;    3;   1.4;   4;-999;-999;  -999;  13.2;    -999;   18.3;   65.88;   26.7;   11.7;    9.8;eor
       5133;20180913;-999;-999;-999;    3;   0.7;   4;-999;-999;  -999;  14.1;    -999;   13.5;   90.58;   15.5;    8.9;    7.5;eor
       5133;20180914;-999;-999;-999;    3;   0.0;   0;-999;-999;  -999;  10.9;    -999;   12.9;   75.92;   19.4;    7.9;    6.9;eor
       5133;20180915;-999;-999;-999;    3;   0.0;   0;-999;-999;  -999;  10.3;    -999;   12.9;   71.63;   19.5;    7.0;    5.2;eor
       5133;20180916;-999;-999;-999;    3;   0.0;   0;-999;-999;  -999;   9.8;    -999;   13.7;   67.13;   22.3;    5.5;    4.2;eor
       5133;20180917;-999;-999;-999;    3;   0.0;   0;-999;-999;  -999;   9.9;    -999;   16.2;   59.92;   26.1;    6.7;    5.3;eor
       5133;20180918;-999;-999;-999;    3;   0.1;   4;-999;-999;  -999;  12.1;    -999;   19.2;   59.71;   30.4;    7.5;    6.0;eor
       5133;20180919;-999;-999;-999;    3;   0.0;   0;-999;-999;  -999;  14.0;    -999;   19.6;   64.67;   27.8;   11.1;   10.2;eor
       5133;20180920;-999;-999;-999;    3;   0.0;   0;-999;-999;  -999;  12.5;    -999;   18.4;   62.71;   26.9;   10.4;    9.0;eor
       5133;20180921;-999;-999;-999;    3;   1.4;   4;-999;-999;  -999;  11.7;    -999;   15.8;   64.67;   24.0;    9.9;    7.6;eor
       5133;20180922;-999;-999;-999;    3;   0.5;   4;-999;-999;  -999;   9.1;    -999;   12.3;   64.29;   16.8;    9.5;    8.0;eor
       5133;20180923;-999;-999;-999;    3;  16.9;   4;-999;-999;  -999;  11.0;    -999;    9.6;   91.50;   11.4;    7.6;    6.5;eor
       5133;20180924;-999;-999;-999;    3;   1.5;   4;-999;-999;  -999;   8.5;    -999;    8.7;   76.29;   13.4;    5.0;    3.6;eor
       5133;20180925;-999;-999;-999;    3;   0.0;   0;-999;-999;  -999;   7.9;    -999;    7.8;   76.71;   14.8;    2.4;    1.6;eor
       5133;20180926;-999;-999;-999;    3;   0.0;   0;-999;-999;  -999;   7.5;    -999;    8.8;   69.50;   17.3;    1.6;    1.0;eor
       5133;20180927;-999;-999;-999;    3;   0.0;   0;-999;-999;  -999;   8.0;    -999;   13.0;   59.04;   23.0;    4.9;    3.7;eor
       5133;20180928;-999;-999;-999;    3;   0.1;   4;-999;-999;  -999;   8.9;    -999;    8.7;   79.21;   13.9;    3.4;    1.6;eor
       5133;20180929;-999;-999;-999;    3;   0.0;   0;-999;-999;  -999;   6.5;    -999;    6.9;   69.88;   15.2;    0.0;   -1.1;eor
       5133;20180930;-999;-999;-999;    3;   0.0;   4;-999;-999;  -999;   6.6;    -999;    8.9;   63.38;   19.4;   -0.3;   -1.4;eor
       5133;20181001;-999;-999;-999;    3;   2.0;   4;-999;   0;  -999;   8.3;    -999;    7.9;   78.17;   13.3;    3.6;    2.6;eor
       5133;20181002;-999;-999;-999;    3;   1.9;   4;-999;   0;  -999;   9.0;    -999;    7.6;   85.25;   12.1;    2.2;    1.4;eor
       5133;20181003;-999;-999;-999;    3;   0.0;   0;-999;   0;  -999;   8.7;    -999;   10.2;   70.50;   14.2;    4.1;    2.8;eor
       5133;20181004;-999;-999;-999;    3;   0.0;   0;-999;   0;  -999;   9.4;    -999;    8.3;   85.42;   14.6;    2.8;    1.7;eor
       5133;20181005;-999;-999;-999;    3;   0.0;   0;-999;   0;  -999;   9.2;    -999;   10.8;   74.75;   20.5;    2.9;    1.4;eor
       5133;20181006;-999;-999;-999;    3;   0.0;   0;-999;   0;  -999;  11.5;    -999;   12.6;   79.79;   20.5;    4.7;    3.0;eor
       5133;20181007;-999;-999;-999;    3;   0.4;   4;-999;   0;  -999;   9.9;    -999;   10.1;   80.21;   14.3;    3.3;    2.3;eor
       5133;20181008;-999;-999;-999;    3;   0.0;   0;-999;   0;  -999;   8.8;    -999;    8.8;   79.50;   18.1;    1.2;    0.3;eor
       5133;20181009;-999;-999;-999;    3;   0.0;   0;-999;   0;  -999;  10.9;    -999;   11.3;   81.96;   21.1;    4.0;    2.8;eor
       5133;20181010;-999;-999;-999;    3;   0.0;   0;-999;   0;  -999;  11.4;    -999;   12.0;   82.92;   22.4;    5.2;    4.5;eor
       5133;20181011;-999;-999;-999;    3;   0.0;   0;-999;   0;  -999;  11.2;    -999;   13.8;   73.75;   22.1;    4.7;    4.2;eor
       5133;20181012;-999;-999;-999;    3;   0.0;   0;-999;   0;  -999;  13.3;    -999;   16.4;   72.88;   23.8;    9.5;    7.5;eor
       5133;20181013;-999;-999;-999;    3;   0.0;   0;-999;   0;  -999;  12.8;    -999;   16.6;   70.88;   25.4;    9.0;    7.1;eor
       5133;20181014;-999;-999;-999;    3;   0.0;   0;-999;   0;  -999;  11.1;    -999;   14.2;   71.83;   23.5;    6.4;    4.7;eor
       5133;20181015;-999;-999;-999;    3;   0.0;   0;-999;   0;  -999;  10.7;    -999;   14.1;   70.67;   24.6;    7.7;    5.8;eor
       5133;20181016;-999;-999;-999;    3;   0.0;   4;-999;   0;  -999;  11.8;    -999;   13.1;   78.83;   20.9;    6.9;    5.2;eor
       5133;20181017;-999;-999;-999;    3;   0.0;   0;-999;   0;  -999;  11.3;    -999;   13.6;   75.92;   22.6;    6.3;    5.5;eor
       5133;20181018;-999;-999;-999;    3;   0.2;   4;-999;   0;  -999;  11.8;    -999;   12.0;   84.25;   16.2;    7.0;    5.9;eor
       5133;20181019;-999;-999;-999;    3;   0.0;   0;-999;   0;  -999;  11.3;    -999;   11.6;   82.71;   14.9;    7.0;    5.9;eor
       5133;20181020;-999;-999;-999;    3;   0.0;   0;-999;   0;  -999;   8.1;    -999;    7.3;   81.00;   13.8;    2.7;    1.6;eor
       5133;20181021;-999;-999;-999;    3;   0.0;   0;-999;   0;  -999;   7.9;    -999;    7.1;   79.63;   15.3;    0.8;   -0.4;eor
       5133;20181022;-999;-999;-999;    3;   0.3;   4;-999;   0;  -999;   8.6;    -999;    6.5;   87.88;   11.2;    2.0;    0.3;eor
       5133;20181023;-999;-999;-999;    3;   1.4;   4;-999;   0;  -999;   9.2;    -999;    7.9;   84.75;   11.9;    1.0;   -0.2;eor
       5133;20181024;-999;-999;-999;    3;   1.4;   4;-999;   0;  -999;  11.9;    -999;   11.9;   85.54;   13.6;   10.8;   10.0;eor
       5133;20181025;-999;-999;-999;    3;   0.0;   0;-999;   0;  -999;  10.6;    -999;   11.0;   80.67;   12.3;    9.9;    9.0;eor
       5133;20181026;-999;-999;-999;    3;   3.1;   4;-999;   0;  -999;   9.2;    -999;    8.4;   82.58;    9.9;    5.6;    4.6;eor
       5133;20181027;-999;-999;-999;    3;   0.0;   0;-999;   0;  -999;   7.3;    -999;    5.6;   79.88;    7.7;    3.3;    2.3;eor
       5133;20181028;-999;-999;-999;    3;   0.6;   4;-999;   0;  -999;   6.6;    -999;    3.5;   83.88;    4.7;    2.1;    1.2;eor
       5133;20181029;-999;-999;-999;    3;   0.7;   4;-999;   0;  -999;   7.3;    -999;    3.6;   92.21;    4.0;    3.1;    3.0;eor
       5133;20181030;-999;-999;-999;    3;   3.4;   4;-999;   0;  -999;   7.7;    -999;    4.7;   89.42;    7.2;    1.9;    1.6;eor
       5133;20181031;-999;-999;-999;    3;   0.1;   4;-999;   0;  -999;   7.9;    -999;    6.6;   81.71;    9.9;    3.4;    2.5;eor
       5133;20181101;-999;-999;-999;    3;   0.0;   4;-999;   0;  -999;   8.1;    -999;    5.1;   91.63;    9.0;    0.3;   -0.6;eor
       5133;20181102;-999;-999;-999;    3;   0.1;   4;-999;   0;  -999;   8.3;    -999;    8.7;   74.46;   12.3;    4.6;    3.1;eor
       5133;20181103;-999;-999;-999;    3;   0.0;   0;-999;   0;  -999;   6.4;    -999;    3.1;   84.04;    9.7;   -1.6;   -2.6;eor
       5133;20181104;-999;-999;-999;    3;   0.0;   0;-999;   0;  -999;   8.6;    -999;    6.0;   90.54;    9.8;   -1.2;   -2.0;eor
       5133;20181105;-999;-999;-999;    3;   0.0;   0;-999;   0;  -999;  10.5;    -999;    9.3;   90.00;   13.7;    6.5;    5.0;eor
       5133;20181106;-999;-999;-999;    3;   0.0;   0;-999;   0;  -999;  10.3;    -999;    8.7;   91.21;   15.4;    4.4;    3.2;eor
       5133;20181107;-999;-999;-999;    3;   0.2;   4;-999;   0;  -999;   9.8;    -999;    8.8;   87.29;   14.1;    5.6;    3.8;eor
       5133;20181108;-999;-999;-999;    3;   0.2;   4;-999;   0;  -999;  10.2;    -999;    9.1;   88.83;   12.7;    5.2;    3.8;eor
       5133;20181109;-999;-999;-999;    3;   0.0;   0;-999;   0;  -999;  10.3;    -999;    8.9;   90.58;   12.2;    6.0;    5.8;eor
       5133;20181110;-999;-999;-999;    3;   1.5;   4;-999;   0;  -999;  10.5;    -999;    9.5;   88.38;   11.5;    7.1;    6.3;eor
       5133;20181111;-999;-999;-999;    3;   9.5;   4;-999;   0;  -999;  11.6;    -999;   11.0;   88.42;   12.4;    9.5;    8.9;eor
       5133;20181112;-999;-999;-999;    3;   3.7;   4;-999;   0;  -999;  11.9;    -999;   11.3;   89.21;   14.4;    9.2;    8.8;eor
       5133;20181113;-999;-999;-999;    3;   0.0;   0;-999;   0;  -999;   9.9;    -999;    9.3;   83.92;   12.4;    4.4;    2.5;eor
       5133;20181114;-999;-999;-999;    3;   0.0;   0;-999;   0;  -999;   8.4;    -999;    5.2;   93.96;    7.2;    1.5;    0.1;eor
       5133;20181115;-999;-999;-999;    3;   0.0;   0;-999;   0;  -999;   7.9;    -999;    4.3;   94.96;    5.6;    3.5;    3.6;eor
       5133;20181116;-999;-999;-999;    3;   0.0;   0;-999;   0;  -999;   7.1;    -999;    3.3;   91.17;    8.3;   -2.0;   -2.9;eor
       5133;20181117;-999;-999;-999;    3;   0.0;   0;-999;   0;  -999;   5.2;    -999;    0.3;   84.92;    7.2;   -4.2;   -4.8;eor
       5133;20181118;-999;-999;-999;    3;   0.3;   4;-999;   0;  -999;   4.2;    -999;   -0.1;   71.88;    6.5;   -4.6;   -5.5;eor
       5133;20181119;-999;-999;-999;    3;   0.5;   4;-999;   0;  -999;   6.1;    -999;    2.6;   82.96;    3.7;    0.6;    0.4;eor
       5133;20181120;-999;-999;-999;    3;   3.9;   4;-999;   0;  -999;   5.4;    -999;    0.7;   84.54;    1.5;    0.0;    0.0;eor
       5133;20181121;-999;-999;-999;    3;   0.3;   4;-999;   1;  -999;   5.9;    -999;    1.0;   89.92;    2.0;    0.4;    0.0;eor
       5133;20181122;-999;-999;-999;    3;   0.0;   4;-999;   0;  -999;   6.2;    -999;    1.0;   93.54;    1.7;    0.2;   -0.9;eor
       5133;20181123;-999;-999;-999;    3;   0.0;   0;-999;   0;  -999;   5.8;    -999;    0.2;   93.21;    5.0;   -2.3;   -3.3;eor
       5133;20181124;-999;-999;-999;    3;   1.9;   4;-999;   0;  -999;   6.5;    -999;    1.1;   97.83;    4.3;   -1.7;   -1.4;eor
       5133;20181125;-999;-999;-999;    3;   0.0;   0;-999;   0;  -999;   8.0;    -999;    4.6;   94.75;    5.7;    3.6;    2.3;eor
       5133;20181126;-999;-999;-999;    3;   0.0;   0;-999;   0;  -999;   7.0;    -999;    3.2;   90.79;    4.6;    1.8;    1.8;eor
       5133;20181127;-999;-999;-999;    3;   0.0;   0;-999;   0;  -999;   5.5;    -999;    0.8;   85.00;    2.5;   -2.6;   -4.1;eor
       5133;20181128;-999;-999;-999;    3;   1.0;   4;-999;   0;  -999;   5.7;    -999;    1.4;   83.83;    4.1;   -1.6;   -3.2;eor
       5133;20181129;-999;-999;-999;    3;   0.4;   4;-999;   0;  -999;   6.8;    -999;    3.1;   88.88;    4.0;    2.2;    1.7;eor
       5133;20181130;-999;-999;-999;    3;   0.0;   0;-999;   0;  -999;   7.1;    -999;    3.7;   89.29;    4.4;    2.9;    2.3;eor
       5133;20181201;-999;-999;-999;    3;   0.9;   4;-999;   0;  -999;   8.3;    -999;    5.6;   91.04;    7.1;    3.8;    2.8;eor
       5133;20181202;-999;-999;-999;    3;  14.2;   4;-999;   0;  -999;  10.5;    -999;    8.4;   94.75;   12.1;    6.2;    5.9;eor
       5133;20181203;-999;-999;-999;    3;   7.2;   4;-999;   0;  -999;  11.3;    -999;   10.5;   89.17;   12.6;    9.0;    8.0;eor
       5133;20181204;-999;-999;-999;    3;   0.0;   0;-999;   0;  -999;   7.3;    -999;    4.4;   86.13;    9.6;   -1.9;   -2.8;eor
       5133;20181205;-999;-999;-999;    3;   0.4;   4;-999;   0;  -999;   6.0;    -999;    0.7;   93.42;    3.4;   -2.4;   -3.2;eor
       5133;20181206;-999;-999;-999;    3;   0.6;   4;-999;   0;  -999;   9.1;    -999;    6.4;   93.42;   10.1;    3.3;    3.1;eor
       5133;20181207;-999;-999;-999;    3;   4.0;   4;-999;   0;  -999;  10.4;    -999;    9.3;   87.79;   11.3;    4.8;    3.4;eor
       5133;20181208;-999;-999;-999;    3;  16.0;   4;-999;   0;  -999;   7.8;    -999;    5.7;   84.46;    8.8;    3.9;    2.4;eor
       5133;20181209;-999;-999;-999;    3;  17.1;   4;-999;   0;  -999;   7.7;    -999;    5.9;   82.96;    8.5;    3.7;    3.2;eor
       5133;20181210;-999;-999;-999;    3;   4.4;   4;-999;   0;  -999;   6.3;    -999;    3.6;   79.13;    4.8;    1.1;    0.1;eor
       5133;20181211;-999;-999;-999;    3;   0.9;   4;-999;   0;  -999;   6.6;    -999;    3.4;   83.83;    4.1;    2.4;    1.7;eor
       5133;20181212;-999;-999;-999;    3;   0.1;   4;-999;   0;  -999;   6.3;    -999;    2.2;   87.42;    3.2;    1.5;    0.7;eor
       5133;20181213;-999;-999;-999;    3;   0.0;   0;-999;   0;  -999;   5.2;    -999;    0.1;   84.83;    1.5;   -1.5;   -2.9;eor
       5133;20181214;-999;-999;-999;    3;   0.0;   0;-999;   0;  -999;   4.4;    -999;   -0.1;   73.13;    0.3;   -0.7;   -0.8;eor
       5133;20181215;-999;-999;-999;    3;   0.0;   0;-999;   0;  -999;   3.8;    -999;   -1.5;   69.04;   -0.6;   -3.3;   -4.1;eor
       5133;20181216;-999;-999;-999;    3;   1.7;   4;-999;   0;  -999;   4.4;    -999;   -2.3;   84.17;   -0.7;   -3.2;   -7.9;eor
       5133;20181217;-999;-999;-999;    3;   1.7;   4;-999;   2;  -999;   6.4;    -999;    1.2;   95.54;    2.8;   -0.7;   -2.5;eor
       5133;20181218;-999;-999;-999;    3;   0.0;   0;-999;   0;  -999;   6.8;    -999;    2.8;   90.54;    4.1;    0.4;   -1.4;eor
       5133;20181219;-999;-999;-999;    3;   0.2;   4;-999;   0;  -999;   6.6;    -999;    2.2;   91.75;    3.8;    0.7;    0.0;eor
       5133;20181220;-999;-999;-999;    3;   1.8;   4;-999;   0;  -999;   8.2;    -999;    4.9;   94.00;    6.6;    3.7;    3.4;eor
       5133;20181221;-999;-999;-999;    3;   8.1;   4;-999;   0;  -999;   9.0;    -999;    7.7;   85.21;   11.9;    5.1;    4.6;eor
       5133;20181222;-999;-999;-999;    3;   9.3;   4;-999;   0;  -999;   8.6;    -999;    7.6;   82.38;    9.5;    5.7;    4.6;eor
       5133;20181223;-999;-999;-999;    3;  12.4;   4;-999;   0;  -999;   8.3;    -999;    5.9;   89.38;    8.3;    3.5;    3.0;eor
       5133;20181224;-999;-999;-999;    3;   0.8;   4;-999;   0;  -999;   6.4;    -999;    2.6;   86.04;    4.3;    0.6;   -0.9;eor
       5133;20181225;-999;-999;-999;    3;   0.0;   0;-999;   0;  -999;   6.1;    -999;    3.7;   76.33;    5.3;    2.5;    1.5;eor
       5133;20181226;-999;-999;-999;    3;   0.0;   4;-999;   0;  -999;   5.8;    -999;    1.2;   87.33;    2.8;   -1.7;   -2.6;eor
       5133;20181227;-999;-999;-999;    3;   0.0;   0;-999;   0;  -999;   5.8;    -999;    0.9;   88.63;    3.1;   -0.9;   -1.7;eor
       5133;20181228;-999;-999;-999;    3;   0.1;   4;-999;   0;  -999;   5.2;    -999;   -0.7;   89.04;    2.8;   -3.3;   -4.1;eor
       5133;20181229;-999;-999;-999;    3;   4.3;   4;-999;   0;  -999;   7.0;    -999;    3.0;   92.17;    7.7;    0.2;    0.1;eor
       5133;20181230;-999;-999;-999;    3;   0.6;   4;-999;   0;  -999;   8.0;    -999;    5.7;   87.83;    6.7;    4.9;    4.2;eor
       5133;20181231;-999;-999;-999;    3;   1.6;   4;-999;   0;  -999;   9.4;    -999;    7.0;   94.21;    8.7;    5.0;    4.8;eor
       5133;20190101;-999;-999;-999;    3;   3.8;   4;-999;   0;  -999;   7.7;    -999;    5.5;   84.29;    7.6;    1.4;    0.2;eor
       5133;20190102;-999;-999;-999;    3;   0.2;   4;-999;   0;  -999;   4.9;    -999;    1.8;   70.17;    3.5;   -1.9;   -3.1;eor
       5133;20190103;-999;-999;-999;    3;   2.3;   4;-999;   1;  -999;   5.6;    -999;    0.4;   88.46;    2.0;   -2.1;   -3.6;eor
       5133;20190104;-999;-999;-999;    3;   1.9;   4;-999;   0;  -999;   6.1;    -999;    1.8;   87.83;    3.9;   -0.2;   -1.5;eor
       5133;20190105;-999;-999;-999;    3;   5.5;   4;-999;   0;  -999;   8.3;    -999;    5.6;   91.42;    6.5;    3.5;    3.0;eor
       5133;20190106;-999;-999;-999;    3;   3.9;   4;-999;   0;  -999;   8.3;    -999;    5.4;   92.33;    6.2;    4.2;    3.7;eor
       5133;20190107;-999;-999;-999;    3;   3.9;   4;-999;   0;  -999;   7.3;    -999;    4.2;   88.13;    6.2;    3.3;    2.1;eor
       5133;20190108;-999;-999;-999;    3;  13.4;   4;-999;   0;  -999;   7.1;    -999;    4.4;   83.83;    6.8;    1.5;    0.3;eor
       5133;20190109;-999;-999;-999;    3;   1.0;   4;-999;   0;  -999;   5.3;    -999;    1.2;   79.25;    2.9;   -0.2;   -0.4;eor
       5133;20190110;-999;-999;-999;    3;   0.4;   4;-999;   1;  -999;   5.0;    -999;   -0.3;   83.58;    0.3;   -0.9;   -1.8;eor
       5133;20190111;-999;-999;-999;    3;   2.0;   4;-999;   1;  -999;   6.7;    -999;    2.5;   90.75;    5.6;   -0.8;   -1.0;eor
       5133;20190112;-999;-999;-999;    3;  11.8;   4;-999;   0;  -999;   7.5;    -999;    4.5;   88.42;    5.6;    3.1;    2.3;eor
       5133;20190113;-999;-999;-999;    3;  16.9;   4;-999;   0;  -999;   8.3;    -999;    6.4;   86.46;    8.3;    4.6;    3.3;eor
       5133;20190114;-999;-999;-999;    3;   1.1;   4;-999;   0;  -999;   5.9;    -999;    2.9;   79.00;    5.2;    0.6;    0.2;eor
       5133;20190115;-999;-999;-999;    3;   0.2;   4;-999;   0;  -999;   6.3;    -999;    3.9;   77.54;    6.0;    1.3;    0.2;eor
       5133;20190116;-999;-999;-999;    3;   0.1;   4;-999;   0;  -999;   6.7;    -999;    3.9;   82.58;    5.4;    1.7;    1.1;eor
       5133;20190117;-999;-999;-999;    3;   2.8;   4;-999;   0;  -999;   6.3;    -999;    2.8;   83.58;    5.5;   -0.1;   -1.0;eor
       5133;20190118;-999;-999;-999;    3;   0.0;   0;-999;   1;  -999;   4.2;    -999;   -2.2;   80.83;    2.3;   -6.6;   -8.3;eor
       5133;20190119;-999;-999;-999;    3;   0.0;   0;-999;   1;  -999;   3.5;    -999;   -5.2;   84.46;    0.6;   -9.0;  -11.0;eor
       5133;20190120;-999;-999;-999;    3;   0.0;   0;-999;   0;  -999;   3.1;    -999;   -6.7;   82.67;   -0.2;  -10.7;  -12.7;eor
       5133;20190121;-999;-999;-999;    3;   0.0;   0;-999;   0;  -999;   3.0;    -999;   -7.5;   85.33;   -1.6;  -11.5;  -13.6;eor
       5133;20190122;-999;-999;-999;    3;   0.0;   0;-999;   0;  -999;   3.3;    -999;   -6.3;   86.13;   -4.2;   -9.0;  -10.6;eor
       5133;20190123;-999;-999;-999;    3;   0.0;   0;-999;   0;  -999;   3.5;    -999;   -4.8;   81.33;   -3.2;   -7.4;   -9.8;eor
       5133;20190124;-999;-999;-999;    3;   0.0;   4;-999;   0;  -999;   3.3;    -999;   -5.6;   82.29;   -4.4;   -6.9;   -6.6;eor
       5133;20190125;-999;-999;-999;    3;   7.2;   4;-999;   0;  -999;   3.9;    -999;   -3.7;   81.50;    0.1;   -7.4;   -8.0;eor
       5133;20190126;-999;-999;-999;    3;   3.9;   4;-999;   1;  -999;   7.3;    -999;    3.6;   91.54;    6.4;    0.1;    0.0;eor
       5133;20190127;-999;-999;-999;    3;   5.0;   4;-999;   0;  -999;   7.2;    -999;    3.4;   91.71;    5.2;    1.8;    0.3;eor
       5133;20190128;-999;-999;-999;    3;   5.6;   4;-999;   0;  -999;   6.0;    -999;    1.4;   89.21;    3.1;    0.4;   -1.0;eor
       5133;20190129;-999;-999;-999;    3;   0.4;   4;-999;   3;  -999;   5.1;    -999;   -0.6;   87.08;    2.2;   -5.7;   -8.1;eor
       5133;20190130;-999;-999;-999;    3;   0.1;   4;-999;   2;  -999;   4.6;    -999;   -2.1;   87.04;    0.1;   -5.9;   -8.7;eor
       5133;20190131;-999;-999;-999;    3;   0.3;   4;-999;   2;  -999;   4.6;    -999;   -1.0;   81.33;    1.7;   -5.2;   -8.0;eor
       5133;20190201;-999;-999;-999;    3;   0.5;   4;-999;   2;  -999;   5.1;    -999;   -0.8;   88.46;    2.7;   -4.9;   -6.0;eor
       5133;20190202;-999;-999;-999;    3;   2.2;   4;-999;   1;  -999;   5.9;    -999;    0.3;   94.88;    1.4;   -0.9;   -0.9;eor
       5133;20190203;-999;-999;-999;    3;   0.0;   0;-999;   1;  -999;   5.4;    -999;    0.3;   86.79;    1.6;   -3.3;   -5.1;eor
       5133;20190204;-999;-999;-999;    3;   0.0;   0;-999;   1;  -999;   4.7;    -999;   -0.4;   80.63;    2.5;   -4.7;   -6.5;eor
       5133;20190205;-999;-999;-999;    3;   0.0;   0;-999;   1;  -999;   5.6;    -999;    1.4;   82.38;    4.8;   -1.1;   -3.3;eor
       5133;20190206;-999;-999;-999;    3;   0.0;   0;-999;   0;  -999;   5.4;    -999;    1.3;   80.83;    4.6;   -0.8;   -1.9;eor
       5133;20190207;-999;-999;-999;    3;   0.2;   4;-999;   0;  -999;   5.7;    -999;    1.0;   86.54;    2.2;    0.0;   -0.3;eor
       5133;20190208;-999;-999;-999;    3;   2.9;   4;-999;   0;  -999;   7.0;    -999;    4.1;   85.75;    6.0;    1.7;    0.8;eor
       5133;20190209;-999;-999;-999;    3;   2.1;   4;-999;   0;  -999;   6.9;    -999;    6.2;   73.25;    8.6;    4.2;    3.0;eor
       5133;20190210;-999;-999;-999;    3;  21.7;   4;-999;   0;  -999;   7.8;    -999;    5.3;   86.54;    7.9;    1.8;    1.2;eor
       5133;20190211;-999;-999;-999;    3;   2.3;   4;-999;   0;  -999;   6.2;    -999;    3.0;   81.58;    5.0;    1.5;    0.4;eor
       5133;20190212;-999;-999;-999;    3;   0.0;   0;-999;   0;  -999;   5.8;    -999;    2.9;   77.54;    5.3;    0.6;   -0.7;eor
       5133;20190213;-999;-999;-999;    3;   0.0;   0;-999;   0;  -999;   6.3;    -999;    4.0;   78.58;    8.9;    0.3;   -0.9;eor
       5133;20190214;-999;-999;-999;    3;   0.0;   0;-999;   0;  -999;   5.7;    -999;    2.8;   79.38;   12.5;   -1.8;   -2.5;eor
       5133;20190215;-999;-999;-999;    3;   0.0;   0;-999;   0;  -999;   5.6;    -999;    4.6;   68.21;   13.4;   -1.6;   -3.3;eor
       5133;20190216;-999;-999;-999;    3;   0.0;   0;-999;   0;  -999;   6.1;    -999;    6.5;   64.79;   13.3;    0.3;   -1.7;eor
       5133;20190217;-999;-999;-999;    3;   0.0;   0;-999;   0;  -999;   6.2;    -999;    5.0;   72.92;   12.8;   -1.4;   -2.9;eor
       5133;20190218;-999;-999;-999;    3;   0.0;   0;-999;   0;  -999;   6.1;    -999;    5.1;   71.13;   12.8;   -0.9;   -2.5;eor
       5133;20190219;-999;-999;-999;    3;   0.0;   4;-999;   0;  -999;   6.2;    -999;    5.6;   69.67;   10.8;    1.2;   -1.0;eor
       5133;20190220;-999;-999;-999;    3;   0.0;   0;-999;   0;  -999;   6.4;    -999;    4.8;   75.83;    9.7;    0.4;   -0.9;eor
       5133;20190221;-999;-999;-999;    3;   0.2;   4;-999;   0;  -999;   7.6;    -999;    6.6;   78.38;   11.4;    0.6;   -0.8;eor
       5133;20190222;-999;-999;-999;    3;   0.0;   0;-999;   0;  -999;   8.9;    -999;    7.4;   85.92;    9.0;    3.3;    3.4;eor
       5133;20190223;-999;-999;-999;    3;   0.0;   0;-999;   0;  -999;   5.3;    -999;    2.6;   73.25;    8.2;   -1.2;   -2.4;eor
       5133;20190224;-999;-999;-999;    3;   0.0;   0;-999;   0;  -999;   4.3;    -999;    4.5;   58.38;   15.5;   -2.3;   -3.7;eor
       5133;20190225;-999;-999;-999;    3;   0.0;   0;-999;   0;  -999;   5.5;    -999;    6.0;   62.83;   17.4;   -1.5;   -2.9;eor
       5133;20190226;-999;-999;-999;    3;   0.0;   0;-999;   0;  -999;   5.2;    -999;    6.7;   61.13;   17.9;   -0.6;   -2.3;eor
       5133;20190227;-999;-999;-999;    3;   0.0;   0;-999;   0;  -999;   5.3;    -999;    7.0;   57.33;   18.5;   -1.7;   -3.6;eor
       5133;20190228;-999;-999;-999;    3;   0.4;   4;-999;   0;  -999;   7.2;    -999;    8.0;   67.63;   15.2;    0.6;   -1.0;eor
       5133;20190301;-999;-999;-999;    3;   1.6;   4;-999;   0;  -999;   8.6;    -999;    6.3;   89.08;    8.9;    3.0;    2.6;eor
       5133;20190302;-999;-999;-999;    3;   0.1;   4;-999;   0;  -999;   7.5;    -999;    5.4;   83.67;    7.7;    2.9;    2.5;eor
       5133;20190303;-999;-999;-999;    3;   0.1;   4;-999;   0;  -999;   9.1;    -999;    8.9;   79.63;   10.5;    7.2;    6.4;eor
       5133;20190304;-999;-999;-999;    3;   6.2;   4;-999;   0;  -999;   7.5;    -999;    7.7;   71.00;   10.8;    3.7;    3.0;eor
       5133;20190305;-999;-999;-999;    3;   1.1;   4;-999;   0;  -999;   6.4;    -999;    4.1;   78.46;    7.9;   -0.5;   -1.6;eor
       5133;20190306;-999;-999;-999;    3;   0.1;   4;-999;   0;  -999;   7.5;    -999;    7.2;   74.88;   12.5;   -0.6;   -1.6;eor
       5133;20190307;-999;-999;-999;    3;   2.2;   4;-999;   0;  -999;   7.9;    -999;    8.4;   71.54;   11.0;    5.4;    3.6;eor
       5133;20190308;-999;-999;-999;    3;   2.1;   4;-999;   0;  -999;   6.6;    -999;    6.4;   68.96;    8.6;    4.2;    3.1;eor
       5133;20190309;-999;-999;-999;    3;   4.9;   4;-999;   0;  -999;   7.4;    -999;    7.1;   74.08;   11.5;    4.2;    3.1;eor
       5133;20190310;-999;-999;-999;    3;  10.0;   4;-999;   0;  -999;  -999;    -999;    7.0;-999;   11.8;    1.0;   -0.5;eor
       5133;20190311;-999;-999;-999;    3;   8.0;   4;-999;   0;  -999;  -999;    -999;    2.0;-999;    4.0;    0.0;   -0.5;eor
       5133;20190312;-999;-999;-999;    3;   0.5;   4;-999;   0;  -999;  -999;    -999;    4.0;-999;    7.3;    1.0;    0.0;eor
       5133;20190313;-999;-999;-999;    3;   6.4;   4;-999;   0;  -999;   6.5;    -999;    4.4;   77.25;    5.8;    2.7;    1.2;eor
       5133;20190314;-999;-999;-999;    3;   6.9;   4;-999;   0;  -999;   7.1;    -999;    5.2;   80.75;    7.1;    3.9;    2.8;eor
       5133;20190315;-999;-999;-999;    3;  11.3;   4;-999;   0;  -999;   8.3;    -999;    7.6;   78.88;   12.3;    5.4;    4.3;eor
       5133;20190316;-999;-999;-999;    3;   1.0;   4;-999;   0;  -999;   8.2;    -999;    7.7;   77.92;   10.6;    4.8;    4.2;eor
       5133;20190317;-999;-999;-999;    3;   1.8;   4;-999;   0;  -999;   7.1;    -999;    6.6;   71.92;    8.9;    1.9;    0.9;eor
       5133;20190318;-999;-999;-999;    3;   0.5;   4;-999;   0;  -999;   5.8;    -999;    4.0;   71.29;    8.5;    0.0;   -1.6;eor
       5133;20190319;-999;-999;-999;    3;   0.0;   0;-999;   0;  -999;   5.2;    -999;    2.7;   72.83;    8.9;   -1.5;   -2.7;eor
       5133;20190320;-999;-999;-999;    3;   0.0;   0;-999;   0;  -999;   6.5;    -999;    5.6;   72.63;   14.1;   -2.7;   -3.6;eor
       5133;20190321;-999;-999;-999;    3;   0.0;   0;-999;   0;  -999;   7.7;    -999;    8.2;   73.04;   17.5;    0.3;   -0.7;eor
       5133;20190322;-999;-999;-999;    3;   0.0;   0;-999;   0;  -999;   8.3;    -999;    9.5;   73.13;   19.0;    1.9;    1.0;eor
       5133;20190323;-999;-999;-999;    3;   0.0;   0;-999;   0;  -999;   8.1;    -999;    6.9;   81.42;   10.7;    1.7;    0.6;eor
       5133;20190324;-999;-999;-999;    3;   1.8;   4;-999;   0;  -999;   7.3;    -999;    7.0;   73.38;   12.7;    1.3;   -0.4;eor
       5133;20190325;-999;-999;-999;    3;   6.7;   4;-999;   0;  -999;   6.5;    -999;    4.2;   79.33;    7.4;    1.7;    0.5;eor
       5133;20190326;-999;-999;-999;    3;   1.0;   4;-999;   0;  -999;   6.8;    -999;    4.9;   78.42;    7.1;    3.2;    3.1;eor
       5133;20190327;-999;-999;-999;    3;   0.0;   4;-999;   0;  -999;   7.1;    -999;    6.6;   73.75;   11.0;    2.8;    1.7;eor
       5133;20190328;-999;-999;-999;    3;   0.0;   0;-999;   0;  -999;   8.4;    -999;    8.4;   76.71;   10.8;    5.7;    5.3;eor
       5133;20190329;-999;-999;-999;    3;   0.0;   0;-999;   0;  -999;   8.3;    -999;    9.8;   70.67;   17.1;    2.6;    1.3;eor
       5133;20190330;-999;-999;-999;    3;   0.0;   0;-999;   0;  -999;   7.6;    -999;    9.9;   66.42;   19.0;    0.8;   -0.6;eor
       5133;20190331;-999;-999;-999;    3;   0.0;   0;-999;   0;  -999;   7.3;    -999;    6.6;   75.08;   11.2;    2.6;    0.1;eor
       5133;20190401;-999;-999;-999;    3;   0.0;   0;-999;   0;  -999;   5.6;    -999;    6.0;   62.63;   13.8;   -2.3;   -3.3;eor
       5133;20190402;-999;-999;-999;    3;   2.3;   4;-999;   0;  -999;   7.8;    -999;    7.8;   73.88;   17.1;   -0.8;   -2.1;eor
       5133;20190403;-999;-999;-999;    3;   8.0;   4;-999;   0;  -999;   8.6;    -999;    7.4;   83.58;   11.6;    3.7;    2.6;eor
       5133;20190404;-999;-999;-999;    3;   0.3;   4;-999;   0;  -999;   7.8;    -999;    4.7;   91.21;    5.8;    3.2;    2.7;eor
       5133;20190405;-999;-999;-999;    3;   0.1;   4;-999;   0;  -999;   8.4;    -999;    5.5;   92.46;    6.5;    4.1;    3.6;eor
       5133;20190406;-999;-999;-999;    3;   0.0;   0;-999;   0;  -999;   9.7;    -999;   10.8;   77.08;   18.5;    6.3;    4.3;eor
       5133;20190407;-999;-999;-999;    3;   0.0;   0;-999;   0;  -999;   8.9;    -999;   10.9;   71.21;   18.6;    2.8;    1.6;eor
       5133;20190408;-999;-999;-999;    3;   0.0;   0;-999;   0;  -999;   8.5;    -999;   11.7;   65.21;   19.8;    4.3;    2.9;eor
       5133;20190409;-999;-999;-999;    3;   0.0;   0;-999;   0;  -999;   8.4;    -999;    9.7;   70.54;   15.7;    5.3;    3.7;eor
       5133;20190410;-999;-999;-999;    3;   0.0;   0;-999;   0;  -999;   5.7;    -999;    6.4;   60.04;   12.0;    0.3;   -1.3;eor
       5133;20190411;-999;-999;-999;    3;   0.0;   0;-999;   0;  -999;   4.5;    -999;    3.9;   58.42;   10.2;   -2.6;   -3.7;eor
       5133;20190412;-999;-999;-999;    3;   0.2;   4;-999;   0;  -999;   5.0;    -999;    2.5;   68.58;    4.6;    0.8;    0.6;eor
       5133;20190413;-999;-999;-999;    3;   3.5;   4;-999;   0;  -999;   5.8;    -999;    1.4;   85.38;    4.1;   -0.4;   -0.7;eor
       5133;20190414;-999;-999;-999;    3;   0.3;   4;-999;   0;  -999;   6.2;    -999;    3.4;   80.33;    8.7;   -0.7;   -1.8;eor
       5133;20190415;-999;-999;-999;    3;   0.0;   0;-999;   0;  -999;   6.4;    -999;    8.2;   63.75;   15.3;    1.8;    0.2;eor
       5133;20190416;-999;-999;-999;    3;   0.0;   0;-999;   0;  -999;   6.1;    -999;    8.8;   58.00;   18.0;   -1.2;   -2.5;eor
       5133;20190417;-999;-999;-999;    3;   0.0;   0;-999;   0;  -999;   6.7;    -999;   11.5;   52.63;   18.3;    4.3;    3.4;eor
       5133;20190418;-999;-999;-999;    3;   0.0;   0;-999;   0;  -999;   7.4;    -999;   12.7;   54.46;   20.2;    4.7;    3.4;eor
       5133;20190419;-999;-999;-999;    3;   0.0;   0;-999;   0;  -999;   7.4;    -999;   13.4;   53.58;   22.7;    2.7;    1.4;eor
       5133;20190420;-999;-999;-999;    3;   0.0;   0;-999;   0;  -999;   7.5;    -999;   13.8;   52.42;   23.4;    3.5;    2.1;eor
       5133;20190421;-999;-999;-999;    3;   0.0;   0;-999;   0;  -999;   7.0;    -999;   13.2;   52.00;   23.2;    2.7;    1.4;eor
       5133;20190422;-999;-999;-999;    3;   0.0;   0;-999;   0;  -999;   6.8;    -999;   13.2;   49.58;   22.1;    3.3;    2.2;eor
       5133;20190423;-999;-999;-999;    3;   0.0;   0;-999;   0;  -999;   8.8;    -999;   13.0;   59.25;   20.1;    2.7;    1.7;eor
       5133;20190424;-999;-999;-999;    3;   0.9;   4;-999;   0;  -999;  10.8;    -999;   16.8;   58.92;   24.6;    8.1;    6.6;eor
       5133;20190425;-999;-999;-999;    3;   0.0;   0;-999;   0;  -999;   9.5;    -999;   14.2;   61.88;   22.2;    5.5;    4.6;eor
       5133;20190426;-999;-999;-999;    3;   2.6;   4;-999;   0;  -999;  10.2;    -999;    9.8;   84.08;   11.5;    6.8;    6.3;eor
       5133;20190427;-999;-999;-999;    3;   3.1;   4;-999;   0;  -999;   9.2;    -999;    7.7;   86.71;   11.1;    4.7;    4.0;eor
       5133;20190428;-999;-999;-999;    3;   3.8;   4;-999;   0;  -999;   8.0;    -999;    7.4;   79.25;   12.6;    2.1;    1.3;eor
       5133;20190429;-999;-999;-999;    3;   2.4;   4;-999;   0;  -999;   8.5;    -999;    7.5;   82.46;   12.6;    0.6;   -0.1;eor
       5133;20190430;-999;-999;-999;    3;   0.0;   0;-999;   0;  -999;   9.1;    -999;   11.0;   71.50;   16.9;    5.1;    4.1;eor
       5133;20190501;-999;-999;-999;    3;   0.0;   0;-999;-999;  -999;   9.6;    -999;   10.7;   76.33;   17.5;    3.7;    3.0;eor
       5133;20190502;-999;-999;-999;    3;   1.2;   4;-999;-999;  -999;   8.9;    -999;   10.5;   71.63;   16.3;    4.7;    3.6;eor
       5133;20190503;-999;-999;-999;    3;   3.8;   4;-999;-999;  -999;   6.8;    -999;    7.9;   65.00;   10.2;    4.7;    4.3;eor
       5133;20190504;-999;-999;-999;    3;   1.7;   4;-999;-999;  -999;   6.4;    -999;    4.4;   77.13;    9.5;    0.2;   -0.8;eor
       5133;20190505;-999;-999;-999;    3;   0.5;   4;-999;-999;  -999;   6.3;    -999;    4.0;   78.04;   10.5;   -1.8;   -2.4;eor
       5133;20190506;-999;-999;-999;    3;   0.1;   4;-999;-999;  -999;   6.2;    -999;    5.8;   69.50;   10.6;   -0.1;   -0.7;eor
       5133;20190507;-999;-999;-999;    3;   0.0;   0;-999;-999;  -999;   7.0;    -999;    7.0;   71.17;   11.0;    1.9;    1.1;eor
       5133;20190508;-999;-999;-999;    3;   5.0;   4;-999;-999;  -999;   9.0;    -999;    7.5;   84.75;   11.4;    1.3;    0.8;eor
       5133;20190509;-999;-999;-999;    3;   0.1;   4;-999;-999;  -999;   9.8;    -999;    9.7;   82.08;   12.8;    5.9;    5.1;eor
       5133;20190510;-999;-999;-999;    3;   4.2;   4;-999;-999;  -999;   9.6;    -999;    9.6;   80.67;   13.2;    6.2;    6.0;eor
       5133;20190511;-999;-999;-999;    3;   5.4;   4;-999;-999;  -999;   9.6;    -999;    7.7;   90.33;   10.0;    4.5;    3.5;eor
       5133;20190512;-999;-999;-999;    3;   0.0;   0;-999;-999;  -999;   6.8;    -999;    7.7;   66.63;   13.4;    2.1;    1.1;eor
       5133;20190513;-999;-999;-999;    3;   0.0;   0;-999;-999;  -999;   5.9;    -999;    8.1;   59.17;   16.0;   -0.9;   -1.8;eor
       5133;20190514;-999;-999;-999;    3;   0.0;   0;-999;-999;  -999;   6.3;    -999;    8.1;   61.79;   14.9;    0.4;   -0.3;eor
       5133;20190515;-999;-999;-999;    3;   0.0;   0;-999;-999;  -999;   5.9;    -999;    8.4;   56.96;   16.5;   -0.9;   -1.7;eor
       5133;20190516;-999;-999;-999;    3;   7.5;   4;-999;-999;  -999;   8.1;    -999;    7.9;   76.42;    9.4;    6.7;    6.7;eor
       5133;20190517;-999;-999;-999;    3;   0.0;   0;-999;-999;  -999;  10.2;    -999;    9.7;   85.50;   15.1;    6.0;    5.2;eor
       5133;20190518;-999;-999;-999;    3;   0.0;   0;-999;-999;  -999;  10.4;    -999;   14.3;   67.88;   22.6;    5.7;    5.1;eor
       5133;20190519;-999;-999;-999;    3;   0.0;   0;-999;-999;  -999;  11.5;    -999;   15.9;   67.17;   24.4;    7.8;    7.1;eor
       5133;20190520;-999;-999;-999;    3;  42.0;   4;-999;-999;  -999;  13.6;    -999;   14.3;   83.00;   18.7;   10.0;    9.3;eor
       5133;20190521;-999;-999;-999;    3;   2.2;   4;-999;-999;  -999;  13.3;    -999;   13.0;   88.58;   14.6;   11.3;   11.2;eor
       5133;20190522;-999;-999;-999;    3;   0.0;   0;-999;-999;  -999;  10.8;    -999;   11.6;   79.54;   16.4;    6.6;    5.9;eor
       5133;20190523;-999;-999;-999;    3;   0.0;   0;-999;-999;  -999;  10.2;    -999;   13.3;   70.08;   20.5;    4.9;    4.3;eor
       5133;20190524;-999;-999;-999;    3;   0.0;   0;-999;-999;  -999;  10.4;    -999;   15.3;   63.29;   22.3;    6.5;    5.7;eor
       5133;20190525;-999;-999;-999;    3;   0.0;   0;-999;-999;  -999;  10.0;    -999;   12.0;   72.63;   17.9;    6.3;    5.6;eor
       5133;20190526;-999;-999;-999;    3;   0.0;   4;-999;-999;  -999;  10.3;    -999;   14.7;   64.33;   20.5;    5.4;    4.6;eor
       5133;20190527;-999;-999;-999;    3;   0.2;   4;-999;-999;  -999;  11.8;    -999;   15.1;   69.50;   18.9;    9.3;    9.0;eor
       5133;20190528;-999;-999;-999;    3;   3.3;   4;-999;-999;  -999;  10.9;    -999;   11.2;   82.17;   16.7;    8.4;    7.9;eor
       5133;20190529;-999;-999;-999;    3;   0.0;   0;-999;-999;  -999;   8.1;    -999;   11.6;   62.92;   18.1;    5.1;    4.4;eor
       5133;20190530;-999;-999;-999;    3;   0.0;   0;-999;-999;  -999;  11.5;    -999;   13.5;   74.54;   18.4;    5.7;    4.8;eor
       5133;20190531;-999;-999;-999;    3;   0.0;   0;-999;-999;  -999;  14.0;    -999;   16.4;   76.33;   23.2;    9.4;    8.5;eor
       5133;20190601;-999;-999;-999;    3;   0.0;   0;-999;-999;  -999;  14.4;    -999;   18.5;   70.38;   27.4;    8.9;    8.1;eor
       5133;20190602;-999;-999;-999;    3;   0.0;   0;-999;-999;  -999;  14.1;    -999;   20.3;   63.58;   28.3;   11.0;   10.1;eor
       5133;20190603;-999;-999;-999;    3;  31.7;   4;-999;-999;  -999;  16.3;    -999;   17.8;   80.96;   27.4;   11.6;   10.6;eor
       5133;20190604;-999;-999;-999;    3;   0.0;   0;-999;-999;  -999;  17.1;    -999;   19.4;   77.67;   26.5;   12.5;   12.8;eor
       5133;20190605;-999;-999;-999;    3;   2.6;   4;-999;-999;  -999;  18.8;    -999;   21.8;   73.88;   30.1;   14.9;   14.1;eor
       5133;20190606;-999;-999;-999;    3;   0.0;   0;-999;-999;  -999;  13.0;    -999;   15.0;   75.58;   20.5;    8.8;    8.0;eor
       5133;20190607;-999;-999;-999;    3;  15.4;   4;-999;-999;  -999;  13.0;    -999;   14.8;   78.54;   22.7;    8.1;    7.3;eor
       5133;20190608;-999;-999;-999;    3;   0.0;   0;-999;-999;  -999;   9.7;    -999;   13.7;   63.58;   18.2;    8.7;    7.7;eor
       5133;20190609;-999;-999;-999;    3;   0.0;   0;-999;-999;  -999;  11.2;    -999;   15.8;   64.08;   22.1;    6.3;    5.7;eor
       5133;20190610;-999;-999;-999;    3;   6.2;   4;-999;-999;  -999;  15.0;    -999;   18.4;   72.00;   24.3;   13.4;   13.0;eor
       5133;20190611;-999;-999;-999;    3;   0.3;   4;-999;-999;  -999;  15.3;    -999;   16.7;   81.29;   21.6;   14.2;   13.6;eor
       5133;20190612;-999;-999;-999;    3;   7.6;   4;-999;-999;  -999;  14.8;    -999;   15.3;   85.33;   18.1;    9.8;    9.4;eor
       5133;20190613;-999;-999;-999;    3;   0.0;   0;-999;-999;  -999;  11.2;    -999;   15.5;   67.29;   22.1;    7.9;    7.4;eor
       5133;20190614;-999;-999;-999;    3;   0.0;   0;-999;-999;  -999;  14.4;    -999;   18.3;   70.04;   26.1;    8.0;    7.3;eor
       5133;20190615;-999;-999;-999;    3;   0.5;   4;-999;-999;  -999;  14.9;    -999;   19.2;   68.75;   24.2;   12.0;   11.3;eor
       5133;20190616;-999;-999;-999;    3;   0.1;   4;-999;-999;  -999;  14.9;    -999;   15.9;   83.04;   21.9;   11.1;   10.2;eor
       5133;20190617;-999;-999;-999;    3;   0.0;   0;-999;-999;  -999;  14.1;    -999;   18.2;   70.21;   25.7;    9.1;    8.4;eor
       5133;20190618;-999;-999;-999;    3;   0.0;   0;-999;-999;  -999;  15.8;    -999;   20.6;   68.38;   28.2;   12.0;   11.2;eor
       5133;20190619;-999;-999;-999;    3;   9.3;   4;-999;-999;  -999;  16.2;    -999;   22.2;   65.08;   30.2;   14.5;   13.9;eor
       5133;20190620;-999;-999;-999;    3;   1.5;   4;-999;-999;  -999;  15.9;    -999;   18.0;   78.63;   23.6;   12.8;   12.5;eor
       5133;20190621;-999;-999;-999;    3;   0.0;   0;-999;-999;  -999;  12.8;    -999;   16.7;   69.71;   22.9;   10.1;    9.2;eor
       5133;20190622;-999;-999;-999;    3;   0.0;   0;-999;-999;  -999;  14.1;    -999;   17.8;   70.38;   25.0;    8.8;    8.3;eor
       5133;20190623;-999;-999;-999;    3;   0.0;   0;-999;-999;  -999;  13.8;    -999;   20.4;   61.46;   27.5;   11.8;   11.1;eor
       5133;20190624;-999;-999;-999;    3;   0.0;   0;-999;-999;  -999;  16.4;    -999;   22.1;   64.17;   29.8;   13.3;   12.9;eor
       5133;20190625;-999;-999;-999;    3;   0.0;   0;-999;-999;  -999;  17.9;    -999;   24.0;   62.54;   32.4;   13.9;   13.4;eor
       5133;20190626;-999;-999;-999;    3;   0.0;   0;-999;-999;  -999;  20.6;    -999;   25.6;   65.17;   32.3;   18.2;   17.8;eor
       5133;20190627;-999;-999;-999;    3;   0.0;   0;-999;-999;  -999;  13.2;    -999;   19.5;   60.71;   25.2;   12.5;   12.1;eor
       5133;20190628;-999;-999;-999;    3;   0.0;   0;-999;-999;  -999;  12.4;    -999;   17.6;   64.25;   26.0;   11.4;   10.7;eor
       5133;20190629;-999;-999;-999;    3;   0.0;   0;-999;-999;  -999;  12.3;    -999;   20.7;   57.08;   31.3;    9.1;    8.6;eor
       5133;20190630;-999;-999;-999;    3;   0.0;   4;-999;-999;  -999;  16.1;    -999;   24.3;   56.00;   35.9;   12.6;   11.8;eor
       5133;20190701;-999;-999;-999;    3;   0.0;   0;-999;-999;  -999;  12.8;    -999;   20.2;   56.79;   26.2;   13.6;   12.9;eor
       5133;20190702;-999;-999;-999;    3;   0.0;   0;-999;-999;  -999;  10.7;    -999;   15.4;   63.46;   21.9;    9.0;    8.5;eor
       5133;20190703;-999;-999;-999;    3;   0.0;   0;-999;-999;  -999;   9.6;    -999;   14.4;   62.13;   20.9;    7.5;    7.3;eor
       5133;20190704;-999;-999;-999;    3;   0.0;   0;-999;-999;  -999;   9.5;    -999;   15.4;   58.38;   23.6;    5.4;    5.0;eor
       5133;20190705;-999;-999;-999;    3;   0.0;   0;-999;-999;  -999;  11.6;    -999;   18.6;   57.25;   25.3;   11.9;   11.7;eor
       5133;20190706;-999;-999;-999;    3;   0.0;   0;-999;-999;  -999;  12.5;    -999;   18.5;   62.08;   27.4;   10.1;    9.4;eor
       5133;20190707;-999;-999;-999;    3;   0.0;   0;-999;-999;  -999;  10.0;    -999;   14.5;   61.04;   18.6;   10.0;    9.4;eor
       5133;20190708;-999;-999;-999;    3;   0.0;   0;-999;-999;  -999;  10.1;    -999;   12.5;   70.63;   16.9;    6.1;    5.5;eor
       5133;20190709;-999;-999;-999;    3;   0.0;   4;-999;-999;  -999;  10.2;    -999;   12.9;   69.58;   17.0;    9.5;    8.7;eor
       5133;20190710;-999;-999;-999;    3;   1.2;   4;-999;-999;  -999;  10.2;    -999;   15.6;   62.25;   23.4;    6.2;    5.3;eor
       5133;20190711;-999;-999;-999;    3;  12.8;   4;-999;-999;  -999;  15.2;    -999;   14.8;   90.00;   18.6;   11.8;   11.7;eor
       5133;20190712;-999;-999;-999;    3;  53.4;   4;-999;-999;  -999;  15.5;    -999;   15.2;   89.79;   21.3;   12.4;   10.5;eor
       5133;20190713;-999;-999;-999;    3;   0.4;   4;-999;-999;  -999;  14.8;    -999;   15.5;   83.83;   18.7;   13.7;   12.9;eor
       5133;20190714;-999;-999;-999;    3;   0.2;   4;-999;-999;  -999;  13.0;    -999;   13.6;   83.46;   15.6;   11.6;   11.5;eor
       5133;20190715;-999;-999;-999;    3;   0.0;   0;-999;-999;  -999;  11.9;    -999;   12.6;   81.50;   14.8;    7.0;    6.5;eor
       5133;20190716;-999;-999;-999;    3;   0.0;   0;-999;-999;  -999;  12.2;    -999;   13.2;   80.75;   17.3;    7.0;    6.5;eor
       5133;20190717;-999;-999;-999;    3;   0.0;   0;-999;-999;  -999;  13.4;    -999;   14.2;   82.54;   17.0;    9.0;    8.4;eor
       5133;20190718;-999;-999;-999;    3;   2.0;   4;-999;-999;  -999;  13.4;    -999;   18.0;   68.96;   26.2;    8.8;    8.3;eor
       5133;20190719;-999;-999;-999;    3;   1.5;   4;-999;-999;  -999;  15.2;    -999;   18.4;   75.00;   25.0;   12.5;   11.9;eor
       5133;20190720;-999;-999;-999;    3;  19.5;   4;-999;-999;  -999;  16.5;    -999;   18.7;   78.58;   27.9;   11.5;   10.8;eor
       5133;20190721;-999;-999;-999;    3;   0.0;   0;-999;-999;  -999;  14.7;    -999;   18.2;   73.42;   23.9;   12.6;   12.1;eor
       5133;20190722;-999;-999;-999;    3;   0.0;   0;-999;-999;  -999;  14.7;    -999;   19.8;   67.58;   27.7;   11.6;   11.0;eor
       5133;20190723;-999;-999;-999;    3;   0.0;   0;-999;-999;  -999;  16.6;    -999;   22.9;   63.71;   31.7;   13.4;   12.7;eor
       5133;20190724;-999;-999;-999;    3;   0.0;   0;-999;-999;  -999;  17.2;    -999;   25.0;   60.21;   34.6;   14.6;   14.1;eor
       5133;20190725;-999;-999;-999;    3;   0.0;   0;-999;-999;  -999;  19.1;    -999;   26.4;   60.71;   36.0;   16.6;   16.0;eor
       5133;20190726;-999;-999;-999;    3;   0.0;   0;-999;-999;  -999;  16.7;    -999;   25.2;   56.08;   33.6;   16.1;   15.6;eor
       5133;20190727;-999;-999;-999;    3;   0.0;   0;-999;-999;  -999;  14.5;    -999;   23.0;   54.79;   30.2;   14.6;   14.4;eor
       5133;20190728;-999;-999;-999;    3;   3.0;   4;-999;-999;  -999;  17.2;    -999;   20.7;   71.17;   26.8;   16.2;   16.0;eor
       5133;20190729;-999;-999;-999;    3;   0.0;   0;-999;-999;  -999;  17.2;    -999;   19.3;   77.29;   23.6;   15.5;   14.7;eor
       5133;20190730;-999;-999;-999;    3;   0.9;   4;-999;-999;  -999;  15.1;    -999;   21.9;   62.17;   29.6;   13.6;   13.1;eor
       5133;20190731;-999;-999;-999;    3;   0.0;   4;-999;-999;  -999;  14.6;    -999;   19.2;   68.13;   25.3;   13.8;   13.5;eor
       5133;20190801;-999;-999;-999;    3;   0.0;   0;-999;-999;  -999;  13.4;    -999;   17.7;   68.25;   24.0;   11.4;   10.9;eor
       5133;20190802;-999;-999;-999;    3;  37.2;   4;-999;-999;  -999;  15.8;    -999;   17.2;   81.38;   23.6;   12.5;   12.0;eor
       5133;20190803;-999;-999;-999;    3;   0.0;   0;-999;-999;  -999;  15.1;    -999;   16.9;   80.21;   23.0;   12.5;   12.1;eor
       5133;20190804;-999;-999;-999;    3;   0.1;   4;-999;-999;  -999;  14.9;    -999;   18.0;   74.67;   25.7;   11.4;   11.0;eor
       5133;20190805;-999;-999;-999;    3;   0.2;   4;-999;-999;  -999;  15.6;    -999;   20.3;   67.96;   27.3;   15.3;   14.3;eor
       5133;20190806;-999;-999;-999;    3;   0.2;   4;-999;-999;  -999;  15.6;    -999;   19.7;   70.00;   25.2;   14.6;   13.8;eor
       5133;20190807;-999;-999;-999;    3;   0.0;   0;-999;-999;  -999;  14.5;    -999;   19.2;   67.04;   23.2;   13.4;   12.2;eor
       5133;20190808;-999;-999;-999;    3;   0.0;   0;-999;-999;  -999;  13.3;    -999;   17.7;   68.00;   24.3;   11.7;   10.8;eor
       5133;20190809;-999;-999;-999;    3;   6.8;   4;-999;-999;  -999;  18.1;    -999;   19.4;   80.88;   25.6;   12.5;   11.9;eor
       5133;20190810;-999;-999;-999;    3;   0.0;   0;-999;-999;  -999;  15.2;    -999;   20.0;   66.58;   24.4;   14.0;   12.7;eor
       5133;20190811;-999;-999;-999;    3;   0.2;   4;-999;-999;  -999;  11.9;    -999;   17.9;   61.63;   25.0;   11.0;   10.1;eor
       5133;20190812;-999;-999;-999;    3;   6.5;   4;-999;-999;  -999;  13.4;    -999;   16.0;   75.38;   22.6;   10.6;    9.7;eor
       5133;20190813;-999;-999;-999;    3;   0.1;   4;-999;-999;  -999;  11.7;    -999;   14.4;   73.71;   19.6;   10.2;    9.6;eor
       5133;20190814;-999;-999;-999;    3;   0.3;   4;-999;-999;  -999;  10.4;    -999;   14.8;   65.58;   21.2;    7.8;    7.2;eor
       5133;20190815;-999;-999;-999;    3;   6.0;   4;-999;-999;  -999;  14.9;    -999;   15.8;   82.88;   20.6;   13.6;   12.6;eor
       5133;20190816;-999;-999;-999;    3;   0.8;   4;-999;-999;  -999;  12.8;    -999;   16.4;   71.67;   22.7;   10.3;    9.8;eor
       5133;20190817;-999;-999;-999;    3;   1.5;   4;-999;-999;  -999;  15.6;    -999;   17.6;   78.38;   22.1;   13.4;   13.0;eor
       5133;20190818;-999;-999;-999;    3;  14.7;   4;-999;-999;  -999;  18.0;    -999;   17.9;   88.33;   24.7;   12.9;   12.4;eor
       5133;20190819;-999;-999;-999;    3;   0.0;   0;-999;-999;  -999;  12.2;    -999;   16.3;   68.92;   22.3;   10.4;    9.2;eor
       5133;20190820;-999;-999;-999;    3;   0.1;   4;-999;-999;  -999;  11.1;    -999;   14.9;   69.29;   20.7;    8.2;    7.3;eor
       5133;20190821;-999;-999;-999;    3;   0.0;   0;-999;-999;  -999;  11.1;    -999;   15.3;   68.13;   23.0;    8.0;    7.1;eor
       5133;20190822;-999;-999;-999;    3;   0.0;   0;-999;-999;  -999;  11.4;    -999;   16.4;   66.17;   25.7;    7.3;    6.3;eor
       5133;20190823;-999;-999;-999;    3;   0.0;   0;-999;-999;  -999;  12.0;    -999;   18.1;   63.38;   27.6;    8.9;    7.7;eor
       5133;20190824;-999;-999;-999;    3;   0.0;   0;-999;-999;  -999;  13.3;    -999;   18.9;   65.33;   28.0;    9.1;    7.9;eor
       5133;20190825;-999;-999;-999;    3;   0.0;   0;-999;-999;  -999;  17.3;    -999;   21.5;   69.75;   31.1;   12.8;   12.0;eor
       5133;20190826;-999;-999;-999;    3;   0.0;   0;-999;-999;  -999;  17.8;    -999;   23.0;   67.75;   31.8;   14.9;   13.9;eor
       5133;20190827;-999;-999;-999;    3;   0.7;   4;-999;-999;  -999;  18.2;    -999;   21.5;   74.71;   31.5;   14.8;   13.8;eor
       5133;20190828;-999;-999;-999;    3;   0.0;   0;-999;-999;  -999;  17.6;    -999;   22.3;   69.29;   30.2;   15.9;   15.1;eor
       5133;20190829;-999;-999;-999;    3;   0.1;   4;-999;-999;  -999;  18.1;    -999;   20.3;   76.75;   26.4;   15.1;   13.9;eor
       5133;20190830;-999;-999;-999;    3;   0.0;   0;-999;-999;  -999;  17.2;    -999;   20.1;   74.88;   26.6;   14.1;   12.8;eor
       5133;20190831;-999;-999;-999;    3;   1.0;   4;-999;-999;  -999;  16.4;    -999;   21.3;   68.96;   31.1;   12.1;   11.0;eor
       5133;20190901;-999;-999;-999;    3;   0.5;   4;-999;-999;  -999;  15.0;    -999;   16.4;   80.21;   22.3;    8.9;    7.7;eor
       5133;20190902;-999;-999;-999;    3;   0.0;   0;-999;-999;  -999;   9.8;    -999;   13.0;   69.50;   20.2;    7.1;    5.9;eor
       5133;20190903;-999;-999;-999;    3;   0.0;   0;-999;-999;  -999;  10.8;    -999;   14.1;   68.75;   20.6;    6.3;    5.2;eor
       5133;20190904;-999;-999;-999;    3;   0.9;   4;-999;-999;  -999;  12.9;    -999;   16.9;   69.71;   24.5;   10.8;   10.8;eor
       5133;20190905;-999;-999;-999;    3;   0.2;   4;-999;-999;  -999;  11.1;    -999;   12.9;   75.42;   17.9;    7.7;    6.3;eor
       5133;20190906;-999;-999;-999;    3;   0.0;   0;-999;-999;  -999;   9.1;    -999;   12.3;   67.33;   19.9;    4.3;    3.4;eor
       5133;20190907;-999;-999;-999;    3;   8.6;   4;-999;-999;  -999;  11.6;    -999;   11.6;   85.04;   16.1;    7.6;    7.1;eor
       5133;20190908;-999;-999;-999;    3;   0.0;   4;-999;-999;  -999;  11.3;    -999;   11.3;   85.21;   16.8;    5.5;    5.2;eor
       5133;20190909;-999;-999;-999;    3;   0.0;   0;-999;-999;  -999;  11.2;    -999;   12.1;   80.46;   17.6;    7.5;    6.3;eor
       5133;20190910;-999;-999;-999;    3;   0.0;   0;-999;-999;  -999;   9.4;    -999;   11.2;   73.88;   18.6;    4.3;    3.5;eor
       5133;20190911;-999;-999;-999;    3;   1.6;   4;-999;-999;  -999;  10.4;    -999;   13.0;   73.13;   20.5;    4.2;    3.1;eor
       5133;20190912;-999;-999;-999;    3;   0.0;   0;-999;-999;  -999;  14.1;    -999;   16.4;   77.33;   22.2;   11.6;   10.3;eor
       5133;20190913;-999;-999;-999;    3;   0.0;   0;-999;-999;  -999;  14.6;    -999;   15.7;   81.71;   20.9;   10.0;    8.9;eor
       5133;20190914;-999;-999;-999;    3;   0.0;   0;-999;-999;  -999;  10.0;    -999;   12.5;   72.38;   20.5;    5.1;    4.2;eor
       5133;20190915;-999;-999;-999;    3;   0.0;   4;-999;-999;  -999;   8.9;    -999;   14.5;   60.67;   25.3;    5.0;    3.9;eor
       5133;20190916;-999;-999;-999;    3;   1.7;   4;-999;-999;  -999;  14.2;    -999;   14.0;   88.38;   16.5;   10.5;    9.4;eor
       5133;20190917;-999;-999;-999;    3;   0.0;   0;-999;-999;  -999;  10.3;    -999;   12.2;   73.58;   16.5;    8.9;    7.5;eor
       5133;20190918;-999;-999;-999;    3;   0.0;   0;-999;-999;  -999;   8.7;    -999;   10.2;   71.83;   15.4;    5.5;    3.9;eor
       5133;20190919;-999;-999;-999;    3;   0.0;   0;-999;-999;  -999;   7.8;    -999;    8.6;   73.25;   15.5;    2.9;    1.7;eor
       5133;20190920;-999;-999;-999;    3;   0.0;   0;-999;-999;  -999;   7.1;    -999;    9.0;   68.46;   18.6;    1.3;    0.2;eor
       5133;20190921;-999;-999;-999;    3;   0.0;   0;-999;-999;  -999;   8.4;    -999;   11.4;   67.54;   22.6;    1.9;    0.7;eor
       5133;20190922;-999;-999;-999;    3;   0.0;   0;-999;-999;  -999;  10.7;    -999;   14.7;   67.58;   25.1;    5.2;    3.7;eor
       5133;20190923;-999;-999;-999;    3;   0.3;   4;-999;-999;  -999;  14.3;    -999;   14.7;   84.96;   17.4;   12.4;   11.5;eor
       5133;20190924;-999;-999;-999;    3;   2.5;   4;-999;-999;  -999;  13.0;    -999;   13.8;   82.58;   17.5;    9.3;    8.7;eor
       5133;20190925;-999;-999;-999;    3;   1.4;   4;-999;-999;  -999;  13.5;    -999;   14.1;   84.75;   18.2;   11.8;   10.8;eor
       5133;20190926;-999;-999;-999;    3;   5.9;   4;-999;-999;  -999;  15.4;    -999;   14.7;   91.83;   16.0;   11.4;   10.0;eor
       5133;20190927;-999;-999;-999;    3;   2.2;   4;-999;-999;  -999;  13.8;    -999;   14.6;   83.54;   18.9;   11.4;   10.3;eor
       5133;20190928;-999;-999;-999;    3;   2.4;   4;-999;-999;  -999;  13.1;    -999;   13.9;   83.29;   17.8;   11.7;   10.5;eor
       5133;20190929;-999;-999;-999;    3;   3.5;   4;-999;-999;  -999;  13.5;    -999;   14.0;   84.29;   16.4;   11.7;   11.0;eor
       5133;20190930;-999;-999;-999;    3;   3.6;   4;-999;-999;  -999;  12.3;    -999;   12.8;   83.13;   15.3;    9.8;    8.8;eor
       5133;20191001;-999;-999;-999;    3;   6.9;   4;-999;   0;  -999;  13.7;    -999;   13.6;   88.17;   18.0;   11.0;   10.6;eor
       5133;20191002;-999;-999;-999;    3;   0.6;   4;-999;   0;  -999;   9.7;    -999;   10.0;   78.54;   13.3;    7.6;    6.5;eor
       5133;20191003;-999;-999;-999;    3;   0.4;   4;-999;   0;  -999;  10.1;    -999;    9.9;   82.96;   13.4;    6.4;    5.7;eor
       5133;20191004;-999;-999;-999;    3;   9.7;   4;-999;   0;  -999;  10.5;    -999;    8.8;   92.42;   11.2;    6.7;    6.4;eor
       5133;20191005;-999;-999;-999;    3;   0.0;   0;-999;   0;  -999;   9.4;    -999;    8.0;   88.13;   10.9;    4.2;    3.7;eor
       5133;20191006;-999;-999;-999;    3;   5.4;   4;-999;   0;  -999;   8.6;    -999;    6.6;   88.54;    9.4;    3.5;    3.2;eor
       5133;20191007;-999;-999;-999;    3;   1.2;   4;-999;   0;  -999;   9.1;    -999;    7.7;   86.92;   11.8;    2.1;    1.2;eor
       5133;20191008;-999;-999;-999;    3;   1.8;   4;-999;   0;  -999;  12.3;    -999;   11.4;   91.21;   14.4;    9.3;    8.0;eor
       5133;20191009;-999;-999;-999;    3;   5.2;   4;-999;   0;  -999;  10.9;    -999;   10.9;   83.75;   12.8;    8.0;    6.8;eor
       5133;20191010;-999;-999;-999;    3;   0.0;   0;-999;   0;  -999;   9.8;    -999;    9.9;   80.88;   13.6;    6.8;    5.1;eor
       5133;20191011;-999;-999;-999;    3;   0.0;   0;-999;   0;  -999;  11.5;    -999;   12.0;   82.04;   14.7;    8.5;    7.6;eor
       5133;20191012;-999;-999;-999;    3;   0.0;   0;-999;   0;  -999;  12.9;    -999;   14.9;   76.96;   19.9;   10.6;    9.5;eor
       5133;20191013;-999;-999;-999;    3;   0.0;   0;-999;   0;  -999;  15.9;    -999;   17.2;   81.38;   21.5;   13.8;   12.1;eor
       5133;20191014;-999;-999;-999;    3;   0.0;   0;-999;   0;  -999;  14.4;    -999;   16.5;   78.21;   21.9;   11.3;   10.2;eor
       5133;20191015;-999;-999;-999;    3;  20.9;   4;-999;   0;  -999;  14.7;    -999;   15.3;   84.92;   22.9;   10.5;    8.8;eor
       5133;20191016;-999;-999;-999;    3;   0.1;   4;-999;   0;  -999;  12.4;    -999;   11.9;   88.58;   14.0;   10.5;    9.7;eor
       5133;20191017;-999;-999;-999;    3;   3.2;   4;-999;   0;  -999;  13.4;    -999;   13.1;   89.08;   16.9;   11.3;   10.7;eor
       5133;20191018;-999;-999;-999;    3;   1.5;   4;-999;   0;  -999;  11.8;    -999;   11.6;   86.04;   16.1;    7.4;    6.0;eor
       5133;20191019;-999;-999;-999;    3;   1.6;   4;-999;   0;  -999;  11.8;    -999;   10.9;   89.83;   14.5;    6.6;    5.5;eor
       5133;20191020;-999;-999;-999;    3;   1.8;   4;-999;   0;  -999;  14.4;    -999;   12.7;   97.79;   14.2;   11.4;   10.9;eor
       5133;20191021;-999;-999;-999;    3;   0.0;   4;-999;   0;  -999;  13.2;    -999;   12.8;   89.50;   17.4;    9.7;    9.1;eor
       5133;20191022;-999;-999;-999;    3;   0.0;   0;-999;   0;  -999;  10.6;    -999;   10.0;   87.04;   14.9;    6.6;    5.8;eor
       5133;20191023;-999;-999;-999;    3;   0.0;   0;-999;   0;  -999;  12.0;    -999;   10.2;   95.54;   13.1;    6.4;    6.2;eor
       5133;20191024;-999;-999;-999;    1;   0.0;   0;-999;   0;  -999;  13.7;    -999;   13.1;   90.79;   16.2;   11.1;    9.7;eor
       5133;20191025;-999;-999;-999;    1;   0.0;   0;-999;   0;  -999;  11.0;    -999;   12.3;   77.88;   16.2;    9.4;    7.7;eor
       5133;20191026;-999;-999;-999;    1;   0.0;   0;-999;   0;  -999;  12.3;    -999;   12.6;   83.88;   15.8;   10.1;    8.7;eor
       5133;20191027;-999;-999;-999;    1;   0.1;   4;-999;   0;  -999;   9.3;    -999;    8.3;   83.79;   14.3;    1.8;    0.3;eor
       5133;20191028;-999;-999;-999;    1;   0.0;   0;-999;   0;  -999;   7.4;    -999;    4.4;   88.50;   10.7;   -0.2;   -1.4;eor
       5133;20191029;-999;-999;-999;    1;   0.0;   0;-999;   0;  -999;   7.3;    -999;    4.4;   87.58;    9.7;   -0.9;   -2.2;eor
       5133;20191030;-999;-999;-999;    1;   0.0;   0;-999;   0;  -999;   5.9;    -999;    0.9;   90.29;    7.1;   -2.8;   -3.8;eor
       5133;20191031;-999;-999;-999;    1;   0.0;   0;-999;   0;  -999;   5.5;    -999;    1.0;   84.42;    7.6;   -3.5;   -4.3;eor
       5133;20191101;-999;-999;-999;    1;   1.4;   4;-999;   0;  -999;   7.0;    -999;    2.1;   96.50;    8.2;   -3.3;   -4.7;eor
       5133;20191102;-999;-999;-999;    1;   2.0;   4;-999;   0;  -999;  12.0;    -999;   11.5;   88.38;   15.2;    8.2;    7.7;eor
       5133;20191103;-999;-999;-999;    1;   1.1;   4;-999;   0;  -999;  11.5;    -999;   10.4;   90.54;   12.5;    8.9;    7.9;eor
       5133;20191104;-999;-999;-999;    1;   2.3;   4;-999;   0;  -999;  10.6;    -999;    9.3;   90.04;   11.7;    7.1;    5.6;eor
       5133;20191105;-999;-999;-999;    1;   0.1;   4;-999;   0;  -999;   9.2;    -999;    7.4;   89.13;   10.6;    4.0;    3.0;eor
       5133;20191106;-999;-999;-999;    1;   1.1;   4;-999;   0;  -999;   8.9;    -999;    6.7;   90.67;    8.9;    4.6;    3.9;eor
       5133;20191107;-999;-999;-999;    1;   3.2;   4;-999;   0;  -999;   8.9;    -999;    6.4;   92.42;   10.2;    2.4;    1.7;eor
       5133;20191108;-999;-999;-999;    1;   0.3;   4;-999;   0;  -999;   8.0;    -999;    4.4;   95.00;    7.7;    1.2;    0.4;eor
       5133;20191109;-999;-999;-999;    1;   0.0;   0;-999;   0;  -999;   7.2;    -999;    3.9;   89.04;    7.3;   -0.6;   -2.1;eor
       5133;20191110;-999;-999;-999;    1;   0.0;   0;-999;   0;  -999;   6.7;    -999;    2.7;   90.75;    6.4;   -0.2;   -1.3;eor
       5133;20191111;-999;-999;-999;    1;   0.0;   0;-999;   0;  -999;   6.4;    -999;    1.8;   91.92;    2.1;    1.2;    1.3;eor
       5133;20191112;-999;-999;-999;    1;   1.5;   4;-999;   0;  -999;   7.0;    -999;    3.6;   88.83;    5.6;    1.8;    0.1;eor
       5133;20191113;-999;-999;-999;    1;   0.0;   0;-999;   0;  -999;   6.8;    -999;    3.0;   89.71;    4.2;    0.8;   -0.4;eor
       5133;20191114;-999;-999;-999;    1;   0.0;   0;-999;   0;  -999;   6.6;    -999;    3.9;   81.67;    8.0;   -0.7;   -2.1;eor
       5133;20191115;-999;-999;-999;    1;   5.2;   4;-999;   0;  -999;   6.8;    -999;    2.8;   90.58;    5.5;   -0.1;   -1.7;eor
       5133;20191116;-999;-999;-999;    1;   0.2;   4;-999;   0;  -999;   7.0;    -999;    3.5;   89.71;    6.3;    0.6;   -1.0;eor
       5133;20191117;-999;-999;-999;    1;   3.5;   4;-999;   0;  -999;   7.5;    -999;    3.7;   94.17;    5.1;    1.3;    0.4;eor
       5133;20191118;-999;-999;-999;    1;   2.1;   4;-999;   0;  -999;   7.7;    -999;    3.9;   95.00;    5.1;    1.8;    1.4;eor
       5133;20191119;-999;-999;-999;    1;   0.1;   4;-999;   0;  -999;   6.8;    -999;    3.3;   87.96;    5.8;    0.1;   -1.5;eor
       5133;20191120;-999;-999;-999;    1;   0.0;   0;-999;   0;  -999;   6.7;    -999;    2.5;   91.21;    4.4;    1.1;    0.2;eor
       5133;20191121;-999;-999;-999;    1;   0.0;   4;-999;   0;  -999;   7.1;    -999;    3.2;   92.33;    5.4;    1.1;   -0.2;eor
       5133;20191122;-999;-999;-999;    1;   0.0;   0;-999;   0;  -999;   7.4;    -999;    3.5;   94.04;    4.0;    2.6;    2.5;eor
       5133;20191123;-999;-999;-999;    1;   0.0;   0;-999;   0;  -999;   6.8;    -999;    2.0;   95.50;    7.3;   -0.9;   -1.4;eor
       5133;20191124;-999;-999;-999;    1;   0.0;   0;-999;   0;  -999;   6.6;    -999;    1.4;   97.50;    6.2;   -1.2;   -2.0;eor
       5133;20191125;-999;-999;-999;    1;   0.5;   4;-999;   0;  -999;   7.1;    -999;    2.4;   97.42;    5.2;   -0.8;   -1.2;eor
       5133;20191126;-999;-999;-999;    1;   0.0;   0;-999;   0;  -999;   9.4;    -999;    6.5;   96.58;    8.5;    4.3;    4.0;eor
       5133;20191127;-999;-999;-999;    1;   6.7;   4;-999;   0;  -999;  10.1;    -999;    8.2;   92.71;    9.2;    6.8;    6.2;eor
       5133;20191128;-999;-999;-999;    1;   5.4;   4;-999;   0;  -999;   9.6;    -999;    8.4;   86.46;    9.1;    7.3;    6.0;eor
       5133;20191129;-999;-999;-999;    1;   0.8;   4;-999;   0;  -999;   6.9;    -999;    4.7;   80.13;    7.3;    2.9;    1.0;eor
       5133;20191130;-999;-999;-999;    1;   0.0;   0;-999;   0;  -999;   6.3;    -999;    2.1;   88.42;    5.5;   -2.8;   -3.7;eor
       5133;20191201;-999;-999;-999;    1;   0.0;   0;-999;   0;  -999;   5.2;    -999;   -1.9;   97.92;   -0.5;   -3.3;   -4.2;eor
       5133;20191202;-999;-999;-999;    1;   1.0;   4;-999;   0;  -999;   6.5;    -999;    2.0;   91.33;    4.7;   -1.4;   -2.5;eor
       5133;20191203;-999;-999;-999;    1;   0.1;   4;-999;   0;  -999;   7.4;    -999;    3.5;   93.75;    5.6;    0.0;   -1.6;eor
       5133;20191204;-999;-999;-999;    1;   0.0;   0;-999;   0;  -999;   6.1;    -999;    0.7;   94.46;    3.9;   -3.4;   -3.9;eor
       5133;20191205;-999;-999;-999;    1;   0.0;   0;-999;   0;  -999;   5.2;    -999;   -0.9;   91.33;    2.4;   -3.3;   -4.5;eor
       5133;20191206;-999;-999;-999;    1;   1.5;   4;-999;   0;  -999;   5.8;    -999;    0.2;   91.58;    4.0;   -2.1;   -2.9;eor
       5133;20191207;-999;-999;-999;    1;   2.5;   4;-999;   0;  -999;   8.2;    -999;    6.6;   84.46;    8.4;    3.7;    2.7;eor
       5133;20191208;-999;-999;-999;    1;   1.4;   4;-999;   0;  -999;   8.4;    -999;    7.6;   80.13;    9.5;    5.0;    3.6;eor
       5133;20191209;-999;-999;-999;    1;   5.9;   4;-999;   0;  -999;   7.3;    -999;    5.2;   82.92;    6.8;    3.0;    1.6;eor
       5133;20191210;-999;-999;-999;    1;   0.2;   4;-999;   0;  -999;   5.9;    -999;    2.1;   82.38;    4.0;   -1.0;   -2.3;eor
       5133;20191211;-999;-999;-999;    1;   8.2;   4;-999;   0;  -999;   6.1;    -999;    1.1;   92.04;    2.0;    0.4;    0.0;eor
       5133;20191212;-999;-999;-999;    1;   0.1;   4;-999;   1;  -999;   6.3;    -999;    1.5;   92.46;    2.9;    0.7;   -0.3;eor
       5133;20191213;-999;-999;-999;    1;   2.3;   4;-999;   1;  -999;   6.1;    -999;    1.2;   91.21;    4.3;   -0.1;   -1.3;eor
       5133;20191214;-999;-999;-999;    1;   3.8;   4;-999;   0;  -999;   6.6;    -999;    3.8;   82.83;    5.4;    0.8;    0.1;eor
       5133;20191215;-999;-999;-999;    1;   3.0;   4;-999;   0;  -999;   7.0;    -999;    4.9;   80.46;    8.0;   -0.6;   -2.6;eor
       5133;20191216;-999;-999;-999;    1;   0.2;   4;-999;   0;  -999;   9.0;    -999;    5.8;   96.96;    8.0;    0.4;   -1.0;eor
       5133;20191217;-999;-999;-999;    1;   0.5;   4;-999;   0;  -999;   9.2;    -999;    8.4;   83.33;   11.8;    5.3;    3.8;eor
       5133;20191218;-999;-999;-999;    1;   0.0;   0;-999;   0;  -999;   8.5;    -999;    6.5;   87.38;   10.6;    1.2;   -1.2;eor
       5133;20191219;-999;-999;-999;    1;   0.0;   0;-999;   0;  -999;   8.5;    -999;    5.6;   93.42;    9.3;    1.2;    0.0;eor
       5133;20191220;-999;-999;-999;    1;   0.8;   4;-999;   0;  -999;   7.9;    -999;    4.0;   95.50;    7.9;   -1.0;   -1.6;eor
       5133;20191221;-999;-999;-999;    1;   0.1;   4;-999;   0;  -999;   8.1;    -999;    5.4;   90.21;    6.7;    3.8;    1.3;eor
       5133;20191222;-999;-999;-999;    1;   0.8;   4;-999;   0;  -999;   8.5;    -999;    5.8;   91.21;    7.4;    3.6;    1.2;eor
       5133;20191223;-999;-999;-999;    1;   3.6;   4;-999;   0;  -999;   7.8;    -999;    6.0;   83.00;    7.6;    3.6;    2.4;eor
       5133;20191224;-999;-999;-999;    1;  10.7;   4;-999;   0;  -999;   7.9;    -999;    5.4;   88.42;    8.0;    2.6;    1.0;eor
       5133;20191225;-999;-999;-999;    1;   7.8;   4;-999;   0;  -999;   8.0;    -999;    5.6;   87.88;    7.5;    2.4;    0.5;eor
       5133;20191226;-999;-999;-999;    1;   0.0;   0;-999;   0;  -999;   6.8;    -999;    2.5;   92.58;    5.0;    0.6;   -0.6;eor
       5133;20191227;-999;-999;-999;    1;   0.0;   0;-999;   0;  -999;   6.3;    -999;    2.1;   87.92;    4.6;   -1.5;   -2.8;eor
       5133;20191228;-999;-999;-999;    1;   0.0;   0;-999;   0;  -999;   5.0;    -999;   -1.3;   89.54;    1.0;   -4.0;   -5.0;eor
       5133;20191229;-999;-999;-999;    1;   0.0;   0;-999;   0;  -999;   4.7;    -999;   -0.5;   79.29;    1.2;   -2.6;   -4.1;eor
       5133;20191230;-999;-999;-999;    1;   0.0;   0;-999;   0;  -999;   4.6;    -999;    0.9;   71.46;    4.3;   -1.5;   -3.2;eor
       5133;20191231;-999;-999;-999;    1;   0.0;   0;-999;   0;  -999;   6.1;    -999;    1.5;   88.29;    4.6;   -2.9;   -4.1;eor
       5133;20200101;-999;-999;-999;    1;   0.0;   0;-999;   0;  -999;   5.3;    -999;   -0.5;   89.96;    2.7;   -3.9;   -5.7;eor
       5133;20200102;-999;-999;-999;    1;   0.0;   0;-999;   0;  -999;   5.4;    -999;   -0.8;   93.50;    0.4;   -2.7;   -3.9;eor
       5133;20200103;-999;-999;-999;    1;   4.7;   4;-999;   0;  -999;   7.6;    -999;    3.6;   95.21;    8.4;    0.4;    0.2;eor
       5133;20200104;-999;-999;-999;    1;   4.2;   4;-999;   0;  -999;   7.0;    -999;    4.3;   84.17;    5.8;    1.5;    0.1;eor
