STATIONS_ID;MESS_DATUM;QN_3;  FX;  FM;QN_4; RSK;RSKF; SDK;SHK_TAG;  NM; VPM;  PM; TMK; UPM; TXK; TNK; TGK;eor
       5279;20180704;-999;-999;-999;    3;   0.0;   0;-999;-999;  -999;  12.1;    -999;   21.3;   52.21;   31.1;   10.3;    8.9;eor
       5279;20180705;-999;-999;-999;    3;   0.0;   0;-999;-999;  -999;  15.6;    -999;   21.5;   62.75;   28.2;   14.7;   13.6;eor
       5279;20180706;-999;-999;-999;-999;-999;-999;-999;-999;  -999;  -999;    -999;   -999;-999;-999;-999;-999;eor
       5279;20180725;-999;-999;-999;-999;-999;-999;-999;-999;  -999;  -999;    -999;   -999;-999;-999;-999;-999;eor
       5279;20180731;-999;-999;-999;-999;-999;-999;-999;-999;  -999;  -999;    -999;   -999;-999;-999;-999;-999;eor
       5279;20180801;-999;-999;-999;-999;-999;-999;-999;-999;  -999;  -999;    -999;   -999;-999;-999;-999;-999;eor
       5279;20181212;-999;-999;-999;    3;   0.8;   4;-999;-999;-999;-999;-999;-999;-999;    4.1;    1.1;    0.1;eor
       5279;20181213;-999;-999;-999;    3;   0.0;   0;-999;-999;  -999;  -999;    -999;    0.3;-999;    1.3;   -1.2;   -2.5;eor
       5279;20181214;-999;-999;-999;    3;   0.0;   0;-999;-999;  -999;   4.8;    -999;    0.7;   74.79;    1.1;    0.2;   -0.6;eor
       5279;20181215;-999;-999;-999;    3;   0.0;   0;-999;-999;  -999;   4.3;    -999;   -0.2;   70.42;    0.3;   -0.9;   -1.3;eor
       5279;20181216;-999;-999;-999;    3;   0.8;   4;-999;-999;  -999;   4.5;    -999;   -1.3;   81.17;   -0.5;   -1.9;   -3.1;eor
       5279;20181217;-999;-999;-999;    3;   1.4;   4;-999;-999;  -999;   6.7;    -999;    2.1;   93.67;    4.0;   -0.7;   -0.9;eor
       5279;20181218;-999;-999;-999;    3;   0.0;   0;-999;-999;  -999;   7.0;    -999;    3.3;   90.42;    5.4;    0.0;   -1.3;eor
       5279;20181219;-999;-999;-999;    3;   0.9;   4;-999;-999;  -999;   6.8;    -999;    2.8;   90.63;    5.9;   -0.2;   -1.5;eor
       5279;20181220;-999;-999;-999;    3;   3.3;   4;-999;-999;  -999;   8.2;    -999;    6.0;   87.63;    7.7;    4.2;    3.3;eor
       5279;20181221;-999;-999;-999;    3;  13.9;   4;-999;-999;  -999;   9.3;    -999;    8.5;   83.42;   12.1;    6.2;    5.0;eor
       5279;20181222;-999;-999;-999;    3;  15.1;   4;-999;-999;  -999;   9.2;    -999;    7.8;   86.83;    9.9;    6.5;    5.8;eor
       5279;20181223;-999;-999;-999;    3;  17.1;   4;-999;-999;  -999;   8.6;    -999;    6.4;   89.67;    8.2;    3.8;    3.7;eor
       5279;20181224;-999;-999;-999;    3;   0.7;   4;-999;-999;  -999;   6.7;    -999;    2.8;   89.71;    4.7;    0.7;   -0.3;eor
       5279;20181225;-999;-999;-999;    3;   0.0;   0;-999;-999;  -999;   6.7;    -999;    4.0;   82.29;    5.1;    1.9;    1.3;eor
       5279;20181226;-999;-999;-999;    3;   0.1;   4;-999;-999;  -999;   6.5;    -999;    2.8;   87.33;    3.9;    1.8;    1.8;eor
       5279;20181227;-999;-999;-999;    3;   0.0;   0;-999;-999;  -999;   6.2;    -999;    1.2;   92.46;    3.3;   -0.8;   -1.7;eor
       5279;20181228;-999;-999;-999;    3;   1.0;   4;-999;-999;  -999;   5.7;    -999;   -0.4;   96.58;    1.1;   -3.0;   -3.2;eor
       5279;20181229;-999;-999;-999;    3;   9.8;   4;-999;-999;  -999;   7.4;    -999;    3.4;   94.42;    7.6;    1.0;    1.0;eor
       5279;20181230;-999;-999;-999;    3;   0.8;   4;-999;-999;  -999;   8.4;    -999;    6.4;   87.29;    7.5;    5.7;    4.7;eor
       5279;20181231;-999;-999;-999;    3;   0.4;   4;-999;-999;  -999;   9.7;    -999;    7.4;   94.08;    8.9;    5.8;    5.6;eor
       5279;20190101;-999;-999;-999;    3;   3.2;   4;-999;-999;  -999;   8.0;    -999;    6.0;   84.46;    7.8;    3.1;    2.0;eor
       5279;20190102;-999;-999;-999;    3;   0.0;   0;-999;-999;  -999;   5.0;    -999;    2.1;   69.13;    3.7;   -2.5;   -4.2;eor
       5279;20190103;-999;-999;-999;    3;   1.3;   4;-999;-999;  -999;   5.1;    -999;   -1.2;   90.67;    1.2;   -4.3;   -5.2;eor
       5279;20190104;-999;-999;-999;    3;   7.3;   4;-999;-999;  -999;   6.5;    -999;    1.7;   93.54;    4.3;   -0.8;   -2.3;eor
       5279;20190105;-999;-999;-999;    3;   5.6;   4;-999;-999;  -999;   9.0;    -999;    6.1;   95.33;    7.0;    4.3;    3.6;eor
       5279;20190106;-999;-999;-999;    3;   4.3;   4;-999;-999;  -999;   9.1;    -999;    6.2;   95.58;    7.1;    4.9;    4.7;eor
       5279;20190107;-999;-999;-999;    3;   7.3;   4;-999;-999;  -999;   7.9;    -999;    4.9;   90.96;    6.2;    4.1;    3.5;eor
       5279;20190108;-999;-999;-999;    3;   5.9;   4;-999;-999;  -999;   7.6;    -999;    5.0;   86.79;    6.9;    2.4;    1.4;eor
       5279;20190109;-999;-999;-999;    3;   2.1;   4;-999;-999;  -999;   5.8;    -999;    1.3;   86.08;    3.4;    0.1;    0.0;eor
       5279;20190110;-999;-999;-999;    3;   1.7;   4;-999;-999;  -999;   5.2;    -999;    0.1;   83.75;    1.3;   -0.7;   -1.6;eor
       5279;20190111;-999;-999;-999;    3;   1.7;   4;-999;-999;  -999;   6.9;    -999;    2.6;   93.71;    6.0;   -0.3;   -0.4;eor
       5279;20190112;-999;-999;-999;    3;   7.5;   4;-999;-999;  -999;   7.9;    -999;    5.1;   89.50;    6.2;    4.5;    3.9;eor
       5279;20190113;-999;-999;-999;    3;  13.5;   4;-999;-999;  -999;   8.8;    -999;    6.6;   90.04;    8.4;    5.1;    4.0;eor
       5279;20190114;-999;-999;-999;    3;   0.3;   4;-999;-999;  -999;   6.0;    -999;    3.1;   78.00;    5.8;    1.1;    0.2;eor
       5279;20190115;-999;-999;-999;    3;   0.0;   0;-999;-999;  -999;   6.8;    -999;    4.3;   81.08;    6.3;    1.6;    0.4;eor
       5279;20190116;-999;-999;-999;    3;   0.3;   4;-999;-999;  -999;   7.1;    -999;    5.0;   80.75;    6.3;    3.2;    1.7;eor
       5279;20190117;-999;-999;-999;    3;   3.5;   4;-999;-999;  -999;   6.6;    -999;    3.4;   84.71;    6.1;    0.1;    0.1;eor
       5279;20190118;-999;-999;-999;    3;   0.0;   0;-999;-999;  -999;   5.0;    -999;   -1.1;   87.83;    1.7;   -4.4;   -5.3;eor
       5279;20190119;-999;-999;-999;    3;   0.0;   0;-999;-999;  -999;   4.1;    -999;   -3.6;   87.54;    1.1;   -5.7;   -7.1;eor
       5279;20190120;-999;-999;-999;    3;   0.0;   0;-999;-999;  -999;   3.5;    -999;   -5.2;   85.58;    1.7;   -8.4;   -9.3;eor
       5279;20190121;-999;-999;-999;    3;   0.0;   0;-999;-999;  -999;   3.3;    -999;   -6.6;   88.92;   -0.7;   -9.9;  -10.6;eor
       5279;20190122;-999;-999;-999;    3;   0.0;   0;-999;-999;  -999;   3.2;    -999;   -6.5;   85.17;   -2.8;  -10.6;  -11.4;eor
       5279;20190123;-999;-999;-999;    3;   0.0;   0;-999;-999;  -999;   3.5;    -999;   -4.6;   81.42;   -3.3;   -6.2;   -7.9;eor
       5279;20190124;-999;-999;-999;    3;   0.2;   4;-999;-999;  -999;   3.5;    -999;   -5.3;   85.46;   -3.6;   -7.1;   -7.1;eor
       5279;20190125;-999;-999;-999;    3;  13.7;   4;-999;-999;  -999;   3.9;    -999;   -3.7;   83.04;    0.0;   -5.1;   -5.1;eor
       5279;20190126;-999;-999;-999;    3;  10.7;   4;-999;-999;  -999;   7.1;    -999;    2.9;   94.13;    5.4;   -0.2;   -0.5;eor
       5279;20190127;-999;-999;-999;    3;   3.1;   4;-999;-999;  -999;   7.4;    -999;    4.7;   86.58;    6.5;    2.6;    0.9;eor
       5279;20190128;-999;-999;-999;    3;   3.0;   4;-999;-999;  -999;   6.2;    -999;    1.9;   88.71;    2.9;    0.4;   -0.2;eor
       5279;20190129;-999;-999;-999;    3;   0.0;   0;-999;-999;  -999;   5.6;    -999;    0.8;   87.17;    3.6;   -2.2;   -3.7;eor
       5279;20190130;-999;-999;-999;    3;   0.1;   4;-999;-999;  -999;   4.9;    -999;   -0.8;   85.25;    1.1;   -3.1;   -4.7;eor
       5279;20190131;-999;-999;-999;    3;   0.0;   0;-999;-999;  -999;   5.0;    -999;    0.2;   80.50;    3.9;   -3.0;   -4.3;eor
       5279;20190201;-999;-999;-999;    3;   0.1;   4;-999;-999;  -999;   5.3;    -999;    0.5;   83.54;    5.3;   -2.5;   -4.4;eor
       5279;20190202;-999;-999;-999;    3;   0.6;   4;-999;-999;  -999;   6.1;    -999;    0.9;   94.17;    2.5;    0.0;   -0.5;eor
       5279;20190203;-999;-999;-999;    3;   0.0;   0;-999;-999;  -999;   5.6;    -999;    1.2;   84.79;    2.6;   -1.5;   -2.5;eor
       5279;20190204;-999;-999;-999;    3;   0.0;   0;-999;-999;  -999;   5.1;    -999;    1.2;   78.67;    3.7;   -1.9;   -3.4;eor
       5279;20190205;-999;-999;-999;    3;   0.0;   0;-999;-999;  -999;   5.8;    -999;    2.6;   78.42;    4.1;   -1.4;   -2.5;eor
       5279;20190206;-999;-999;-999;    3;   0.0;   0;-999;-999;  -999;   5.3;    -999;    1.7;   78.50;    6.6;   -2.5;   -3.2;eor
       5279;20190207;-999;-999;-999;    3;   0.5;   4;-999;-999;  -999;   6.0;    -999;    2.9;   79.17;    5.2;   -0.7;   -1.9;eor
       5279;20190208;-999;-999;-999;    3;   1.6;   4;-999;-999;  -999;   7.3;    -999;    6.1;   77.21;    7.9;    3.5;    1.3;eor
       5279;20190209;-999;-999;-999;    3;   1.7;   4;-999;-999;  -999;   7.3;    -999;    7.5;   70.21;    9.8;    5.7;    4.2;eor
       5279;20190210;-999;-999;-999;    3;  10.3;   4;-999;-999;  -999;   8.2;    -999;    6.7;   82.46;    9.1;    1.7;    1.3;eor
       5279;20190211;-999;-999;-999;    3;   2.5;   4;-999;-999;  -999;   6.4;    -999;    3.7;   80.29;    6.8;    1.7;    1.0;eor
       5279;20190212;-999;-999;-999;    3;   0.2;   4;-999;-999;  -999;   6.3;    -999;    3.6;   79.75;    5.9;    2.0;    1.1;eor
       5279;20190213;-999;-999;-999;    3;   0.0;   0;-999;-999;  -999;   7.0;    -999;    4.7;   82.33;    8.7;    1.1;   -0.3;eor
       5279;20190214;-999;-999;-999;    3;   0.0;   0;-999;-999;  -999;   6.2;    -999;    2.8;   83.75;   11.9;   -1.3;   -2.1;eor
       5279;20190215;-999;-999;-999;    3;   0.0;   0;-999;-999;  -999;   5.9;    -999;    3.2;   79.46;   14.7;   -2.5;   -3.4;eor
       5279;20190216;-999;-999;-999;    3;   0.0;   0;-999;-999;  -999;   6.1;    -999;    3.6;   78.96;   14.6;   -2.8;   -3.5;eor
       5279;20190217;-999;-999;-999;    3;   0.0;   0;-999;-999;  -999;   6.0;    -999;    4.3;   75.96;   14.9;   -2.2;   -3.2;eor
       5279;20190218;-999;-999;-999;    3;   0.0;   0;-999;-999;  -999;   6.1;    -999;    4.2;   76.25;   15.1;   -2.2;   -3.1;eor
       5279;20190219;-999;-999;-999;    3;   0.0;   0;-999;-999;  -999;   6.7;    -999;    5.3;   76.25;   10.6;   -0.7;   -1.9;eor
       5279;20190220;-999;-999;-999;    3;   0.0;   0;-999;-999;  -999;   7.0;    -999;    6.6;   72.71;    9.9;    3.5;    1.9;eor
       5279;20190221;-999;-999;-999;    3;   0.3;   4;-999;-999;  -999;   8.2;    -999;    7.1;   81.04;   11.2;    2.7;    1.5;eor
       5279;20190222;-999;-999;-999;    3;   0.0;   0;-999;-999;  -999;   8.8;    -999;    7.0;   87.17;    9.1;    0.7;   -1.1;eor
       5279;20190223;-999;-999;-999;    3;   0.0;   0;-999;-999;  -999;   4.9;    -999;    2.2;   70.17;    9.2;   -2.4;   -3.5;eor
       5279;20190224;-999;-999;-999;    3;   0.0;   0;-999;-999;  -999;   4.7;    -999;    3.5;   64.42;   14.2;   -3.1;   -3.9;eor
       5279;20190225;-999;-999;-999;    3;   0.0;   0;-999;-999;  -999;   5.5;    -999;    5.0;   65.63;   16.4;   -2.2;   -3.4;eor
       5279;20190226;-999;-999;-999;    3;   0.0;   0;-999;-999;  -999;   5.5;    -999;    5.6;   66.79;   17.0;   -1.8;   -3.0;eor
       5279;20190227;-999;-999;-999;    3;   0.0;   0;-999;-999;  -999;   5.3;    -999;    5.1;   63.33;   18.0;   -2.9;   -4.1;eor
       5279;20190228;-999;-999;-999;    3;   0.7;   4;-999;-999;  -999;   7.9;    -999;    7.0;   77.00;   13.3;   -1.3;   -2.4;eor
       5279;20190301;-999;-999;-999;    3;   2.3;   4;-999;-999;  -999;   9.1;    -999;    6.8;   91.54;   10.0;    3.5;    2.9;eor
       5279;20190302;-999;-999;-999;    3;   0.1;   4;-999;-999;  -999;   7.7;    -999;    5.4;   85.25;    9.0;    2.9;    2.7;eor
       5279;20190303;-999;-999;-999;    3;   0.7;   4;-999;-999;  -999;   9.6;    -999;    9.9;   78.83;   10.9;    8.5;    7.4;eor
       5279;20190304;-999;-999;-999;    3;   6.4;   4;-999;-999;  -999;   8.0;    -999;    8.6;   70.71;   12.3;    5.2;    3.9;eor
       5279;20190305;-999;-999;-999;    3;   0.2;   4;-999;-999;  -999;   6.6;    -999;    5.5;   73.25;    8.2;    1.4;   -0.6;eor
       5279;20190306;-999;-999;-999;    3;   0.1;   4;-999;-999;  -999;   7.7;    -999;    7.8;   74.88;   13.7;   -0.5;   -1.5;eor
       5279;20190307;-999;-999;-999;    3;   1.9;   4;-999;-999;  -999;   8.0;    -999;   10.7;   62.38;   13.4;    7.1;    5.6;eor
       5279;20190308;-999;-999;-999;    3;   4.3;   4;-999;-999;  -999;   7.2;    -999;    7.0;   71.58;    9.2;    4.9;    3.8;eor
       5279;20190309;-999;-999;-999;    3;   6.2;   4;-999;-999;  -999;   7.8;    -999;    7.8;   74.13;   12.9;    5.4;    3.8;eor
       5279;20190310;-999;-999;-999;    3;  12.5;   4;-999;-999;  -999;   7.5;    -999;    5.6;   83.13;   10.4;    0.9;    0.4;eor
       5279;20190311;-999;-999;-999;    3;   7.4;   4;-999;-999;  -999;   6.5;    -999;    2.8;   86.92;    4.0;    0.4;    0.1;eor
       5279;20190312;-999;-999;-999;    3;   0.1;   4;-999;-999;  -999;   6.0;    -999;    5.7;   66.79;    8.8;    1.6;    0.3;eor
       5279;20190313;-999;-999;-999;    3;   2.6;   4;-999;-999;  -999;   6.7;    -999;    5.6;   73.83;    7.7;    3.9;    2.4;eor
       5279;20190314;-999;-999;-999;    3;  11.2;   4;-999;-999;  -999;   7.7;    -999;    5.9;   83.25;    7.6;    4.9;    4.1;eor
       5279;20190315;-999;-999;-999;    3;   5.0;   4;-999;-999;  -999;   8.6;    -999;    7.7;   81.33;   11.9;    6.1;    4.9;eor
       5279;20190316;-999;-999;-999;    3;   1.7;   4;-999;-999;  -999;   8.5;    -999;    8.2;   77.58;   10.8;    4.7;    3.8;eor
       5279;20190317;-999;-999;-999;    3;   3.2;   4;-999;-999;  -999;   7.7;    -999;    7.1;   75.25;    9.2;    3.0;    1.6;eor
       5279;20190318;-999;-999;-999;    3;   0.1;   4;-999;-999;  -999;   6.2;    -999;    4.5;   73.46;    8.1;    1.7;    0.1;eor
       5279;20190319;-999;-999;-999;    3;   0.0;   0;-999;-999;  -999;   5.9;    -999;    3.9;   73.88;    8.8;   -1.0;   -2.3;eor
       5279;20190320;-999;-999;-999;    3;   0.0;   0;-999;-999;  -999;   6.5;    -999;    5.1;   75.17;   13.0;   -2.7;   -3.4;eor
       5279;20190321;-999;-999;-999;    3;   0.0;   0;-999;-999;  -999;   8.2;    -999;    8.1;   77.71;   16.4;    0.8;   -0.2;eor
       5279;20190322;-999;-999;-999;    3;   0.0;   0;-999;-999;  -999;   9.1;    -999;   10.0;   76.79;   20.0;    2.0;    1.1;eor
       5279;20190323;-999;-999;-999;    3;   0.0;   0;-999;-999;  -999;   8.9;    -999;    7.2;   87.21;   10.9;    2.7;    1.8;eor
       5279;20190324;-999;-999;-999;    3;   0.5;   4;-999;-999;  -999;   7.0;    -999;    7.4;   67.88;   12.5;    1.9;    0.6;eor
       5279;20190325;-999;-999;-999;    3;   3.2;   4;-999;-999;  -999;   6.9;    -999;    4.7;   81.21;    7.5;    2.6;    0.9;eor
       5279;20190326;-999;-999;-999;    3;   0.0;   4;-999;-999;  -999;   7.4;    -999;    5.3;   83.00;    6.9;    3.7;    3.1;eor
       5279;20190327;-999;-999;-999;    3;   0.0;   4;-999;-999;  -999;   7.7;    -999;    7.2;   76.29;   10.9;    3.7;    3.0;eor
       5279;20190328;-999;-999;-999;    3;   0.0;   4;-999;-999;  -999;   8.8;    -999;    8.6;   79.21;   12.3;    4.2;    2.9;eor
       5279;20190329;-999;-999;-999;    3;   0.0;   0;-999;-999;  -999;   8.7;    -999;    9.4;   75.54;   17.2;    3.5;    2.2;eor
       5279;20190330;-999;-999;-999;    3;   0.0;   0;-999;-999;  -999;   8.0;    -999;    9.4;   71.54;   19.5;    0.3;   -0.1;eor
       5279;20190331;-999;-999;-999;    3;   0.0;   0;-999;-999;  -999;   7.2;    -999;    6.4;   75.46;   11.2;    1.8;   -0.2;eor
       5279;20190401;-999;-999;-999;    3;   0.0;   0;-999;-999;  -999;   5.3;    -999;    5.8;   60.00;   12.8;   -1.5;   -2.5;eor
       5279;20190402;-999;-999;-999;    3;   1.4;   4;-999;-999;  -999;   7.7;    -999;    9.4;   64.92;   17.2;    0.2;   -1.3;eor
       5279;20190403;-999;-999;-999;    3;  11.9;   4;-999;-999;  -999;   9.5;    -999;    9.3;   81.79;   14.0;    5.3;    5.1;eor
       5279;20190404;-999;-999;-999;    3;   0.0;   4;-999;-999;  -999;   8.8;    -999;    6.4;   91.71;    8.3;    5.0;    4.8;eor
       5279;20190405;-999;-999;-999;    3;   0.0;   0;-999;-999;  -999;   9.0;    -999;    6.6;   92.63;    8.7;    4.7;    4.0;eor
       5279;20190406;-999;-999;-999;    3;   0.0;   0;-999;-999;  -999;  10.4;    -999;   11.3;   79.00;   19.3;    4.6;    3.5;eor
       5279;20190407;-999;-999;-999;    3;   0.1;   4;-999;-999;  -999;   9.5;    -999;   11.7;   70.42;   19.5;    5.5;    3.4;eor
       5279;20190408;-999;-999;-999;    3;   0.0;   0;-999;-999;  -999;   8.8;    -999;   11.4;   68.04;   19.5;    3.7;    2.5;eor
       5279;20190409;-999;-999;-999;    3;   0.0;   0;-999;-999;  -999;   8.1;    -999;    8.8;   72.04;   13.4;    4.2;    2.6;eor
       5279;20190410;-999;-999;-999;    3;   0.0;   0;-999;-999;  -999;   5.7;    -999;    5.3;   64.96;   11.3;    0.3;   -1.1;eor
       5279;20190411;-999;-999;-999;    3;   0.0;   0;-999;-999;  -999;   4.6;    -999;    3.8;   59.33;    9.4;   -1.7;   -3.1;eor
       5279;20190412;-999;-999;-999;    3;   1.6;   4;-999;-999;  -999;   5.6;    -999;    2.3;   78.00;    4.2;    0.4;    0.1;eor
       5279;20190413;-999;-999;-999;    3;   2.5;   4;-999;-999;  -999;   6.2;    -999;    1.5;   90.71;    4.7;    0.1;   -0.4;eor
       5279;20190414;-999;-999;-999;    3;   0.3;   4;-999;-999;  -999;   6.5;    -999;    2.8;   87.54;    6.8;   -1.7;   -2.7;eor
       5279;20190415;-999;-999;-999;    3;   0.0;   0;-999;-999;  -999;   6.6;    -999;    7.9;   66.38;   15.1;    1.8;    0.6;eor
       5279;20190416;-999;-999;-999;    3;   0.0;   0;-999;-999;  -999;   6.2;    -999;    9.7;   53.21;   17.5;    2.0;    0.1;eor
       5279;20190417;-999;-999;-999;    3;   0.0;   0;-999;-999;  -999;   6.2;    -999;   11.4;   49.58;   19.3;    3.1;    1.4;eor
       5279;20190418;-999;-999;-999;    3;   0.0;   0;-999;-999;  -999;   7.1;    -999;   13.2;   51.21;   20.6;    5.6;    3.3;eor
       5279;20190419;-999;-999;-999;    3;   0.0;   0;-999;-999;  -999;   7.7;    -999;   14.5;   50.04;   23.0;    6.3;    3.5;eor
       5279;20190420;-999;-999;-999;    3;   0.0;   0;-999;-999;  -999;   7.5;    -999;   14.4;   49.92;   23.0;    4.9;    2.7;eor
       5279;20190421;-999;-999;-999;    3;   0.0;   0;-999;-999;  -999;   7.4;    -999;   13.4;   52.33;   22.8;    3.0;    1.3;eor
       5279;20190422;-999;-999;-999;    3;   0.0;   0;-999;-999;  -999;   6.9;    -999;   14.5;   44.71;   21.6;    7.5;    4.6;eor
       5279;20190423;-999;-999;-999;    3;   0.0;   0;-999;-999;  -999;   9.2;    -999;   14.5;   55.83;   20.3;    8.5;    5.7;eor
       5279;20190424;-999;-999;-999;    3;   2.2;   4;-999;-999;  -999;  11.7;    -999;   17.5;   61.00;   25.7;   10.0;    9.0;eor
       5279;20190425;-999;-999;-999;    3;   0.0;   0;-999;-999;  -999;  10.0;    -999;   15.2;   62.13;   23.6;    5.4;    4.5;eor
       5279;20190426;-999;-999;-999;    3;   5.8;   4;-999;-999;  -999;  11.1;    -999;   10.7;   86.00;   13.7;    8.2;    7.8;eor
       5279;20190427;-999;-999;-999;    3;   8.7;   4;-999;-999;  -999;  10.4;    -999;    8.8;   92.21;   14.1;    5.7;    5.2;eor
       5279;20190428;-999;-999;-999;    3;   0.4;   4;-999;-999;  -999;   9.1;    -999;    8.1;   85.58;   13.3;    3.6;    2.7;eor
       5279;20190429;-999;-999;-999;    3;   3.8;   4;-999;-999;  -999;   9.5;    -999;    7.1;   93.58;   11.4;    2.7;    3.4;eor
       5279;20190430;-999;-999;-999;    3;   0.0;   0;-999;-999;  -999;   9.8;    -999;   11.0;   76.63;   17.1;    2.6;    1.8;eor
       5279;20190501;-999;-999;-999;    3;   0.0;   0;-999;-999;  -999;  10.4;    -999;   11.8;   76.88;   17.6;    7.0;    4.9;eor
       5279;20190502;-999;-999;-999;    3;   0.3;   4;-999;-999;  -999;  10.0;    -999;    9.8;   83.25;   15.8;    6.0;    4.3;eor
       5279;20190503;-999;-999;-999;    3;   2.2;   4;-999;-999;  -999;   7.1;    -999;    8.0;   66.42;   10.9;    5.4;    5.1;eor
       5279;20190504;-999;-999;-999;    3;   1.5;   4;-999;-999;  -999;   6.9;    -999;    4.9;   80.21;   10.0;    1.6;    0.2;eor
       5279;20190505;-999;-999;-999;    3;   0.0;   4;-999;-999;  -999;   6.7;    -999;    4.9;   78.29;   10.7;   -1.2;   -2.0;eor
       5279;20190506;-999;-999;-999;    3;   0.3;   4;-999;-999;  -999;   6.7;    -999;    6.0;   73.33;   10.9;    0.2;   -0.6;eor
       5279;20190507;-999;-999;-999;    3;   0.0;   4;-999;-999;  -999;   7.5;    -999;    7.7;   71.92;   12.4;    4.2;    3.1;eor
       5279;20190508;-999;-999;-999;    3;   7.5;   4;-999;-999;  -999;   9.4;    -999;    8.6;   83.54;   13.0;    1.1;    0.7;eor
       5279;20190509;-999;-999;-999;    3;   0.0;   0;-999;-999;  -999;  10.6;    -999;   11.1;   80.96;   15.2;    8.2;    7.3;eor
       5279;20190510;-999;-999;-999;    3;   0.7;   4;-999;-999;  -999;  10.6;    -999;   10.6;   83.54;   14.7;    7.7;    7.3;eor
       5279;20190511;-999;-999;-999;    3;   3.4;   4;-999;-999;  -999;  10.0;    -999;    8.1;   92.13;   10.5;    5.3;    4.5;eor
       5279;20190512;-999;-999;-999;    3;   0.0;   0;-999;-999;  -999;   7.3;    -999;    8.5;   67.54;   14.0;    3.7;    1.4;eor
       5279;20190513;-999;-999;-999;    3;   0.0;   0;-999;-999;  -999;   6.3;    -999;    8.5;   60.88;   15.4;    0.3;   -0.7;eor
       5279;20190514;-999;-999;-999;    3;   0.0;   0;-999;-999;  -999;   6.5;    -999;    8.5;   61.29;   15.0;    2.1;    0.2;eor
       5279;20190515;-999;-999;-999;    3;   0.0;   0;-999;-999;  -999;   6.2;    -999;    8.4;   58.46;   14.4;   -0.3;   -1.6;eor
       5279;20190516;-999;-999;-999;    3;   7.9;   4;-999;-999;  -999;   8.6;    -999;    8.0;   80.58;    9.4;    7.4;    7.0;eor
       5279;20190517;-999;-999;-999;    3;   0.0;   0;-999;-999;  -999;  10.8;    -999;   10.7;   84.92;   15.5;    6.8;    5.4;eor
       5279;20190518;-999;-999;-999;    3;   0.0;   0;-999;-999;  -999;  11.2;    -999;   14.0;   73.04;   22.5;    4.0;    3.3;eor
       5279;20190519;-999;-999;-999;    3;   0.0;   0;-999;-999;  -999;  12.7;    -999;   16.1;   72.79;   23.9;    8.1;    6.7;eor
       5279;20190520;-999;-999;-999;    3;  49.2;   4;-999;-999;  -999;  15.4;    -999;   15.4;   87.63;   21.3;   10.3;    9.0;eor
       5279;20190521;-999;-999;-999;    3;   0.5;   4;-999;-999;  -999;  14.8;    -999;   14.1;   91.96;   15.0;   12.6;   12.5;eor
       5279;20190522;-999;-999;-999;    3;   0.0;   0;-999;-999;  -999;  11.9;    -999;   12.3;   84.13;   16.6;    8.0;    6.5;eor
       5279;20190523;-999;-999;-999;    3;   0.0;   0;-999;-999;  -999;  11.2;    -999;   13.3;   76.67;   20.7;    6.5;    6.1;eor
       5279;20190524;-999;-999;-999;    3;   0.0;   0;-999;-999;  -999;  11.7;    -999;   15.8;   69.38;   23.0;    8.0;    7.3;eor
       5279;20190525;-999;-999;-999;    3;   0.0;   0;-999;-999;  -999;  11.0;    -999;   12.4;   77.33;   17.6;    7.5;    6.3;eor
       5279;20190526;-999;-999;-999;    3;   0.0;   4;-999;-999;  -999;  11.4;    -999;   14.5;   71.38;   20.0;    5.6;    4.7;eor
       5279;20190527;-999;-999;-999;    3;   2.2;   4;-999;-999;  -999;  13.0;    -999;   15.5;   74.38;   19.3;   10.5;    9.4;eor
       5279;20190528;-999;-999;-999;    3;   2.5;   4;-999;-999;  -999;  11.8;    -999;   11.7;   86.29;   17.7;    8.8;    8.5;eor
       5279;20190529;-999;-999;-999;    3;   0.0;   0;-999;-999;  -999;   9.3;    -999;   11.3;   70.58;   17.3;    6.1;    5.0;eor
       5279;20190530;-999;-999;-999;    3;   0.0;   0;-999;-999;  -999;  11.9;    -999;   13.7;   75.63;   18.8;    4.7;    3.8;eor
       5279;20190531;-999;-999;-999;    3;   0.0;   0;-999;-999;  -999;  16.1;    -999;   17.3;   81.75;   23.3;   11.6;   10.3;eor
       5279;20190601;-999;-999;-999;    3;   0.0;   0;-999;-999;  -999;  15.7;    -999;   18.7;   75.08;   26.0;   10.5;   10.6;eor
       5279;20190602;-999;-999;-999;    3;   0.0;   0;-999;-999;  -999;  15.9;    -999;   21.5;   66.17;   30.7;   12.1;   10.9;eor
       5279;20190603;-999;-999;-999;    3;   9.9;   4;-999;-999;  -999;  17.7;    -999;   18.3;   85.63;   29.2;   13.3;   12.3;eor
       5279;20190604;-999;-999;-999;    3;   0.0;   0;-999;-999;  -999;  19.2;    -999;   20.1;   82.96;   27.5;   14.8;   15.0;eor
       5279;20190605;-999;-999;-999;    3;   0.0;   0;-999;-999;  -999;  21.1;    -999;   22.5;   77.42;   28.8;   16.7;   15.7;eor
       5279;20190606;-999;-999;-999;    3;   0.9;   4;-999;-999;  -999;  14.1;    -999;   15.5;   79.88;   20.1;   10.2;    8.7;eor
       5279;20190607;-999;-999;-999;    3;  15.4;   4;-999;-999;  -999;  14.3;    -999;   15.6;   82.00;   23.4;    8.5;    8.0;eor
       5279;20190608;-999;-999;-999;    3;   0.0;   0;-999;-999;  -999;  10.4;    -999;   15.3;   60.67;   19.1;   11.3;    9.0;eor
       5279;20190609;-999;-999;-999;    3;   0.0;   0;-999;-999;  -999;  12.0;    -999;   16.2;   66.54;   22.3;    7.2;    6.0;eor
       5279;20190610;-999;-999;-999;    3;   4.4;   4;-999;-999;  -999;  15.9;    -999;   19.2;   71.92;   25.4;   13.6;   12.7;eor
       5279;20190611;-999;-999;-999;    3;   3.2;   4;-999;-999;  -999;  16.5;    -999;   17.0;   85.46;   21.8;   14.0;   13.1;eor
       5279;20190612;-999;-999;-999;    3;   8.1;   4;-999;-999;  -999;  16.6;    -999;   16.0;   91.42;   18.8;   10.3;    9.9;eor
       5279;20190613;-999;-999;-999;    3;   0.0;   0;-999;-999;  -999;  12.3;    -999;   16.8;   67.38;   23.3;   10.0;    9.8;eor
       5279;20190614;-999;-999;-999;    3;   0.0;   0;-999;-999;  -999;  14.6;    -999;   19.5;   66.58;   27.9;    8.6;    7.8;eor
       5279;20190615;-999;-999;-999;    3;   0.0;   0;-999;-999;  -999;  15.9;    -999;   19.6;   70.33;   25.1;   13.4;   12.0;eor
       5279;20190616;-999;-999;-999;    3;   0.6;   4;-999;-999;  -999;  15.3;    -999;   16.1;   84.21;   20.8;   11.8;   11.1;eor
       5279;20190617;-999;-999;-999;    3;   0.0;   0;-999;-999;  -999;  15.1;    -999;   19.1;   71.54;   26.3;   12.8;   11.8;eor
       5279;20190618;-999;-999;-999;    3;   0.0;   0;-999;-999;  -999;  16.4;    -999;   21.2;   68.25;   29.9;   12.6;   11.9;eor
       5279;20190619;-999;-999;-999;    3;  61.3;   4;-999;-999;  -999;  17.7;    -999;   20.7;   77.00;   30.7;   14.1;   11.3;eor
       5279;20190620;-999;-999;-999;    3;   0.4;   4;-999;-999;  -999;  16.9;    -999;   18.5;   80.79;   24.1;   14.8;   14.2;eor
       5279;20190621;-999;-999;-999;    3;   0.0;   0;-999;-999;  -999;  13.8;    -999;   17.6;   70.04;   22.3;   11.7;   10.5;eor
       5279;20190622;-999;-999;-999;    3;   0.0;   0;-999;-999;  -999;  14.2;    -999;   18.2;   69.25;   24.2;   10.7;    9.8;eor
       5279;20190623;-999;-999;-999;    3;   0.0;   0;-999;-999;  -999;  14.0;    -999;   20.9;   59.83;   27.6;   14.0;   12.3;eor
       5279;20190624;-999;-999;-999;    3;   0.0;   0;-999;-999;  -999;  14.5;    -999;   22.5;   55.29;   29.3;   15.4;   13.4;eor
       5279;20190625;-999;-999;-999;    3;   0.0;   0;-999;-999;  -999;  17.4;    -999;   24.5;   58.17;   33.3;   15.0;   13.5;eor
       5279;20190626;-999;-999;-999;    3;   0.0;   0;-999;-999;  -999;  20.9;    -999;   25.4;   66.50;   32.4;   17.6;   16.5;eor
       5279;20190627;-999;-999;-999;    3;   0.0;   0;-999;-999;  -999;  13.1;    -999;   18.6;   62.79;   24.1;   13.0;   12.0;eor
       5279;20190628;-999;-999;-999;    3;   0.0;   0;-999;-999;  -999;  12.6;    -999;   17.5;   64.58;   24.7;   12.4;   11.0;eor
       5279;20190629;-999;-999;-999;    3;   0.0;   0;-999;-999;  -999;  13.7;    -999;   20.6;   61.33;   31.3;    9.6;    9.0;eor
       5279;20190630;-999;-999;-999;    3;   0.1;   4;-999;-999;  -999;  16.9;    -999;   23.9;   59.50;   34.8;   12.2;   11.3;eor
       5279;20190701;-999;-999;-999;    3;   0.0;   0;-999;-999;  -999;  13.4;    -999;   20.3;   58.17;   25.8;   14.0;   11.8;eor
       5279;20190702;-999;-999;-999;    3;   0.0;   0;-999;-999;  -999;  10.8;    -999;   16.2;   60.50;   21.4;   11.0;    9.0;eor
       5279;20190703;-999;-999;-999;    3;   0.0;   0;-999;-999;  -999;   9.9;    -999;   14.8;   61.67;   20.7;    8.3;    7.6;eor
       5279;20190704;-999;-999;-999;    3;   0.0;   0;-999;-999;  -999;  10.1;    -999;   15.2;   61.38;   23.2;    6.4;    5.4;eor
       5279;20190705;-999;-999;-999;    3;   0.0;   0;-999;-999;  -999;  12.0;    -999;   18.6;   58.75;   25.1;   12.6;   12.0;eor
       5279;20190706;-999;-999;-999;    3;   1.4;   4;-999;-999;  -999;  13.7;    -999;   17.9;   69.50;   25.8;   10.7;    9.5;eor
       5279;20190707;-999;-999;-999;    3;   0.0;   0;-999;-999;  -999;  10.7;    -999;   14.3;   66.83;   17.9;   11.2;   10.1;eor
       5279;20190708;-999;-999;-999;    3;   0.1;   4;-999;-999;  -999;  10.8;    -999;   12.9;   72.50;   16.8;    7.9;    6.2;eor
       5279;20190709;-999;-999;-999;    3;   0.0;   0;-999;-999;  -999;  10.9;    -999;   12.8;   74.79;   16.9;    9.1;    7.5;eor
       5279;20190710;-999;-999;-999;    3;   1.0;   4;-999;-999;  -999;  11.8;    -999;   14.4;   74.67;   20.9;    8.8;    7.8;eor
       5279;20190711;-999;-999;-999;    3;   8.6;   4;-999;-999;  -999;  15.5;    -999;   15.2;   89.38;   19.4;   12.6;   11.9;eor
       5279;20190712;-999;-999;-999;    3;  20.5;   4;-999;-999;  -999;  15.7;    -999;   14.8;   92.63;   20.7;   12.2;   11.8;eor
       5279;20190713;-999;-999;-999;    3;   3.1;   4;-999;-999;  -999;  15.8;    -999;   15.0;   92.29;   17.5;   13.1;   12.7;eor
       5279;20190714;-999;-999;-999;    3;   0.3;   4;-999;-999;  -999;  13.4;    -999;   14.0;   83.75;   15.9;   12.3;   12.3;eor
       5279;20190715;-999;-999;-999;    3;   0.0;   0;-999;-999;  -999;  12.6;    -999;   13.4;   82.17;   15.2;    9.8;    8.3;eor
       5279;20190716;-999;-999;-999;    3;   0.0;   0;-999;-999;  -999;  12.9;    -999;   12.9;   86.75;   15.5;    8.5;    7.7;eor
       5279;20190717;-999;-999;-999;    3;   0.0;   0;-999;-999;  -999;  14.3;    -999;   15.4;   82.38;   20.0;   12.0;   10.6;eor
       5279;20190718;-999;-999;-999;    3;   0.2;   4;-999;-999;  -999;  15.3;    -999;   17.6;   78.13;   25.8;   11.2;   10.5;eor
       5279;20190719;-999;-999;-999;    3;   1.2;   4;-999;-999;  -999;  17.3;    -999;   18.1;   83.92;   23.6;   14.4;   13.3;eor
       5279;20190720;-999;-999;-999;    3;  10.1;   4;-999;-999;  -999;  17.7;    -999;   19.3;   82.33;   29.0;   12.5;   12.6;eor
       5279;20190721;-999;-999;-999;    3;   0.0;   0;-999;-999;  -999;  16.7;    -999;   19.0;   78.29;   24.4;   14.2;   12.9;eor
       5279;20190722;-999;-999;-999;    3;   0.0;   0;-999;-999;  -999;  15.7;    -999;   19.4;   73.04;   27.2;   12.1;   11.4;eor
       5279;20190723;-999;-999;-999;    3;   0.0;   0;-999;-999;  -999;  17.4;    -999;   22.7;   67.38;   32.3;   13.7;   12.9;eor
       5279;20190724;-999;-999;-999;    3;   0.0;   0;-999;-999;  -999;  19.1;    -999;   25.0;   64.38;   35.2;   15.2;   14.2;eor
       5279;20190725;-999;-999;-999;    3;   0.0;   0;-999;-999;  -999;  19.3;    -999;   26.1;   60.42;   36.2;   17.0;   15.9;eor
       5279;20190726;-999;-999;-999;    3;   0.0;   0;-999;-999;  -999;  16.5;    -999;   26.0;   51.25;   33.0;   18.8;   16.1;eor
       5279;20190727;-999;-999;-999;    3;   0.0;   0;-999;-999;  -999;  14.4;    -999;   23.6;   51.21;   30.2;   16.4;   14.2;eor
       5279;20190728;-999;-999;-999;    3;   0.0;   0;-999;-999;  -999;  17.7;    -999;   21.5;   69.08;   27.4;   15.7;   13.6;eor
       5279;20190729;-999;-999;-999;    3;   0.5;   4;-999;-999;  -999;  18.8;    -999;   19.7;   82.17;   23.2;   16.8;   15.3;eor
       5279;20190730;-999;-999;-999;    3;   0.8;   4;-999;-999;  -999;  17.7;    -999;   22.3;   68.92;   30.0;   16.2;   15.1;eor
       5279;20190731;-999;-999;-999;    3;   0.4;   4;-999;-999;  -999;  16.2;    -999;   18.9;   76.54;   25.0;   13.5;   12.1;eor
       5279;20190801;-999;-999;-999;    3;   0.0;   0;-999;-999;  -999;  14.0;    -999;   17.8;   72.25;   25.0;   12.0;   11.1;eor
       5279;20190802;-999;-999;-999;    3;   7.5;   4;-999;-999;  -999;  15.9;    -999;   18.3;   77.08;   24.5;   13.7;   13.0;eor
       5279;20190803;-999;-999;-999;    3;   0.0;   0;-999;-999;  -999;  16.5;    -999;   18.0;   81.25;   23.7;   14.1;   13.5;eor
       5279;20190804;-999;-999;-999;    3;   3.1;   4;-999;-999;  -999;  15.1;    -999;   18.4;   74.29;   25.1;   13.2;   12.1;eor
       5279;20190805;-999;-999;-999;    3;   0.0;   4;-999;-999;  -999;  16.8;    -999;   19.9;   73.96;   27.3;   14.9;   14.2;eor
       5279;20190806;-999;-999;-999;    3;   1.4;   4;-999;-999;  -999;  16.5;    -999;   19.4;   74.88;   25.4;   14.1;   13.6;eor
       5279;20190807;-999;-999;-999;    3;   0.0;   4;-999;-999;  -999;  15.5;    -999;   19.4;   70.29;   23.9;   15.1;   13.3;eor
       5279;20190808;-999;-999;-999;    3;   0.0;   0;-999;-999;  -999;  13.6;    -999;   18.3;   67.67;   25.1;   11.3;   10.5;eor
       5279;20190809;-999;-999;-999;    3;   5.7;   4;-999;-999;  -999;  18.0;    -999;   19.2;   81.79;   27.8;   11.7;   10.7;eor
       5279;20190810;-999;-999;-999;    3;   0.0;   0;-999;-999;  -999;  16.4;    -999;   21.0;   67.29;   24.8;   15.3;   13.7;eor
       5279;20190811;-999;-999;-999;    3;   0.0;   0;-999;-999;  -999;  12.6;    -999;   19.0;   60.08;   26.2;   12.2;   10.9;eor
       5279;20190812;-999;-999;-999;    3;   3.7;   4;-999;-999;  -999;  13.6;    -999;   16.8;   73.83;   24.4;   11.8;   10.9;eor
       5279;20190813;-999;-999;-999;    3;   0.6;   4;-999;-999;  -999;  12.4;    -999;   14.6;   76.63;   20.0;   11.2;   10.7;eor
       5279;20190814;-999;-999;-999;    3;   1.3;   4;-999;-999;  -999;  11.4;    -999;   14.7;   70.92;   21.8;    8.1;    7.5;eor
       5279;20190815;-999;-999;-999;    3;   5.1;   4;-999;-999;  -999;  15.3;    -999;   16.0;   84.58;   21.0;   12.1;   11.5;eor
       5279;20190816;-999;-999;-999;    3;   0.5;   4;-999;-999;  -999;  13.9;    -999;   16.9;   73.88;   23.1;   12.4;   11.3;eor
       5279;20190817;-999;-999;-999;    3;   0.5;   4;-999;-999;  -999;  15.7;    -999;   18.3;   76.13;   23.9;   13.0;   12.7;eor
       5279;20190818;-999;-999;-999;    3;  15.8;   4;-999;-999;  -999;  18.7;    -999;   18.1;   89.92;   24.6;   14.3;   13.7;eor
       5279;20190819;-999;-999;-999;    3;   0.0;   0;-999;-999;  -999;  13.5;    -999;   16.9;   72.79;   22.3;   12.5;   10.8;eor
       5279;20190820;-999;-999;-999;    3;   0.0;   0;-999;-999;  -999;  12.2;    -999;   14.9;   74.92;   20.5;    8.9;    8.3;eor
       5279;20190821;-999;-999;-999;    3;   0.0;   0;-999;-999;  -999;  11.8;    -999;   14.9;   72.92;   22.6;    8.8;    7.9;eor
       5279;20190822;-999;-999;-999;    3;   0.0;   0;-999;-999;  -999;  12.2;    -999;   16.7;   68.46;   26.5;    7.8;    6.8;eor
       5279;20190823;-999;-999;-999;    3;   0.0;   0;-999;-999;  -999;  12.5;    -999;   18.3;   64.96;   28.9;    8.8;    7.8;eor
       5279;20190824;-999;-999;-999;    3;   0.0;   0;-999;-999;  -999;  13.4;    -999;   19.4;   63.13;   29.1;    9.9;    8.6;eor
       5279;20190825;-999;-999;-999;    3;   0.0;   0;-999;-999;  -999;  18.6;    -999;   21.9;   71.38;   31.1;   13.9;   12.5;eor
       5279;20190826;-999;-999;-999;    3;   0.0;   0;-999;-999;  -999;  18.5;    -999;   23.4;   67.67;   32.0;   16.1;   14.6;eor
       5279;20190827;-999;-999;-999;    3;   0.0;   0;-999;-999;  -999;  19.4;    -999;   21.8;   75.96;   31.7;   15.5;   14.4;eor
       5279;20190828;-999;-999;-999;    3;   1.4;   4;-999;-999;  -999;  20.4;    -999;   20.5;   85.17;   30.4;   15.1;   14.5;eor
       5279;20190829;-999;-999;-999;    3;   0.0;   0;-999;-999;  -999;  18.9;    -999;   20.9;   78.00;   27.0;   15.6;   14.5;eor
       5279;20190830;-999;-999;-999;    3;   0.0;   0;-999;-999;  -999;  18.5;    -999;   20.5;   78.08;   26.4;   15.5;   14.0;eor
       5279;20190831;-999;-999;-999;    3;   0.0;   0;-999;-999;  -999;  17.9;    -999;   21.7;   72.92;   31.9;   13.1;   12.5;eor
       5279;20190901;-999;-999;-999;    3;   0.0;   0;-999;-999;  -999;  15.9;    -999;   17.0;   82.17;   22.3;   11.2;    9.6;eor
       5279;20190902;-999;-999;-999;    3;   0.0;   0;-999;-999;  -999;  11.2;    -999;   13.6;   74.71;   20.1;    8.3;    6.7;eor
       5279;20190903;-999;-999;-999;    3;   0.0;   0;-999;-999;  -999;  11.6;    -999;   13.8;   74.67;   20.8;    7.0;    6.0;eor
       5279;20190904;-999;-999;-999;    3;   2.6;   4;-999;-999;  -999;  13.4;    -999;   16.9;   72.88;   24.4;   11.5;   11.0;eor
       5279;20190905;-999;-999;-999;    3;   0.0;   0;-999;-999;  -999;  11.9;    -999;   13.6;   77.54;   19.1;    8.4;    6.6;eor
       5279;20190906;-999;-999;-999;    3;   0.0;   0;-999;-999;  -999;   9.6;    -999;   12.3;   71.13;   19.8;    5.2;    4.4;eor
       5279;20190907;-999;-999;-999;    3;   1.4;   4;-999;-999;  -999;  11.8;    -999;   12.0;   84.13;   17.3;    8.8;    8.0;eor
       5279;20190908;-999;-999;-999;    3;   6.7;   4;-999;-999;  -999;  12.2;    -999;   11.3;   92.04;   18.4;    8.1;    8.3;eor
       5279;20190909;-999;-999;-999;    3;   0.0;   4;-999;-999;  -999;  12.2;    -999;   12.7;   84.04;   17.3;    9.0;    7.2;eor
       5279;20190910;-999;-999;-999;    3;   0.0;   0;-999;-999;  -999;  10.0;    -999;   11.5;   77.25;   18.9;    5.9;    5.4;eor
       5279;20190911;-999;-999;-999;    3;   2.2;   4;-999;-999;  -999;  10.7;    -999;   12.7;   76.21;   21.9;    4.0;    3.2;eor
       5279;20190912;-999;-999;-999;    3;   0.0;   0;-999;-999;  -999;  15.1;    -999;   17.1;   79.08;   23.0;   13.1;   12.6;eor
       5279;20190913;-999;-999;-999;    3;   1.5;   4;-999;-999;  -999;  15.2;    -999;   16.1;   82.21;   19.4;    9.1;    7.4;eor
       5279;20190914;-999;-999;-999;    3;   0.0;   0;-999;-999;  -999;   9.8;    -999;   11.9;   73.50;   19.8;    5.0;    4.2;eor
       5279;20190915;-999;-999;-999;    3;   0.3;   4;-999;-999;  -999;   9.5;    -999;   14.6;   63.54;   23.7;    4.6;    3.3;eor
       5279;20190916;-999;-999;-999;    3;   8.2;   4;-999;-999;  -999;  14.4;    -999;   13.2;   94.46;   14.9;   10.8;    9.8;eor
       5279;20190917;-999;-999;-999;    3;   0.9;   4;-999;-999;  -999;  10.9;    -999;   11.8;   78.96;   16.0;    7.8;    6.5;eor
       5279;20190918;-999;-999;-999;    3;   0.0;   0;-999;-999;  -999;   9.1;    -999;   10.1;   75.71;   16.0;    5.7;    3.9;eor
       5279;20190919;-999;-999;-999;    3;   0.0;   0;-999;-999;  -999;   8.3;    -999;    8.5;   77.96;   15.6;    3.2;    2.4;eor
       5279;20190920;-999;-999;-999;    3;   0.0;   0;-999;-999;  -999;   8.6;    -999;    8.6;   79.33;   17.9;    1.9;    1.7;eor
       5279;20190921;-999;-999;-999;    3;   0.0;   0;-999;-999;  -999;   9.5;    -999;   11.5;   73.08;   22.6;    2.5;    1.4;eor
       5279;20190922;-999;-999;-999;    3;   0.0;   0;-999;-999;  -999;  11.1;    -999;   14.5;   70.13;   25.5;    5.8;    4.4;eor
       5279;20190923;-999;-999;-999;    3;   0.1;   4;-999;-999;  -999;  14.0;    -999;   14.6;   84.04;   18.0;   10.9;    9.5;eor
       5279;20190924;-999;-999;-999;    3;   3.7;   4;-999;-999;  -999;  13.6;    -999;   14.8;   82.17;   19.9;   10.9;   10.2;eor
       5279;20190925;-999;-999;-999;    3;   5.0;   4;-999;-999;  -999;  14.5;    -999;   13.9;   91.54;   18.7;   11.2;   10.5;eor
       5279;20190926;-999;-999;-999;    3;  10.4;   4;-999;-999;  -999;  15.6;    -999;   14.9;   92.00;   18.2;   11.6;   11.5;eor
       5279;20190927;-999;-999;-999;    3;   2.9;   4;-999;-999;  -999;  14.5;    -999;   15.3;   83.71;   19.0;   12.8;   11.2;eor
       5279;20190928;-999;-999;-999;    3;   1.3;   4;-999;-999;  -999;  13.1;    -999;   14.8;   78.63;   18.1;   12.7;   11.1;eor
       5279;20190929;-999;-999;-999;    3;  15.8;   4;-999;-999;  -999;  13.5;    -999;   15.0;   79.04;   17.5;   12.5;   11.9;eor
       5279;20190930;-999;-999;-999;    3;   1.3;   4;-999;-999;  -999;  12.6;    -999;   13.8;   79.79;   16.6;   10.5;    9.0;eor
       5279;20191001;-999;-999;-999;    3;  11.7;   4;-999;   0;  -999;  14.0;    -999;   14.3;   86.08;   18.4;   10.4;   10.1;eor
       5279;20191002;-999;-999;-999;    3;   1.4;   4;-999;   0;  -999;  10.0;    -999;   10.2;   79.38;   14.6;    7.2;    6.7;eor
       5279;20191003;-999;-999;-999;    3;   1.8;   4;-999;   0;  -999;  10.7;    -999;   10.1;   86.96;   13.3;    7.6;    6.6;eor
       5279;20191004;-999;-999;-999;    3;  12.7;   4;-999;   0;  -999;  10.7;    -999;    8.7;   94.79;   11.5;    6.8;    6.0;eor
       5279;20191005;-999;-999;-999;    3;   0.0;   0;-999;   0;  -999;   9.5;    -999;    8.3;   86.92;   12.5;    3.9;    2.8;eor
       5279;20191006;-999;-999;-999;    3;   0.1;   4;-999;   0;  -999;   8.5;    -999;    6.7;   87.17;    9.6;    3.2;    2.5;eor
       5279;20191007;-999;-999;-999;    3;   1.1;   4;-999;   0;  -999;   8.6;    -999;    8.1;   79.54;   13.8;    2.1;    0.9;eor
       5279;20191008;-999;-999;-999;    3;   2.2;   4;-999;   0;  -999;  12.5;    -999;   11.9;   89.54;   13.8;   10.4;    9.0;eor
       5279;20191009;-999;-999;-999;    3;   5.0;   4;-999;   0;  -999;  11.2;    -999;   11.4;   83.08;   13.9;    9.6;    8.1;eor
       5279;20191010;-999;-999;-999;    3;   0.3;   4;-999;   0;  -999;  10.2;    -999;   10.7;   79.25;   13.7;    9.0;    7.9;eor
       5279;20191011;-999;-999;-999;    3;   0.0;   0;-999;   0;  -999;  11.6;    -999;   13.3;   75.67;   15.6;    9.7;    9.1;eor
       5279;20191012;-999;-999;-999;    3;   0.0;   0;-999;   0;  -999;  13.4;    -999;   16.3;   72.33;   20.3;   12.9;   11.8;eor
       5279;20191013;-999;-999;-999;    3;   0.1;   4;-999;   0;  -999;  15.8;    -999;   18.9;   73.33;   23.1;   13.2;   11.8;eor
       5279;20191014;-999;-999;-999;    3;   0.0;   0;-999;   0;  -999;  15.6;    -999;   17.3;   80.13;   23.9;   11.8;   10.5;eor
       5279;20191015;-999;-999;-999;    3;  23.8;   4;-999;   0;  -999;  14.8;    -999;   15.3;   86.21;   23.5;    9.4;    8.4;eor
       5279;20191016;-999;-999;-999;    3;   2.9;   4;-999;   0;  -999;  12.4;    -999;   13.1;   82.46;   15.5;   10.9;   10.3;eor
       5279;20191017;-999;-999;-999;    3;   5.1;   4;-999;   0;  -999;  13.3;    -999;   14.4;   81.50;   17.8;   12.4;   11.4;eor
       5279;20191018;-999;-999;-999;    3;   1.0;   4;-999;   0;  -999;  12.2;    -999;   12.6;   82.92;   17.7;    7.9;    6.4;eor
       5279;20191019;-999;-999;-999;    3;   1.0;   4;-999;   0;  -999;  11.7;    -999;   11.9;   83.63;   16.3;    6.5;    5.5;eor
       5279;20191020;-999;-999;-999;    3;   0.6;   4;-999;   0;  -999;  14.8;    -999;   13.5;   95.33;   15.8;   11.8;   11.7;eor
       5279;20191021;-999;-999;-999;    3;   0.0;   0;-999;   0;  -999;  13.8;    -999;   13.7;   89.08;   18.9;   10.6;    9.5;eor
       5279;20191022;-999;-999;-999;    3;   0.0;   0;-999;   0;  -999;  10.7;    -999;    9.6;   89.83;   13.2;    6.5;    5.4;eor
       5279;20191023;-999;-999;-999;    3;   0.0;   0;-999;   0;  -999;  12.3;    -999;   11.5;   90.67;   15.1;    7.0;    6.5;eor
       5279;20191024;-999;-999;-999;    1;   0.0;   0;-999;   0;  -999;  13.5;    -999;   13.4;   87.63;   16.6;   11.2;   10.4;eor
       5279;20191025;-999;-999;-999;    1;   0.0;   0;-999;   0;  -999;  11.4;    -999;   14.0;   71.96;   16.8;   10.5;    9.1;eor
       5279;20191026;-999;-999;-999;    1;   0.0;   4;-999;   0;  -999;  12.1;    -999;   14.6;   73.21;   17.8;   11.9;    9.9;eor
       5279;20191027;-999;-999;-999;    1;   0.9;   4;-999;   0;  -999;   9.7;    -999;    9.9;   78.83;   15.2;    3.6;    2.1;eor
       5279;20191028;-999;-999;-999;    1;   0.0;   0;-999;   0;  -999;   8.1;    -999;    5.4;   90.71;   11.3;    2.2;    1.5;eor
       5279;20191029;-999;-999;-999;    1;   0.0;   0;-999;   0;  -999;   7.7;    -999;    4.4;   92.17;   10.1;    0.2;   -1.0;eor
       5279;20191030;-999;-999;-999;    1;   0.0;   0;-999;   0;  -999;   6.2;    -999;    1.8;   89.21;    8.2;   -1.7;   -2.4;eor
       5279;20191031;-999;-999;-999;    1;   0.0;   0;-999;   0;  -999;   5.7;    -999;    1.8;   83.33;    7.7;   -1.4;   -2.5;eor
       5279;20191101;-999;-999;-999;    1;   4.8;   4;-999;   0;  -999;   7.2;    -999;    2.6;   93.96;    9.9;   -2.9;   -3.9;eor
       5279;20191102;-999;-999;-999;    1;   2.4;   4;-999;   0;  -999;  12.5;    -999;   13.0;   83.21;   16.5;    9.0;    8.5;eor
       5279;20191103;-999;-999;-999;    1;   2.3;   4;-999;   0;  -999;  11.5;    -999;   11.1;   87.04;   13.6;    9.2;    8.2;eor
       5279;20191104;-999;-999;-999;    1;   3.0;   4;-999;   0;  -999;  10.7;    -999;   10.3;   85.75;   12.7;    7.1;    6.0;eor
       5279;20191105;-999;-999;-999;    1;   3.2;   4;-999;   0;  -999;   9.7;    -999;    7.6;   92.92;   10.1;    4.2;    3.6;eor
       5279;20191106;-999;-999;-999;    1;   4.8;   4;-999;   0;  -999;   9.2;    -999;    6.4;   95.08;    9.0;    4.0;    3.6;eor
       5279;20191107;-999;-999;-999;    1;   1.3;   4;-999;   0;  -999;   9.2;    -999;    7.4;   89.46;   10.8;    4.0;    2.7;eor
       5279;20191108;-999;-999;-999;    1;   8.4;   4;-999;   0;  -999;   8.2;    -999;    4.6;   96.25;    7.4;    1.8;    1.3;eor
       5279;20191109;-999;-999;-999;    1;   0.0;   4;-999;   0;  -999;   7.9;    -999;    4.9;   91.63;    8.4;   -0.1;   -0.9;eor
       5279;20191110;-999;-999;-999;    1;   0.0;   0;-999;   0;  -999;   6.7;    -999;    1.9;   95.08;    5.0;   -0.8;   -1.2;eor
       5279;20191111;-999;-999;-999;    1;   0.0;   0;-999;   0;  -999;   6.4;    -999;    3.5;   81.96;    4.9;    2.1;    2.3;eor
       5279;20191112;-999;-999;-999;    1;   1.1;   4;-999;   0;  -999;   6.9;    -999;    4.9;   79.63;    7.3;    2.9;    1.9;eor
       5279;20191113;-999;-999;-999;    1;   0.3;   4;-999;   0;  -999;   6.9;    -999;    3.4;   88.21;    5.5;   -0.1;   -1.1;eor
       5279;20191114;-999;-999;-999;    1;   0.0;   0;-999;   0;  -999;   6.9;    -999;    4.8;   80.75;    8.2;    2.7;    0.8;eor
       5279;20191115;-999;-999;-999;    1;   3.2;   4;-999;   0;  -999;   7.3;    -999;    4.7;   85.17;    6.8;    3.2;    2.3;eor
       5279;20191116;-999;-999;-999;    1;   0.2;   4;-999;   0;  -999;   6.9;    -999;    3.4;   88.67;    6.1;   -1.3;   -2.2;eor
       5279;20191117;-999;-999;-999;    1;   0.3;   4;-999;   0;  -999;   6.6;    -999;    1.6;   95.83;    5.8;   -1.6;   -1.9;eor
       5279;20191118;-999;-999;-999;    1;   4.7;   4;-999;   0;  -999;   7.9;    -999;    4.7;   92.63;    5.9;    2.7;    2.1;eor
       5279;20191119;-999;-999;-999;    1;   0.8;   4;-999;   0;  -999;   7.0;    -999;    4.4;   83.88;    6.3;    2.5;    1.9;eor
       5279;20191120;-999;-999;-999;    1;   0.1;   4;-999;   0;  -999;   6.9;    -999;    2.8;   92.13;    6.2;    0.3;   -0.6;eor
       5279;20191121;-999;-999;-999;    1;   0.1;   4;-999;   0;  -999;   7.7;    -999;    4.0;   94.71;    5.6;    2.8;    2.6;eor
       5279;20191122;-999;-999;-999;    1;   0.0;   0;-999;   0;  -999;   7.3;    -999;    3.4;   93.63;    5.5;    0.2;   -0.6;eor
       5279;20191123;-999;-999;-999;    1;   0.0;   0;-999;   0;  -999;   7.9;    -999;    5.4;   87.88;    8.0;    2.4;    0.6;eor
       5279;20191124;-999;-999;-999;    1;   0.0;   0;-999;   0;  -999;   7.6;    -999;    4.1;   92.83;    6.6;    2.5;    0.8;eor
       5279;20191125;-999;-999;-999;    1;   0.1;   4;-999;   0;  -999;   7.6;    -999;    3.6;   96.21;    5.3;    2.2;    2.3;eor
       5279;20191126;-999;-999;-999;    1;   0.0;   0;-999;   0;  -999;   9.4;    -999;    7.8;   88.46;   10.1;    5.1;    4.9;eor
       5279;20191127;-999;-999;-999;    1;   0.9;   4;-999;   0;  -999;   9.8;    -999;    9.0;   85.46;   11.0;    6.0;    5.0;eor
       5279;20191128;-999;-999;-999;    1;   7.4;   4;-999;   0;  -999;   9.6;    -999;    9.6;   80.46;   10.9;    7.5;    6.7;eor
       5279;20191129;-999;-999;-999;    1;   0.0;   0;-999;   0;  -999;   7.0;    -999;    5.2;   78.58;    7.7;    3.7;    2.1;eor
       5279;20191130;-999;-999;-999;    1;   0.0;   0;-999;   0;  -999;   6.4;    -999;    2.4;   88.17;    5.2;   -1.3;   -2.1;eor
       5279;20191201;-999;-999;-999;    1;   0.0;   0;-999;   0;  -999;   5.5;    -999;   -1.2;   97.58;    0.2;   -2.3;   -2.6;eor
       5279;20191202;-999;-999;-999;    1;   0.8;   4;-999;   0;  -999;   6.6;    -999;    2.1;   92.25;    4.6;   -0.9;   -1.3;eor
       5279;20191203;-999;-999;-999;    1;   0.0;   4;-999;   0;  -999;   7.9;    -999;    4.9;   91.33;    6.1;    2.0;    0.6;eor
       5279;20191204;-999;-999;-999;    1;   0.0;   0;-999;   0;  -999;   6.2;    -999;    0.6;   96.04;    2.7;   -1.2;   -1.1;eor
       5279;20191205;-999;-999;-999;    1;   0.0;   0;-999;   0;  -999;   5.2;    -999;   -1.8;   96.92;    0.2;   -3.0;   -4.4;eor
       5279;20191206;-999;-999;-999;    1;   3.6;   4;-999;   0;  -999;   6.0;    -999;    1.5;   86.54;    6.0;   -2.4;   -3.8;eor
       5279;20191207;-999;-999;-999;    1;   1.7;   4;-999;   0;  -999;   8.6;    -999;    7.8;   80.88;    9.2;    5.8;    5.2;eor
       5279;20191208;-999;-999;-999;    1;   5.0;   4;-999;   0;  -999;   8.4;    -999;    8.5;   74.83;   10.8;    6.3;    4.6;eor
       5279;20191209;-999;-999;-999;    1;   1.9;   4;-999;   0;  -999;   7.5;    -999;    6.1;   78.96;    7.7;    3.5;    2.3;eor
       5279;20191210;-999;-999;-999;    1;   1.9;   4;-999;   0;  -999;   5.9;    -999;    2.9;   79.21;    4.9;    0.5;   -0.9;eor
       5279;20191211;-999;-999;-999;    1;  14.0;   4;-999;   0;  -999;   6.2;    -999;    2.0;   88.29;    4.5;    0.1;    0.0;eor
       5279;20191212;-999;-999;-999;    1;   0.0;   0;-999;   0;  -999;   6.4;    -999;    2.0;   91.00;    4.5;   -0.1;   -1.4;eor
       5279;20191213;-999;-999;-999;    1;   4.9;   4;-999;   0;  -999;   6.1;    -999;    1.8;   87.25;    3.9;   -0.6;   -2.3;eor
       5279;20191214;-999;-999;-999;    1;   4.5;   4;-999;   0;  -999;   6.8;    -999;    4.7;   79.88;    6.0;    2.8;    2.4;eor
       5279;20191215;-999;-999;-999;    1;   2.0;   4;-999;   0;  -999;   7.0;    -999;    6.7;   71.17;    8.9;    4.2;    1.6;eor
       5279;20191216;-999;-999;-999;    1;   0.3;   4;-999;   0;  -999;   8.7;    -999;    6.1;   91.67;    8.7;    1.7;    0.8;eor
       5279;20191217;-999;-999;-999;    1;   1.2;   4;-999;   0;  -999;   8.9;    -999;    9.2;   78.33;   14.2;    2.9;    2.4;eor
       5279;20191218;-999;-999;-999;    1;   0.0;   0;-999;   0;  -999;   8.5;    -999;    7.0;   84.63;   12.9;    0.5;   -0.6;eor
       5279;20191219;-999;-999;-999;    1;   0.0;   0;-999;   0;  -999;   7.8;    -999;    3.6;   98.33;    6.5;    0.6;    0.4;eor
       5279;20191220;-999;-999;-999;    1;   1.9;   4;-999;   0;  -999;   8.1;    -999;    5.1;   90.83;   12.6;   -0.9;   -1.4;eor
       5279;20191221;-999;-999;-999;    1;   0.0;   0;-999;   0;  -999;   8.0;    -999;    6.5;   82.71;    8.7;    3.0;    1.1;eor
       5279;20191222;-999;-999;-999;    1;   2.1;   4;-999;   0;  -999;   8.3;    -999;    6.7;   84.79;    9.0;    2.7;    1.3;eor
       5279;20191223;-999;-999;-999;    1;   2.8;   4;-999;   0;  -999;   8.2;    -999;    6.9;   82.75;    7.4;    5.7;    4.7;eor
       5279;20191224;-999;-999;-999;    1;  13.0;   4;-999;   0;  -999;   8.1;    -999;    6.5;   83.67;    8.7;    5.0;    3.4;eor
       5279;20191225;-999;-999;-999;    1;   7.3;   4;-999;   0;  -999;   8.5;    -999;    6.2;   89.54;    7.9;    4.7;    3.7;eor
       5279;20191226;-999;-999;-999;    1;   0.0;   0;-999;   0;  -999;   7.4;    -999;    3.3;   95.46;    5.1;    1.5;    0.7;eor
       5279;20191227;-999;-999;-999;    1;   0.0;   0;-999;   0;  -999;   5.9;    -999;    1.4;   87.79;    3.8;   -1.2;   -2.3;eor
       5279;20191228;-999;-999;-999;    1;   0.0;   0;-999;   0;  -999;   5.1;    -999;   -1.4;   92.83;    0.7;   -3.0;   -4.2;eor
       5279;20191229;-999;-999;-999;    1;   0.0;   0;-999;   0;  -999;   4.8;    -999;   -2.0;   90.88;    0.3;   -4.9;   -5.9;eor
       5279;20191230;-999;-999;-999;    1;   0.0;   0;-999;   0;  -999;   4.8;    -999;    0.1;   79.04;    5.5;   -2.2;   -3.3;eor
       5279;20191231;-999;-999;-999;    1;   0.0;   0;-999;   0;  -999;   6.3;    -999;    1.9;   88.13;    4.7;   -1.7;   -3.2;eor
       5279;20200101;-999;-999;-999;    1;   0.0;   0;-999;   0;  -999;   5.0;    -999;   -2.4;   97.63;   -0.1;   -5.4;   -5.9;eor
       5279;20200102;-999;-999;-999;    1;   0.0;   0;-999;   0;  -999;   4.8;    -999;   -3.0;   95.13;    2.8;   -6.6;   -7.1;eor
       5279;20200103;-999;-999;-999;    1;   9.3;   4;-999;   0;  -999;   7.8;    -999;    5.3;   87.25;    8.3;    2.3;    1.3;eor
       5279;20200104;-999;-999;-999;    1;   3.5;   4;-999;   0;  -999;   7.3;    -999;    4.5;   85.83;    5.9;    0.9;   -0.1;eor
