STATIONS_ID;MESS_DATUM;QN_3;  FX;  FM;QN_4; RSK;RSKF; SDK;SHK_TAG;  NM; VPM;  PM; TMK; UPM; TXK; TNK; TGK;eor
       5871;20180703;   10;   8.5;   2.8;    3;   0.0;   0;   14.000;-999;   1.0;   8.6;  958.41;   20.9;   35.63;   26.4;   13.6;    9.2;eor
       5871;20180704;   10;  10.9;   2.1;    3;  12.6;   4;    4.617;-999;   3.7;  14.9;  957.24;   20.0;   65.25;   25.2;   15.3;   11.9;eor
       5871;20180705;   10;   9.3;   3.1;    3;   0.2;   4;    1.367;-999;   5.9;  17.3;  956.66;   17.5;   86.08;   19.7;   15.5;   12.4;eor
       5871;20180706;   10;   8.5;   2.8;    3;   0.0;   0;   11.317;-999;   2.6;  14.7;  961.45;   18.6;   70.88;   24.0;   13.1;   11.3;eor
       5871;20180707;   10;   8.2;   2.6;    3;   0.0;   0;   10.167;-999;   3.1;  13.2;  964.30;   19.5;   59.38;   24.6;   15.2;   11.2;eor
       5871;20180708;   10;   9.3;   3.0;    3;   0.0;   0;   15.500;-999;   0.0;  10.2;  964.57;   17.9;   52.08;   23.2;   12.4;    9.4;eor
       5871;20180709;   10;   9.3;   3.1;    3;   0.0;   4;   12.283;-999;   1.8;  12.2;  963.16;   17.5;   61.92;   22.2;   12.7;    9.8;eor
       5871;20180710;   10;   9.5;   4.2;    3;   1.0;   4;    2.883;-999;   7.3;  11.8;  958.99;   13.9;   74.88;   17.1;   11.4;   11.0;eor
       5871;20180711;   10;   7.6;   3.0;    3;   0.7;   4;    2.867;-999;   7.0;  12.1;  958.45;   14.2;   75.83;   18.5;   10.3;    8.3;eor
       5871;20180712;   10;   7.0;   2.5;    3;   0.0;   0;    5.367;-999;   5.4;  14.4;  960.04;   17.2;   74.50;   22.0;   13.6;   10.5;eor
       5871;20180713;   10;   8.6;   1.8;    3;   0.0;   4;    6.700;-999;   3.8;  14.1;  961.83;   19.0;   65.04;   24.0;   14.1;    9.2;eor
       5871;20180714;   10;   8.4;   2.5;    3;   0.0;   4;    9.933;-999;   4.1;  13.2;  960.77;   20.8;   55.08;   25.8;   15.1;   10.3;eor
       5871;20180715;   10;   8.6;   2.8;    3;   0.1;   4;    7.050;-999;   4.6;  14.1;  958.13;   19.7;   62.54;   26.5;   15.4;   11.0;eor
       5871;20180716;   10;  11.1;   2.6;    3;   6.7;   4;   13.450;-999;   1.8;  13.1;  955.80;   20.3;   56.50;   25.7;   13.0;    9.7;eor
       5871;20180717;   10;  10.9;   2.6;    3;   0.0;   4;    9.600;-999;   3.0;  12.9;  957.61;   20.9;   52.92;   26.4;   15.8;   11.2;eor
       5871;20180718;   10;   8.7;   2.5;    3;   0.0;   0;   12.800;-999;   1.5;  11.9;  960.16;   19.1;   56.00;   24.8;   13.5;    7.5;eor
       5871;20180719;   10;   8.2;   2.8;    3;   0.0;   0;   12.083;-999;   1.3;  11.3;  959.61;   20.4;   48.21;   25.7;   15.0;    9.4;eor
       5871;20180720;   10;   9.1;   2.9;    3;   0.8;   4;    8.867;-999;   3.4;  12.5;  955.77;   21.3;   50.67;   27.1;   15.7;   10.5;eor
       5871;20180721;   10;  11.5;   2.6;    3;   8.0;   4;    4.850;-999;   6.2;  15.4;  954.25;   18.2;   74.79;   25.0;   15.3;   13.8;eor
       5871;20180722;   10;   7.1;   2.3;    3;   0.0;   0;    5.983;-999;   4.1;  15.1;  957.10;   18.8;   72.33;   24.8;   14.8;   13.5;eor
       5871;20180723;   10;   7.0;   2.1;    3;   0.0;   0;   10.500;-999;   1.6;  14.8;  959.70;   21.0;   60.33;   25.5;   15.4;   12.3;eor
       5871;20180724;   10;   7.8;   2.1;    3;   0.0;   0;   14.567;-999;   0.3;  14.2;  957.60;   24.2;   48.63;   28.9;   18.9;   11.8;eor
       5871;20180725;   10;   7.1;   1.8;    3;   0.0;   4;   12.933;-999;   1.1;  13.4;  957.65;   26.5;   39.79;   31.6;   20.1;   13.4;eor
       5871;20180726;   10;   9.1;   3.5;    3;   0.0;   0;   12.433;-999;   1.3;  14.2;  957.67;   26.4;   43.00;   32.1;   19.5;   15.1;eor
       5871;20180727;   10;   8.9;   3.3;    3;   0.0;   0;   14.700;-999;   0.2;  12.7;  955.13;   25.9;   38.38;   31.1;   20.3;   15.5;eor
       5871;20180728;   10;  18.3;   4.3;    3;   5.3;   4;    6.967;-999;   3.6;  15.7;  953.00;   21.6;   60.71;   26.2;   15.7;   14.2;eor
       5871;20180729;   10;  10.7;   3.7;    3;   0.0;   0;    8.600;-999;   4.0;  13.2;  956.88;   22.0;   50.75;   27.7;   15.5;   12.2;eor
       5871;20180730;   10;   8.0;   2.2;    3;   0.0;   0;   12.217;-999;   1.9;  14.7;  958.45;   25.3;   45.63;   30.6;   19.3;   13.4;eor
       5871;20180731;   10;   9.3;   2.9;    3;   0.0;   0;   12.533;-999;   1.3;  15.5;  959.80;   24.7;   50.58;   30.3;   20.1;   13.7;eor
       5871;20180801;   10;   8.1;   2.0;    3;   6.9;   4;    4.550;-999;   4.3;  18.0;  962.88;   19.5;   79.71;   23.5;   16.7;   13.2;eor
       5871;20180802;   10;   5.8;   1.9;    3;   0.0;   0;   13.867;-999;   0.7;  17.3;  964.11;   22.8;   65.88;   29.7;   15.8;   12.3;eor
       5871;20180803;   10;   7.2;   2.4;    3;   0.0;   0;   12.700;-999;   1.2;  16.5;  962.88;   25.9;   50.42;   31.9;   19.3;   15.2;eor
       5871;20180804;   10;   8.3;   2.9;    3;   0.0;   0;   10.717;-999;   1.5;  15.2;  961.06;   25.5;   47.58;   31.2;   20.4;   16.2;eor
       5871;20180805;   10;  11.0;   3.5;    3;   0.0;   0;   11.117;-999;   1.7;  15.2;  962.67;   21.4;   62.13;   27.1;   17.1;   12.6;eor
       5871;20180806;   10;   9.6;   3.8;    3;   0.0;   0;   14.117;-999;   0.2;  13.3;  958.57;   23.8;   46.83;   30.8;   15.5;   12.5;eor
       5871;20180807;   10;  11.0;   3.8;    3;   2.4;   4;   10.933;-999;   3.0;  15.1;  953.88;   26.0;   46.00;   33.4;   18.1;   13.5;eor
       5871;20180808;   10;  22.3;   4.7;    3;   0.9;   4;    6.467;-999;   4.0;  16.7;  955.73;   21.1;   67.33;   24.5;   16.4;   13.9;eor
       5871;20180809;   10;  22.8;   5.9;    3;   1.5;   4;    5.017;-999;   5.5;  16.7;  955.76;   19.0;   76.13;   27.2;   13.1;   12.2;eor
       5871;20180810;   10;  12.5;   5.1;    3;   0.0;   4;    9.150;-999;   3.3;  10.5;  964.06;   15.2;   62.54;   20.8;   10.8;    8.0;eor
       5871;20180811;   10;  10.7;   4.2;    3;   0.0;   4;   10.283;-999;   3.3;   9.7;  964.12;   16.1;   53.96;   21.2;   12.5;    8.4;eor
       5871;20180812;   10;   9.5;   2.9;    3;   7.5;   4;   12.883;-999;   0.2;   9.8;  958.04;   18.8;   47.79;   25.4;   10.8;    4.9;eor
       5871;20180813;   10;  15.1;   4.7;    3;  14.4;   4;    4.500;-999;   4.4;  14.8;  951.67;   16.5;   79.96;   21.8;   13.3;   11.3;eor
       5871;20180814;   10;  10.7;   4.5;    3;   0.0;   4;    4.750;-999;   6.3;  15.6;  957.67;   16.1;   85.75;   20.6;   13.2;   13.0;eor
       5871;20180815;   10;   5.4;   1.9;    3;   0.0;   0;    2.333;-999;   5.3;  14.5;  961.87;   17.2;   75.25;   21.9;   13.3;   10.6;eor
       5871;20180816;   10;   5.9;   1.8;    3;   0.0;   0;   13.650;-999;   0.1;  14.2;  958.51;   20.7;   60.42;   27.3;   12.8;    9.2;eor
       5871;20180817;   10;   9.4;   3.1;    3;   0.2;   4;    6.717;-999;   2.9;  15.3;  959.14;   17.9;   74.58;   23.1;   13.8;    9.8;eor
       5871;20180818;   10;   6.8;   2.0;    3;   0.0;   0;   13.367;-999;   0.1;  11.2;  963.90;   17.6;   58.96;   23.4;   11.2;    8.3;eor
       5871;20180819;   10;   9.1;   2.7;    3;   0.0;   0;   13.533;-999;   0.1;  13.1;  963.16;   19.5;   59.38;   25.3;   13.2;    7.6;eor
       5871;20180820;   10;   6.7;   2.5;    3;   0.0;   0;    5.100;-999;   5.0;  16.0;  962.05;   19.2;   72.58;   23.9;   15.5;   14.1;eor
       5871;20180821;   10;   6.7;   1.8;    3;   0.0;   0;    7.050;-999;   5.2;  15.4;  961.90;   20.7;   65.04;   26.4;   15.3;   12.7;eor
       5871;20180822;   10;   8.9;   3.3;    3;   0.0;   0;   12.950;-999;   0.0;  15.4;  959.30;   22.8;   57.17;   28.9;   17.0;   13.5;eor
       5871;20180823;   10;  14.2;   3.4;    3;   0.1;   4;   11.083;-999;   2.5;  16.2;  955.94;   21.2;   65.88;   27.5;   16.5;   11.6;eor
       5871;20180824;   10;  12.7;   4.6;    3;   0.9;   4;    4.117;-999;   5.6;  11.6;  954.79;   15.5;   66.00;   19.9;   10.9;    9.9;eor
       5871;20180825;   10;  11.9;   4.6;    3;   0.5;   4;    4.617;-999;   6.0;   9.1;  954.75;   11.4;   68.75;   15.5;    7.9;    3.7;eor
       5871;20180826;   10;   9.3;   3.4;    3;   1.0;   4;    8.617;-999;   3.5;   8.3;  957.81;   13.0;   57.79;   18.7;    6.4;    2.5;eor
       5871;20180827;   10;  13.0;   4.4;    3;   0.0;   4;    0.650;-999;   6.8;  13.4;  956.37;   14.2;   82.42;   18.1;   11.2;    7.8;eor
       5871;20180828;   10;   7.8;   2.7;    3;   0.0;   0;   12.400;-999;   0.4;  11.6;  960.50;   16.0;   65.88;   22.1;    9.7;    5.0;eor
       5871;20180829;   10;  10.1;   4.1;    3;   4.0;   4;    6.633;-999;   3.6;  14.4;  956.05;   17.5;   72.46;   24.8;   13.5;    9.4;eor
       5871;20180830;   10;   8.2;   3.1;    3;   0.0;   4;    1.267;-999;   7.2;  12.6;  961.77;   14.3;   77.92;   18.5;   11.8;    7.9;eor
       5871;20180831;   10;   8.4;   2.4;    3;   0.0;   4;    2.283;-999;   6.9;  10.2;  963.05;   12.8;   69.88;   17.3;    9.0;    6.4;eor
       5871;20180901;   10;   8.2;   2.9;    3;   0.0;   0;   10.217;-999;   1.0;   9.0;  965.90;   12.9;   61.96;   19.0;    7.7;    4.3;eor
       5871;20180902;   10;  10.8;   4.2;    3;   0.0;   4;    3.000;-999;   4.9;  10.9;  964.11;   13.5;   70.50;   17.9;    8.4;    5.4;eor
       5871;20180903;   10;   5.5;   2.1;    3;   0.0;   4;    0.367;-999;   7.6;  14.5;  959.13;   15.2;   84.25;   18.8;   12.6;   11.7;eor
       5871;20180904;   10;   4.9;   1.4;    3;   0.0;   0;    5.367;-999;   6.8;  15.5;  958.40;   18.5;   74.92;   23.5;   14.5;   11.9;eor
       5871;20180905;   10;   9.4;   2.3;    3;   2.5;   4;    7.350;-999;   2.7;  14.9;  958.34;   20.0;   65.29;   25.7;   14.9;   10.6;eor
       5871;20180906;   10;   6.5;   2.1;    3;   5.6;   4;    3.700;-999;   5.9;  16.5;  954.67;   16.4;   89.00;   21.0;   13.5;   11.6;eor
       5871;20180907;   10;  10.3;   3.3;    3;   4.3;   4;    2.767;-999;   6.0;  13.6;  956.93;   13.2;   89.33;   16.5;    9.0;    4.1;eor
       5871;20180908;   10;   8.9;   3.0;    3;   0.0;   0;   10.900;-999;   2.7;   9.8;  962.00;   12.9;   66.79;   18.4;    6.8;    3.1;eor
       5871;20180909;   10;   6.3;   2.5;    3;   0.0;   4;   10.367;-999;   3.7;  10.7;  963.12;   17.0;   56.54;   22.8;   11.4;    7.4;eor
       5871;20180910;   10;  11.1;   3.5;    3;   0.0;   0;    8.383;-999;   3.3;  11.9;  964.00;   17.9;   58.58;   23.7;   12.3;    8.4;eor
       5871;20180911;   10;  11.6;   4.0;    3;   0.0;   0;   12.250;-999;   0.0;  12.4;  965.46;   18.2;   61.46;   23.7;   11.5;    8.7;eor
       5871;20180912;   10;  10.5;   3.6;    3;   0.0;   4;   12.067;-999;   0.5;  12.9;  962.51;   20.0;   57.58;   26.1;   12.8;    9.4;eor
       5871;20180913;   10;   5.6;   2.3;    3;   0.2;   4;    0.000;-999;   7.5;  14.6;  961.47;   13.1;   96.46;   14.5;   11.2;    9.6;eor
       5871;20180914;   10;   6.8;   2.0;    3;   0.0;   4;    2.850;-999;   6.2;  11.9;  962.01;   14.1;   75.17;   18.9;   10.7;    5.6;eor
       5871;20180915;   10;   6.9;   2.5;    3;   0.0;   0;    6.683;-999;   3.7;  10.3;  965.53;   13.4;   67.92;   18.0;    8.5;    5.8;eor
       5871;20180916;   10;  10.2;   3.7;    3;   0.0;   0;   11.217;-999;   0.4;  10.3;  963.80;   15.5;   60.75;   21.8;    8.6;    4.4;eor
       5871;20180917;   10;   8.6;   2.4;    3;   0.0;   0;   11.433;-999;   0.4;  10.4;  961.01;   18.9;   48.96;   25.3;   11.7;    6.6;eor
       5871;20180918;   10;  10.6;   4.5;    3;   0.0;   0;   11.383;-999;   1.9;  13.0;  958.02;   20.6;   54.25;   27.9;   11.7;    9.5;eor
       5871;20180919;   10;  11.6;   3.5;    3;   0.0;   0;   10.567;-999;   2.4;  15.6;  961.10;   20.5;   65.79;   26.4;   14.4;   12.3;eor
       5871;20180920;   10;   9.5;   3.8;    3;   0.0;   4;   10.917;-999;   0.5;  13.8;  959.69;   19.3;   63.08;   25.1;   13.6;    8.8;eor
       5871;20180921;   10;  18.0;   6.8;    3;   5.1;   4;    1.783;-999;   4.5;  11.8;  954.22;   15.0;   68.25;   20.7;    9.3;    7.8;eor
       5871;20180922;   10;  12.0;   4.5;    3;   6.5;   4;    2.583;-999;   5.8;   9.4;  961.79;   10.3;   75.83;   14.4;    7.7;    6.7;eor
       5871;20180923;   10;  22.6;   6.6;    3;  21.5;   4;    0.467;-999;   7.5;  13.8;  954.27;   12.0;   95.21;   20.3;    5.9;    5.0;eor
       5871;20180924;   10;   8.5;   3.1;    3;   0.0;   4;    6.133;-999;   4.0;   8.4;  972.74;    7.5;   82.25;   11.8;    4.5;    2.4;eor
       5871;20180925;   10;   7.8;   3.0;    3;   0.0;   0;   11.083;-999;   1.1;   7.4;  977.30;    7.9;   72.04;   12.8;    4.1;   -0.9;eor
       5871;20180926;   10;  10.2;   3.9;    3;   0.0;   4;    9.383;-999;   0.2;   6.9;  974.05;   10.1;   57.67;   17.3;    3.6;    2.3;eor
       5871;20180927;   10;   5.6;   2.4;    3;   0.0;   0;   11.550;-999;   0.0;   8.9;  968.58;   14.9;   52.58;   21.3;    8.6;    1.5;eor
       5871;20180928;   10;   9.0;   3.1;    3;   0.2;   4;    7.250;-999;   2.5;  10.1;  965.26;   10.5;   80.58;   16.2;    5.8;    3.2;eor
       5871;20180929;   10;   9.8;   4.7;    3;   0.0;   0;   10.933;-999;   0.4;   6.9;  966.59;    8.2;   65.33;   13.2;    3.8;    1.8;eor
       5871;20180930;   10;   9.6;   3.4;    3;   0.0;   4;   11.383;-999;   1.5;   7.3;  958.17;    9.8;   61.08;   16.3;    3.8;   -0.1;eor
       5871;20181001;   10;  13.4;   3.4;    3;   0.3;   4;    1.150;-999;   6.3;   8.1;  959.32;    7.1;   80.42;   11.8;    3.4;    1.5;eor
       5871;20181002;   10;  13.0;   5.3;    3;   1.4;   4;    0.000;   0;   7.6;   9.2;  961.92;    6.3;   94.79;    9.9;    3.9;    3.6;eor
       5871;20181003;   10;  10.1;   3.9;    3;   0.0;   0;    6.650;   0;   3.9;  10.1;  965.72;   10.7;   79.04;   14.1;    7.1;    2.4;eor
       5871;20181004;   10;   8.9;   2.2;    3;   0.0;   0;   11.017;   0;   0.0;   9.2;  967.35;   10.5;   73.46;   16.2;    4.7;    0.3;eor
       5871;20181005;   10;  11.6;   5.3;    3;   0.0;   0;   11.033;   0;   0.0;  10.5;  960.39;   12.6;   72.79;   19.7;    6.3;    4.8;eor
       5871;20181006;   10;   8.5;   3.6;    3;   0.0;   0;    9.667;   0;   1.0;  12.3;  953.10;   15.5;   71.33;   21.6;    9.5;    5.2;eor
       5871;20181007;   10;   8.7;   2.9;    3;   2.3;   4;    0.000;   0;   5.3;  12.1;  957.75;   10.9;   92.13;   15.9;    6.5;    3.8;eor
       5871;20181008;   10;   7.0;   2.5;    3;   0.0;   0;    5.017;   0;   2.7;  11.5;  962.32;   10.7;   89.71;   17.7;    6.2;    2.6;eor
       5871;20181009;   10;   8.2;   4.0;    3;   0.0;   4;   10.033;   0;   0.0;  12.9;  962.90;   13.6;   83.88;   19.7;    8.4;    4.4;eor
       5871;20181010;   10;  10.2;   5.2;    3;   0.0;   0;   10.500;   0;   0.0;  12.8;  958.49;   14.1;   80.71;   19.9;    9.0;    7.0;eor
       5871;20181011;   10;   8.9;   4.7;    3;   0.0;   0;    7.450;   0;   3.5;  13.1;  956.16;   14.7;   78.42;   19.6;   10.4;    7.5;eor
       5871;20181012;   10;   9.5;   4.5;    3;   0.0;   0;    8.933;   0;   2.6;  13.9;  962.66;   17.4;   71.04;   23.0;   10.8;    8.4;eor
       5871;20181013;   10;   8.5;   4.3;    3;   0.0;   0;   10.383;   0;   0.0;  13.1;  961.67;   17.2;   67.33;   23.2;   12.9;    8.7;eor
       5871;20181014;   10;  12.2;   4.7;    3;   0.0;   0;   10.183;   0;   0.6;  12.4;  954.44;   16.1;   68.88;   21.7;    9.7;    7.7;eor
       5871;20181015;   10;   7.2;   3.0;    3;   0.0;   0;    9.900;   0;   0.9;  10.9;  956.09;   16.9;   59.33;   22.3;   11.5;    5.9;eor
       5871;20181016;   10;   6.9;   2.8;    3;   0.0;   0;    8.933;   0;   0.5;  10.7;  960.45;   17.2;   55.75;   22.7;   12.9;    4.9;eor
       5871;20181017;   10;   8.6;   3.1;    3;   0.0;   0;    9.283;   0;   0.2;  11.5;  960.69;   15.8;   65.33;   21.0;   11.8;    6.5;eor
       5871;20181018;   10;   8.2;   3.2;    3;   0.0;   0;    0.033;   0;   4.8;  12.7;  962.80;   11.6;   92.71;   13.5;    8.7;    6.1;eor
       5871;20181019;   10;  11.2;   2.8;    3;   0.0;   0;    5.350;   0;   3.6;  11.1;  964.39;   10.5;   87.67;   16.0;    5.9;    2.2;eor
       5871;20181020;   10;   6.7;   2.5;    3;   0.0;   4;    6.017;   0;   3.0;   9.8;  969.35;    9.2;   84.79;   13.1;    5.5;    0.9;eor
       5871;20181021;   10;  10.5;   3.4;    3;   0.0;   0;    9.917;   0;   0.4;   8.1;  968.33;    8.0;   76.71;   13.3;    3.6;   -1.0;eor
       5871;20181022;   10;   8.1;   2.4;    3;   0.0;   4;    1.633;   0;   4.1;   9.0;  969.92;    8.0;   83.79;   11.7;    5.3;   -0.7;eor
       5871;20181023;   10;  14.0;   5.9;    3;   0.0;   4;    0.983;   0;   6.1;   8.3;  967.08;    7.1;   83.17;    9.9;    3.7;    0.5;eor
       5871;20181024;   10;  14.0;   5.2;    3;   5.6;   4;    0.000;   0;   7.7;  12.3;  964.49;   10.4;   96.83;   12.1;    9.1;    9.0;eor
       5871;20181025;   10;  11.0;   4.1;    3;   0.2;   4;    2.950;   0;   6.7;  10.6;  960.45;    9.7;   87.33;   12.3;    6.8;    5.6;eor
       5871;20181026;   10;  11.8;   4.5;    3;   0.8;   4;    0.000;   0;   7.8;   8.6;  951.00;    6.7;   87.63;    7.9;    4.4;    3.7;eor
       5871;20181027;   10;   7.9;   3.2;    3;   0.0;   0;    1.383;   0;   6.7;   7.0;  949.39;    3.7;   88.33;    6.2;    1.8;    0.8;eor
       5871;20181028;   10;  14.5;   7.1;    3;   0.6;   4;    0.500;   0;   7.7;   6.3;  950.40;    2.7;   84.42;    4.0;    2.0;    0.9;eor
       5871;20181029;   10;  12.2;   5.9;    3;   4.2;   4;    0.000;   0;   7.9;   7.0;  940.35;    2.3;   96.92;    3.1;    1.8;    1.8;eor
       5871;20181030;   10;  19.9;   8.2;    3;   2.1;   4;    0.017;   0;   7.5;   7.1;  935.77;    3.0;   93.29;    4.6;    0.3;    0.1;eor
       5871;20181031;   10;  11.7;   5.1;    3;   0.0;   4;    0.217;   0;   5.3;   7.2;  953.95;    3.9;   88.96;    7.1;   -0.5;   -2.3;eor
       5871;20181101;   10;  11.1;   4.3;    3;   2.3;   4;    0.783;   0;   4.3;   8.6;  952.80;    6.4;   88.42;    8.7;    3.0;    1.2;eor
       5871;20181102;   10;   9.4;   2.5;    3;   0.3;   4;    0.217;   0;   7.4;   9.1;  962.74;    6.4;   94.42;    8.5;    2.7;    0.2;eor
       5871;20181103;   10;  10.0;   2.9;    3;   0.0;   4;    9.100;   0;   1.8;   7.1;  966.76;    4.2;   86.17;    8.8;    1.1;   -1.6;eor
       5871;20181104;   10;  15.0;   4.6;    3;   0.0;   0;    0.217;   0;   8.0;   9.4;  956.85;    7.0;   93.33;    9.4;    4.6;    4.2;eor
       5871;20181105;   10;  13.9;   5.3;    3;   0.0;   0;    1.167;   0;   6.5;  10.3;  950.12;    7.8;   97.33;   10.6;    5.3;    3.6;eor
       5871;20181106;   10;   9.8;   4.9;    3;   0.0;   0;    5.300;   0;   3.7;  10.2;  949.38;    8.9;   89.67;   13.5;    4.6;    3.1;eor
       5871;20181107;   10;  13.9;   4.7;    3;   0.0;   4;    4.850;   0;   4.2;   9.4;  952.29;   10.4;   75.00;   14.4;    6.5;    4.3;eor
       5871;20181108;   10;   9.1;   2.9;    3;   0.0;   0;    1.350;   0;   6.2;   9.3;  960.17;    8.4;   84.42;   11.2;    6.3;    3.2;eor
       5871;20181109;   10;  12.9;   5.0;    3;   0.3;   4;    3.333;   0;   6.0;  10.2;  955.03;    8.8;   90.38;   12.2;    6.3;    5.1;eor
       5871;20181110;   10;  13.0;   6.3;    3;   4.2;   4;    0.000;   0;   7.4;  11.2;  948.33;    9.7;   92.63;   12.1;    7.3;    6.8;eor
       5871;20181111;   10;  16.1;   6.6;    3;   1.7;   4;    3.250;   0;   6.2;  10.6;  951.19;   10.4;   83.88;   13.2;    8.0;    6.3;eor
       5871;20181112;   10;  16.4;   5.7;    3;  12.4;   4;    1.433;   0;   7.5;  12.5;  956.57;   12.1;   89.00;   17.2;    8.2;    8.1;eor
       5871;20181113;   10;  11.7;   4.2;    3;   6.4;   4;    1.350;   0;   5.2;  10.0;  966.10;    8.1;   92.33;   10.1;    3.4;    0.4;eor
       5871;20181114;   10;  11.7;   5.1;    3;   0.0;   0;    6.317;   0;   5.7;   8.2;  968.67;    4.2;   99.08;    8.0;   -0.2;   -1.4;eor
       5871;20181115;   10;  11.4;   7.1;    3;   0.0;   4;    0.000;   0;   8.0;   7.8;  966.27;    3.3;  100.00;    4.2;    2.6;    2.9;eor
       5871;20181116;   10;  14.8;   6.1;    3;   0.0;   0;    4.767;   0;   3.9;   7.0;  967.40;    3.5;   89.92;    6.8;    1.7;   -0.1;eor
       5871;20181117;   10;  13.9;   6.0;    3;   0.0;   0;    8.467;   0;   0.3;   5.6;  967.56;    3.1;   74.58;    7.4;   -0.1;   -1.5;eor
       5871;20181118;   10;  11.8;   6.0;    3;   0.0;   0;    8.567;   0;   0.7;   4.0;  964.38;    1.4;   58.63;    5.5;   -1.6;   -3.3;eor
       5871;20181119;   10;  14.2;   6.2;    3;   0.4;   4;    0.000;   0;   6.9;   5.3;  954.37;    0.4;   83.42;    2.3;   -2.1;   -3.8;eor
       5871;20181120;   10;  16.1;   7.4;    3;   0.0;   4;    0.483;   0;   7.6;   5.1;  947.41;    0.2;   82.63;    1.3;   -0.8;   -1.5;eor
       5871;20181121;   10;  11.5;   5.5;    3;   0.0;   0;    0.000;   0;   7.8;   5.6;  954.44;   -0.3;   93.83;    0.4;   -0.9;   -1.2;eor
       5871;20181122;   10;  11.6;   6.1;    3;   0.0;   0;    4.533;   0;   4.6;   5.6;  958.69;   -0.2;   92.21;    2.2;   -1.8;   -2.8;eor
       5871;20181123;   10;  12.4;   6.8;    3;   1.1;   4;    6.933;   0;   2.7;   5.9;  956.95;    0.4;   93.46;    4.9;   -2.6;   -3.9;eor
       5871;20181124;   10;  12.7;   5.2;    3;   3.1;   4;    0.033;   0;   7.8;   7.4;  951.62;    2.8;   97.75;    6.3;   -0.2;   -0.1;eor
       5871;20181125;   10;   9.7;   3.0;    3;   0.0;   0;    0.017;   0;   7.8;   8.0;  949.54;    3.9;   99.42;    6.0;    1.5;   -0.1;eor
       5871;20181126;   10;  10.2;   3.9;    3;   0.0;   0;    0.000;   0;   8.0;   6.9;  950.00;    3.5;   88.71;    4.3;    2.1;    1.8;eor
       5871;20181127;   10;   8.4;   2.4;    3;   0.0;   0;    0.667;   0;   7.7;   5.8;  958.58;    1.2;   87.08;    3.5;   -0.4;   -1.8;eor
       5871;20181128;   10;  12.7;   6.6;    3;   2.1;   4;    0.000;   0;   7.5;   6.9;  961.02;    1.8;   98.33;    3.8;    0.2;   -0.7;eor
       5871;20181129;   10;  15.2;   6.8;    3;   0.9;   4;    0.000;   0;   7.7;   7.6;  956.76;    3.1;   99.00;    8.9;    1.8;    1.4;eor
       5871;20181130;   10;   7.8;   3.7;    3;   0.2;   4;    0.000;   0;   7.2;   9.1;  954.28;    6.6;   93.25;    8.9;    3.4;    3.5;eor
       5871;20181201;   10;  15.1;   4.9;    3;   5.1;   4;    0.483;   0;   7.3;   8.3;  954.75;    5.7;   90.71;    7.1;    3.8;    2.4;eor
       5871;20181202;   10;  13.7;   6.6;    3;  42.4;   6;    0.000;   0;   7.8;  11.4;  945.71;    9.3;   96.63;   11.7;    6.7;    6.1;eor
       5871;20181203;   10;  14.9;   6.2;    3;  21.7;   4;    0.000;   0;   7.5;  11.7;  945.67;    9.6;   97.13;   11.1;    8.2;    7.8;eor
       5871;20181204;   10;  12.5;   3.8;    3;   0.0;   4;    1.700;   0;   6.2;   7.9;  959.52;    4.6;   91.58;    8.2;   -0.9;   -2.8;eor
       5871;20181205;   10;  10.6;   5.7;    3;   1.6;   4;    0.000;   0;   7.6;   7.1;  962.70;    2.0;  100.00;    3.7;   -1.0;   -2.0;eor
       5871;20181206;   10;  13.6;   5.2;    3;   0.4;   4;    0.167;   0;   7.8;  10.3;  958.56;    7.7;   97.29;    9.9;    3.2;    3.3;eor
       5871;20181207;   10;  19.4;   7.9;    3;   6.7;   4;    0.033;   0;   7.7;   9.9;  951.28;    7.6;   93.58;    9.7;    4.1;    3.3;eor
       5871;20181208;   10;  24.8;   9.0;    3;  18.4;   4;    0.050;   0;   7.7;   8.2;  947.93;    4.9;   93.83;    8.0;    3.3;    2.8;eor
       5871;20181209;   10;  18.9;   8.4;    3;   8.0;   4;    0.000;   0;   7.8;   8.1;  945.55;    4.8;   93.63;    6.7;    3.3;    2.7;eor
       5871;20181210;   10;  13.6;   6.0;    3;   0.8;   4;    3.483;   0;   6.9;   6.4;  961.00;    2.4;   87.79;    4.4;    0.7;    0.2;eor
       5871;20181211;   10;   7.8;   3.5;    3;   0.7;   4;    1.333;   0;   7.5;   6.1;  963.22;    0.8;   93.83;    2.1;   -0.9;   -2.0;eor
       5871;20181212;   10;  10.0;   2.3;    3;   0.0;   4;    0.150;   0;   6.4;   5.7;  962.81;   -0.2;   94.25;    1.2;   -1.5;   -3.1;eor
       5871;20181213;   10;  12.0;   5.0;    3;   0.0;   4;    2.567;   0;   5.4;   4.3;  957.97;   -1.7;   78.71;   -0.6;   -2.4;   -3.5;eor
       5871;20181214;   10;  11.2;   4.2;    3;   0.0;   4;    0.000;   0;   8.0;   3.7;  960.14;   -2.7;   73.29;   -2.1;   -3.3;   -3.2;eor
       5871;20181215;   10;  14.8;   6.0;    3;   1.1;   4;    0.033;   0;   7.9;   3.7;  961.34;   -3.1;   75.92;   -2.4;   -3.8;   -4.0;eor
       5871;20181216;   10;  15.2;   4.5;    3;   0.0;   4;    0.000;   6;   7.7;   5.3;  952.61;   -1.8;   97.13;    2.5;   -4.8;   -4.6;eor
       5871;20181217;   10;  10.1;   4.5;    3;   1.9;   4;    0.033;   1;   7.7;   7.1;  960.40;    2.3;   98.71;    4.0;    0.1;   -0.4;eor
       5871;20181218;   10;  12.9;   5.4;    3;   0.5;   4;    0.200;   0;   7.0;   6.9;  961.83;    2.1;   96.54;    3.7;    0.1;   -0.3;eor
       5871;20181219;   10;   9.7;   4.8;    3;   1.0;   4;    0.300;   0;   7.5;   7.6;  954.35;    4.0;   93.71;    7.4;    0.0;   -0.2;eor
       5871;20181220;   10;  13.6;   5.5;    3;   4.3;   4;    0.017;   0;   7.4;   8.0;  954.68;    4.7;   93.25;    5.6;    3.6;    2.5;eor
       5871;20181221;   10;  21.5;   9.6;    3;   2.8;   4;    0.000;   0;   7.5;   9.6;  949.65;    8.0;   89.21;   10.4;    5.0;    4.2;eor
       5871;20181222;   10;  17.8;   8.0;    3;   1.3;   4;    0.250;   0;   7.5;   9.2;  956.26;    7.6;   87.71;    9.0;    6.0;    5.3;eor
       5871;20181223;   10;  17.4;   6.1;    3;  14.5;   4;    0.000;   0;   7.6;   9.8;  959.27;    7.1;   96.21;   10.3;    5.4;    4.9;eor
       5871;20181224;   10;  14.3;   3.8;    3;   0.6;   4;    0.583;   0;   5.7;   6.7;  967.41;    2.4;   91.33;    7.4;   -1.8;   -6.8;eor
       5871;20181225;   10;   4.7;   1.7;    3;   0.0;   0;    5.867;   0;   2.6;   4.9;  974.21;   -0.5;   82.96;    1.9;   -3.1;   -7.1;eor
       5871;20181226;   10;   6.8;   1.9;    3;   0.0;   0;    7.483;   0;   0.0;   4.8;  971.12;   -0.7;   83.63;    3.8;   -4.2;   -8.5;eor
       5871;20181227;   10;   7.9;   2.9;    3;   0.0;   0;    2.283;   0;   5.2;   5.0;  966.47;   -0.5;   85.42;    2.4;   -3.3;   -4.6;eor
       5871;20181228;   10;   5.7;   2.9;    3;   0.0;   4;    0.300;   0;   7.2;   4.9;  968.21;   -2.7;   97.63;    0.2;   -4.2;   -4.4;eor
       5871;20181229;   10;  14.3;   5.0;    3;   0.6;   4;    0.000;   0;   7.9;   5.9;  970.91;   -0.6;   99.75;    1.5;   -3.2;   -2.8;eor
       5871;20181230;   10;   9.6;   4.9;    3;   0.4;   4;    0.000;   0;   7.7;   7.5;  971.93;    3.1;   97.75;    3.9;    1.4;    1.4;eor
       5871;20181231;   10;   7.3;   3.2;    3;   0.2;   4;    0.033;   0;   7.9;   8.8;  972.88;    5.2;   99.96;    6.4;    3.9;    3.9;eor
       5871;20190101;   10;  15.0;   5.8;    3;   3.3;   4;    0.000;   0;   7.5;   7.8;  969.14;    3.6;   97.42;    5.5;    0.9;    0.2;eor
       5871;20190102;   10;  14.4;   4.8;    3;   0.4;   4;    0.733;   0;   6.2;   5.1;  972.76;    0.8;   78.58;    2.0;   -2.2;   -5.6;eor
       5871;20190103;   10;   5.1;   2.5;    3;   0.8;   4;    0.083;   0;   7.3;   5.5;  976.09;   -0.9;   96.42;    0.2;   -2.6;   -4.9;eor
       5871;20190104;   10;  10.9;   3.5;    3;   2.0;   4;    1.667;   0;   7.0;   5.7;  974.68;    0.0;   93.79;    1.0;   -1.4;   -4.0;eor
       5871;20190105;   10;  13.4;   6.0;    3;   0.2;   4;    0.000;   1;   7.9;   6.8;  969.60;    1.9;   96.38;    4.3;   -0.3;   -0.1;eor
       5871;20190106;   10;   8.4;   4.2;    3;   0.3;   4;    0.000;   0;   7.9;   6.7;  971.25;    2.2;   94.17;    3.1;    1.2;    0.9;eor
       5871;20190107;   10;  14.8;   4.0;    3;   4.0;   4;    0.483;   0;   7.8;   6.7;  970.51;    1.7;   96.17;    3.5;    0.4;    0.1;eor
       5871;20190108;   10;  16.6;   8.3;    3;   3.0;   4;    0.483;   0;   7.3;   7.0;  957.15;    3.0;   91.67;    4.6;    1.5;    0.6;eor
       5871;20190109;   10;  12.7;   5.1;    3;   1.6;   4;    1.700;   0;   7.6;   5.3;  956.40;    0.2;   86.25;    1.8;   -1.2;   -1.5;eor
       5871;20190110;   10;   9.0;   3.3;    3;   0.3;   4;    0.050;   1;   7.6;   4.5;  963.45;   -1.8;   84.71;   -1.2;   -2.9;   -5.0;eor
       5871;20190111;   10;   9.6;   4.4;    3;   3.9;   4;    0.000;   1;   7.8;   5.7;  963.61;   -0.8;   98.04;    2.1;   -2.7;   -3.3;eor
       5871;20190112;   10;  14.9;   6.8;    3;   5.7;   4;    0.000;   0;   7.8;   7.3;  959.64;    2.6;   98.42;    3.9;    1.8;    1.4;eor
       5871;20190113;   10;  16.4;   7.9;    3;   9.7;   4;    0.000;   0;   7.5;   8.7;  948.87;    5.1;   98.50;    6.8;    3.4;    2.7;eor
       5871;20190114;   10;  12.5;   5.5;    3;   3.6;   4;    0.383;   0;   7.2;   6.4;  953.25;    1.9;   90.17;    3.7;   -0.1;   -0.8;eor
       5871;20190115;   10;  12.1;   5.7;    3;   0.1;   4;    0.017;   0;   7.8;   6.5;  959.96;    1.7;   93.79;    3.1;    0.0;   -0.4;eor
       5871;20190116;   10;  15.9;   5.4;    3;   3.5;   4;    1.183;   0;   7.2;   6.0;  951.96;    2.2;   83.71;    4.0;    1.1;   -0.3;eor
       5871;20190117;   10;  16.4;   6.8;    3;   2.6;   4;    0.983;   0;   7.3;   6.4;  946.76;    1.7;   92.21;    3.6;   -1.2;   -1.7;eor
       5871;20190118;   10;   7.6;   2.5;    3;   0.0;   0;    4.733;   0;   4.3;   4.6;  957.78;   -1.8;   86.29;    0.5;   -4.0;   -7.8;eor
       5871;20190119;   10;  10.1;   3.8;    3;   0.0;   0;    8.233;   0;   3.6;   3.9;  954.99;   -3.9;   85.79;   -0.5;   -6.8;   -9.0;eor
       5871;20190120;   10;   8.4;   3.8;    3;   0.0;   0;    2.500;   0;   2.7;   3.6;  954.89;   -5.9;   90.25;   -2.8;   -8.0;   -9.9;eor
       5871;20190121;   10;   8.5;   2.2;    3;   0.0;   0;    8.383;   0;   0.0;   3.5;  959.68;   -5.4;   84.83;   -0.8;   -8.8;  -12.2;eor
       5871;20190122;   10;  10.9;   4.5;    3;   0.3;   4;    6.167;   0;   2.9;   3.4;  948.42;   -6.2;   88.42;   -3.4;  -10.8;  -13.1;eor
       5871;20190123;   10;  13.4;   4.7;    3;   0.0;   4;    0.000;   2;   7.9;   3.9;  939.21;   -5.0;   91.63;   -4.1;   -5.6;   -5.5;eor
       5871;20190124;   10;   6.3;   2.2;    3;   0.4;   4;    0.000;   2;   8.0;   3.3;  948.85;   -5.8;   84.04;   -5.0;   -6.3;   -6.9;eor
       5871;20190125;   10;  12.9;   4.5;    3;   0.7;   4;    0.933;   2;   7.6;   4.7;  954.00;   -3.0;   94.92;   -0.8;   -5.6;   -5.4;eor
       5871;20190126;   10;  13.9;   6.9;    3;   0.9;   4;    0.000;   2;   7.8;   6.9;  948.54;    1.8;   98.96;    3.4;   -0.9;   -0.8;eor
       5871;20190127;   10;  14.8;   7.0;    3;   7.1;   4;    0.833;   2;   7.7;   7.0;  931.97;    2.6;   95.25;    4.8;   -0.3;   -0.7;eor
       5871;20190128;   10;  17.5;   7.3;    3;   4.7;   4;    0.000;   2;   7.5;   5.7;  937.71;   -0.3;   95.96;    0.6;   -1.1;   -1.6;eor
       5871;20190129;   10;  11.5;   4.1;    3;   0.0;   4;    0.783;   3;   6.3;   4.9;  944.48;   -1.3;   87.96;    0.1;   -3.0;   -5.4;eor
       5871;20190130;   10;  13.6;   6.4;    3;   5.1;   4;    0.000;   5;   7.2;   4.8;  933.82;   -2.6;   94.54;   -1.0;   -5.1;   -3.9;eor
       5871;20190131;   10;  13.9;   4.4;    3;   0.6;   4;    0.117;  12;   6.8;   4.5;  935.63;   -3.2;   93.33;   -1.8;   -5.8;   -2.1;eor
       5871;20190201;   10;  11.8;   5.7;    3;   5.6;   4;    0.000;  11;   7.8;   5.8;  930.97;   -0.8;   99.67;    1.2;   -2.9;   -1.4;eor
       5871;20190202;   10;   7.8;   2.6;    3;   0.6;   4;    0.000;   8;   7.7;   6.3;  937.62;    0.5;  100.00;    2.0;   -0.9;   -0.2;eor
       5871;20190203;   10;  11.2;   3.9;    3;   0.2;   4;    0.633;   5;   6.6;   5.2;  957.59;   -1.0;   91.25;    0.2;   -3.4;   -2.0;eor
       5871;20190204;   10;  10.3;   3.5;    3;   0.0;   0;    6.167;   6;   4.1;   4.6;  966.71;   -1.3;   83.21;    1.6;   -5.1;   -3.7;eor
       5871;20190205;   10;   7.8;   3.6;    3;   0.0;   0;    0.133;   6;   6.1;   5.0;  966.82;    0.8;   77.04;    3.1;   -1.9;   -2.4;eor
       5871;20190206;   10;   8.1;   3.5;    3;   0.0;   4;    7.150;   4;   1.7;   4.7;  963.89;    0.1;   77.42;    4.3;   -3.4;   -5.0;eor
       5871;20190207;   10;  10.7;   5.3;    3;   1.8;   4;    1.333;   4;   7.3;   6.4;  954.48;    2.3;   87.92;    5.1;   -1.4;   -2.8;eor
       5871;20190208;   10;  20.4;   7.1;    3;   2.2;   4;    0.033;   1;   7.5;   7.2;  954.10;    3.8;   89.67;    5.5;    2.0;    0.0;eor
       5871;20190209;   10;  19.5;   8.5;    3;   4.1;   4;    2.683;   0;   6.4;   7.3;  949.75;    5.3;   82.63;    7.2;    3.7;    2.7;eor
       5871;20190210;   10;  21.6;   9.9;    3;  13.1;   4;    0.000;   0;   7.4;   7.8;  940.86;    4.9;   90.33;    7.2;    1.7;    1.3;eor
       5871;20190211;   10;  14.6;   6.5;    3;   0.3;   4;    2.767;   0;   6.8;   6.0;  958.49;    2.1;   85.46;    4.4;   -0.3;   -1.8;eor
       5871;20190212;   10;   7.4;   3.6;    3;   0.0;   0;    3.033;   0;   4.8;   5.4;  973.21;    0.0;   89.29;    3.2;   -2.2;   -4.1;eor
       5871;20190213;   10;   5.9;   2.2;    3;   0.0;   0;    6.350;   0;   4.2;   5.5;  975.45;    0.8;   85.79;    5.6;   -3.3;   -4.6;eor
       5871;20190214;   10;  10.0;   4.9;    3;   0.0;   0;    9.683;   0;   1.0;   4.9;  974.95;    3.9;   62.04;   11.0;   -2.4;   -5.7;eor
       5871;20190215;   10;  12.5;   6.6;    3;   0.0;   0;    9.817;   0;   1.0;   5.5;  971.58;    6.0;   60.25;   11.8;    1.8;   -0.2;eor
       5871;20190216;   10;   8.8;   3.5;    3;   0.0;   0;    9.733;   0;   0.0;   6.4;  967.37;    6.9;   65.58;   13.7;    0.7;   -3.6;eor
       5871;20190217;   10;   9.1;   3.6;    3;   0.0;   0;    9.900;   0;   0.8;   5.8;  963.67;    7.7;   57.83;   14.6;    1.0;   -4.0;eor
       5871;20190218;   10;   9.9;   3.6;    3;   0.0;   4;    9.633;   0;   0.2;   5.4;  959.94;    7.5;   53.46;   14.4;    2.0;   -4.3;eor
       5871;20190219;   10;   9.7;   3.9;    3;   1.4;   4;    4.633;   0;   4.7;   6.8;  960.28;    4.9;   78.58;    7.9;    1.1;   -1.6;eor
       5871;20190220;   10;   9.7;   3.2;    3;   0.0;   0;    7.900;   0;   2.3;   6.9;  964.04;    4.4;   83.13;    8.9;    0.1;   -3.1;eor
       5871;20190221;   10;   8.6;   2.7;    3;   0.1;   4;    2.667;   0;   6.4;   8.3;  967.98;    7.1;   82.13;   10.7;    3.6;    0.8;eor
       5871;20190222;   10;   7.1;   2.7;    3;   0.5;   4;    0.933;   0;   6.3;   9.1;  974.37;    7.3;   88.67;   10.2;    3.8;    0.8;eor
       5871;20190223;   10;  13.4;   5.8;    3;   0.0;   0;    6.117;   0;   2.3;   5.6;  976.70;    2.8;   75.58;    6.6;    0.2;   -1.6;eor
       5871;20190224;   10;  13.7;   5.6;    3;   0.0;   0;   10.100;   0;   0.0;   3.1;  976.57;    4.2;   40.08;   11.2;   -1.6;   -2.7;eor
       5871;20190225;   10;  10.8;   4.8;    3;   0.0;   0;   10.117;   0;   0.3;   4.6;  976.78;    7.5;   43.25;   14.3;    1.3;   -2.1;eor
       5871;20190226;   10;   8.0;   3.6;    3;   0.0;   0;   10.050;   0;   0.2;   6.3;  973.98;   10.4;   50.63;   17.4;    3.5;   -1.3;eor
       5871;20190227;   10;   8.9;   3.3;    3;   0.0;   0;   10.383;   0;   0.0;   6.0;  967.05;   11.5;   45.58;   18.3;    5.2;   -0.5;eor
       5871;20190228;   10;  17.6;   5.6;    3;   2.9;   4;    6.750;   0;   3.4;   8.0;  958.59;    8.9;   70.83;   14.0;    5.9;    3.7;eor
       5871;20190301;   10;  11.0;   4.9;    3;   1.3;   4;    0.000;   0;   7.5;   8.6;  955.82;    5.3;   96.25;    6.7;    3.2;    2.9;eor
       5871;20190302;   10;  15.1;   4.5;    3;   0.2;   4;    0.383;   0;   7.4;   8.3;  956.78;    5.5;   91.79;    8.4;    3.1;    2.8;eor
       5871;20190303;   10;  15.9;   7.6;    3;   1.8;   4;    0.000;   0;   7.5;   8.9;  951.30;    7.6;   85.04;   10.0;    6.3;    5.3;eor
       5871;20190304;   10;  22.1;   8.9;    3;   7.3;   4;    1.150;   0;   6.0;   8.0;  940.73;    5.9;   85.38;   10.2;    1.9;    1.2;eor
       5871;20190305;   10;  15.6;   6.8;    3;   2.0;   4;    0.567;   0;   6.6;   7.0;  949.05;    3.3;   90.17;    5.3;    1.9;    0.7;eor
       5871;20190306;   10;  14.3;   7.2;    3;   1.2;   4;    1.783;   0;   6.5;   8.1;  945.04;    7.2;   81.83;   12.7;    2.7;    2.5;eor
       5871;20190307;   10;  19.9;   8.3;    3;   2.2;   4;    2.950;   0;   6.5;   8.2;  940.70;    6.5;   84.21;    9.6;    4.4;    3.3;eor
       5871;20190308;   10;  18.9;   6.9;    3;   6.3;   4;    0.950;   0;   7.1;   7.2;  953.46;    4.4;   85.92;    6.0;    3.1;    2.7;eor
       5871;20190309;   10;  20.7;   9.3;    3;   3.4;   4;    0.483;   0;   7.0;   8.1;  954.85;    6.9;   82.08;    9.0;    4.2;    3.8;eor
       5871;20190310;   10;  27.3;   9.9;    3;   6.2;   4;    2.317;   0;   6.4;   7.9;  950.75;    6.7;   80.63;   11.5;    0.9;    0.2;eor
       5871;20190311;   10;  17.9;   7.8;    3;   0.2;   4;    0.617;   0;   6.1;   5.3;  959.71;    1.6;   77.33;    4.1;   -0.2;   -1.3;eor
       5871;20190312;   10;  23.1;   8.0;    3;   0.5;   4;    2.983;   0;   6.2;   5.2;  956.49;    3.9;   66.71;    8.2;   -0.7;   -2.2;eor
       5871;20190313;   10;  19.7;   8.6;    3;  10.1;   4;    0.250;   0;   7.3;   6.6;  949.41;    2.7;   88.75;    4.2;    0.4;    0.0;eor
       5871;20190314;   10;  19.3;   8.1;    3;   7.8;   4;    0.000;   0;   6.9;   7.6;  947.12;    4.0;   92.96;    6.3;    2.7;    2.5;eor
       5871;20190315;   10;  19.0;   9.1;    3;  18.1;   6;    0.000;   0;   7.0;   9.9;  949.22;    7.2;   96.58;    9.3;    4.1;    3.2;eor
       5871;20190316;   10;  18.6;   9.4;    3;   0.2;   4;    0.017;   0;   6.3;   9.2;  951.06;    7.3;   89.33;    8.4;    6.4;    4.9;eor
       5871;20190317;   10;  20.3;   8.1;    3;   4.7;   4;    1.550;   0;   6.1;   7.3;  946.86;    4.6;   85.67;    7.4;    1.0;   -0.1;eor
       5871;20190318;   10;  12.5;   4.6;    3;   2.3;   4;    4.083;   0;   6.1;   6.1;  958.38;    2.6;   83.00;    6.0;    0.3;   -1.9;eor
       5871;20190319;   10;   6.5;   1.7;    3;   0.0;   0;   11.683;   0;   0.5;   5.1;  967.52;    3.6;   65.83;    8.0;   -0.4;   -5.9;eor
       5871;20190320;   10;   8.3;   2.3;    3;   0.0;   0;   11.717;   0;   0.8;   5.1;  973.17;    6.3;   55.08;   11.0;    0.8;   -5.3;eor
       5871;20190321;   10;   7.6;   3.2;    3;   0.0;   0;   11.833;   0;   0.2;   5.3;  973.17;    8.0;   51.33;   13.8;    2.5;   -3.0;eor
       5871;20190322;   10;   9.7;   3.8;    3;   0.0;   0;   11.933;   0;   0.3;   6.1;  969.59;   10.1;   51.04;   15.7;    4.3;   -1.8;eor
       5871;20190323;   10;   9.1;   2.7;    3;   0.0;   0;   10.833;   0;   0.3;   7.4;  968.51;    7.1;   74.13;   10.9;    3.3;    0.4;eor
       5871;20190324;   10;   8.9;   2.5;    3;   0.0;   0;    2.333;   0;   4.0;   7.6;  965.57;    5.5;   83.88;   10.5;    2.2;   -0.2;eor
       5871;20190325;   10;  18.1;   4.9;    3;   3.6;   4;    3.600;-999;   5.7;   6.1;  963.17;    2.8;   81.58;    6.8;    0.6;   -1.8;eor
       5871;20190326;   10;   7.7;   2.5;    3;   0.0;   4;    2.350;   0;   7.8;   6.0;  969.91;    3.8;   75.67;    7.3;    2.0;    1.0;eor
       5871;20190327;   10;   7.8;   1.8;    3;   0.0;   0;    5.067;   0;   3.3;   6.1;  972.07;    4.5;   73.63;    8.3;    1.9;   -4.3;eor
       5871;20190328;   10;   7.8;   3.4;    3;   0.0;   0;    8.067;   0;   1.5;   7.3;  973.43;    6.8;   74.54;   12.1;    1.6;   -1.9;eor
       5871;20190329;   10;  10.8;   4.2;    3;   0.0;   0;   11.850;   0;   0.6;   8.1;  969.77;    8.7;   73.38;   13.6;    3.5;    1.1;eor
       5871;20190330;   10;  12.2;   3.7;    3;   0.0;   0;   10.650;   0;   1.4;   7.2;  963.45;   11.4;   55.88;   17.5;    3.9;   -0.1;eor
       5871;20190331;   10;  12.5;   3.8;    3;   2.9;   4;    6.783;   0;   2.9;   7.9;  961.78;   10.5;   63.63;   16.8;    4.2;    1.1;eor
       5871;20190401;   10;   8.0;   4.4;    3;   0.0;   0;   11.917;   0;   0.0;   7.6;  959.63;    8.2;   71.00;   14.5;    1.9;    0.2;eor
       5871;20190402;   10;  14.6;   6.0;    3;   0.6;   4;    4.533;-999;   4.7;   8.5;  949.70;    9.3;   72.25;   15.5;    5.7;    4.2;eor
       5871;20190403;   10;  12.4;   4.5;    3;   4.4;   4;    0.000;   0;   6.2;   7.7;  943.52;    4.8;   88.96;    7.5;    2.7;    2.1;eor
       5871;20190404;   10;  10.5;   2.0;    3;   3.8;   4;    0.000;   0;   5.5;   7.0;  941.87;    2.8;   93.38;    3.7;    1.7;   -1.2;eor
       5871;20190405;   10;   8.7;   2.5;    3;   0.1;   4;    1.900;   0;   7.6;   7.7;  945.89;    4.1;   93.46;    6.5;    2.1;    0.8;eor
       5871;20190406;   10;  14.2;   3.5;    3;   0.0;   4;    5.867;   0;   5.6;   8.5;  945.46;    7.8;   81.38;   11.9;    3.4;    2.9;eor
       5871;20190407;   10;   9.5;   3.3;    3;   0.0;   0;    9.650;   0;   3.1;   9.1;  946.44;   11.2;   69.88;   16.0;    7.1;    2.5;eor
       5871;20190408;   10;   4.8;   2.2;    3;   0.0;   4;    0.933;   0;   6.7;  10.6;  950.73;    9.5;   90.13;   13.8;    7.5;    6.2;eor
       5871;20190409;   10;   8.5;   1.9;    3;  16.1;   4;    0.283;   0;   6.5;  11.0;  951.31;    8.8;   97.21;   12.1;    6.6;    5.4;eor
       5871;20190410;   10;   9.9;   3.5;    3;   0.0;   4;    6.000;   0;   4.3;   7.5;  953.58;    7.2;   74.71;   12.4;    3.0;   -0.5;eor
       5871;20190411;   10;  11.6;   4.6;    3;   0.0;   0;   12.933;   0;   0.3;   4.6;  959.78;    4.3;   56.54;    8.8;   -0.5;   -3.3;eor
       5871;20190412;   10;   9.3;   3.6;    3;   0.0;   0;    1.767;   0;   5.9;   4.2;  961.80;    1.3;   62.46;    3.9;   -2.2;   -5.1;eor
       5871;20190413;   10;  10.1;   3.2;    3;   0.5;   4;    4.567;   0;   5.4;   4.6;  961.07;   -0.3;   77.46;    4.9;   -2.6;   -4.9;eor
       5871;20190414;   10;  11.2;   3.7;    3;   0.0;   4;    5.600;   1;   4.6;   5.5;  961.72;    2.4;   77.96;    8.6;   -2.5;   -3.5;eor
       5871;20190415;   10;  12.1;   4.6;    3;   0.0;   0;    9.283;   0;   3.0;   6.9;  961.87;    7.6;   68.38;   14.1;    0.5;   -1.2;eor
       5871;20190416;   10;  14.2;   5.3;    3;   3.9;   4;    6.383;   0;   3.5;   7.8;  958.25;    8.8;   69.08;   14.6;    2.8;   -1.1;eor
       5871;20190417;   10;   9.8;   4.3;    3;   0.0;   0;    1.417;   0;   5.5;  10.0;  962.05;   10.2;   81.25;   14.8;    7.4;    5.3;eor
       5871;20190418;   10;  11.7;   5.5;    3;   0.0;   0;   13.133;   0;   0.4;   7.5;  964.49;   12.8;   51.21;   17.8;    6.7;    3.5;eor
       5871;20190419;   10;  10.8;   4.8;    3;   0.0;   0;   13.550;   0;   0.0;   7.1;  967.71;   14.9;   43.04;   20.5;    8.4;    2.9;eor
       5871;20190420;   10;   9.5;   3.8;    3;   0.0;   0;   13.533;   0;   0.0;   6.9;  967.88;   16.0;   38.88;   21.0;    9.4;    2.8;eor
       5871;20190421;   10;  10.3;   4.0;    3;   0.0;   0;   13.633;   0;   0.0;   6.4;  960.73;   15.9;   37.13;   21.1;   10.2;    3.5;eor
       5871;20190422;   10;  13.7;   5.4;    3;   0.0;   0;   12.483;   0;   0.7;   6.6;  950.16;   15.4;   39.21;   21.0;    8.5;    2.7;eor
       5871;20190423;   10;  13.3;   6.2;    3;   0.0;   4;    7.283;   0;   3.2;   8.7;  941.49;   13.0;   57.38;   17.0;    9.4;    6.4;eor
       5871;20190424;   10;  19.6;   6.2;    3;  16.1;   4;    3.967;   0;   4.6;  10.1;  944.90;   12.9;   70.33;   21.2;    6.3;    5.1;eor
       5871;20190425;   10;  14.8;   6.6;    3;   1.2;   4;    2.617;   0;   5.6;   9.5;  949.86;    9.8;   78.92;   17.4;    4.9;    4.0;eor
       5871;20190426;   10;   9.9;   3.9;    3;   0.2;   4;    2.950;   0;   7.1;   9.1;  955.11;    8.3;   83.54;   13.0;    6.1;    5.2;eor
       5871;20190427;   10;  16.2;   5.6;    3;   6.5;   4;    1.400;   0;   6.2;   8.6;  955.61;    6.3;   89.71;    9.5;    2.9;    1.4;eor
       5871;20190428;   10;  12.6;   4.2;    3;   0.5;   4;    3.833;   0;   4.6;   7.4;  959.53;    5.0;   85.67;    9.8;    2.0;   -0.6;eor
       5871;20190429;-999;-999;-999;    3;   0.0;   4;    6.100;   0;   3.9;   8.1;  963.03;    7.4;   80.00;   12.3;    2.6;   -1.9;eor
       5871;20190430;-999;-999;-999;    3;   0.0;   0;   10.033;   0;   3.4;   8.8;  961.13;   10.1;   73.25;   15.0;    6.2;    2.8;eor
       5871;20190501;   10;-999;-999;    3;   0.0;   0;   12.067;-999;   2.4;   9.2;  957.10;   11.4;   71.42;   18.0;    5.8;    0.5;eor
       5871;20190502;   10;-999;-999;    3;   0.0;   4;    9.667;-999;   3.6;   9.0;  951.96;   10.0;   75.33;   15.9;    5.4;    2.9;eor
       5871;20190503;   10;-999;-999;    3;   6.5;   4;    1.900;-999;   7.6;   7.9;  952.45;    7.9;   74.96;   12.0;    5.8;    3.5;eor
       5871;20190504;   10;-999;-999;    3;   0.7;   4;    3.383;-999;   5.9;   6.6;  950.65;    2.7;   88.96;    6.7;   -0.7;   -1.6;eor
       5871;20190505;   10;-999;-999;    3;   0.3;   4;    5.750;-999;   5.7;   6.3;  958.97;    3.1;   82.50;    8.9;   -1.2;   -4.5;eor
       5871;20190506;   10;-999;-999;    3;   0.0;   4;    6.300;-999;   5.5;   6.2;  961.02;    4.9;   72.75;    9.7;   -0.1;   -2.0;eor
       5871;20190507;   10;-999;-999;    3;   0.0;   4;    4.083;-999;   6.5;   6.3;  957.53;    7.0;   63.96;   11.9;    2.9;    0.5;eor
       5871;20190508;   10;  12.1;-999;    3;   4.7;   4;    0.017;-999;   6.3;   9.0;  944.70;    7.2;   87.21;   10.4;    4.6;    3.2;eor
       5871;20190509;   10;  11.8;   4.6;    3;   5.3;   4;    1.083;-999;   6.6;  10.2;  941.98;    8.0;   94.88;   11.8;    5.2;    4.0;eor
       5871;20190510;   10;  10.9;   4.1;    3;  14.9;   4;    9.100;-999;   5.1;   8.5;  951.19;    9.7;   73.08;   14.3;    5.3;    4.1;eor
       5871;20190511;   10;  11.3;   3.5;    3;  14.0;   4;    0.250;-999;   6.8;   9.8;  954.02;    7.1;   97.38;    8.9;    4.4;    2.3;eor
       5871;20190512;   10;  11.0;   3.5;    3;   0.0;   0;    8.017;-999;   3.5;   6.7;  971.22;    5.9;   73.50;   11.1;    2.1;   -0.4;eor
       5871;20190513;   10;  11.8;   4.1;    3;   0.0;   0;   14.817;-999;   0.1;   5.2;  975.23;    7.7;   53.13;   13.7;    1.1;   -1.6;eor
       5871;20190514;   10;  12.1;   4.9;    3;   0.0;   0;   13.300;-999;   0.8;   5.7;  970.31;    8.1;   53.71;   12.6;    2.9;   -1.7;eor
       5871;20190515;   10;  13.0;   4.6;    3;   0.0;   0;   14.983;-999;   0.2;   5.5;  964.39;    8.0;   52.08;   12.6;    3.6;    0.3;eor
       5871;20190516;   10;   8.0;   3.4;    3;   0.0;   4;    6.483;-999;   6.9;   7.3;  956.22;    8.7;   64.83;   14.1;    3.8;    0.4;eor
       5871;20190517;   10;  10.7;   4.4;    3;   0.0;   4;    3.767;-999;   6.7;   9.5;  948.26;   10.1;   77.71;   15.3;    5.7;    5.9;eor
       5871;20190518;   10;   9.8;   2.6;    3;  14.6;   4;    4.883;-999;   6.6;  11.6;  947.63;   12.6;   79.96;   17.3;    8.8;    6.5;eor
       5871;20190519;   10;   7.4;   2.1;    3;   0.3;   4;    5.017;-999;   6.3;  12.3;  946.97;   12.9;   83.58;   18.6;    9.4;    8.4;eor
       5871;20190520;   10;   9.7;   3.7;    3;   7.8;   4;    0.000;-999;   6.2;  12.2;  948.45;   11.1;   91.88;   13.2;    8.7;    7.3;eor
       5871;20190521;   10;   9.5;   4.9;    3;  25.5;   4;    0.000;-999;   7.6;  11.8;  953.80;    9.9;   96.50;   10.4;    8.8;    8.8;eor
       5871;20190522;   10;   7.2;   3.2;    3;   0.0;   0;    8.067;-999;   4.4;   9.9;  960.09;   11.1;   76.96;   15.9;    7.6;    4.3;eor
       5871;20190523;   10;   6.2;   1.7;    3;   0.0;   0;   10.900;-999;   2.8;   9.5;  959.88;   14.2;   59.54;   19.3;    8.7;    2.5;eor
       5871;20190524;   10;   7.3;   2.0;    3;   0.0;   4;   10.317;-999;   6.0;   9.7;  956.82;   16.0;   54.75;   20.8;   10.4;    7.1;eor
       5871;20190525;   10;   7.8;   2.4;    3;   0.0;   4;    7.250;-999;   5.0;   9.3;  957.90;   13.0;   62.04;   17.7;    9.2;    5.3;eor
       5871;20190526;   10;   8.9;   3.3;    3;   0.1;   4;   11.033;-999;   2.7;  10.7;  956.78;   14.0;   68.21;   19.8;    8.2;    6.3;eor
       5871;20190527;   10;  12.3;   3.4;    3;   0.6;   4;    1.967;-999;   6.8;  12.8;  951.65;   12.8;   86.54;   17.7;   11.2;    8.5;eor
       5871;20190528;   10;  12.7;   3.4;    3;   0.5;   4;    5.400;-999;   6.5;  10.3;  950.91;   10.7;   80.67;   15.1;    7.9;    6.7;eor
       5871;20190529;   10;   7.3;   2.5;    3;   0.0;   4;    9.083;-999;   3.9;   8.8;  961.49;   11.5;   67.25;   17.1;    7.2;    5.2;eor
       5871;20190530;   10;   8.6;   3.8;    3;   0.0;   4;    1.183;-999;   6.5;  11.4;  965.77;   13.4;   73.33;   17.6;    7.7;    4.1;eor
       5871;20190531;   10;   7.4;   2.8;    3;   0.0;   0;   12.733;-999;   1.4;  13.1;  966.48;   16.5;   70.92;   21.1;   11.6;    8.1;eor
       5871;20190601;   10;   5.0;   1.5;    3;   0.0;   0;   13.267;-999;   2.6;  14.0;  963.65;   19.7;   61.75;   25.1;   13.2;    8.1;eor
       5871;20190602;   10;  10.5;   4.5;    3;   0.0;   0;   14.883;-999;   0.3;  13.7;  958.28;   21.8;   54.67;   27.6;   13.8;    9.8;eor
       5871;20190603;   10;  13.5;   3.9;    3;   1.3;   4;    9.050;-999;   3.8;  13.6;  956.16;   19.7;   60.00;   25.0;   15.1;   12.8;eor
       5871;20190604;   10;  11.7;   4.3;    3;   0.0;   4;   12.317;-999;   1.5;  14.9;  952.35;   20.4;   63.71;   27.1;   13.1;    8.7;eor
       5871;20190605;   10;  22.6;   3.5;    3;   9.2;   4;   11.367;-999;   3.1;  14.5;  948.94;   20.7;   60.92;   26.0;   14.3;   13.5;eor
       5871;20190606;   10;  13.6;   4.1;    3;   0.0;   4;    3.900;-999;   5.2;  11.1;  954.55;   11.0;   84.63;   14.4;    6.9;    5.8;eor
       5871;20190607;   10;  19.6;   7.0;    3;   0.0;   4;    6.850;-999;   5.2;  10.7;  953.60;   12.3;   75.71;   21.0;    6.0;    5.9;eor
       5871;20190608;   10;  15.4;   6.4;    3;   0.0;   4;    6.267;-999;   5.6;   9.0;  961.88;   12.0;   65.17;   16.2;    8.6;    3.2;eor
       5871;20190609;   10;   7.3;   2.7;    3;   0.0;   0;    9.383;-999;   3.5;  10.7;  962.41;   14.6;   65.25;   18.9;    7.9;    2.1;eor
       5871;20190610;   10;   8.7;   3.2;    3;   2.2;   4;    2.550;-999;   6.5;  13.5;  954.86;   15.6;   76.58;   19.6;   11.4;   11.0;eor
       5871;20190611;   10;   7.8;   2.3;    3;   0.0;   4;    3.783;-999;   6.0;  12.2;  953.27;   13.8;   78.25;   17.7;   10.8;    9.8;eor
       5871;20190612;   10;  11.1;   3.9;    3;  10.1;   4;    6.317;-999;   5.0;  11.8;  952.22;   13.3;   78.33;   17.7;   10.6;    8.7;eor
       5871;20190613;   10;  15.2;   4.9;    3;   0.2;   4;   10.967;-999;   2.2;  10.5;  955.88;   13.6;   68.79;   19.4;    9.0;    5.9;eor
       5871;20190614;   10;  11.8;   4.5;    3;   0.8;   4;    8.533;-999;   4.2;  12.3;  956.11;   17.3;   63.83;   23.2;   12.4;    9.5;eor
       5871;20190615;   10;  12.5;   4.4;    3;   0.1;   4;    9.033;-999;   4.3;  13.9;  956.13;   16.7;   74.38;   21.3;   12.5;   11.3;eor
       5871;20190616;   10;   8.5;   2.8;    3;   0.0;   4;    7.650;-999;   4.8;  11.9;  962.43;   16.1;   65.75;   19.4;   11.9;    6.3;eor
       5871;20190617;   10;   8.4;   2.7;    3;   0.0;   0;   14.450;-999;   1.1;  12.2;  961.52;   18.4;   59.08;   23.1;   11.5;    5.8;eor
       5871;20190618;   10;   8.5;   3.2;    3;   0.0;   0;   11.800;-999;   2.6;  14.2;  956.67;   21.1;   57.54;   26.1;   15.2;   10.0;eor
       5871;20190619;   10;  14.9;   3.7;    3;   0.0;   4;    9.700;-999;   4.0;  15.1;  952.49;   20.8;   62.50;   26.0;   16.1;   11.8;eor
       5871;20190620;   10;   8.8;   3.4;    3;   2.4;   4;    3.367;-999;   5.5;  15.1;  955.28;   15.9;   83.83;   20.9;   13.0;   11.1;eor
       5871;20190621;   10;   7.3;   2.7;    3;   0.0;   0;   12.467;-999;   3.1;  11.2;  960.53;   15.5;   66.29;   20.2;   11.8;    9.8;eor
       5871;20190622;   10;  10.8;   3.5;    3;   0.0;   4;   12.683;-999;   2.0;  13.0;  960.60;   17.1;   67.21;   23.5;    9.4;    7.6;eor
       5871;20190623;   10;  12.2;   4.3;    3;   0.0;   0;   11.217;-999;   1.8;  15.5;  960.40;   20.0;   67.08;   25.5;   13.7;   10.0;eor
       5871;20190624;   10;  11.5;   4.4;    3;   0.0;   0;   15.267;-999;   0.2;  16.8;  961.19;   22.5;   63.42;   28.6;   15.8;   12.2;eor
       5871;20190625;   10;  11.4;   4.8;    3;   0.0;   0;   14.117;-999;   1.2;  16.7;  961.54;   25.3;   53.67;   32.0;   18.1;   16.3;eor
       5871;20190626;   10;   8.6;   2.7;    3;   0.0;   0;   14.733;-999;   0.1;  19.2;  965.34;   26.3;   56.96;   32.1;   20.8;   16.6;eor
       5871;20190627;   10;   8.0;   3.7;    3;   0.0;   0;   15.000;-999;   0.3;  14.2;  966.90;   21.3;   57.92;   26.8;   15.9;   11.0;eor
       5871;20190628;   10;   8.1;   2.8;    3;   0.0;   0;   15.917;-999;   0.0;  11.5;  965.03;   20.4;   50.46;   26.7;   11.8;    9.1;eor
       5871;20190629;   10;   9.4;   4.3;    3;   0.0;   0;   15.900;-999;   0.0;  11.3;  961.22;   22.7;   43.13;   29.8;   14.6;    9.9;eor
       5871;20190630;   10;  11.6;   3.9;    3;   0.1;   4;   14.267;-999;   0.9;  16.6;  957.88;   26.2;   49.75;   33.2;   18.2;   10.6;eor
       5871;20190701;   10;  11.0;   3.3;    3;   0.0;   4;    9.350;-999;   3.3;  14.1;  960.00;   19.6;   62.88;   24.2;   13.3;   10.5;eor
       5871;20190702;   10;   9.0;   2.9;    3;   0.0;   0;   14.500;-999;   0.8;  10.3;  963.20;   15.9;   58.67;   21.9;   10.9;    6.8;eor
       5871;20190703;   10;   9.6;   3.5;    3;   0.0;   0;   15.533;-999;   0.1;   9.3;  964.15;   16.2;   51.25;   21.4;   10.2;    5.2;eor
       5871;20190704;   10;   7.7;   2.8;    3;   0.0;   0;   14.983;-999;   1.0;   8.6;  963.72;   16.7;   47.33;   23.8;    9.0;    6.3;eor
       5871;20190705;   10;  10.5;   2.4;    3;   0.0;   0;   10.050;-999;   5.8;   9.8;  959.54;   19.7;   44.08;   26.6;   13.6;    7.4;eor
       5871;20190706;   10;  11.2;   3.7;    3;   0.0;   4;   10.683;-999;   3.7;  11.1;  954.42;   20.5;   48.67;   28.1;   13.8;    9.3;eor
       5871;20190707;   10;  10.0;   2.8;    3;   2.7;   4;    2.883;-999;   6.6;  11.4;  955.81;   14.3;   71.00;   19.5;   10.3;    7.7;eor
       5871;20190708;   10;   9.2;   2.6;    3;   0.0;   0;    7.717;-999;   4.2;   9.1;  960.09;   12.4;   63.88;   17.6;    8.2;    3.8;eor
       5871;20190709;   10;   9.1;   3.0;    3;   0.0;   0;   11.150;-999;   2.2;   8.7;  961.28;   12.7;   61.17;   18.0;    7.5;    4.5;eor
       5871;20190710;   10;   7.2;   1.8;    3;   0.0;   0;   14.117;-999;   1.5;   7.9;  960.44;   16.6;   44.00;   23.3;    9.0;    2.6;eor
       5871;20190711;   10;   9.0;   3.1;    3;   3.6;   4;    1.433;-999;   6.9;  13.1;  956.48;   15.6;   73.63;   19.3;   13.3;   12.4;eor
       5871;20190712;   10;  14.7;   2.8;    3;   2.7;   4;    5.617;-999;   5.2;  15.0;  954.41;   16.4;   80.67;   23.1;   12.6;   10.8;eor
       5871;20190713;   10;   8.5;   3.1;    3;   0.8;   4;    3.717;-999;   7.2;  13.5;  959.00;   15.1;   79.38;   20.5;   11.8;   11.2;eor
       5871;20190714;   10;   8.0;   3.2;    3;   0.0;   4;    1.983;-999;   7.4;  11.7;  959.96;   13.3;   77.17;   16.7;   10.9;    7.4;eor
       5871;20190715;   10;   7.4;   2.7;    3;   0.0;   0;    2.267;-999;   6.3;  11.1;  960.13;   12.7;   76.00;   16.4;    9.6;    3.0;eor
       5871;20190716;   10;   6.5;   2.1;    3;   0.0;   0;   12.350;-999;   2.0;  11.2;  959.54;   14.4;   70.17;   21.2;    8.4;    2.6;eor
       5871;20190717;   10;   7.9;   2.5;    3;   0.0;   0;   13.950;-999;   0.8;  12.4;  956.63;   16.3;   68.83;   23.1;   10.8;    4.8;eor
       5871;20190718;   10;  10.0;   3.5;    3;   1.7;   4;    6.950;-999;   6.4;  12.5;  955.01;   18.6;   60.88;   25.0;   12.6;   10.0;eor
       5871;20190719;   10;  12.3;   3.7;    3;   0.1;   4;    5.650;-999;   5.5;  15.0;  957.05;   17.8;   74.63;   22.5;   14.0;   11.2;eor
       5871;20190720;   10;  14.6;   4.8;    3;   0.0;   0;    8.667;-999;   2.5;  15.0;  955.74;   21.9;   60.13;   28.9;   13.4;   11.0;eor
       5871;20190721;   10;  12.4;   3.8;    3;   0.0;   0;   10.600;-999;   3.0;  13.7;  962.62;   20.1;   60.04;   25.5;   16.1;   10.7;eor
       5871;20190722;   10;   6.7;   2.0;    3;   0.0;   0;   14.067;-999;   0.7;  13.2;  965.67;   22.1;   51.88;   28.3;   15.2;    8.4;eor
       5871;20190723;   10;   9.7;   3.5;    3;   0.0;   0;   14.950;-999;   0.0;  13.2;  962.94;   25.5;   42.75;   31.8;   18.0;   12.0;eor
       5871;20190724;   10;   8.3;   3.4;    3;   0.0;   0;   14.417;-999;   0.1;  13.0;  958.81;   28.6;   36.08;   35.9;   20.3;   14.6;eor
       5871;20190725;   10;  11.4;   3.5;    3;   0.0;   0;   14.167;-999;   0.1;  13.3;  958.23;   30.1;   33.13;   36.4;   22.3;   16.6;eor
       5871;20190726;   10;  11.6;   3.4;    3;   0.0;   4;    8.767;-999;   3.4;  14.6;  952.70;   27.0;   42.17;   35.5;   22.0;   16.4;eor
       5871;20190727;   10;  11.4;   3.6;    3;   0.2;   4;    0.233;-999;   7.5;  18.6;  946.25;   20.1;   79.50;   22.7;   17.1;   17.2;eor
       5871;20190728;   10;   8.2;   3.2;    3;  33.4;   4;    0.000;-999;   7.8;  18.1;  946.73;   16.0;   98.79;   17.1;   14.6;   14.4;eor
       5871;20190729;   10;   6.0;   2.1;    3;   0.0;   0;   11.883;-999;   3.1;  13.9;  953.88;   18.3;   69.92;   24.2;   12.7;   11.6;eor
       5871;20190730;   10;  12.5;   3.7;    3;   0.0;   0;    9.367;-999;   3.5;  13.6;  955.65;   20.6;   57.29;   26.6;   15.6;   10.3;eor
       5871;20190731;   10;  11.6;   4.5;    3;   0.0;   0;    9.383;-999;   4.0;  11.7;  958.88;   17.6;   58.67;   21.6;   13.8;    9.3;eor
       5871;20190801;    3;   9.3;   2.7;    3;   0.0;   0;    9.083;-999;   3.8;  11.7;  959.69;   17.6;   58.83;   22.8;   12.0;    8.4;eor
       5871;20190802;    3;  12.9;   3.2;    3;   0.0;   0;    6.683;-999;   4.8;  13.4;  957.50;   18.7;   63.58;   23.6;   14.6;   10.1;eor
       5871;20190803;    3;   8.4;   3.6;    3;   0.0;   0;    4.417;-999;   4.3;  13.9;  958.73;   16.6;   74.71;   21.9;   13.2;    9.3;eor
       5871;20190804;    3;   7.3;   2.5;    3;   0.0;   0;   11.150;-999;   2.1;  13.3;  957.94;   19.5;   61.42;   26.3;   12.4;    8.0;eor
       5871;20190805;    3;  10.1;   3.7;    3;   0.1;   4;    5.917;-999;   6.2;  13.4;  954.79;   21.4;   52.88;   26.2;   17.7;   14.0;eor
       5871;20190806;    3;   9.5;   2.8;    3;  11.6;   4;    1.583;-999;   6.5;  16.6;  953.98;   17.9;   81.71;   22.3;   14.8;   13.1;eor
       5871;20190807;    3;  10.0;   3.1;    3;  10.2;   4;    1.733;-999;   6.1;  15.8;  952.08;   16.2;   85.83;   19.9;   13.1;   12.2;eor
       5871;20190808;    3;   8.3;   2.9;    3;   0.0;   0;    8.700;-999;   4.0;  13.7;  955.11;   18.7;   65.79;   23.6;   12.8;   11.3;eor
       5871;20190809;    3;  12.5;   4.4;    3;   6.9;   4;    1.983;-999;   5.6;  18.1;  952.68;   19.3;   80.92;   25.4;   13.8;   12.0;eor
       5871;20190810;    3;  16.2;   6.1;    3;   0.0;   0;    7.750;-999;   4.6;  14.2;  956.38;   18.5;   67.54;   22.9;   15.7;   10.7;eor
       5871;20190811;    3;   9.2;   3.5;    3;   1.2;   4;    5.183;-999;   5.2;  12.0;  958.38;   15.5;   69.13;   21.5;   11.4;   10.0;eor
       5871;20190812;    3;  16.0;   3.5;    3;   7.7;   4;    6.650;-999;   4.3;  12.9;  958.36;   13.9;   82.21;   20.4;   10.6;    8.5;eor
       5871;20190813;    3;  10.0;   4.1;    3;   0.0;   4;    8.650;-999;   6.2;  11.1;  960.14;   13.4;   73.88;   18.5;   10.5;    9.6;eor
       5871;20190814;    3;   9.9;   3.1;    3;   0.4;   4;    8.300;-999;   4.0;  11.5;  959.65;   14.6;   70.17;   19.6;    9.3;    7.0;eor
       5871;20190815;    3;  14.2;   5.0;    3;   9.8;   4;    2.183;-999;   6.7;  14.3;  955.75;   14.9;   84.58;   19.0;   12.6;   12.3;eor
       5871;20190816;    3;   9.0;   3.6;    3;   0.0;   0;    9.250;-999;   5.3;  13.1;  958.82;   15.5;   75.79;   20.2;   11.1;    9.7;eor
       5871;20190817;    3;  12.4;   4.6;    3;   7.3;   4;    0.000;-999;   7.0;  15.2;  953.64;   16.0;   83.50;   18.0;   14.2;   13.6;eor
       5871;20190818;    3;  17.2;   5.6;    3;   0.0;   0;    3.150;-999;   6.5;  17.7;  951.42;   18.2;   84.96;   23.5;   14.0;   13.0;eor
       5871;20190819;    3;  10.4;   3.5;    3;   0.0;   0;   11.167;-999;   2.5;  12.7;  959.34;   16.2;   70.58;   20.7;   12.0;    8.9;eor
       5871;20190820;    3;   6.1;   1.9;    3;   0.0;   0;    2.317;-999;   3.2;  11.4;  964.99;   14.3;   70.67;   17.4;   11.2;    6.1;eor
       5871;20190821;    3;   7.0;   2.1;    3;   0.0;   0;   12.533;-999;   0.6;  10.7;  968.58;   16.1;   60.96;   21.5;   11.3;    5.5;eor
       5871;20190822;    3;   8.0;   2.5;    3;   0.0;   0;   13.483;-999;   0.1;  10.5;  967.27;   18.0;   51.96;   23.6;   11.9;    4.3;eor
       5871;20190823;    3;   8.3;   3.0;    3;   0.0;   0;   13.317;-999;   0.1;  10.6;  966.24;   20.2;   46.04;   25.1;   14.6;    6.7;eor
       5871;20190824;    3;  12.3;   3.1;    3;   0.0;   0;   13.350;-999;   0.0;  11.7;  962.82;   21.3;   47.04;   26.7;   15.0;    7.6;eor
       5871;20190825;    3;   5.2;   1.8;    3;   0.0;   0;    9.250;-999;   1.6;  16.0;  961.33;   23.0;   56.54;   27.5;   18.7;   11.0;eor
       5871;20190826;    3;   7.8;   2.2;    3;   0.0;   0;    8.700;-999;   0.5;  16.7;  960.60;   24.2;   55.96;   29.0;   19.3;   12.9;eor
       5871;20190827;    3;  14.6;   3.0;    3;   2.3;   4;    9.167;-999;   1.6;  17.0;  958.78;   24.0;   58.21;   29.4;   18.1;   13.2;eor
       5871;20190828;    3;   8.3;   2.5;    3;   0.1;   4;    6.350;-999;   5.6;  15.7;  958.33;   23.4;   54.63;   27.6;   18.5;   14.7;eor
       5871;20190829;    3;  10.3;   2.8;    3;   0.7;   4;   10.850;-999;   2.1;  16.7;  961.20;   21.4;   65.75;   26.0;   16.0;   14.1;eor
       5871;20190830;    3;   5.7;   1.7;    3;   0.0;   0;   12.583;-999;   0.1;  14.4;  963.82;   19.6;   65.75;   25.3;   13.9;   11.0;eor
       5871;20190831;    3;  14.6;   3.9;    3;   5.1;   4;   10.733;-999;   1.8;  14.9;  956.78;   22.9;   54.67;   29.7;   16.5;   12.3;eor
       5871;20190901;    3;   8.3;   3.3;    3;   0.0;   0;    4.200;-999;   4.9;  13.6;  957.20;   15.5;   76.79;   18.6;   11.5;    8.4;eor
       5871;20190902;    3;   7.2;   2.1;    3;   0.0;   0;   10.467;-999;   1.8;   9.1;  964.33;   13.9;   59.08;   18.8;    8.7;    6.4;eor
       5871;20190903;    3;   8.8;   2.8;    3;   0.0;   0;   12.633;-999;   0.6;   9.8;  965.36;   15.4;   56.29;   20.9;    9.5;    4.9;eor
       5871;20190904;    3;  12.6;   4.0;    3;   0.5;   4;   11.183;-999;   2.4;  12.3;  959.16;   16.2;   68.63;   21.9;   11.2;    6.9;eor
       5871;20190905;    3;   9.9;   4.3;    3;   0.0;   4;    4.917;-999;   5.8;  10.6;  961.83;   12.0;   76.54;   17.5;    7.9;    5.0;eor
       5871;20190906;    3;   6.2;   2.0;    3;   0.6;   4;   11.433;-999;   2.0;   8.7;  964.38;   12.0;   64.88;   17.4;    6.1;    2.0;eor
       5871;20190907;    3;   7.6;   2.5;    3;   9.4;   4;    0.383;-999;   7.4;  11.0;  960.24;   10.4;   87.04;   13.9;    8.7;    8.3;eor
       5871;20190908;    3;   8.0;   2.4;    3;   6.0;   4;    2.567;-999;   7.1;  11.5;  959.01;   10.1;   92.83;   14.0;    7.7;    7.2;eor
       5871;20190909;    3;   6.6;   2.7;    3;   0.0;   4;    3.900;-999;   6.0;   9.8;  956.96;   10.6;   78.38;   15.5;    7.4;    4.3;eor
       5871;20190910;    3;   7.3;   2.1;    3;   0.0;   0;   12.300;-999;   0.1;   8.5;  959.27;   12.7;   59.46;   17.7;    7.3;    1.9;eor
       5871;20190911;    3;  10.2;   3.4;    3;   0.2;   4;    6.350;-999;   3.8;   9.8;  964.83;   14.6;   58.75;   18.2;    9.8;    3.5;eor
       5871;20190912;    3;   9.3;   4.0;    3;   0.3;   4;    4.133;-999;   5.9;  14.7;  970.32;   16.2;   80.21;   20.5;   12.8;   12.0;eor
       5871;20190913;    3;   7.9;   3.0;    3;   0.0;   4;    2.333;-999;   6.2;  15.2;  972.97;   15.8;   84.96;   20.7;   13.3;   10.6;eor
       5871;20190914;    3;   8.6;   3.1;    3;   0.0;   0;   11.833;-999;   0.8;  12.2;  971.71;   15.3;   71.83;   21.1;    9.8;    6.6;eor
       5871;20190915;    3;   6.8;   2.7;    3;   0.0;   4;   12.183;-999;   0.0;  11.6;  965.45;   17.5;   58.88;   23.2;   12.4;    6.4;eor
       5871;20190916;    3;   8.6;   2.5;    3;   0.0;   4;    1.450;-999;   6.1;  11.8;  961.83;   16.0;   66.00;   19.9;   11.4;    6.4;eor
       5871;20190917;    3;  10.4;   3.4;    3;   0.0;   0;    8.883;-999;   3.3;  10.3;  962.33;   12.7;   71.08;   17.5;    7.1;    5.4;eor
       5871;20190918;    3;   8.5;   3.3;    3;   0.0;   0;   10.867;-999;   1.0;   8.0;  966.45;    9.3;   69.33;   14.7;    4.5;    0.8;eor
       5871;20190919;    3;  12.4;   3.5;    3;   0.0;   0;   11.600;-999;   0.3;   7.3;  969.24;    9.2;   64.75;   14.1;    4.1;    1.1;eor
       5871;20190920;    3;  10.3;   4.8;    3;   0.0;   0;   11.200;-999;   0.0;   6.6;  967.58;   10.4;   54.42;   16.4;    4.5;    1.4;eor
       5871;20190921;    3;  12.8;   5.9;    3;   0.0;   0;   11.917;-999;   0.0;   7.2;  960.10;   13.4;   48.17;   20.2;    7.6;    5.7;eor
       5871;20190922;    3;  12.8;   5.4;    3;   6.2;   4;    5.583;-999;   4.9;  11.2;  953.13;   16.2;   60.33;   22.8;   11.2;    9.5;eor
       5871;20190923;    3;   9.9;   4.1;    3;   0.2;   4;    2.150;-999;   6.9;  13.3;  957.05;   13.1;   88.04;   15.6;   11.3;    9.6;eor
       5871;20190924;    3;   9.8;   4.4;    3;   6.7;   4;    1.150;-999;   5.2;  12.4;  953.17;   11.8;   89.33;   14.9;    8.3;    5.1;eor
       5871;20190925;    3;  14.3;   4.5;    3;   1.4;   4;    0.467;-999;   7.5;  13.4;  950.00;   12.5;   92.04;   14.2;   11.1;   10.5;eor
       5871;20190926;    3;  12.1;   4.7;    3;  11.9;   4;    0.033;-999;   7.5;  14.9;  953.02;   14.1;   92.42;   16.4;   12.3;   11.3;eor
       5871;20190927;    3;  11.1;   4.7;    3;   2.4;   4;    1.100;-999;   7.0;  13.7;  953.21;   13.0;   91.46;   15.0;   11.4;   10.2;eor
       5871;20190928;    3;  14.7;   6.1;    3;   0.3;   4;    1.067;-999;   6.9;  12.1;  956.02;   12.5;   83.63;   14.1;   11.1;    9.7;eor
       5871;20190929;    3;  21.0;   7.7;    3;   5.6;   4;    1.850;-999;   7.3;  12.8;  947.93;   13.6;   81.79;   15.9;   11.6;   10.9;eor
       5871;20190930;    3;  18.5;   7.1;    3;   0.8;   4;    4.467;-999;   6.0;  11.6;  952.67;   11.9;   83.54;   15.3;    9.3;    7.7;eor
       5871;20191001;    3;  12.8;   5.7;    3;   5.6;   4;    0.217;-999;   7.2;  14.0;  946.81;   13.6;   90.04;   16.7;   10.8;    9.3;eor
       5871;20191002;    3;  10.9;   4.9;    3;   2.3;   4;    3.283;   0;   5.2;   9.8;  951.37;    9.0;   84.08;   13.5;    4.4;    3.0;eor
       5871;20191003;    3;   9.2;   3.8;    3;   0.1;   4;    1.650;   0;   7.3;   8.6;  958.92;    7.3;   84.54;   10.7;    4.7;    3.9;eor
       5871;20191004;    3;  13.0;   5.5;    3;   5.0;   4;    0.500;   0;   7.4;  10.1;  949.52;    8.4;   90.88;   12.4;    5.4;    4.9;eor
       5871;20191005;    3;  10.8;   3.4;    3;   0.2;   4;    0.067;   0;   7.9;   9.4;  955.29;    7.8;   88.38;    9.8;    5.6;    4.6;eor
       5871;20191006;    3;  13.9;   5.7;    3;  11.3;   4;    0.000;   0;   7.5;   9.4;  954.23;    6.1;   98.96;    7.1;    5.1;    4.6;eor
       5871;20191007;    3;   7.9;   3.9;    3;   2.1;   4;    0.000;   0;   7.6;  10.4;  957.67;    7.9;   97.67;    9.7;    6.0;    6.4;eor
       5871;20191008;    3;  12.6;   5.6;    3;  18.0;   4;    0.000;   0;   7.5;  12.4;  952.05;   10.5;   96.75;   12.1;    9.0;    8.8;eor
       5871;20191009;    3;  14.3;   6.1;    3;  10.1;   4;    1.850;   0;   6.7;  10.7;  951.56;    9.1;   92.17;   11.5;    7.1;    6.3;eor
       5871;20191010;    3;  14.2;   6.1;    3;   0.2;   4;    3.583;   0;   5.9;  10.0;  956.00;    9.1;   86.54;   13.0;    6.6;    6.2;eor
       5871;20191011;    3;  13.5;   5.3;    3;   0.0;   0;    2.333;   0;   4.6;  11.5;  957.34;   11.4;   85.21;   14.7;    6.5;    3.8;eor
       5871;20191012;    3;  11.3;   5.3;    3;   0.0;   4;    6.733;   0;   2.8;  12.9;  954.74;   14.9;   75.88;   19.2;   11.8;   10.0;eor
       5871;20191013;    3;  11.0;   5.2;    3;   0.0;   4;    6.667;   0;   1.5;  14.8;  954.59;   17.6;   73.96;   21.4;   13.7;   12.5;eor
       5871;20191014;    3;  11.1;   4.4;    3;   0.0;   0;    9.733;   0;   2.6;  13.2;  954.09;   16.9;   69.25;   22.0;   11.5;    9.7;eor
       5871;20191015;    3;  12.0;   4.3;    3;   2.6;   4;    0.600;   0;   5.3;  13.1;  950.00;   12.8;   89.29;   17.2;    9.4;    9.0;eor
       5871;20191016;    3;  15.2;   6.0;    3;   1.0;   4;    0.050;   0;   7.6;  11.0;  953.39;   11.0;   83.83;   13.8;    8.2;    7.0;eor
       5871;20191017;    3;  12.1;   5.1;    3;   2.8;   4;    0.000;   0;   7.7;  12.8;  953.71;   12.3;   89.04;   13.9;   10.4;    9.3;eor
       5871;20191018;    3;  17.9;   5.5;    3;   1.2;   4;    3.683;   0;   5.2;  10.8;  951.67;   10.6;   84.21;   14.6;    6.6;    4.6;eor
       5871;20191019;    3;  12.7;   4.9;    3;   6.4;   4;    1.217;-999;   7.0;  11.8;  949.34;   10.6;   91.79;   14.2;    7.2;    6.5;eor
       5871;20191020;    3;  11.8;   4.1;    3;   4.6;   4;    0.000;-999;   7.5;  13.8;  949.61;   12.3;   96.38;   15.0;   10.6;   10.3;eor
       5871;20191021;    3;  10.7;   3.6;    3;   0.0;   4;    1.383;-999;   7.0;  11.7;  958.86;   11.6;   85.33;   14.3;    8.4;    7.2;eor
       5871;20191022;    3;   6.3;   2.3;    3;   0.0;   4;    4.833;-999;   3.9;  10.1;  964.24;    9.9;   83.25;   13.9;    7.1;    3.4;eor
       5871;20191023;    1;  15.8;   6.8;    1;   0.0;   4;    0.000;   0;   5.8;  11.7;  955.91;    9.3;   99.42;   10.9;    6.7;    5.9;eor
       5871;20191024;    1;   9.9;   4.0;    1;   0.0;   4;    6.150;   0;   4.3;  12.2;  952.74;   12.9;   83.25;   17.9;    9.2;    8.3;eor
       5871;20191025;    1;  10.9;   4.4;    1;   0.0;   0;    5.683;   0;   5.1;  11.1;  961.42;   11.8;   80.83;   14.1;    9.3;    6.7;eor
       5871;20191026;    1;  14.2;   5.2;    1;   0.0;   0;    7.683;   0;   2.4;  11.0;  959.31;   13.2;   73.63;   18.2;    8.2;    7.2;eor
       5871;20191027;    1;  11.7;   3.7;    1;   5.6;   4;    0.000;   0;   6.8;   9.8;  960.67;    8.5;   88.42;   15.4;    2.4;    0.7;eor
       5871;20191028;    1;   7.5;   2.8;    1;   0.0;   0;    5.233;   0;   4.5;   7.5;  962.81;    3.5;   95.21;    7.6;    0.4;   -1.7;eor
       5871;20191029;    1;   8.0;   3.9;    1;   0.0;   0;    3.017;   0;   4.1;   7.5;  963.20;    4.2;   90.25;    7.4;    2.2;    0.1;eor
       5871;20191030;    1;   9.0;   4.5;    1;   0.0;   0;    2.400;   0;   3.9;   6.2;  964.78;    2.9;   82.88;    5.7;   -0.1;   -1.7;eor
       5871;20191031;    1;  13.4;   5.7;    1;   0.0;   4;    9.217;   0;   1.1;   5.8;  960.99;    2.1;   81.88;    6.4;   -1.6;   -2.4;eor
       5871;20191101;    1;  12.5;   6.5;    1;   3.1;   4;    0.000;   0;   7.1;   8.5;  949.77;    4.8;   95.96;   11.5;    0.8;   -0.3;eor
       5871;20191102;    1;  18.4;   7.1;    1;   4.5;   4;    2.617;   0;   6.5;  11.8;  936.31;   11.1;   89.04;   13.7;    7.5;    6.7;eor
       5871;20191103;    1;  18.7;   5.0;    1;   3.5;   4;    0.083;   0;   7.4;  11.0;  929.78;    9.1;   94.58;   11.1;    7.4;    7.1;eor
       5871;20191104;    1;  12.7;   5.2;    1;   2.4;   4;    0.650;   0;   6.8;   9.8;  933.16;    8.0;   91.29;    9.6;    6.7;    5.2;eor
       5871;20191105;    1;  10.8;   3.4;    1;   2.0;   4;    2.100;   0;   7.0;   8.8;  938.85;    7.1;   87.54;   10.0;    4.7;    3.2;eor
       5871;20191106;    1;   8.5;   3.4;    1;   0.4;   4;    0.817;   0;   7.3;   9.2;  943.71;    6.6;   94.67;    8.0;    5.4;    4.9;eor
       5871;20191107;    1;  15.2;   5.1;    1;   1.2;   4;    0.050;   0;   5.2;   8.3;  942.13;    5.5;   91.17;    7.5;    1.5;   -0.4;eor
       5871;20191108;    1;   8.7;   3.0;    1;   0.0;   4;    0.217;   0;   6.5;   7.6;  946.74;    3.4;   97.42;    6.3;    1.0;   -1.1;eor
       5871;20191109;    1;   8.0;   3.0;    1;   1.2;   4;    0.000;   0;   6.7;   7.0;  949.74;    2.2;   97.13;    3.9;   -1.7;   -3.4;eor
       5871;20191110;    1;  10.6;   4.1;    1;   0.0;   0;    0.500;   0;   7.8;   6.5;  952.38;    0.8;   99.46;    3.4;   -1.4;   -1.5;eor
       5871;20191111;    1;  12.9;   5.4;    1;   0.5;   4;    0.167;   0;   7.6;   6.6;  949.15;    1.6;   96.08;    4.1;   -0.4;   -0.3;eor
       5871;20191112;    1;  15.1;   5.6;    1;   0.8;   4;    0.400;   0;   6.1;   6.6;  944.53;    2.4;   90.29;    4.9;    0.2;   -1.2;eor
       5871;20191113;    1;   7.9;   3.6;    1;   0.0;   4;    0.017;   0;   7.5;   6.6;  943.65;    2.0;   93.00;    3.5;    0.2;   -1.2;eor
       5871;20191114;    1;  11.2;   4.4;    1;   0.0;   4;    1.867;   0;   6.6;   6.4;  942.38;    2.8;   85.38;    4.8;    1.1;   -0.2;eor
       5871;20191115;    1;  11.7;   3.7;    1;   0.0;   0;    0.283;   0;   7.1;   6.1;  941.05;    2.4;   83.75;    4.9;    1.0;   -1.5;eor
       5871;20191116;    1;   8.2;   2.8;    1;   0.0;   0;    4.233;   0;   3.4;   6.1;  949.12;    1.8;   88.17;    6.1;   -1.7;   -5.4;eor
       5871;20191117;    1;  11.8;   3.9;    1;  10.1;   4;    0.000;   0;   7.6;   6.6;  948.42;    1.1;   99.08;    3.0;   -2.0;   -3.7;eor
       5871;20191118;    1;  10.2;   3.5;    1;   7.8;   4;    0.000;   0;   7.5;   6.5;  947.94;    1.0;   98.92;    1.7;    0.0;    0.0;eor
       5871;20191119;    1;   7.5;   2.7;    1;   0.0;   4;    2.700;   0;   5.5;   6.4;  956.86;    1.7;   92.83;    3.3;   -0.9;   -4.5;eor
       5871;20191120;    1;   8.5;   2.6;    1;   0.0;   0;    1.417;   0;   6.4;   5.7;  955.95;    0.1;   92.29;    2.1;   -1.8;   -5.6;eor
       5871;20191121;    1;  12.5;   6.3;    1;   0.8;   4;    0.000;   0;   8.0;   6.1;  949.35;    0.1;   99.54;    1.4;   -1.3;   -1.0;eor
       5871;20191122;    1;  15.8;   7.1;    1;   0.0;   4;    0.000;   0;   7.7;   6.8;  946.56;    1.5;   99.96;    2.3;    0.0;   -0.1;eor
       5871;20191123;    1;  12.8;   5.9;    1;   0.0;   0;    1.183;   0;   5.2;   7.2;  940.02;    3.9;   89.88;    6.6;    1.2;    0.3;eor
       5871;20191124;    1;   7.8;   2.7;    1;   0.0;   0;    4.250;   0;   2.4;   7.8;  947.50;    5.5;   86.38;    9.0;    2.3;   -0.4;eor
       5871;20191125;    1;   7.4;   2.2;    1;   0.0;   4;    0.000;   0;   7.7;   8.8;  950.49;    5.7;   96.63;    7.5;    3.3;    2.7;eor
       5871;20191126;    1;   9.7;   4.3;    1;   1.0;   4;    0.000;   0;   7.7;   9.6;  946.69;    6.9;   96.13;    8.4;    4.5;    3.8;eor
       5871;20191127;    1;  17.9;   7.5;    1;   2.2;   4;    0.983;   0;   7.3;   9.6;  935.95;    8.0;   89.29;    9.8;    6.0;    5.7;eor
       5871;20191128;    1;  18.5;   8.4;    1;   9.3;   4;    0.667;   0;   7.5;   9.0;  937.63;    7.5;   87.17;    8.6;    6.7;    5.5;eor
       5871;20191129;    1;  10.3;   4.0;    1;   1.6;   4;    1.983;   0;   6.2;   7.2;  951.07;    3.6;   90.46;    6.7;    0.3;   -1.1;eor
       5871;20191130;    1;   9.3;   2.7;    1;   0.0;   0;    6.367;   0;   1.8;   5.8;  961.93;    0.8;   90.04;    3.3;   -1.0;   -4.6;eor
       5871;20191201;    1;  12.2;   4.7;    1;   0.0;   4;    0.000;   0;   6.6;   4.8;  957.60;   -0.3;   80.46;    0.6;   -1.6;   -2.9;eor
       5871;20191202;    1;   6.1;   2.3;    1;   0.6;   4;    2.483;   0;   5.3;   5.4;  965.05;   -0.5;   90.25;    2.0;   -3.4;   -6.6;eor
       5871;20191203;    1;   8.1;   1.9;    1;   0.0;   4;    0.000;   0;   7.9;   7.0;  967.46;    2.4;   96.21;    4.2;    1.0;    0.5;eor
       5871;20191204;    1;  12.1;   4.7;    1;   0.0;   0;    6.283;   0;   3.3;   5.6;  961.43;    0.5;   88.96;    3.5;   -2.2;   -5.1;eor
       5871;20191205;    1;   8.4;   2.7;    1;   0.0;   0;    7.800;   0;   1.0;   4.9;  960.63;   -1.4;   89.58;    3.0;   -4.8;   -6.5;eor
       5871;20191206;    1;  14.8;   5.9;    1;   5.4;   4;    0.000;   0;   7.4;   6.4;  955.03;    0.8;   96.54;    5.5;   -3.9;   -4.1;eor
       5871;20191207;    1;  17.3;   6.8;    1;   3.1;   4;    0.000;   0;   7.7;   8.6;  955.04;    6.0;   92.17;    7.1;    5.2;    4.4;eor
       5871;20191208;    1;  19.1;   7.9;    1;   2.3;   4;    0.000;   0;   7.3;   8.9;  948.34;    6.8;   89.83;    9.2;    5.4;    4.3;eor
       5871;20191209;    1;  17.3;   7.3;    1;   2.1;   4;    0.033;   0;   7.4;   7.3;  945.63;    4.0;   88.92;    5.4;    1.6;    0.4;eor
       5871;20191210;    1;   9.2;   4.3;    1;   0.2;   4;    6.717;   0;   4.4;   5.7;  963.39;    0.9;   86.75;    3.8;   -1.1;   -2.3;eor
       5871;20191211;    1;   8.9;   4.2;    1;   4.7;   4;    0.000;   0;   7.7;   6.2;  950.37;    1.9;   89.29;    3.1;    0.5;    0.1;eor
       5871;20191212;    1;  13.8;   5.1;    1;   0.6;   4;    0.450;   0;   7.1;   6.2;  941.13;    1.4;   91.00;    2.6;   -0.9;   -1.5;eor
       5871;20191213;    1;  17.1;   8.4;    1;   8.1;   4;    0.000;   0;   7.3;   6.5;  923.40;    1.5;   95.50;    3.8;   -0.9;   -0.9;eor
       5871;20191214;    1;  21.7;   8.4;    1;   6.2;   4;    0.350;   0;   7.0;   7.1;  935.51;    4.3;   85.13;    6.3;    1.7;    1.1;eor
       5871;20191215;    1;  18.4;   6.8;    1;   2.1;   4;    0.017;   0;   5.8;   8.2;  944.73;    6.0;   87.08;    8.6;    3.6;    2.3;eor
       5871;20191216;    1;  12.1;   4.8;    1;   1.4;   4;    0.233;   0;   6.7;   9.5;  947.76;    6.8;   96.29;    9.2;    4.5;    4.3;eor
       5871;20191217;    1;  19.6;   6.6;    1;   4.7;   4;    3.217;   0;   6.1;   9.2;  946.57;   10.6;   73.04;   14.5;    6.1;    4.8;eor
       5871;20191218;    1;  12.0;   4.5;    1;   0.0;   0;    5.117;   0;   5.3;   9.2;  956.50;    6.6;   94.42;    8.8;    4.9;    3.6;eor
       5871;20191219;    1;  12.3;   6.7;    1;   0.0;   0;    6.233;   0;   3.8;   8.6;  952.17;    5.3;   96.58;    9.7;    2.7;    1.8;eor
       5871;20191220;    1;  12.5;   6.9;    1;   6.8;   4;    0.000;   0;   7.0;   8.1;  935.09;    4.7;   95.08;    8.3;    2.4;    2.3;eor
       5871;20191221;    1;  12.0;   5.1;    1;   1.0;   4;    2.767;   0;   6.5;   7.7;  933.42;    4.8;   89.38;    7.1;    2.3;    0.0;eor
       5871;20191222;    1;  17.9;   6.8;    1;   4.5;   4;    0.117;   0;   7.8;   8.3;  929.51;    5.4;   92.50;    7.5;    3.5;    3.3;eor
       5871;20191223;    1;  14.0;   7.1;    1;   1.5;   4;    0.683;   0;   7.3;   7.9;  948.69;    4.8;   91.46;    6.0;    4.2;    3.1;eor
       5871;20191224;    1;  17.2;   6.9;    1;   7.5;   4;    0.333;   0;   7.4;   7.9;  953.41;    5.4;   88.29;    7.5;    3.5;    2.4;eor
       5871;20191225;    1;  12.2;   5.4;    1;   0.9;   4;    0.883;   0;   7.0;   8.0;  959.79;    4.6;   93.38;    6.4;    1.3;   -1.3;eor
       5871;20191226;    1;   8.1;   3.1;    1;   1.1;   4;    0.467;   0;   6.8;   6.8;  963.45;    1.8;   97.71;    3.4;    0.2;   -1.5;eor
       5871;20191227;    1;   7.4;   3.4;    1;   0.1;   4;    0.000;   0;   7.9;   7.2;  966.33;    2.8;   96.58;    3.7;    1.2;    0.5;eor
       5871;20191228;    1;  11.4;   4.7;    1;   0.0;   0;    5.500;   0;   4.0;   5.0;  977.31;   -1.1;   89.00;    1.6;   -2.7;   -5.1;eor
       5871;20191229;    1;  13.4;   7.8;    1;   0.0;   0;    5.883;   0;   2.3;   4.3;  976.14;   -1.5;   79.63;    1.1;   -3.7;   -4.6;eor
       5871;20191230;    1;   9.2;   4.3;    1;   0.0;   0;    7.883;   0;   0.4;   4.1;  972.02;    0.9;   64.96;    6.7;   -3.1;   -4.6;eor
       5871;20191231;    1;  10.1;   3.3;    1;   0.0;   0;    1.317;   0;   4.3;   5.0;  971.90;    2.7;   67.50;    5.8;   -1.5;   -2.7;eor
       5871;20200101;    1;  11.7;   6.2;    1;   0.0;   0;    2.400;   0;   7.0;   5.8;  971.14;   -0.6;   98.42;    0.3;   -3.6;   -3.1;eor
       5871;20200102;    1;   9.9;   3.4;    1;   0.2;   4;    0.000;   0;   7.6;   6.0;  966.71;   -0.3;   98.71;    3.7;   -4.1;   -3.4;eor
       5871;20200103;    1;  14.2;   6.3;    1;   2.7;   4;    0.000;   0;   7.9;   8.4;  962.19;    5.3;   93.38;    7.1;    3.2;    3.0;eor
