STATIONS_ID;MESS_DATUM;QN_3;  FX;  FM;QN_4; RSK;RSKF; SDK;SHK_TAG;  NM; VPM;  PM; TMK; UPM; TXK; TNK; TGK;eor
       6093;20180627;-999;-999;-999;    3;   0.0;   0;-999;-999;  -999;  12.8;    -999;   19.4;   61.25;   25.8;   12.2;    9.7;eor
       6093;20180628;-999;-999;-999;    3;   0.0;   0;-999;-999;  -999;  12.7;    -999;   20.2;   57.29;   27.2;   12.8;    9.9;eor
       6093;20180629;-999;-999;-999;    3;   0.0;   0;-999;-999;  -999;  14.1;    -999;   20.3;   61.50;   28.3;   13.3;    9.6;eor
       6093;20180630;-999;-999;-999;    3;   0.0;   0;-999;-999;  -999;   9.8;    -999;   18.0;   50.83;   24.4;   11.8;    8.2;eor
       6093;20180701;-999;-999;-999;    3;   0.0;   0;-999;-999;  -999;   8.6;    -999;   17.5;   45.92;   24.1;   10.1;    6.1;eor
       6093;20180702;-999;-999;-999;    3;   0.0;   0;-999;-999;  -999;   8.7;    -999;   17.7;   46.96;   25.5;    7.9;    4.5;eor
       6093;20180703;-999;-999;-999;    3;   0.0;   0;-999;-999;  -999;  11.4;    -999;   19.2;   55.63;   27.5;   10.9;    7.2;eor
       6093;20180704;-999;-999;-999;    3;   0.0;   0;-999;-999;  -999;  12.4;    -999;   19.7;   59.71;   29.2;   10.0;    6.8;eor
       6093;20180705;-999;-999;-999;    3;   0.0;   0;-999;-999;  -999;  14.2;    -999;   18.9;   67.00;   26.7;   13.3;   10.7;eor
       6093;20180706;-999;-999;-999;    3;   0.0;   0;-999;-999;  -999;  12.7;    -999;   17.4;   66.54;   24.9;   10.7;    6.7;eor
       6093;20180707;-999;-999;-999;    3;   0.0;   0;-999;-999;  -999;  12.2;    -999;   16.8;   67.29;   24.1;    9.9;    6.4;eor
       6093;20180708;-999;-999;-999;    3;   0.0;   0;-999;-999;  -999;  13.9;    -999;   18.0;   69.75;   26.5;   11.0;    8.1;eor
       6093;20180709;-999;-999;-999;    3;   0.6;   4;-999;-999;  -999;  13.0;    -999;   15.8;   74.33;   24.0;   10.3;    6.6;eor
       6093;20180710;-999;-999;-999;    3;   8.9;   4;-999;-999;  -999;  13.0;    -999;   14.9;   77.92;   21.7;   10.7;    9.7;eor
       6093;20180711;-999;-999;-999;    3;   4.8;   4;-999;-999;  -999;  17.3;    -999;   16.0;   94.96;   19.8;   13.6;   13.1;eor
       6093;20180712;-999;-999;-999;    3;   0.0;   0;-999;-999;  -999;  17.0;    -999;   19.9;   75.67;   27.0;   14.0;   12.4;eor
       6093;20180713;-999;-999;-999;    3;   0.0;   0;-999;-999;  -999;  15.6;    -999;   17.4;   79.54;   24.6;   12.0;    9.4;eor
       6093;20180714;-999;-999;-999;    3;   0.0;   0;-999;-999;  -999;  13.6;    -999;   16.0;   75.79;   21.3;   10.3;    8.0;eor
       6093;20180715;-999;-999;-999;    3;   0.0;   0;-999;-999;  -999;  13.1;    -999;   17.8;   67.71;   25.3;   10.0;    7.1;eor
       6093;20180716;-999;-999;-999;    3;   0.0;   0;-999;-999;  -999;  13.5;    -999;   20.8;   58.83;   28.7;   11.6;    9.0;eor
       6093;20180717;-999;-999;-999;    3;   0.0;   0;-999;-999;  -999;  13.9;    -999;   22.7;   54.83;   30.7;   13.9;   11.1;eor
       6093;20180718;-999;-999;-999;    3;   0.0;   0;-999;-999;  -999;  15.4;    -999;   19.2;   70.79;   25.8;   13.4;    9.4;eor
       6093;20180719;-999;-999;-999;    3;   0.0;   0;-999;-999;  -999;  12.8;    -999;   18.9;   62.38;   27.7;   11.3;    7.1;eor
       6093;20180720;-999;-999;-999;    3;   0.0;   0;-999;-999;  -999;  11.1;    -999;   19.3;   53.17;   26.6;   12.5;    9.9;eor
       6093;20180721;-999;-999;-999;    3;   0.0;   0;-999;-999;  -999;  12.1;    -999;   21.7;   47.71;   29.0;   14.1;   10.3;eor
       6093;20180722;-999;-999;-999;    3;   0.0;   0;-999;-999;  -999;  15.1;    -999;   23.0;   56.21;   30.3;   14.5;   10.7;eor
       6093;20180723;-999;-999;-999;    3;   0.0;   0;-999;-999;  -999;  15.9;    -999;   21.1;   67.17;   28.5;   12.7;    9.5;eor
       6093;20180724;-999;-999;-999;    3;   0.0;   0;-999;-999;  -999;  16.3;    -999;   25.2;   54.79;   33.5;   15.5;   12.9;eor
       6093;20180725;-999;-999;-999;    3;   0.0;   0;-999;-999;  -999;  17.6;    -999;   27.1;   51.92;   34.7;   20.8;   18.6;eor
       6093;20180726;-999;-999;-999;    3;   0.0;   0;-999;-999;  -999;  16.5;    -999;   27.3;   48.83;   35.1;   18.5;   14.8;eor
       6093;20180727;-999;-999;-999;    3;   0.0;   0;-999;-999;  -999;  17.2;    -999;   26.4;   52.58;   34.3;   18.3;   13.7;eor
       6093;20180728;-999;-999;-999;    3;   6.6;   4;-999;-999;  -999;  19.4;    -999;   23.0;   73.33;   34.2;   17.3;   15.7;eor
       6093;20180729;-999;-999;-999;    3;   0.0;   0;-999;-999;  -999;  15.5;    -999;   22.1;   62.54;   29.1;   14.1;   11.7;eor
       6093;20180730;-999;-999;-999;    3;   0.0;   0;-999;-999;  -999;  16.3;    -999;   26.3;   49.54;   34.0;   20.1;   16.6;eor
       6093;20180731;-999;-999;-999;    3;   2.3;   4;-999;-999;  -999;  15.8;    -999;   27.9;   44.38;   35.6;   21.1;   16.5;eor
       6093;20180801;-999;-999;-999;    3;   0.0;   0;-999;-999;  -999;  16.7;    -999;   23.6;   60.42;   29.8;   18.0;   16.5;eor
       6093;20180802;-999;-999;-999;    3;   0.0;   0;-999;-999;  -999;  15.3;    -999;   24.4;   52.21;   30.9;   18.6;   15.5;eor
       6093;20180803;-999;-999;-999;    3;   0.0;   0;-999;-999;  -999;  15.7;    -999;   25.8;   50.29;   34.0;   17.4;   13.7;eor
       6093;20180804;-999;-999;-999;    3;   0.0;   0;-999;-999;  -999;  17.7;    -999;   23.9;   62.00;   31.4;   17.3;   13.5;eor
       6093;20180805;-999;-999;-999;    3;   0.0;   0;-999;-999;  -999;  14.5;    -999;   19.6;   65.42;   25.9;   14.0;   10.1;eor
       6093;20180806;-999;-999;-999;    3;   0.0;   0;-999;-999;  -999;  13.1;    -999;   21.9;   56.33;   31.3;   12.2;    8.5;eor
       6093;20180807;-999;-999;-999;    3;   0.0;   0;-999;-999;  -999;  12.3;    -999;   27.3;   36.33;   36.7;   17.9;   12.6;eor
       6093;20180808;-999;-999;-999;    3;   0.0;   0;-999;-999;  -999;  16.3;    -999;   26.3;   49.83;   33.6;   18.8;   14.9;eor
       6093;20180809;-999;-999;-999;    3;  17.1;   4;-999;-999;  -999;  18.0;    -999;   22.7;   69.96;   32.7;   16.1;   12.5;eor
       6093;20180810;-999;-999;-999;    3;   0.4;   4;-999;-999;  -999;  13.4;    -999;   18.5;   64.63;   23.9;   13.1;   10.0;eor
       6093;20180811;-999;-999;-999;    3;   0.0;   4;-999;-999;  -999;  12.0;    -999;   15.6;   68.42;   21.3;   12.1;    8.6;eor
       6093;20180812;-999;-999;-999;    3;   0.0;   0;-999;-999;  -999;  12.4;    -999;   18.0;   63.38;   24.3;   10.8;    8.7;eor
       6093;20180813;-999;-999;-999;    3;   6.6;   4;-999;-999;  -999;  14.4;    -999;   20.2;   63.83;   29.5;   15.3;   11.3;eor
       6093;20180814;-999;-999;-999;    3;   5.2;   4;-999;-999;  -999;  18.3;    -999;   17.9;   89.67;   23.4;   15.4;   14.0;eor
       6093;20180815;-999;-999;-999;    3;   0.0;   0;-999;-999;  -999;  16.7;    -999;   19.0;   76.83;   24.4;   14.7;   13.3;eor
       6093;20180816;-999;-999;-999;    3;   0.0;   0;-999;-999;  -999;  15.5;    -999;   21.5;   63.58;   28.8;   14.3;   12.0;eor
       6093;20180817;-999;-999;-999;    3;   0.0;   0;-999;-999;  -999;  16.6;    -999;   18.9;   77.29;   26.2;   12.7;    9.5;eor
       6093;20180818;-999;-999;-999;    3;   0.0;   0;-999;-999;  -999;  12.8;    -999;   18.6;   64.50;   26.3;   10.3;    7.8;eor
       6093;20180819;-999;-999;-999;    3;   0.0;   0;-999;-999;  -999;  14.9;    -999;   20.3;   65.54;   27.9;   13.5;   10.3;eor
       6093;20180820;-999;-999;-999;    3;   0.4;   4;-999;-999;  -999;  17.5;    -999;   19.2;   78.29;   24.1;   13.4;   10.1;eor
       6093;20180821;-999;-999;-999;    3;   0.0;   0;-999;-999;  -999;  13.3;    -999;   18.0;   67.00;   24.3;   12.8;    9.7;eor
       6093;20180822;-999;-999;-999;    3;   0.0;   0;-999;-999;  -999;  11.7;    -999;   21.4;   48.83;   29.7;   13.1;    8.9;eor
       6093;20180823;-999;-999;-999;    3;   0.0;   0;-999;-999;  -999;  16.0;    -999;   21.2;   64.71;   29.1;   13.5;   10.5;eor
       6093;20180824;-999;-999;-999;    3;   0.2;   4;-999;-999;  -999;  13.3;    -999;   17.1;   68.33;   23.1;   10.9;    7.6;eor
       6093;20180825;-999;-999;-999;    3;   4.7;   4;-999;-999;  -999;  11.7;    -999;   11.9;   83.71;   15.6;    8.9;    5.4;eor
       6093;20180826;-999;-999;-999;    3;   0.5;   4;-999;-999;  -999;   9.9;    -999;   13.9;   65.58;   21.2;    8.2;    5.1;eor
       6093;20180827;-999;-999;-999;    3;   6.9;   4;-999;-999;  -999;  13.7;    -999;   15.2;   79.04;   21.6;   11.8;   10.6;eor
       6093;20180828;-999;-999;-999;    3;   0.0;   0;-999;-999;  -999;  14.0;    -999;   16.3;   76.92;   21.2;   11.8;    8.7;eor
       6093;20180829;-999;-999;-999;    3;   2.1;   4;-999;-999;  -999;  13.0;    -999;   19.2;   62.33;   27.3;   10.9;    7.5;eor
       6093;20180830;-999;-999;-999;    3;   0.3;   4;-999;-999;  -999;  16.1;    -999;   16.0;   88.04;   18.4;   10.4;    6.7;eor
       6093;20180831;-999;-999;-999;    3;   0.0;   0;-999;-999;  -999;  11.8;    -999;   14.0;   76.29;   19.9;    8.4;    5.0;eor
       6093;20180901;-999;-999;-999;    3;   0.0;   0;-999;-999;  -999;  13.0;    -999;   15.5;   76.00;   22.3;    9.6;    6.3;eor
       6093;20180902;-999;-999;-999;    3;   0.0;   0;-999;-999;  -999;  14.0;    -999;   16.7;   76.13;   23.3;    8.6;    4.9;eor
       6093;20180903;-999;-999;-999;    3;   0.0;   0;-999;-999;  -999;  17.0;    -999;   21.3;   70.21;   29.6;   15.5;   13.5;eor
       6093;20180904;-999;-999;-999;    3;   0.0;   0;-999;-999;  -999;  16.2;    -999;   18.2;   79.63;   25.4;   13.8;    9.8;eor
       6093;20180905;-999;-999;-999;    3;   0.0;   0;-999;-999;  -999;  15.5;    -999;   17.6;   79.13;   25.4;   11.7;    7.8;eor
       6093;20180906;-999;-999;-999;    3;   0.5;   4;-999;-999;  -999;  15.6;    -999;   19.0;   74.42;   26.4;   13.0;    9.4;eor
       6093;20180907;-999;-999;-999;    3;   0.0;   0;-999;-999;  -999;  14.9;    -999;   15.9;   82.33;   21.3;   10.3;    6.1;eor
       6093;20180908;-999;-999;-999;    3;   0.0;   4;-999;-999;  -999;  10.3;    -999;   14.9;   61.63;   20.9;    9.5;    6.0;eor
       6093;20180909;-999;-999;-999;    3;   0.0;   0;-999;-999;  -999;  11.5;    -999;   17.4;   59.58;   24.3;   11.5;    8.0;eor
       6093;20180910;-999;-999;-999;    3;   0.0;   0;-999;-999;  -999;  12.8;    -999;   17.6;   63.75;   23.8;   13.1;   10.0;eor
       6093;20180911;-999;-999;-999;    3;   0.0;   0;-999;-999;  -999;  14.8;    -999;   19.7;   65.17;   25.8;   15.4;   14.1;eor
       6093;20180912;-999;-999;-999;    3;   0.7;   4;-999;-999;  -999;  15.1;    -999;   15.0;   88.58;   20.0;   11.5;   10.5;eor
       6093;20180913;-999;-999;-999;    3;   0.0;   0;-999;-999;  -999;  12.5;    -999;   13.5;   82.25;   17.9;   10.0;    5.6;eor
       6093;20180914;-999;-999;-999;    3;   0.0;   0;-999;-999;  -999;  11.0;    -999;   13.6;   73.33;   20.6;    6.3;    2.8;eor
       6093;20180915;-999;-999;-999;    3;   0.2;   4;-999;-999;  -999;  12.5;    -999;   14.1;   77.79;   21.3;   10.5;    6.5;eor
       6093;20180916;-999;-999;-999;    3;   0.0;   0;-999;-999;  -999;  11.4;    -999;   15.2;   68.92;   22.7;    8.1;    4.4;eor
       6093;20180917;-999;-999;-999;    3;   0.0;   0;-999;-999;  -999;  10.8;    -999;   17.7;   56.50;   26.0;    9.3;    5.1;eor
       6093;20180918;-999;-999;-999;    3;   0.0;   0;-999;-999;  -999;  12.2;    -999;   21.2;   52.29;   31.3;   12.7;    8.0;eor
       6093;20180919;-999;-999;-999;    3;   0.0;   0;-999;-999;  -999;  15.0;    -999;   20.3;   65.96;   27.7;   13.8;    9.9;eor
       6093;20180920;-999;-999;-999;    3;   0.0;   0;-999;-999;  -999;  13.8;    -999;   20.3;   59.17;   25.8;   14.5;   10.6;eor
       6093;20180921;-999;-999;-999;    3;   2.7;   4;-999;-999;  -999;  12.5;    -999;   16.2;   68.25;   25.4;    9.2;    7.4;eor
       6093;20180922;-999;-999;-999;    3;   4.0;   4;-999;-999;  -999;  10.6;    -999;   11.8;   78.33;   16.7;    8.7;    7.3;eor
       6093;20180923;-999;-999;-999;    3;   1.9;   4;-999;-999;  -999;  10.9;    -999;    9.6;   91.75;   12.8;    6.9;    4.3;eor
       6093;20180924;-999;-999;-999;    3;   0.4;   4;-999;-999;  -999;   8.8;    -999;    8.2;   81.92;   13.9;    3.7;    0.9;eor
       6093;20180925;-999;-999;-999;    3;   0.0;   0;-999;-999;  -999;   8.4;    -999;    8.5;   77.54;   15.5;    2.6;   -0.4;eor
       6093;20180926;-999;-999;-999;    3;   0.0;   0;-999;-999;  -999;   8.8;    -999;   12.6;   61.88;   17.8;    6.2;    3.9;eor
       6093;20180927;-999;-999;-999;    3;   0.0;   0;-999;-999;  -999;  13.5;    -999;   17.2;   68.83;   23.5;   13.4;    9.4;eor
       6093;20180928;-999;-999;-999;    3;   0.0;   0;-999;-999;  -999;   8.9;    -999;   12.0;   63.63;   16.5;    4.5;    0.5;eor
       6093;20180929;-999;-999;-999;    3;   0.0;   0;-999;-999;  -999;   8.3;    -999;    8.6;   75.50;   15.8;    3.1;   -0.6;eor
       6093;20180930;-999;-999;-999;    3;   0.7;   4;-999;-999;  -999;   7.3;    -999;    9.8;   63.50;   17.4;    3.5;   -0.2;eor
       6093;20181001;-999;-999;-999;    3;   2.2;   4;-999;   0;  -999;   9.9;    -999;    8.9;   86.08;   14.2;    5.5;    3.3;eor
       6093;20181002;-999;-999;-999;    3;   3.2;   4;-999;   0;  -999;   9.8;    -999;    7.8;   92.17;   10.9;    4.4;    2.3;eor
       6093;20181003;-999;-999;-999;    3;   1.2;   4;-999;   0;  -999;  10.3;    -999;   10.4;   82.25;   14.9;    8.3;    6.0;eor
       6093;20181004;-999;-999;-999;    3;   0.0;   0;-999;   0;  -999;  12.0;    -999;   12.1;   84.54;   16.0;    7.6;    4.9;eor
       6093;20181005;-999;-999;-999;    3;   0.0;   0;-999;   0;  -999;  11.7;    -999;   14.4;   72.92;   21.5;    9.4;    5.5;eor
       6093;20181006;-999;-999;-999;    3;   7.3;   4;-999;   0;  -999;  11.9;    -999;   14.4;   74.04;   22.2;    7.8;    3.6;eor
       6093;20181007;-999;-999;-999;    3;   0.0;   0;-999;   0;  -999;   9.8;    -999;    9.8;   80.75;   13.8;    3.2;    0.5;eor
       6093;20181008;-999;-999;-999;    3;   0.0;   0;-999;   0;  -999;   8.7;    -999;    8.7;   79.38;   16.1;    2.8;    0.4;eor
       6093;20181009;-999;-999;-999;    3;   0.0;   0;-999;   0;  -999;   9.9;    -999;   11.8;   73.88;   19.3;    5.3;    2.8;eor
       6093;20181010;-999;-999;-999;    3;   0.0;   0;-999;   0;  -999;  13.1;    -999;   14.9;   79.21;   23.2;    7.2;    3.2;eor
       6093;20181011;-999;-999;-999;    3;   0.0;   0;-999;   0;  -999;  12.0;    -999;   16.2;   66.67;   23.1;   11.6;    7.6;eor
       6093;20181012;-999;-999;-999;    3;   0.0;   0;-999;   0;  -999;  12.2;    -999;   17.4;   61.83;   25.4;   10.9;    7.1;eor
       6093;20181013;-999;-999;-999;    3;   0.0;   0;-999;   0;  -999;  12.9;    -999;   19.3;   59.92;   27.5;   13.0;    9.3;eor
       6093;20181014;-999;-999;-999;    3;   0.0;   0;-999;   0;  -999;  11.0;    -999;   16.4;   60.71;   24.2;   10.6;    7.2;eor
       6093;20181015;-999;-999;-999;    3;   0.0;   0;-999;   0;  -999;  10.9;    -999;   16.2;   61.71;   25.7;   10.6;    6.4;eor
       6093;20181016;-999;-999;-999;    3;   0.0;   4;-999;   0;  -999;  13.1;    -999;   15.4;   75.88;   24.0;    9.2;    5.5;eor
       6093;20181017;-999;-999;-999;    3;   0.0;   0;-999;   0;  -999;  13.8;    -999;   15.1;   82.38;   22.8;   10.0;    6.4;eor
       6093;20181018;-999;-999;-999;    3;   0.1;   4;-999;   0;  -999;  12.9;    -999;   11.9;   92.04;   16.3;    5.2;    1.2;eor
       6093;20181019;-999;-999;-999;    3;   0.0;   0;-999;   0;  -999;   8.2;    -999;    6.6;   85.63;   12.8;    1.9;   -0.7;eor
       6093;20181020;-999;-999;-999;    3;   0.0;   0;-999;   0;  -999;   9.1;    -999;    8.3;   83.75;   14.6;    2.3;   -0.8;eor
       6093;20181021;-999;-999;-999;    3;   0.0;   4;-999;   0;  -999;  10.8;    -999;   10.7;   84.83;   15.4;    5.8;    2.6;eor
       6093;20181022;-999;-999;-999;    3;   0.7;   4;-999;   0;  -999;   9.2;    -999;    9.8;   75.75;   14.4;    5.6;    1.5;eor
       6093;20181023;-999;-999;-999;    3;   5.8;   4;-999;   0;  -999;  11.0;    -999;   10.1;   87.71;   12.1;    6.2;    4.2;eor
       6093;20181024;-999;-999;-999;    3;   1.3;   4;-999;   0;  -999;  10.4;    -999;   10.3;   82.67;   13.1;    8.6;    6.6;eor
       6093;20181025;-999;-999;-999;    3;   1.6;   4;-999;   0;  -999;  11.3;    -999;   10.8;   87.08;   12.8;    8.8;    7.7;eor
       6093;20181026;-999;-999;-999;    3;   1.0;   4;-999;   0;  -999;  10.4;    -999;    9.1;   90.38;   12.1;    7.2;    6.0;eor
       6093;20181027;-999;-999;-999;    3;   0.0;   0;-999;   0;  -999;   7.6;    -999;    6.0;   81.92;    8.9;    1.0;   -2.4;eor
       6093;20181028;-999;-999;-999;    3;   0.0;   0;-999;   0;  -999;   6.7;    -999;    2.4;   92.75;    6.2;   -1.4;   -4.0;eor
       6093;20181029;-999;-999;-999;    3;   0.0;   4;-999;   0;  -999;   7.3;    -999;    4.5;   86.92;    5.4;    2.8;    1.2;eor
       6093;20181030;-999;-999;-999;    3;   5.7;   4;-999;   0;  -999;   9.1;    -999;    6.8;   91.58;   10.6;    3.7;    3.7;eor
       6093;20181031;-999;-999;-999;    3;   0.0;   0;-999;   0;  -999;   8.5;    -999;    8.6;   76.04;   11.9;    5.8;    2.1;eor
       6093;20181101;-999;-999;-999;    3;   0.0;   0;-999;   0;  -999;   8.8;    -999;    7.6;   83.25;   10.8;    3.9;    0.3;eor
       6093;20181102;-999;-999;-999;    3;   0.0;   0;-999;   0;  -999;   9.7;    -999;    8.7;   86.33;   12.4;    5.1;    1.5;eor
       6093;20181103;-999;-999;-999;    3;   0.0;   0;-999;   0;  -999;   7.3;    -999;    4.4;   88.00;   10.5;   -0.4;   -2.9;eor
       6093;20181104;-999;-999;-999;    3;   0.0;   0;-999;   0;  -999;   9.7;    -999;    7.0;   95.71;    9.7;    2.1;   -2.1;eor
       6093;20181105;-999;-999;-999;    3;   0.0;   0;-999;   0;  -999;  11.8;    -999;    9.9;   96.79;   11.6;    7.0;    3.0;eor
       6093;20181106;-999;-999;-999;    3;   0.0;   0;-999;   0;  -999;  10.9;    -999;    9.0;   94.67;   15.1;    4.8;    1.5;eor
       6093;20181107;-999;-999;-999;    3;   0.0;   0;-999;   0;  -999;  10.8;    -999;    9.9;   89.00;   16.6;    5.5;    2.0;eor
       6093;20181108;-999;-999;-999;    3;   0.3;   4;-999;   0;  -999;  10.2;    -999;    9.4;   86.42;   14.8;    3.8;    0.0;eor
       6093;20181109;-999;-999;-999;    3;   1.3;   4;-999;   0;  -999;  10.8;    -999;    8.5;   96.92;   12.0;    3.1;   -0.3;eor
       6093;20181110;-999;-999;-999;    3;   0.9;   4;-999;   0;  -999;  10.8;    -999;   10.0;   88.29;   12.6;    7.0;    4.2;eor
       6093;20181111;-999;-999;-999;    3;   1.8;   4;-999;   0;  -999;  11.9;    -999;   11.4;   88.58;   14.3;    9.4;    5.9;eor
       6093;20181112;-999;-999;-999;    3;   0.9;   4;-999;   0;  -999;  12.5;    -999;   11.4;   92.71;   14.3;    9.6;    8.0;eor
       6093;20181113;-999;-999;-999;    3;   0.3;   4;-999;   0;  -999;  10.8;    -999;    9.8;   88.58;   11.8;    8.2;    6.4;eor
       6093;20181114;-999;-999;-999;    3;   0.0;   0;-999;   0;  -999;  10.3;    -999;    8.3;   93.96;   10.6;    6.5;    2.7;eor
       6093;20181115;-999;-999;-999;    3;   0.0;   0;-999;   0;  -999;   8.9;    -999;    6.9;   89.71;   11.7;    4.0;    0.0;eor
       6093;20181116;-999;-999;-999;    3;   0.0;   0;-999;   0;  -999;   7.4;    -999;    4.8;   86.33;    8.8;    2.2;   -2.2;eor
       6093;20181117;-999;-999;-999;    3;   0.0;   0;-999;   0;  -999;   6.0;    -999;    1.8;   86.46;    5.9;   -2.1;   -5.7;eor
       6093;20181118;-999;-999;-999;    3;   1.2;   4;-999;   0;  -999;   6.4;    -999;    1.4;   92.38;    5.4;   -4.0;   -6.9;eor
       6093;20181119;-999;-999;-999;    3;   0.0;   0;-999;   0;  -999;   7.3;    -999;    4.3;   87.71;    5.4;    2.2;   -0.3;eor
       6093;20181120;-999;-999;-999;    3;   0.0;   0;-999;   0;  -999;   5.8;    -999;    2.6;   78.08;    3.7;    1.9;    1.0;eor
       6093;20181121;-999;-999;-999;    3;   0.0;   0;-999;   0;  -999;  -999;    -999;    1.4;-999;    2.3;    0.2;    0.2;eor
       6093;20181122;-999;-999;-999;    3;   0.1;   4;-999;   0;  -999;   5.6;    -999;    0.9;   86.08;    1.8;    0.0;   -0.2;eor
       6093;20181123;-999;-999;-999;    3;   0.0;   0;-999;   0;  -999;   6.2;    -999;    1.6;   91.21;    2.6;    0.6;    0.7;eor
       6093;20181124;-999;-999;-999;    3;   0.1;   4;-999;   0;  -999;   6.4;    -999;    2.2;   89.75;    3.1;    1.1;    1.5;eor
       6093;20181125;-999;-999;-999;    3;   0.0;   4;-999;   0;  -999;   6.9;    -999;    3.1;   90.46;    4.3;    1.9;    1.8;eor
       6093;20181126;-999;-999;-999;    3;   0.0;   0;-999;   0;  -999;   6.1;    -999;    2.0;   87.00;    4.8;   -1.6;   -4.4;eor
       6093;20181127;-999;-999;-999;    3;   0.0;   0;-999;   0;  -999;   4.9;    -999;   -1.6;   90.08;    1.6;   -3.4;   -8.0;eor
       6093;20181128;-999;-999;-999;    3;   0.1;   4;-999;   0;  -999;   4.3;    -999;   -1.5;   78.75;    0.9;   -4.4;   -8.5;eor
       6093;20181129;-999;-999;-999;    3;   3.2;   4;-999;   0;  -999;   5.6;    -999;    2.1;   78.33;    4.7;   -0.1;   -0.7;eor
       6093;20181130;-999;-999;-999;    3;   0.0;   0;-999;   0;  -999;   6.6;    -999;    4.8;   75.83;    7.0;    3.6;    1.6;eor
       6093;20181201;-999;-999;-999;    3;   0.1;   4;-999;   0;  -999;   8.2;    -999;    6.4;   85.83;    8.7;    3.9;   -0.1;eor
       6093;20181202;-999;-999;-999;    3;   8.3;   4;-999;   0;  -999;  10.4;    -999;    8.7;   91.04;   11.6;    5.8;    5.1;eor
       6093;20181203;-999;-999;-999;    3;   2.8;   4;-999;   0;  -999;  11.5;    -999;   10.7;   89.17;   12.1;    7.1;    3.4;eor
       6093;20181204;-999;-999;-999;    3;   0.2;   4;-999;   0;  -999;   7.2;    -999;    4.7;   83.71;    7.4;    0.6;   -2.4;eor
       6093;20181205;-999;-999;-999;    3;   0.6;   4;-999;   0;  -999;   5.9;    -999;    1.4;   87.25;    4.6;   -1.5;   -4.5;eor
       6093;20181206;-999;-999;-999;    3;   1.6;   4;-999;   0;  -999;   9.2;    -999;    6.5;   93.42;   10.8;    2.2;    0.8;eor
       6093;20181207;-999;-999;-999;    3;   7.4;   4;-999;   0;  -999;  11.9;    -999;   10.3;   94.25;   11.0;    6.6;    6.1;eor
       6093;20181208;-999;-999;-999;    3;   5.2;   4;-999;   0;  -999;   8.3;    -999;    6.8;   83.75;    8.2;    5.2;    3.5;eor
       6093;20181209;-999;-999;-999;    3;   5.3;   4;-999;   0;  -999;   8.4;    -999;    6.5;   87.21;    8.1;    3.5;    2.4;eor
       6093;20181210;-999;-999;-999;    3;   5.8;   4;-999;   0;  -999;   6.9;    -999;    3.5;   87.29;    4.9;    2.2;    0.8;eor
       6093;20181211;-999;-999;-999;    3;   0.1;   4;-999;   0;  -999;   6.6;    -999;    3.8;   81.75;    5.1;    2.3;   -0.7;eor
       6093;20181212;-999;-999;-999;    3;   0.0;   0;-999;   0;  -999;   6.6;    -999;    2.6;   89.79;    5.0;    0.4;   -2.6;eor
       6093;20181213;-999;-999;-999;    3;   0.0;   0;-999;   0;  -999;   6.1;    -999;    1.2;   90.71;    2.4;   -1.0;   -3.6;eor
       6093;20181214;-999;-999;-999;    3;   0.0;   0;-999;   0;  -999;   5.5;    -999;    0.2;   88.00;    0.9;   -0.8;   -1.8;eor
       6093;20181215;-999;-999;-999;    3;   0.0;   0;-999;   0;  -999;   4.7;    -999;   -0.6;   81.25;   -0.1;   -2.0;   -3.9;eor
       6093;20181216;-999;-999;-999;    3;   0.1;   4;-999;   0;  -999;   4.6;    -999;   -0.8;   80.42;    0.1;   -2.4;   -4.6;eor
       6093;20181217;-999;-999;-999;    3;   1.6;   4;-999;   0;  -999;   6.3;    -999;    1.1;   95.33;    4.3;   -1.0;   -1.0;eor
       6093;20181218;-999;-999;-999;    3;   0.0;   0;-999;   0;  -999;   7.6;    -999;    4.0;   93.21;    6.5;    1.2;   -1.8;eor
       6093;20181219;-999;-999;-999;    3;   0.2;   4;-999;   0;  -999;   6.6;    -999;    2.7;   88.29;    4.7;    0.8;   -2.0;eor
       6093;20181220;-999;-999;-999;    3;   4.1;   4;-999;   0;  -999;   8.1;    -999;    4.6;   94.50;    6.0;    2.9;    0.9;eor
       6093;20181221;-999;-999;-999;    3;  12.2;   4;-999;   0;  -999;   9.1;    -999;    6.8;   92.13;   10.4;    5.1;    4.2;eor
       6093;20181222;-999;-999;-999;    3;   6.5;   4;-999;   0;  -999;   8.8;    -999;    6.3;   91.71;    8.0;    5.5;    4.4;eor
       6093;20181223;-999;-999;-999;    3;   5.0;   4;-999;   0;  -999;   8.8;    -999;    6.3;   91.96;    7.4;    5.0;    4.6;eor
       6093;20181224;-999;-999;-999;    3;   0.0;   0;-999;   0;  -999;   6.5;    -999;    2.4;   88.42;    5.1;    0.5;   -0.6;eor
       6093;20181225;-999;-999;-999;    3;   0.0;   0;-999;   0;  -999;   7.0;    -999;    5.1;   80.25;    6.3;    3.3;    1.4;eor
       6093;20181226;-999;-999;-999;    3;   0.0;   0;-999;   0;  -999;   8.8;    -999;    6.0;   93.71;    7.3;    4.7;    4.4;eor
       6093;20181227;-999;-999;-999;    3;   0.1;   4;-999;   0;  -999;   8.4;    -999;    5.3;   94.54;    6.1;    4.2;    4.1;eor
       6093;20181228;-999;-999;-999;    3;   1.1;   4;-999;   0;  -999;   9.0;    -999;    6.2;   94.88;    7.0;    5.5;    5.3;eor
       6093;20181229;-999;-999;-999;    3;   5.2;   4;-999;   0;  -999;   9.0;    -999;    6.4;   93.88;    7.6;    5.3;    5.1;eor
       6093;20181230;-999;-999;-999;    3;   0.0;   0;-999;   0;  -999;   8.3;    -999;    6.5;   85.13;    8.2;    4.4;    0.2;eor
       6093;20181231;-999;-999;-999;    3;   0.0;   0;-999;   0;  -999;   9.4;    -999;    7.3;   91.79;    8.8;    5.8;    5.2;eor
       6093;20190101;-999;-999;-999;    3;   3.8;   4;-999;   0;  -999;   7.5;    -999;    6.1;   78.92;    8.1;    3.3;    0.9;eor
       6093;20190102;-999;-999;-999;    3;   0.0;   0;-999;   0;  -999;   4.6;    -999;    2.3;   63.29;    4.2;   -2.3;   -5.8;eor
       6093;20190103;-999;-999;-999;    3;   0.0;   0;-999;   0;  -999;   4.7;    -999;   -1.0;   81.88;    2.7;   -4.0;   -7.3;eor
       6093;20190104;-999;-999;-999;    3;   1.0;   4;-999;   0;  -999;   7.3;    -999;    3.3;   92.96;    7.0;   -2.3;   -4.7;eor
       6093;20190105;-999;-999;-999;    3;   0.3;   4;-999;   0;  -999;   9.3;    -999;    6.8;   93.83;    7.6;    4.5;    1.5;eor
       6093;20190106;-999;-999;-999;    3;   1.6;   4;-999;   0;  -999;   8.0;    -999;    4.5;   94.75;    5.9;    3.1;    1.1;eor
       6093;20190107;-999;-999;-999;    3;   6.1;   4;-999;   0;  -999;   8.7;    -999;    5.8;   94.08;    7.1;    5.3;    4.6;eor
       6093;20190108;-999;-999;-999;    3;   4.9;   4;-999;   0;  -999;   7.5;    -999;    5.3;   83.67;    7.0;    2.2;    1.7;eor
       6093;20190109;-999;-999;-999;    3;   0.3;   4;-999;   0;  -999;   5.8;    -999;    1.8;   82.71;    2.5;    0.7;    0.0;eor
       6093;20190110;-999;-999;-999;    3;   2.1;   4;-999;   0;  -999;   5.2;    -999;    0.7;   81.46;    2.1;   -1.1;   -3.2;eor
       6093;20190111;-999;-999;-999;    3;   0.2;   4;-999;   0;  -999;   7.5;    -999;    4.4;   89.75;    7.1;    0.5;    0.1;eor
       6093;20190112;-999;-999;-999;    3;   4.0;   4;-999;   0;  -999;   8.0;    -999;    5.6;   87.92;    6.2;    5.0;    3.9;eor
       6093;20190113;-999;-999;-999;    3;   6.0;   4;-999;   0;  -999;   8.7;    -999;    6.6;   88.92;    8.3;    4.6;    3.1;eor
       6093;20190114;-999;-999;-999;    3;   0.5;   4;-999;   0;  -999;   5.1;    -999;    2.3;   71.17;    4.7;    0.1;   -1.3;eor
       6093;20190115;-999;-999;-999;    3;   1.6;   4;-999;   0;  -999;   7.6;    -999;    4.7;   87.38;    7.0;    1.7;    0.0;eor
       6093;20190116;-999;-999;-999;    3;   1.2;   4;-999;   0;  -999;   8.0;    -999;    6.1;   84.29;    7.2;    4.1;    3.3;eor
       6093;20190117;-999;-999;-999;    3;   3.4;   4;-999;   0;  -999;   6.8;    -999;    3.2;   87.75;    5.3;   -0.4;   -0.2;eor
       6093;20190118;-999;-999;-999;    3;   0.0;   0;-999;   0;  -999;   5.1;    -999;   -0.7;   86.88;    1.9;   -5.2;  -10.5;eor
       6093;20190119;-999;-999;-999;    3;   0.0;   0;-999;   0;  -999;   4.7;    -999;   -1.1;   84.38;    2.8;   -4.1;   -8.0;eor
       6093;20190120;-999;-999;-999;    3;   0.0;   0;-999;   0;  -999;   4.1;    -999;   -4.5;   93.08;   -2.7;   -6.6;   -9.8;eor
       6093;20190121;-999;-999;-999;    3;   0.4;   4;-999;   0;  -999;   4.1;    -999;   -3.2;   85.08;    0.3;   -6.7;   -9.7;eor
       6093;20190122;-999;-999;-999;    3;   0.0;   0;-999;   0;  -999;   4.0;    -999;   -2.5;   78.29;    0.8;   -5.1;   -9.1;eor
       6093;20190123;-999;-999;-999;    3;   0.0;   0;-999;   0;  -999;   3.4;    -999;   -6.1;   86.92;   -3.8;   -8.0;  -12.0;eor
       6093;20190124;-999;-999;-999;    3;   0.0;   0;-999;   0;  -999;   3.4;    -999;   -4.5;   77.29;   -2.8;   -6.4;   -6.9;eor
       6093;20190125;-999;-999;-999;    3;   0.5;   4;-999;   0;  -999;   3.6;    -999;   -3.9;   78.08;   -1.7;   -4.8;   -5.8;eor
       6093;20190126;-999;-999;-999;    3;   8.5;   4;-999;   0;  -999;   7.2;    -999;    2.6;   96.71;    5.0;   -1.7;   -1.6;eor
       6093;20190127;-999;-999;-999;    3;   2.4;   4;-999;   0;  -999;   7.9;    -999;    4.5;   92.88;    6.3;    2.6;    1.0;eor
       6093;20190128;-999;-999;-999;    3;   1.3;   4;-999;   0;  -999;   6.5;    -999;    2.1;   90.83;    3.6;   -1.2;   -3.2;eor
       6093;20190129;-999;-999;-999;    3;   0.0;   0;-999;   0;  -999;   5.6;    -999;    0.0;   91.79;    2.5;   -2.0;   -5.4;eor
       6093;20190130;-999;-999;-999;    3;   0.0;   0;-999;   0;  -999;   4.9;    -999;   -0.3;   81.63;    3.0;   -2.6;   -5.9;eor
       6093;20190131;-999;-999;-999;    3;   0.0;   0;-999;   0;  -999;   4.9;    -999;    0.5;   78.67;    4.1;   -2.3;   -6.3;eor
       6093;20190201;-999;-999;-999;    3;   0.1;   4;-999;   0;  -999;   4.8;    -999;   -1.5;   87.83;    0.1;   -3.0;   -6.3;eor
       6093;20190202;-999;-999;-999;    3;   1.3;   4;-999;   0;  -999;   5.5;    -999;   -0.5;   93.04;    0.9;   -2.6;   -5.5;eor
       6093;20190203;-999;-999;-999;    3;   0.0;   0;-999;   0;  -999;   5.5;    -999;    0.7;   85.88;    3.7;   -1.8;   -5.5;eor
       6093;20190204;-999;-999;-999;    3;   0.0;   0;-999;   0;  -999;   5.1;    -999;    1.1;   77.92;    3.9;   -3.0;   -7.0;eor
       6093;20190205;-999;-999;-999;    3;   0.0;   0;-999;   0;  -999;   6.4;    -999;    2.5;   87.33;    3.6;    0.4;   -2.2;eor
       6093;20190206;-999;-999;-999;    3;   0.9;   4;-999;   0;  -999;   6.7;    -999;    3.5;   85.54;    7.2;    0.1;   -2.6;eor
       6093;20190207;-999;-999;-999;    3;   0.0;   0;-999;   0;  -999;   6.6;    -999;    5.2;   73.75;    8.7;    3.6;    1.4;eor
       6093;20190208;-999;-999;-999;    3;   0.3;   4;-999;   0;  -999;   7.5;    -999;    6.4;   77.88;    8.3;    4.8;    2.6;eor
       6093;20190209;-999;-999;-999;    3;   1.2;   4;-999;   0;  -999;   7.6;    -999;    7.5;   73.75;   10.8;    5.8;    3.4;eor
       6093;20190210;-999;-999;-999;    3;  11.9;   4;-999;   0;  -999;   8.0;    -999;    5.8;   86.50;    8.2;    1.1;    0.4;eor
       6093;20190211;-999;-999;-999;    3;   0.3;   4;-999;   0;  -999;   6.5;    -999;    4.4;   77.63;    6.9;    2.3;   -0.1;eor
       6093;20190212;-999;-999;-999;    3;   0.0;   0;-999;   0;  -999;   6.2;    -999;    4.2;   75.50;    8.0;    2.0;   -0.1;eor
       6093;20190213;-999;-999;-999;    3;   0.0;   0;-999;   0;  -999;   8.5;    -999;    6.7;   86.79;    7.7;    5.3;    4.4;eor
       6093;20190214;-999;-999;-999;    3;   0.0;   0;-999;   0;  -999;   6.5;    -999;    6.6;   68.00;   12.9;    2.3;   -2.4;eor
       6093;20190215;-999;-999;-999;    3;   0.0;   0;-999;   0;  -999;   5.6;    -999;    6.2;   62.29;   15.5;   -1.1;   -4.2;eor
       6093;20190216;-999;-999;-999;    3;   0.0;   0;-999;   0;  -999;   6.0;    -999;    8.0;   57.33;   15.1;    2.1;   -2.4;eor
       6093;20190217;-999;-999;-999;    3;   0.0;   0;-999;   0;  -999;   6.9;    -999;    7.2;   69.50;   15.0;    1.7;   -1.6;eor
       6093;20190218;-999;-999;-999;    3;   0.0;   0;-999;   0;  -999;   6.6;    -999;    8.1;   62.38;   16.0;    2.0;   -2.5;eor
       6093;20190219;-999;-999;-999;    3;   0.5;   4;-999;   0;  -999;   7.6;    -999;    6.9;   76.08;    9.4;    4.5;    0.4;eor
       6093;20190220;-999;-999;-999;    3;   0.3;   4;-999;   0;  -999;   7.8;    -999;    7.6;   74.29;   10.4;    5.7;    4.8;eor
       6093;20190221;-999;-999;-999;    3;   1.4;   4;-999;   0;  -999;   9.0;    -999;    8.6;   80.25;   11.4;    6.7;    4.9;eor
       6093;20190222;-999;-999;-999;    3;   0.0;   0;-999;   0;  -999;   6.8;    -999;    4.3;   79.71;    7.6;   -0.9;   -4.2;eor
       6093;20190223;-999;-999;-999;    3;   0.0;   0;-999;   0;  -999;   4.0;    -999;    1.6;   59.83;    7.1;   -2.5;   -5.3;eor
       6093;20190224;-999;-999;-999;    3;   0.0;   0;-999;   0;  -999;   4.6;    -999;    5.3;   55.58;   15.1;   -2.0;   -4.7;eor
       6093;20190225;-999;-999;-999;    3;   0.0;   0;-999;   0;  -999;   5.0;    -999;    5.8;   57.96;   16.1;   -2.6;   -5.2;eor
       6093;20190226;-999;-999;-999;    3;   0.0;   0;-999;   0;  -999;   5.4;    -999;    7.0;   57.21;   15.0;    0.6;   -3.6;eor
       6093;20190227;-999;-999;-999;    3;   0.0;   0;-999;   0;  -999;   5.1;    -999;    8.0;   55.33;   18.5;   -1.1;   -4.4;eor
       6093;20190228;-999;-999;-999;    3;   0.8;   4;-999;   0;  -999;   7.5;    -999;    5.6;   82.67;    8.2;    3.6;   -0.1;eor
       6093;20190301;-999;-999;-999;    3;   0.0;   0;-999;   0;  -999;   7.0;    -999;    4.4;   83.88;    5.8;    3.5;    1.2;eor
       6093;20190302;-999;-999;-999;    3;   0.1;   4;-999;   0;  -999;   6.2;    -999;    5.4;   68.63;    7.6;    3.5;    2.6;eor
       6093;20190303;-999;-999;-999;    3;   4.4;   4;-999;   0;  -999;  10.5;    -999;    9.3;   89.17;   10.4;    6.6;    6.0;eor
       6093;20190304;-999;-999;-999;    3;   9.4;   4;-999;   0;  -999;   8.4;    -999;    8.7;   74.42;   12.4;    6.3;    5.3;eor
       6093;20190305;-999;-999;-999;    3;   0.3;   4;-999;   0;  -999;   7.1;    -999;    5.2;   80.67;    8.1;    2.0;   -1.4;eor
       6093;20190306;-999;-999;-999;    3;   1.4;   4;-999;   0;  -999;   7.8;    -999;    6.3;   80.83;   10.7;    0.4;   -2.1;eor
       6093;20190307;-999;-999;-999;    3;   3.4;   4;-999;   0;  -999;   8.2;    -999;    9.8;   68.50;   14.0;    6.0;    4.2;eor
       6093;20190308;-999;-999;-999;    3;   4.9;   4;-999;   0;  -999;   7.0;    -999;    6.5;   72.58;    9.6;    4.0;    0.4;eor
       6093;20190309;-999;-999;-999;    3;   4.4;   4;-999;   0;  -999;   7.4;    -999;    6.5;   76.67;    9.9;    4.1;    2.2;eor
       6093;20190310;-999;-999;-999;    3;   8.0;   4;-999;   0;  -999;   6.9;    -999;    4.3;   83.13;    8.2;    1.3;    0.7;eor
       6093;20190311;-999;-999;-999;    3;   0.0;   0;-999;   0;  -999;   6.5;    -999;    2.7;   87.17;    6.1;    0.6;   -2.3;eor
       6093;20190312;-999;-999;-999;    3;   0.1;   4;-999;   0;  -999;   6.4;    -999;    5.3;   73.42;    7.8;    0.6;   -2.0;eor
       6093;20190313;-999;-999;-999;    3;   2.3;   4;-999;   0;  -999;   7.1;    -999;    5.9;   76.17;    7.5;    4.5;    3.7;eor
       6093;20190314;-999;-999;-999;    3;   6.7;   4;-999;   0;  -999;   8.0;    -999;    5.5;   87.83;    6.6;    4.8;    3.5;eor
       6093;20190315;-999;-999;-999;    3;   1.5;   4;-999;   0;  -999;   7.8;    -999;    7.0;   78.25;   10.5;    5.0;    3.4;eor
       6093;20190316;-999;-999;-999;    3;   5.6;   4;-999;   0;  -999;   8.0;    -999;    6.6;   81.33;    9.5;    4.1;    4.0;eor
       6093;20190317;-999;-999;-999;    3;   1.7;   4;-999;   0;  -999;   7.8;    -999;    7.3;   75.25;   10.0;    4.0;    2.0;eor
       6093;20190318;-999;-999;-999;    3;   0.8;   4;-999;   0;  -999;   6.5;    -999;    5.1;   73.92;    9.1;    2.7;    0.9;eor
       6093;20190319;-999;-999;-999;    3;   0.0;   0;-999;   0;  -999;   5.9;    -999;    4.4;   72.08;   10.1;   -0.6;   -3.6;eor
       6093;20190320;-999;-999;-999;    3;   0.0;   0;-999;   0;  -999;   8.0;    -999;    6.4;   81.13;   11.2;   -1.4;   -3.8;eor
       6093;20190321;-999;-999;-999;    3;   0.0;   0;-999;   0;  -999;  10.3;    -999;   10.3;   82.00;   12.2;    8.2;    6.7;eor
       6093;20190322;-999;-999;-999;    3;   0.0;   0;-999;   0;  -999;  10.6;    -999;   11.1;   81.04;   16.5;    8.4;    6.2;eor
       6093;20190323;-999;-999;-999;    3;   0.0;   0;-999;   0;  -999;   8.9;    -999;    7.5;   85.42;   11.5;    2.6;   -0.2;eor
       6093;20190324;-999;-999;-999;    3;   1.1;   4;-999;   0;  -999;   6.5;    -999;    5.6;   74.00;   10.6;    2.0;   -1.0;eor
       6093;20190325;-999;-999;-999;    3;   1.8;   4;-999;   0;  -999;   6.9;    -999;    4.8;   80.67;    8.4;    2.0;   -1.7;eor
       6093;20190326;-999;-999;-999;    3;   2.2;   4;-999;   0;  -999;   7.5;    -999;    5.7;   82.50;    9.2;    2.2;   -1.3;eor
       6093;20190327;-999;-999;-999;    3;   0.8;   4;-999;   0;  -999;   8.9;    -999;    7.7;   85.38;   11.5;    5.3;    4.5;eor
       6093;20190328;-999;-999;-999;    3;   0.0;   0;-999;   0;  -999;  10.1;    -999;    9.0;   88.04;   11.2;    6.8;    5.9;eor
       6093;20190329;-999;-999;-999;    3;   0.0;   0;-999;   0;  -999;   9.5;    -999;   11.5;   72.25;   17.4;    6.1;    1.6;eor
       6093;20190330;-999;-999;-999;    3;   0.0;   0;-999;   0;  -999;   8.5;    -999;   11.5;   66.63;   19.5;    4.0;   -0.1;eor
       6093;20190331;-999;-999;-999;    3;   0.0;   0;-999;   0;  -999;   6.1;    -999;    7.0;   61.88;   11.7;   -0.2;   -4.9;eor
       6093;20190401;-999;-999;-999;    3;   0.0;   0;-999;   0;  -999;   4.3;    -999;    5.1;   52.46;   12.0;   -2.1;   -6.5;eor
       6093;20190402;-999;-999;-999;    3;   0.3;   4;-999;   0;  -999;   6.0;    -999;    8.9;   51.46;   14.7;    2.2;   -2.4;eor
       6093;20190403;-999;-999;-999;    3;   3.9;   4;-999;   0;  -999;  10.2;    -999;    9.9;   83.88;   13.1;    7.9;    4.4;eor
       6093;20190404;-999;-999;-999;    3;   0.0;   4;-999;   0;  -999;   9.3;    -999;    7.7;   88.38;   11.6;    4.0;    1.1;eor
       6093;20190405;-999;-999;-999;    3;   0.0;   0;-999;   0;  -999;   9.7;    -999;    8.0;   90.21;    9.9;    5.5;    1.5;eor
       6093;20190406;-999;-999;-999;    3;   0.0;   0;-999;   0;  -999;   9.6;    -999;   12.8;   68.83;   21.7;    4.0;    0.2;eor
       6093;20190407;-999;-999;-999;    3;   0.0;   0;-999;   0;  -999;   7.9;    -999;   13.5;   55.58;   21.0;    5.6;    0.8;eor
       6093;20190408;-999;-999;-999;    3;   0.0;   0;-999;   0;  -999;   7.8;    -999;    9.5;   66.58;   16.8;    3.3;   -0.5;eor
       6093;20190409;-999;-999;-999;    3;   0.0;   0;-999;   0;  -999;   5.8;    -999;    5.2;   66.58;   11.9;    0.0;   -5.1;eor
       6093;20190410;-999;-999;-999;    3;   0.0;   0;-999;   0;  -999;   4.8;    -999;    4.2;   61.79;   11.2;   -1.6;   -6.0;eor
       6093;20190411;-999;-999;-999;    3;   0.0;   0;-999;   0;  -999;   5.1;    -999;    4.1;   63.13;    7.8;    1.3;   -1.2;eor
       6093;20190412;-999;-999;-999;    3;   1.3;   4;-999;   0;  -999;   5.0;    -999;    3.1;   66.13;    7.7;   -0.4;   -4.2;eor
       6093;20190413;-999;-999;-999;    3;   0.2;   4;-999;   0;  -999;   5.6;    -999;    3.1;   75.50;    8.2;    0.3;   -0.3;eor
       6093;20190414;-999;-999;-999;    3;   0.5;   4;-999;   0;  -999;   6.7;    -999;    4.6;   78.71;    7.1;    0.7;   -0.5;eor
       6093;20190415;-999;-999;-999;    3;   0.0;   0;-999;   0;  -999;   5.8;    -999;    7.7;   57.25;   14.5;    2.2;   -1.6;eor
       6093;20190416;-999;-999;-999;    3;   0.0;   0;-999;   0;  -999;   5.3;    -999;    8.1;   54.54;   15.8;    0.0;   -3.4;eor
       6093;20190417;-999;-999;-999;    3;   0.0;   0;-999;   0;  -999;   5.7;    -999;   11.7;   43.38;   18.9;    4.5;   -2.4;eor
       6093;20190418;-999;-999;-999;    3;   0.0;   0;-999;   0;  -999;   6.9;    -999;   13.4;   47.83;   22.4;    4.3;   -1.0;eor
       6093;20190419;-999;-999;-999;    3;   0.0;   0;-999;   0;  -999;   7.0;    -999;   14.6;   45.96;   23.7;    4.6;   -0.6;eor
       6093;20190420;-999;-999;-999;    3;   0.0;   0;-999;   0;  -999;   6.1;    -999;   11.8;   47.21;   20.2;    3.6;   -1.7;eor
       6093;20190421;-999;-999;-999;    3;   0.0;   0;-999;   0;  -999;   6.4;    -999;   13.1;   48.25;   22.7;    2.0;   -2.6;eor
       6093;20190422;-999;-999;-999;    3;   0.0;   0;-999;   0;  -999;   6.3;    -999;   14.5;   40.17;   21.2;    7.1;    0.0;eor
       6093;20190423;-999;-999;-999;    3;   0.0;   0;-999;   0;  -999;   8.2;    -999;   15.1;   49.46;   21.6;   10.3;    3.3;eor
       6093;20190424;-999;-999;-999;    3;   1.3;   4;-999;   0;  -999;  10.9;    -999;   17.5;   56.13;   25.2;   11.1;    9.1;eor
       6093;20190425;-999;-999;-999;    3;   0.0;   0;-999;   0;  -999;  10.1;    -999;   17.1;   55.88;   24.7;    8.8;    3.8;eor
       6093;20190426;-999;-999;-999;    3;   4.4;   4;-999;   0;  -999;  10.3;    -999;   14.1;   65.50;   20.1;    9.4;    6.9;eor
       6093;20190427;-999;-999;-999;    3;   7.0;   4;-999;   0;  -999;  10.4;    -999;   11.8;   78.21;   19.9;    7.4;    4.4;eor
       6093;20190428;-999;-999;-999;    3;   4.3;   4;-999;   0;  -999;   9.4;    -999;    9.1;   83.00;   13.9;    6.1;    3.3;eor
       6093;20190429;-999;-999;-999;    3;   3.5;   4;-999;   0;  -999;   9.3;    -999;    9.5;   79.83;   16.3;    4.2;   -0.1;eor
       6093;20190430;-999;-999;-999;    3;   0.0;   0;-999;   0;  -999;   9.6;    -999;   11.2;   73.08;   20.2;    2.2;   -1.8;eor
       6093;20190501;-999;-999;-999;    3;   0.0;   0;-999;-999;  -999;   9.3;    -999;   10.3;   74.92;   15.0;    7.8;    7.7;eor
       6093;20190502;-999;-999;-999;    3;   4.0;   4;-999;-999;  -999;   9.4;    -999;    9.2;   80.88;   13.1;    4.8;    1.5;eor
       6093;20190503;-999;-999;-999;    3;   1.4;   4;-999;-999;  -999;   6.7;    -999;    6.8;   69.38;   11.3;    2.7;   -1.1;eor
       6093;20190504;-999;-999;-999;    3;   1.1;   4;-999;-999;  -999;   6.5;    -999;    5.0;   75.21;   11.7;   -0.2;   -3.1;eor
       6093;20190505;-999;-999;-999;    3;   0.0;   0;-999;-999;  -999;   5.9;    -999;    5.6;   67.50;   13.1;   -1.9;   -4.8;eor
       6093;20190506;-999;-999;-999;    3;   1.7;   4;-999;-999;  -999;   7.5;    -999;    6.0;   80.25;   11.9;    1.5;   -1.6;eor
       6093;20190507;-999;-999;-999;    3;   0.0;   0;-999;-999;  -999;   6.2;    -999;    7.1;   64.88;   14.1;    1.3;   -1.9;eor
       6093;20190508;-999;-999;-999;    3;   9.8;   4;-999;-999;  -999;   8.9;    -999;    9.4;   75.50;   15.9;    2.9;   -1.2;eor
       6093;20190509;-999;-999;-999;    3;   0.2;   4;-999;-999;  -999;  11.2;    -999;   12.1;   80.79;   17.6;    8.4;    5.5;eor
       6093;20190510;-999;-999;-999;    3;   1.1;   4;-999;-999;  -999;  10.0;    -999;    9.7;   82.92;   14.7;    3.7;    0.1;eor
       6093;20190511;-999;-999;-999;    3;   0.0;   0;-999;-999;  -999;   7.1;    -999;    8.6;   66.50;   14.1;    3.2;    0.0;eor
       6093;20190512;-999;-999;-999;    3;   0.0;   0;-999;-999;  -999;   7.1;    -999;    9.2;   64.17;   15.6;    2.7;   -1.9;eor
       6093;20190513;-999;-999;-999;    3;   0.0;   0;-999;-999;  -999;   6.9;    -999;    9.7;   61.21;   16.3;    2.3;   -2.5;eor
       6093;20190514;-999;-999;-999;    3;   0.0;   0;-999;-999;  -999;   6.5;    -999;    9.2;   59.50;   16.1;    2.6;   -1.6;eor
       6093;20190515;-999;-999;-999;    3;   0.0;   0;-999;-999;  -999;   6.1;    -999;    9.7;   53.33;   16.0;    1.1;   -2.5;eor
       6093;20190516;-999;-999;-999;    3;   5.3;   4;-999;-999;  -999;   9.6;    -999;    9.4;   81.08;   10.7;    7.8;    7.7;eor
       6093;20190517;-999;-999;-999;    3;   0.0;   0;-999;-999;  -999;  11.3;    -999;   12.8;   78.13;   18.0;    9.3;    6.4;eor
       6093;20190518;-999;-999;-999;    3;   0.0;   0;-999;-999;  -999;  12.3;    -999;   17.1;   66.42;   24.4;    9.9;    5.3;eor
       6093;20190519;-999;-999;-999;    3;   0.0;   0;-999;-999;  -999;  14.9;    -999;   17.1;   78.33;   24.0;   11.8;    7.3;eor
       6093;20190520;-999;-999;-999;    3;   3.0;   4;-999;-999;  -999;  15.1;    -999;   15.9;   83.79;   21.0;   11.3;   10.1;eor
       6093;20190521;-999;-999;-999;    3;   8.3;   4;-999;-999;  -999;  15.6;    -999;   14.5;   94.42;   16.1;   11.1;   11.2;eor
       6093;20190522;-999;-999;-999;    3;   0.0;   4;-999;-999;  -999;  11.4;    -999;   11.1;   86.17;   14.9;    6.2;    2.3;eor
       6093;20190523;-999;-999;-999;    3;   0.0;   0;-999;-999;  -999;   9.3;    -999;   14.0;   62.75;   21.1;    4.9;    1.1;eor
       6093;20190524;-999;-999;-999;    3;   0.0;   0;-999;-999;  -999;  10.4;    -999;   15.7;   60.50;   23.9;    9.2;    5.2;eor
       6093;20190525;-999;-999;-999;    3;   0.0;   0;-999;-999;  -999;  10.5;    -999;   11.8;   76.50;   15.4;    7.0;    3.7;eor
       6093;20190526;-999;-999;-999;    3;   4.4;   4;-999;-999;  -999;  11.8;    -999;   14.8;   71.75;   21.5;    6.5;    4.0;eor
       6093;20190527;-999;-999;-999;    3;   0.0;   0;-999;-999;  -999;  12.4;    -999;   16.0;   69.58;   20.6;   11.2;    8.5;eor
       6093;20190528;-999;-999;-999;    3;   0.0;   0;-999;-999;  -999;   9.3;    -999;   12.5;   65.38;   17.5;    6.9;    2.7;eor
       6093;20190529;-999;-999;-999;    3;   0.0;   0;-999;-999;  -999;   7.9;    -999;   10.4;   64.79;   16.5;    3.7;    0.4;eor
       6093;20190530;-999;-999;-999;    3;   0.2;   4;-999;-999;  -999;  11.6;    -999;   14.3;   69.96;   18.3;    6.9;    2.8;eor
       6093;20190531;-999;-999;-999;    3;   0.0;   0;-999;-999;  -999;  15.6;    -999;   18.6;   73.79;   24.6;   13.7;   10.0;eor
       6093;20190601;-999;-999;-999;    3;   0.0;   0;-999;-999;  -999;  14.7;    -999;   19.1;   69.25;   27.3;   12.4;   10.4;eor
       6093;20190602;-999;-999;-999;    3;   0.0;   0;-999;-999;  -999;  15.0;    -999;   22.6;   58.00;   31.3;   12.0;    8.6;eor
       6093;20190603;-999;-999;-999;    3;   7.6;   4;-999;-999;  -999;  16.4;    -999;   20.5;   70.33;   28.5;   13.6;   11.8;eor
       6093;20190604;-999;-999;-999;    3;   1.0;   4;-999;-999;  -999;  16.7;    -999;   19.0;   77.25;   25.4;   13.6;   11.7;eor
       6093;20190605;-999;-999;-999;    3;   0.0;   4;-999;-999;  -999;  18.1;    -999;   23.6;   63.25;   31.2;   17.9;   14.3;eor
       6093;20190606;-999;-999;-999;    3;   0.7;   4;-999;-999;  -999;  15.2;    -999;   18.2;   72.08;   24.1;   12.1;   10.9;eor
       6093;20190607;-999;-999;-999;    3;  11.3;   4;-999;-999;  -999;  11.9;    -999;   17.8;   61.08;   24.6;    9.8;    6.8;eor
       6093;20190608;-999;-999;-999;    3;   0.0;   0;-999;-999;  -999;  11.3;    -999;   16.2;   62.67;   20.5;   12.7;    9.5;eor
       6093;20190609;-999;-999;-999;    3;   1.0;   4;-999;-999;  -999;  10.2;    -999;   17.4;   53.71;   24.0;   10.6;    7.6;eor
       6093;20190610;-999;-999;-999;    3;   0.0;   4;-999;-999;  -999;  16.0;    -999;   19.0;   73.04;   24.9;   13.6;   13.4;eor
       6093;20190611;-999;-999;-999;    3;  11.1;   4;-999;-999;  -999;  17.4;    -999;   18.7;   81.42;   24.1;   15.7;   15.4;eor
       6093;20190612;-999;-999;-999;    3;   2.2;   4;-999;-999;  -999;  18.0;    -999;   17.2;   91.38;   20.9;   12.9;   11.0;eor
       6093;20190613;-999;-999;-999;    3;   0.0;   0;-999;-999;  -999;  13.3;    -999;   18.2;   67.00;   25.2;   12.2;   10.6;eor
       6093;20190614;-999;-999;-999;    3;  14.5;   4;-999;-999;  -999;  14.7;    -999;   20.2;   64.54;   29.7;   12.4;    9.6;eor
       6093;20190615;-999;-999;-999;    3;   0.8;   4;-999;-999;  -999;  18.0;    -999;   19.2;   80.50;   24.0;   12.6;   10.5;eor
       6093;20190616;-999;-999;-999;    3;   1.4;   4;-999;-999;  -999;  14.3;    -999;   17.0;   75.54;   23.9;   10.8;    8.8;eor
       6093;20190617;-999;-999;-999;    3;   0.0;   4;-999;-999;  -999;  14.3;    -999;   19.7;   65.88;   27.0;   12.2;   10.2;eor
       6093;20190618;-999;-999;-999;    3;   0.0;   0;-999;-999;  -999;  15.2;    -999;   23.0;   57.08;   30.3;   15.7;   12.7;eor
       6093;20190619;-999;-999;-999;    3;  10.3;   4;-999;-999;  -999;  17.1;    -999;   23.2;   63.46;   32.7;   16.4;   13.7;eor
       6093;20190620;-999;-999;-999;    3;   8.5;   4;-999;-999;  -999;  17.4;    -999;   18.8;   81.50;   25.5;   15.1;   14.3;eor
       6093;20190621;-999;-999;-999;    3;   0.0;   0;-999;-999;  -999;  13.7;    -999;   17.4;   70.79;   23.7;   12.1;   10.3;eor
       6093;20190622;-999;-999;-999;    3;   0.0;   0;-999;-999;  -999;  11.8;    -999;   16.9;   63.58;   23.3;   10.5;    8.9;eor
       6093;20190623;-999;-999;-999;    3;   0.0;   0;-999;-999;  -999;  13.1;    -999;   20.0;   58.29;   27.3;   12.8;   11.5;eor
       6093;20190624;-999;-999;-999;    3;   0.0;   0;-999;-999;  -999;  13.6;    -999;   22.2;   53.33;   29.6;   14.1;   11.1;eor
       6093;20190625;-999;-999;-999;    3;   0.0;   0;-999;-999;  -999;  16.2;    -999;   25.2;   52.33;   32.9;   16.2;   12.5;eor
       6093;20190626;-999;-999;-999;    3;   0.0;   0;-999;-999;  -999;  18.4;    -999;   24.3;   61.46;   32.5;   15.0;   14.0;eor
       6093;20190627;-999;-999;-999;    3;   0.0;   0;-999;-999;  -999;  12.7;    -999;   16.3;   68.92;   21.3;   12.7;   10.6;eor
       6093;20190628;-999;-999;-999;    3;   0.0;   0;-999;-999;  -999;  12.5;    -999;   17.1;   64.92;   23.4;   13.3;   10.3;eor
       6093;20190629;-999;-999;-999;    3;   0.0;   0;-999;-999;  -999;  13.8;    -999;   21.8;   58.04;   31.2;   11.4;    8.5;eor
       6093;20190630;-999;-999;-999;    3;   0.0;   0;-999;-999;  -999;  14.0;    -999;   24.8;   47.71;   36.8;   14.5;   12.1;eor
       6093;20190701;-999;-999;-999;    3;   0.1;   4;-999;-999;  -999;  13.1;    -999;   19.4;   60.67;   26.4;   13.7;   11.4;eor
       6093;20190702;-999;-999;-999;    3;   0.0;   0;-999;-999;  -999;  11.0;    -999;   15.8;   62.54;   21.3;    8.9;    6.0;eor
       6093;20190703;-999;-999;-999;    3;   0.0;   0;-999;-999;  -999;  10.1;    -999;   13.5;   67.17;   20.8;    7.5;    4.9;eor
       6093;20190704;-999;-999;-999;    3;   0.0;   0;-999;-999;  -999;  11.1;    -999;   15.6;   63.92;   21.6;    6.8;    4.2;eor
       6093;20190705;-999;-999;-999;    3;   0.1;   4;-999;-999;  -999;  13.6;    -999;   16.4;   73.13;   19.6;   14.2;   12.8;eor
       6093;20190706;-999;-999;-999;    3;   2.6;   4;-999;-999;  -999;  13.8;    -999;   15.0;   80.00;   18.1;   12.4;   10.7;eor
       6093;20190707;-999;-999;-999;    3;   0.0;   4;-999;-999;  -999;  10.2;    -999;   13.8;   65.25;   17.9;   11.5;    9.1;eor
       6093;20190708;-999;-999;-999;    3;   0.4;   4;-999;-999;  -999;  11.1;    -999;   13.2;   73.58;   16.6;   10.2;    9.8;eor
       6093;20190709;-999;-999;-999;    3;   0.0;   0;-999;-999;  -999;  11.5;    -999;   13.5;   75.42;   17.8;    8.7;    5.3;eor
       6093;20190710;-999;-999;-999;    3;   0.0;   0;-999;-999;  -999;  11.7;    -999;   15.2;   68.92;   21.8;    8.5;    5.3;eor
       6093;20190711;-999;-999;-999;    3;   6.1;   4;-999;-999;  -999;  13.7;    -999;   16.8;   71.71;   21.3;   12.9;   12.1;eor
       6093;20190712;-999;-999;-999;    3;   1.5;   4;-999;-999;  -999;  16.9;    -999;   17.2;   86.21;   21.5;   14.4;   12.7;eor
       6093;20190713;-999;-999;-999;    3;   0.6;   4;-999;-999;  -999;  16.2;    -999;   17.4;   82.08;   24.8;   14.0;   14.1;eor
       6093;20190714;-999;-999;-999;    3;   0.1;   4;-999;-999;  -999;  13.7;    -999;   14.8;   81.25;   17.3;   13.1;   13.1;eor
       6093;20190715;-999;-999;-999;    3;   0.1;   4;-999;-999;  -999;  12.4;    -999;   14.4;   75.88;   17.5;   12.8;   12.7;eor
       6093;20190716;-999;-999;-999;    3;   0.0;   4;-999;-999;  -999;  13.7;    -999;   16.0;   76.38;   22.1;   11.5;    8.1;eor
       6093;20190717;-999;-999;-999;    3;   0.0;   0;-999;-999;  -999;  12.9;    -999;   15.8;   72.96;   22.1;   11.4;    8.7;eor
       6093;20190718;-999;-999;-999;    3;   0.7;   4;-999;-999;  -999;  13.0;    -999;   19.5;   60.71;   26.9;   10.3;    7.6;eor
       6093;20190719;-999;-999;-999;    3;   0.0;   4;-999;-999;  -999;  13.8;    -999;   19.6;   62.04;   26.3;   14.4;   10.0;eor
       6093;20190720;-999;-999;-999;    3;  20.2;   4;-999;-999;  -999;  15.2;    -999;   19.8;   68.96;   30.1;   13.7;    9.9;eor
       6093;20190721;-999;-999;-999;    3;   0.0;   0;-999;-999;  -999;  15.6;    -999;   18.8;   73.58;   25.6;   13.6;   11.4;eor
       6093;20190722;-999;-999;-999;    3;   0.0;   0;-999;-999;  -999;  15.4;    -999;   18.5;   73.04;   24.7;   11.5;    9.4;eor
       6093;20190723;-999;-999;-999;    3;   0.0;   0;-999;-999;  -999;  17.7;    -999;   23.2;   65.96;   30.4;   15.5;   12.6;eor
       6093;20190724;-999;-999;-999;    3;   0.0;   0;-999;-999;  -999;  16.5;    -999;   25.9;   53.17;   33.9;   17.4;   14.0;eor
       6093;20190725;-999;-999;-999;    3;   0.0;   0;-999;-999;  -999;  16.5;    -999;   27.2;   48.75;   34.8;   18.7;   14.6;eor
       6093;20190726;-999;-999;-999;    3;   0.0;   0;-999;-999;  -999;  15.1;    -999;   24.0;   53.25;   31.4;   16.1;   12.2;eor
       6093;20190727;-999;-999;-999;    3;   0.0;   0;-999;-999;  -999;  15.3;    -999;   22.8;   57.79;   29.3;   17.0;   14.2;eor
       6093;20190728;-999;-999;-999;    3;   0.0;   0;-999;-999;  -999;  17.6;    -999;   23.1;   64.83;   30.3;   16.9;   14.9;eor
       6093;20190729;-999;-999;-999;    3;  28.2;   4;-999;-999;  -999;  21.2;    -999;   20.5;   87.58;   23.2;   17.5;   14.8;eor
       6093;20190730;-999;-999;-999;    3;   6.2;   4;-999;-999;  -999;  17.6;    -999;   19.7;   78.29;   25.6;   15.5;   13.9;eor
       6093;20190731;-999;-999;-999;    3;   3.8;   4;-999;-999;  -999;  17.8;    -999;   19.3;   81.67;   26.1;   14.2;   12.7;eor
       6093;20190801;-999;-999;-999;    3;   7.8;   4;-999;-999;  -999;  14.4;    -999;   18.3;   71.29;   24.7;   12.2;   10.6;eor
       6093;20190802;-999;-999;-999;    3;  10.2;   4;-999;-999;  -999;  16.6;    -999;   17.7;   82.54;   23.9;   14.8;   12.3;eor
       6093;20190803;-999;-999;-999;    3;   0.4;   4;-999;-999;  -999;  16.1;    -999;   18.1;   80.04;   25.5;   13.2;   11.2;eor
       6093;20190804;-999;-999;-999;    3;   0.0;   4;-999;-999;  -999;  15.6;    -999;   17.2;   80.54;   21.8;   12.1;    9.9;eor
       6093;20190805;-999;-999;-999;    3;   1.0;   4;-999;-999;  -999;  17.1;    -999;   18.1;   82.58;   22.2;   13.5;   11.4;eor
       6093;20190806;-999;-999;-999;    3;   0.3;   4;-999;-999;  -999;  17.0;    -999;   19.3;   77.25;   24.8;   14.5;   12.1;eor
       6093;20190807;-999;-999;-999;    3;   1.3;   4;-999;-999;  -999;  15.5;    -999;   18.1;   76.00;   25.1;   13.9;   11.5;eor
       6093;20190808;-999;-999;-999;    3;   0.1;   4;-999;-999;  -999;  14.6;    -999;   18.5;   70.04;   24.8;   13.6;   11.0;eor
       6093;20190809;-999;-999;-999;    3;   2.2;   4;-999;-999;  -999;  17.0;    -999;   18.6;   80.42;   24.5;   11.8;    9.0;eor
       6093;20190810;-999;-999;-999;    3;   0.1;   4;-999;-999;  -999;  16.8;    -999;   20.6;   69.83;   25.3;   17.3;   12.8;eor
       6093;20190811;-999;-999;-999;    3;   0.0;   0;-999;-999;  -999;  12.3;    -999;   19.9;   53.83;   25.5;   15.3;   11.4;eor
       6093;20190812;-999;-999;-999;    3;   2.5;   4;-999;-999;  -999;  12.8;    -999;   19.0;   60.71;   25.2;   14.3;   11.7;eor
       6093;20190813;-999;-999;-999;    3;   4.8;   4;-999;-999;  -999;  13.7;    -999;   13.9;   86.17;   18.2;   10.2;    8.7;eor
       6093;20190814;-999;-999;-999;    3;   1.8;   4;-999;-999;  -999;  11.0;    -999;   15.5;   66.00;   21.9;    9.2;    8.2;eor
       6093;20190815;-999;-999;-999;    3;   1.2;   4;-999;-999;  -999;  15.5;    -999;   15.8;   85.83;   19.6;   12.0;   12.3;eor
       6093;20190816;-999;-999;-999;    3;   0.3;   4;-999;-999;  -999;  14.4;    -999;   17.2;   74.13;   22.0;   14.3;   12.3;eor
       6093;20190817;-999;-999;-999;    3;   0.3;   4;-999;-999;  -999;  15.9;    -999;   18.2;   76.13;   22.8;   14.5;   13.6;eor
       6093;20190818;-999;-999;-999;    3;   4.5;   4;-999;-999;  -999;  18.0;    -999;   17.2;   91.67;   19.6;   14.3;   12.5;eor
       6093;20190819;-999;-999;-999;    3;   0.0;   0;-999;-999;  -999;  13.9;    -999;   17.4;   71.50;   22.6;   13.1;   10.6;eor
       6093;20190820;-999;-999;-999;    3;   0.1;   4;-999;-999;  -999;  12.7;    -999;   17.0;   67.08;   22.6;   11.9;    8.9;eor
       6093;20190821;-999;-999;-999;    3;   0.0;   0;-999;-999;  -999;  11.9;    -999;   16.0;   68.46;   22.7;   10.4;    7.3;eor
       6093;20190822;-999;-999;-999;    3;   0.0;   0;-999;-999;  -999;  11.0;    -999;   18.4;   56.50;   27.1;    9.6;    6.4;eor
       6093;20190823;-999;-999;-999;    3;   0.0;   0;-999;-999;  -999;  12.7;    -999;   19.4;   60.50;   28.3;   10.6;    7.9;eor
       6093;20190824;-999;-999;-999;    3;   0.0;   0;-999;-999;  -999;  13.4;    -999;   21.0;   57.58;   29.7;   11.4;    8.4;eor
       6093;20190825;-999;-999;-999;    3;   0.0;   0;-999;-999;  -999;  17.4;    -999;   23.2;   62.38;   31.1;   15.3;   11.9;eor
       6093;20190826;-999;-999;-999;    3;   0.0;   0;-999;-999;  -999;  15.9;    -999;   25.2;   52.00;   32.5;   18.3;   14.5;eor
       6093;20190827;-999;-999;-999;    3;   0.0;   4;-999;-999;  -999;  19.0;    -999;   24.3;   64.29;   32.6;   18.2;   14.6;eor
       6093;20190828;-999;-999;-999;    3;   0.2;   4;-999;-999;  -999;  18.7;    -999;   24.2;   64.96;   33.2;   18.9;   15.2;eor
       6093;20190829;-999;-999;-999;    3;   1.2;   4;-999;-999;  -999;  18.3;    -999;   20.5;   76.71;   27.2;   15.4;   11.8;eor
       6093;20190830;-999;-999;-999;    3;   0.0;   0;-999;-999;  -999;  16.4;    -999;   19.8;   73.88;   26.8;   13.1;    9.6;eor
       6093;20190831;-999;-999;-999;    3;   0.0;   0;-999;-999;  -999;  17.4;    -999;   23.3;   64.67;   32.4;   13.2;   10.5;eor
       6093;20190901;-999;-999;-999;    3;   1.4;   4;-999;-999;  -999;  15.9;    -999;   18.2;   76.50;   23.4;   11.2;    8.2;eor
       6093;20190902;-999;-999;-999;    3;   0.7;   4;-999;-999;  -999;  11.6;    -999;   14.0;   73.71;   20.0;    9.3;    6.8;eor
       6093;20190903;-999;-999;-999;    3;   0.0;   0;-999;-999;  -999;  12.9;    -999;   15.3;   73.63;   19.7;   10.2;    7.6;eor
       6093;20190904;-999;-999;-999;    3;   0.7;   4;-999;-999;  -999;  13.8;    -999;   16.7;   74.71;   22.6;   12.0;    8.5;eor
       6093;20190905;-999;-999;-999;    3;   1.0;   4;-999;-999;  -999;  12.4;    -999;   13.5;   80.13;   18.8;    9.2;    6.3;eor
       6093;20190906;-999;-999;-999;    3;   0.0;   0;-999;-999;  -999;  10.3;    -999;   13.3;   68.38;   18.7;    7.7;    5.3;eor
       6093;20190907;-999;-999;-999;    3;   0.0;   0;-999;-999;  -999;  11.5;    -999;   13.8;   73.08;   17.5;    9.6;    6.3;eor
       6093;20190908;-999;-999;-999;    3;   0.0;   0;-999;-999;  -999;  11.8;    -999;   13.6;   77.83;   20.3;    7.3;    4.0;eor
       6093;20190909;-999;-999;-999;    3;   6.4;   4;-999;-999;  -999;  13.3;    -999;   13.5;   86.46;   17.8;   10.9;    8.8;eor
       6093;20190910;-999;-999;-999;    3;   0.0;   0;-999;-999;  -999;  11.6;    -999;   14.0;   73.92;   19.7;   10.0;    6.2;eor
       6093;20190911;-999;-999;-999;    3;   0.9;   4;-999;-999;  -999;  11.6;    -999;   14.5;   72.96;   22.1;    8.0;    5.0;eor
       6093;20190912;-999;-999;-999;    3;   0.0;   0;-999;-999;  -999;  15.0;    -999;   17.2;   77.75;   22.3;   14.1;   12.0;eor
       6093;20190913;-999;-999;-999;    3;   0.7;   4;-999;-999;  -999;  13.4;    -999;   16.0;   73.42;   20.8;    8.3;    4.6;eor
       6093;20190914;-999;-999;-999;    3;   0.0;   0;-999;-999;  -999;   9.7;    -999;   12.5;   69.71;   19.7;    5.4;    3.0;eor
       6093;20190915;-999;-999;-999;    3;   0.5;   4;-999;-999;  -999;  11.8;    -999;   14.2;   73.08;   22.6;    8.6;    4.8;eor
       6093;20190916;-999;-999;-999;    3;   0.0;   0;-999;-999;  -999;  11.4;    -999;   13.0;   77.54;   18.6;   10.0;    6.2;eor
       6093;20190917;-999;-999;-999;    3;   2.2;   4;-999;-999;  -999;  10.7;    -999;   10.6;   83.54;   14.8;    7.6;    4.4;eor
       6093;20190918;-999;-999;-999;    3;   0.0;   0;-999;-999;  -999;   9.2;    -999;   10.5;   74.33;   16.8;    6.6;    2.6;eor
       6093;20190919;-999;-999;-999;    3;   0.0;   0;-999;-999;  -999;   9.3;    -999;   10.3;   76.54;   17.2;    5.3;    1.0;eor
       6093;20190920;-999;-999;-999;    3;   0.0;   0;-999;-999;  -999;  10.8;    -999;   11.6;   78.96;   17.0;    4.9;    1.8;eor
       6093;20190921;-999;-999;-999;    3;   0.0;   0;-999;-999;  -999;  11.0;    -999;   14.2;   70.83;   21.8;    6.5;    3.5;eor
       6093;20190922;-999;-999;-999;    3;   0.0;   0;-999;-999;  -999;  10.4;    -999;   16.3;   59.58;   26.0;    8.0;    3.7;eor
       6093;20190923;-999;-999;-999;    3;   0.0;   4;-999;-999;  -999;  12.6;    -999;   15.3;   72.83;   21.9;    9.9;    4.4;eor
       6093;20190924;-999;-999;-999;    3;   0.7;   4;-999;-999;  -999;  14.3;    -999;   16.3;   78.42;   22.4;   12.9;    8.7;eor
       6093;20190925;-999;-999;-999;    3;   6.3;   4;-999;-999;  -999;  14.6;    -999;   13.2;   95.92;   14.9;   12.0;    8.3;eor
       6093;20190926;-999;-999;-999;    3;   9.3;   4;-999;-999;  -999;  15.0;    -999;   14.4;   91.25;   19.1;    9.6;    6.1;eor
       6093;20190927;-999;-999;-999;    3;   0.1;   4;-999;-999;  -999;  14.7;    -999;   15.2;   85.54;   19.0;   12.6;    9.4;eor
       6093;20190928;-999;-999;-999;    3;   3.1;   4;-999;-999;  -999;  13.1;    -999;   14.8;   78.08;   18.8;   12.7;   10.3;eor
       6093;20190929;-999;-999;-999;    3;  30.2;   4;-999;-999;  -999;  14.6;    -999;   13.6;   93.88;   15.0;   12.6;   11.6;eor
       6093;20190930;-999;-999;-999;    3;  13.3;   4;-999;-999;  -999;  13.8;    -999;   13.2;   89.92;   15.1;   10.8;    9.4;eor
       6093;20191001;-999;-999;-999;    3;  16.2;   4;-999;   0;  -999;  13.0;    -999;   11.7;   93.92;   17.9;    8.6;    7.4;eor
       6093;20191002;-999;-999;-999;    3;   3.1;   4;-999;   0;  -999;   9.9;    -999;    9.2;   86.13;   13.9;    6.1;    3.8;eor
       6093;20191003;-999;-999;-999;    3;   0.4;   4;-999;   0;  -999;   9.6;    -999;    8.6;   86.58;   13.4;    5.3;    2.6;eor
       6093;20191004;-999;-999;-999;    3;  10.0;   4;-999;   0;  -999;  10.8;    -999;    8.7;   95.42;   10.9;    6.2;    3.7;eor
       6093;20191005;-999;-999;-999;    3;   0.0;   4;-999;   0;  -999;   9.1;    -999;    8.2;   85.04;   13.6;    4.3;    0.8;eor
       6093;20191006;-999;-999;-999;    3;   0.0;   0;-999;   0;  -999;   8.1;    -999;    6.0;   87.17;   10.5;    2.3;   -1.6;eor
       6093;20191007;-999;-999;-999;    3;   0.5;   4;-999;   0;  -999;   7.0;    -999;    5.9;   77.67;   12.3;   -0.5;   -3.2;eor
       6093;20191008;-999;-999;-999;    3;   2.0;   4;-999;   0;  -999;  12.0;    -999;   11.2;   89.13;   14.4;    7.0;    6.4;eor
       6093;20191009;-999;-999;-999;    3;   4.4;   4;-999;   0;  -999;  11.5;    -999;   11.2;   86.96;   15.1;    9.1;    8.4;eor
       6093;20191010;-999;-999;-999;    3;   4.1;   4;-999;   0;  -999;  10.6;    -999;    9.6;   88.75;   13.9;    7.2;    5.7;eor
       6093;20191011;-999;-999;-999;    3;   2.9;   4;-999;   0;  -999;  12.5;    -999;   13.2;   81.96;   16.0;    9.7;    8.3;eor
       6093;20191012;-999;-999;-999;    3;   2.2;   4;-999;   0;  -999;  13.2;    -999;   12.5;   91.38;   16.3;   10.7;   10.7;eor
       6093;20191013;-999;-999;-999;    3;   0.0;   0;-999;   0;  -999;  16.1;    -999;   15.7;   89.33;   20.6;   10.5;   10.3;eor
       6093;20191014;-999;-999;-999;    3;   0.0;   0;-999;   0;  -999;  13.4;    -999;   15.3;   77.17;   18.5;   12.7;    9.2;eor
       6093;20191015;-999;-999;-999;    3;  22.6;   4;-999;   0;  -999;  15.1;    -999;   15.5;   86.63;   21.9;   12.0;    8.1;eor
       6093;20191016;-999;-999;-999;    3;   9.6;   4;-999;   0;  -999;  13.7;    -999;   12.7;   93.63;   14.7;   10.4;    7.7;eor
       6093;20191017;-999;-999;-999;    1;   0.7;   4;-999;   0;  -999;  14.4;    -999;   14.0;   89.75;   16.1;   12.7;   12.2;eor
       6093;20191018;-999;-999;-999;    1;   4.7;   4;-999;   0;  -999;  12.8;    -999;   12.9;   85.75;   18.9;    9.4;    7.2;eor
       6093;20191019;-999;-999;-999;    1;   0.5;   4;-999;   0;  -999;  11.5;    -999;   11.8;   82.54;   16.0;    8.1;    5.7;eor
       6093;20191020;-999;-999;-999;    1;  11.0;   4;-999;   0;  -999;  13.4;    -999;   12.1;   95.17;   14.3;   10.4;    8.6;eor
       6093;20191021;-999;-999;-999;    1;   0.5;   4;-999;   0;  -999;  14.6;    -999;   13.0;   96.46;   17.2;   10.1;    7.4;eor
       6093;20191022;-999;-999;-999;    1;   0.0;   0;-999;   0;  -999;  11.5;    -999;   11.1;   87.29;   14.5;    7.6;    4.6;eor
       6093;20191023;-999;-999;-999;    1;   0.0;   0;-999;   0;  -999;  11.7;    -999;   10.6;   91.50;   15.2;    6.5;    4.1;eor
       6093;20191024;-999;-999;-999;    1;   0.0;   0;-999;   0;  -999;  13.8;    -999;   13.0;   92.00;   15.1;   11.7;    9.4;eor
       6093;20191025;-999;-999;-999;    1;   0.0;   4;-999;   0;  -999;  11.7;    -999;   13.4;   75.71;   15.6;   11.0;    8.2;eor
       6093;20191026;-999;-999;-999;    1;   2.2;   4;-999;   0;  -999;  12.2;    -999;   15.6;   68.83;   18.9;   12.4;   10.8;eor
       6093;20191027;-999;-999;-999;    1;   0.0;   4;-999;   0;  -999;  10.0;    -999;   10.7;   77.04;   16.8;    7.0;    5.5;eor
       6093;20191028;-999;-999;-999;    1;   1.6;   4;-999;   0;  -999;   8.8;    -999;    7.1;   87.58;   12.2;    3.1;   -0.1;eor
       6093;20191029;-999;-999;-999;    1;   0.0;   0;-999;   0;  -999;   7.2;    -999;    4.1;   88.29;    9.9;   -0.5;   -2.8;eor
       6093;20191030;-999;-999;-999;    1;   0.0;   0;-999;   0;  -999;   6.2;    -999;    2.0;   87.92;    9.0;   -2.1;   -3.9;eor
       6093;20191031;-999;-999;-999;    1;   0.0;   0;-999;   0;  -999;   5.6;    -999;    1.3;   85.08;    8.2;   -3.0;   -4.9;eor
       6093;20191101;-999;-999;-999;    1;   5.2;   4;-999;   0;  -999;   6.4;    -999;    1.9;   89.67;    6.0;   -1.9;   -4.9;eor
       6093;20191102;-999;-999;-999;    1;   4.1;   4;-999;   0;  -999;  12.2;    -999;   10.5;   94.88;   14.9;    6.0;    5.5;eor
       6093;20191103;-999;-999;-999;    1;   3.6;   4;-999;   0;  -999;  11.3;    -999;   10.2;   90.83;   13.3;    8.4;    4.5;eor
       6093;20191104;-999;-999;-999;    1;   3.6;   4;-999;   0;  -999;  11.8;    -999;   10.3;   93.79;   13.0;    8.1;    5.4;eor
       6093;20191105;-999;-999;-999;    1;  15.1;   4;-999;   0;  -999;  10.7;    -999;    8.8;   94.83;   10.7;    7.2;    6.3;eor
       6093;20191106;-999;-999;-999;    1;   2.3;   4;-999;   0;  -999;   9.4;    -999;    6.6;   96.29;    7.4;    4.4;    1.9;eor
       6093;20191107;-999;-999;-999;    1;   0.7;   4;-999;   0;  -999;   8.9;    -999;    5.8;   96.00;    8.2;    4.0;    3.4;eor
       6093;20191108;-999;-999;-999;    1;   1.8;   4;-999;   0;  -999;   8.4;    -999;    5.3;   94.17;    8.2;    2.9;    0.2;eor
       6093;20191109;-999;-999;-999;    1;   0.7;   4;-999;   0;  -999;   8.4;    -999;    5.1;   95.42;    7.6;    1.4;   -1.1;eor
       6093;20191110;-999;-999;-999;    1;   0.0;   0;-999;   0;  -999;   6.8;    -999;    2.7;   91.42;    8.1;   -0.6;   -2.7;eor
       6093;20191111;-999;-999;-999;    1;   0.0;   0;-999;   0;  -999;   6.3;    -999;    1.3;   94.29;    3.7;   -1.4;   -3.1;eor
       6093;20191112;-999;-999;-999;    1;   0.0;   0;-999;   0;  -999;   6.8;    -999;    4.6;   80.38;    8.5;    1.6;   -0.8;eor
       6093;20191113;-999;-999;-999;    1;   0.0;   0;-999;   0;  -999;   6.8;    -999;    3.3;   88.00;    6.0;    0.6;   -1.7;eor
       6093;20191114;-999;-999;-999;    1;   0.0;   0;-999;   0;  -999;   7.0;    -999;    3.5;   89.67;    8.1;    0.6;   -2.2;eor
       6093;20191115;-999;-999;-999;    1;   0.0;   0;-999;   0;  -999;   7.7;    -999;    4.9;   88.75;    6.8;    2.0;    0.8;eor
       6093;20191116;-999;-999;-999;    1;  11.1;   4;-999;   0;  -999;   8.2;    -999;    4.8;   93.88;    6.6;    0.9;   -1.6;eor
       6093;20191117;-999;-999;-999;    1;   0.1;   4;-999;   0;  -999;   6.9;    -999;    2.7;   92.75;    6.0;   -0.2;   -2.5;eor
       6093;20191118;-999;-999;-999;    1;   3.7;   4;-999;   0;  -999;   9.0;    -999;    6.3;   93.92;    7.4;    4.9;    4.2;eor
       6093;20191119;-999;-999;-999;    1;   0.2;   4;-999;   0;  -999;   8.4;    -999;    5.6;   91.46;    7.0;    4.2;    2.7;eor
       6093;20191120;-999;-999;-999;    1;   2.1;   4;-999;   0;  -999;   7.9;    -999;    4.1;   96.29;    5.0;    2.0;    2.2;eor
       6093;20191121;-999;-999;-999;    1;   1.2;   4;-999;   0;  -999;   8.7;    -999;    5.0;   98.42;    7.3;    2.0;    2.3;eor
       6093;20191122;-999;-999;-999;    1;   0.0;   0;-999;   0;  -999;   9.0;    -999;    6.0;   95.54;    7.8;    4.6;    3.1;eor
       6093;20191123;-999;-999;-999;    1;   0.0;   0;-999;   0;  -999;   8.8;    -999;    6.8;   88.67;    7.7;    5.3;    5.2;eor
       6093;20191124;-999;-999;-999;    1;   0.0;   0;-999;   0;  -999;   7.8;    -999;    4.8;   90.63;    5.8;    3.8;    3.8;eor
       6093;20191125;-999;-999;-999;    1;   0.0;   0;-999;   0;  -999;   8.1;    -999;    4.6;   95.63;    4.8;    4.2;    4.3;eor
       6093;20191126;-999;-999;-999;    1;   0.0;   0;-999;   0;  -999;   8.7;    -999;    6.0;   93.38;    7.7;    4.0;    4.2;eor
       6093;20191127;-999;-999;-999;    1;   2.3;   4;-999;   0;  -999;   9.5;    -999;    7.4;   92.63;    8.3;    6.5;    3.4;eor
       6093;20191128;-999;-999;-999;    1;   7.3;   4;-999;   0;  -999;  10.4;    -999;    9.0;   91.13;   10.2;    6.9;    5.9;eor
       6093;20191129;-999;-999;-999;    1;   0.1;   4;-999;   0;  -999;   6.4;    -999;    3.5;   80.33;    6.8;   -0.9;   -3.7;eor
       6093;20191130;-999;-999;-999;    1;   0.4;   4;-999;   0;  -999;   6.4;    -999;    1.6;   92.83;    5.5;   -0.8;   -4.0;eor
       6093;20191201;-999;-999;-999;    1;   0.0;   0;-999;   0;  -999;   6.7;    -999;    1.4;   98.08;    2.2;   -0.6;   -1.2;eor
       6093;20191202;-999;-999;-999;    1;   0.3;   4;-999;   0;  -999;   7.0;    -999;    3.0;   92.25;    6.2;    1.3;   -1.6;eor
       6093;20191203;-999;-999;-999;    1;   0.0;   4;-999;   0;  -999;   8.0;    -999;    4.8;   92.63;    6.6;    1.6;   -1.2;eor
       6093;20191204;-999;-999;-999;    1;   0.0;   0;-999;   0;  -999;   7.2;    -999;    4.0;   88.88;    5.7;   -0.2;   -2.6;eor
       6093;20191205;-999;-999;-999;    1;   0.0;   0;-999;   0;  -999;   5.9;    -999;    1.1;   88.96;    4.0;   -2.0;   -4.0;eor
       6093;20191206;-999;-999;-999;    1;   4.0;   4;-999;   0;  -999;   7.9;    -999;    4.7;   91.13;    7.2;    1.5;   -0.1;eor
       6093;20191207;-999;-999;-999;    1;   6.7;   4;-999;   0;  -999;   9.7;    -999;    8.0;   90.21;    9.1;    7.1;    6.4;eor
       6093;20191208;-999;-999;-999;    1;   2.6;   4;-999;   0;  -999;   8.9;    -999;    8.1;   82.17;    9.6;    6.7;    4.8;eor
       6093;20191209;-999;-999;-999;    1;   1.1;   4;-999;   0;  -999;   7.6;    -999;    5.9;   82.33;    7.6;    3.3;    1.5;eor
       6093;20191210;-999;-999;-999;    1;   0.8;   4;-999;   0;  -999;   6.3;    -999;    3.1;   82.50;    6.1;    1.3;   -1.3;eor
       6093;20191211;-999;-999;-999;    1;  10.3;   4;-999;   0;  -999;   7.1;    -999;    3.6;   90.29;    4.6;    2.6;    2.5;eor
       6093;20191212;-999;-999;-999;    1;   0.0;   0;-999;   0;  -999;   7.4;    -999;    3.4;   94.54;    4.7;    1.9;   -1.1;eor
       6093;20191213;-999;-999;-999;    1;   2.2;   4;-999;   0;  -999;   5.8;    -999;    0.9;   88.96;    2.4;   -0.2;   -2.4;eor
       6093;20191214;-999;-999;-999;    1;   4.2;   4;-999;   0;  -999;   7.1;    -999;    3.6;   90.29;    5.7;    0.8;    0.2;eor
       6093;20191215;-999;-999;-999;    1;   0.7;   4;-999;   0;  -999;   7.0;    -999;    5.7;   77.08;    8.8;    1.1;   -1.4;eor
       6093;20191216;-999;-999;-999;    1;   0.2;   4;-999;   0;  -999;   8.0;    -999;    5.5;   87.17;    7.3;    2.9;   -0.8;eor
       6093;20191217;-999;-999;-999;    1;   1.3;   4;-999;   0;  -999;   9.3;    -999;    9.3;   79.63;   12.9;    5.6;    2.4;eor
       6093;20191218;-999;-999;-999;    1;   0.0;   0;-999;   0;  -999;   8.8;    -999;    6.7;   89.04;   10.6;    3.6;   -0.7;eor
       6093;20191219;-999;-999;-999;    1;   0.0;   0;-999;   0;  -999;   8.4;    -999;    6.2;   89.00;   10.6;    3.3;   -1.1;eor
       6093;20191220;-999;-999;-999;    1;   2.8;   4;-999;   0;  -999;   8.5;    -999;    6.3;   89.29;    9.2;    3.0;    0.9;eor
       6093;20191221;-999;-999;-999;    1;   0.0;   0;-999;   0;  -999;   8.5;    -999;    6.3;   88.42;    9.4;    3.1;   -0.9;eor
       6093;20191222;-999;-999;-999;    1;   1.3;   4;-999;   0;  -999;   7.3;    -999;    3.7;   91.58;    5.5;    1.9;   -1.4;eor
       6093;20191223;-999;-999;-999;    1;   0.8;   4;-999;   0;  -999;   8.8;    -999;    6.8;   88.67;    8.3;    5.5;    4.6;eor
       6093;20191224;-999;-999;-999;    1;   5.5;   4;-999;   0;  -999;   8.3;    -999;    5.6;   91.83;    6.9;    4.5;    3.6;eor
       6093;20191225;-999;-999;-999;    1;   1.2;   4;-999;   0;  -999;   8.3;    -999;    4.9;   95.79;    6.3;    4.0;    2.0;eor
       6093;20191226;-999;-999;-999;    1;   1.0;   4;-999;   0;  -999;   7.8;    -999;    4.2;   94.58;    6.5;    1.2;   -0.7;eor
       6093;20191227;-999;-999;-999;    1;   0.1;   4;-999;   0;  -999;   6.3;    -999;    1.7;   91.29;    3.3;   -2.2;   -4.5;eor
       6093;20191228;-999;-999;-999;    1;   0.0;   0;-999;   0;  -999;   4.9;    -999;   -1.6;   89.88;    0.6;   -3.5;   -5.5;eor
