STATIONS_ID;MESS_DATUM;QN_3;  FX;  FM;QN_4; RSK;RSKF; SDK;SHK_TAG;  NM; VPM;  PM; TMK; UPM; TXK; TNK; TGK;eor
       6159;20180703;   10;   7.4;   2.6;    3;   0.0;   0;   14.483;-999;  -999;  13.0;    -999;   17.1;   69.83;   25.1;    7.8;    4.4;eor
       6159;20180704;   10;   6.3;   2.2;    3;   0.0;   0;   15.433;-999;  -999;  12.9;    -999;   17.2;   69.67;   26.3;    5.7;    3.8;eor
       6159;20180705;   10;   8.2;   2.3;    3;   0.1;   4;    5.317;-999;  -999;  14.6;    -999;   16.2;   79.58;   20.7;    8.5;    6.9;eor
       6159;20180706;   10;   8.9;   3.1;    3;   0.0;   0;   10.533;-999;  -999;  12.9;    -999;   18.0;   65.58;   23.7;   10.0;    7.5;eor
       6159;20180707;   10;   9.2;   2.7;    3;   0.0;   0;   13.133;-999;  -999;  12.2;    -999;   15.4;   72.17;   22.5;    6.9;    4.1;eor
       6159;20180708;   10;   9.3;   2.8;    3;   0.0;   0;   15.133;-999;  -999;  12.2;    -999;   15.5;   71.63;   23.1;    4.6;    2.6;eor
       6159;20180709;   10;  10.2;   2.7;    3;   0.6;   4;    0.167;-999;  -999;  13.8;    -999;   15.0;   80.88;   21.0;    6.7;    5.2;eor
       6159;20180710;   10;  12.1;   4.0;    3;   2.1;   4;    5.850;-999;  -999;  13.6;    -999;   15.9;   76.67;   21.2;   11.0;    6.7;eor
       6159;20180711;   10;  10.4;   3.0;    3;   0.0;   4;    1.950;-999;  -999;  15.4;    -999;   17.1;   79.67;   22.6;    7.9;    4.8;eor
       6159;20180712;   10;   8.5;   2.9;    3;   0.0;   0;   15.033;-999;  -999;  15.8;    -999;   18.9;   75.00;   26.1;   12.2;    9.4;eor
       6159;20180713;   10;  10.0;   2.8;    3;   0.0;   0;   11.017;-999;  -999;  14.8;    -999;   17.5;   75.00;   23.1;    9.6;    6.8;eor
       6159;20180714;   10;   7.7;   2.0;    3;   0.0;   0;    8.117;-999;  -999;  12.9;    -999;   16.3;   72.17;   23.2;    8.4;    5.4;eor
       6159;20180715;   10;   8.3;   2.3;    3;   0.0;   0;   15.050;-999;  -999;  12.8;    -999;   18.5;   64.17;   26.7;    6.0;    3.2;eor
       6159;20180716;   10;   8.7;   2.6;    3;   0.0;   0;   15.283;-999;  -999;  13.5;    -999;   21.9;   56.13;   29.0;   11.6;    7.5;eor
       6159;20180717;   10;  11.1;   2.4;    3;   0.0;   0;   13.617;-999;  -999;  14.5;    -999;   21.4;   61.25;   30.5;   10.8;    8.1;eor
       6159;20180718;   10;   7.2;   2.4;    3;   0.0;   0;   11.267;-999;  -999;  13.1;    -999;   19.0;   63.42;   25.3;   11.0;    7.1;eor
       6159;20180719;   10;   8.9;   2.1;    3;   0.0;   0;    5.467;-999;  -999;  12.7;    -999;   18.9;   62.33;   27.4;    8.6;    5.8;eor
       6159;20180720;   10;   9.1;   3.7;    3;   0.0;   0;   12.567;-999;  -999;  12.9;    -999;   20.7;   56.04;   28.3;   13.6;   12.4;eor
       6159;20180721;   10;  10.8;   2.6;    3;   0.0;   0;    7.600;-999;  -999;  13.4;    -999;   23.2;   49.71;   29.8;   17.5;   15.7;eor
       6159;20180722;   10;   9.8;   2.8;    3;   0.0;   0;    9.900;-999;  -999;  16.0;    -999;   20.9;   65.96;   26.6;   15.7;   12.3;eor
       6159;20180723;   10;   5.4;   1.5;    3;   0.0;   0;   14.817;-999;  -999;  15.8;    -999;   22.6;   61.67;   30.4;   11.9;    9.3;eor
       6159;20180724;   10;   8.2;   2.0;    3;   0.0;   0;   12.800;-999;  -999;  16.6;    -999;   25.4;   55.75;   34.4;   14.8;   11.6;eor
       6159;20180725;   10;  10.0;   3.1;    3;   0.0;   0;   10.500;-999;  -999;  18.2;    -999;   24.9;   60.25;   32.3;   17.6;   14.9;eor
       6159;20180726;   10;   9.8;   2.9;    3;   0.1;   4;   10.683;-999;  -999;  16.8;    -999;   27.5;   52.63;   36.2;   18.4;   17.3;eor
       6159;20180727;   10;  12.4;   3.6;    3;   0.0;   0;   14.683;-999;  -999;  14.4;    -999;   28.6;   39.67;   35.1;   20.4;   15.8;eor
       6159;20180728;   10;  12.9;   2.8;    3;   2.7;   4;    4.950;-999;  -999;  17.5;    -999;   22.0;   66.71;   29.1;   10.6;    6.3;eor
       6159;20180729;   10;  11.5;   2.8;    3;   0.2;   4;    7.000;-999;  -999;  12.5;    -999;   20.6;   56.92;   30.2;    9.4;    5.3;eor
       6159;20180730;   10;   9.6;   2.0;    3;   0.0;   0;    9.133;-999;  -999;  16.2;    -999;   24.8;   55.29;   32.9;   17.5;   15.8;eor
       6159;20180731;   10;  13.3;   2.6;    3;   0.0;   0;   10.067;-999;  -999;  17.5;    -999;   23.2;   63.92;   31.4;   13.1;    9.1;eor
       6159;20180801;   10;   7.3;   1.6;    3;   0.0;   0;   10.867;-999;  -999;  14.2;    -999;   19.8;   65.46;   27.0;    8.5;    6.1;eor
       6159;20180802;   10;   8.8;   2.1;    3;   0.0;   0;   13.883;-999;  -999;  14.2;    -999;   23.4;   54.54;   32.4;   11.7;    9.4;eor
       6159;20180803;   10;   8.1;   2.3;    3;   0.0;   0;   14.333;-999;  -999;  15.5;    -999;   23.6;   56.96;   31.8;   13.2;   10.8;eor
       6159;20180804;   10;  10.5;   2.5;    3;   0.0;   0;   10.750;-999;  -999;  18.1;    -999;   21.8;   70.96;   29.7;   13.7;   11.8;eor
       6159;20180805;   10;   8.3;   2.4;    3;   0.0;   4;   10.300;-999;  -999;  14.6;    -999;   19.8;   65.63;   26.1;   11.3;    7.8;eor
       6159;20180806;   10;   6.9;   1.9;    3;   0.0;   0;   14.200;-999;  -999;  12.8;    -999;   21.6;   57.67;   31.8;    8.5;    5.8;eor
       6159;20180807;   10;   8.7;   1.8;    3;   0.5;   4;   13.267;-999;  -999;  13.4;    -999;   25.8;   48.96;   36.7;   11.6;    9.1;eor
       6159;20180808;   10;  11.8;   3.0;    3;   0.2;   4;    1.517;-999;  -999;  17.7;    -999;   22.1;   66.63;   26.5;   14.3;   11.0;eor
       6159;20180809;   10;  17.3;   3.2;    3;  24.9;   4;    7.067;-999;  -999;  17.4;    -999;   19.2;   79.38;   27.8;   10.1;    6.7;eor
       6159;20180810;   10;  15.2;   3.8;    3;   5.6;   4;    8.700;-999;  -999;  14.0;    -999;   17.0;   72.96;   22.1;   12.4;   12.1;eor
       6159;20180811;   10;  13.0;   3.7;    3;   0.4;   4;    9.033;-999;  -999;  13.0;    -999;   15.5;   76.13;   21.4;   10.0;    7.7;eor
       6159;20180812;   10;   8.2;   2.0;    3;   0.0;   0;    1.833;-999;  -999;  14.1;    -999;   17.7;   72.08;   25.9;    9.1;    7.2;eor
       6159;20180813;   10;   9.4;   2.4;    3;   7.4;   4;    1.700;-999;  -999;  17.0;    -999;   19.2;   77.04;   25.0;   16.4;   15.8;eor
       6159;20180814;   10;  10.5;   3.0;    3;   2.7;   4;    3.067;-999;  -999;  17.1;    -999;   18.2;   82.75;   22.7;   16.0;   13.4;eor
       6159;20180815;   10;   7.9;   2.5;    3;   0.0;   0;    1.417;-999;  -999;  17.9;    -999;   19.5;   79.83;   24.0;   15.0;   12.7;eor
       6159;20180816;   10;   9.9;   3.1;    3;   4.7;   4;    9.183;-999;  -999;  16.4;    -999;   19.2;   75.88;   25.3;   12.8;   11.4;eor
       6159;20180817;   10;   6.2;   1.6;    3;   0.5;   4;    5.550;-999;  -999;  15.1;    -999;   16.9;   81.13;   23.5;   10.6;    8.8;eor
       6159;20180818;   10;   9.5;   2.6;    3;   0.0;   0;    7.500;-999;  -999;  14.3;    -999;   17.1;   75.63;   23.5;    8.9;    7.2;eor
       6159;20180819;   10;   9.8;   3.1;    3;   0.0;   4;    2.967;-999;  -999;  16.6;    -999;   19.5;   74.38;   23.6;   13.0;   12.2;eor
       6159;20180820;   10;   7.1;   2.2;    3;   0.4;   4;    0.683;-999;  -999;  19.1;    -999;   19.0;   86.63;   21.2;   14.2;   11.8;eor
       6159;20180821;   10;   6.0;   1.3;    3;   0.0;   0;    4.783;-999;  -999;  16.8;    -999;   19.2;   78.04;   26.5;   12.7;   11.1;eor
       6159;20180822;   10;   7.2;   1.7;    3;   0.0;   0;   10.033;-999;  -999;  17.5;    -999;   21.4;   72.58;   29.2;   13.3;   11.2;eor
       6159;20180823;   10;   9.2;   2.6;    3;   4.1;   4;    1.567;-999;  -999;  18.1;    -999;   19.6;   80.42;   24.4;   13.7;   11.6;eor
       6159;20180824;   10;  14.2;   3.0;    3;   5.0;   4;    5.117;-999;  -999;  13.2;    -999;   15.0;   78.67;   18.7;   11.1;   10.3;eor
       6159;20180825;   10;  11.3;   2.6;    3;   4.6;   4;    2.717;-999;  -999;  12.4;    -999;   11.9;   89.54;   16.2;    8.9;    7.0;eor
       6159;20180826;   10;   9.5;   2.7;    3;   1.3;   4;    8.233;-999;  -999;  10.4;    -999;   14.2;   67.71;   20.0;    7.9;    5.9;eor
       6159;20180827;   10;  14.1;   4.4;    3;   0.3;   4;    1.250;-999;  -999;  14.7;    -999;   16.1;   81.04;   19.9;   12.5;   11.4;eor
       6159;20180828;   10;   5.7;   1.8;    3;   0.0;   0;    0.150;-999;  -999;  14.9;    -999;   16.9;   78.75;   21.3;   12.7;    9.5;eor
       6159;20180829;   10;   8.0;   2.1;    3;   8.4;   4;    6.717;-999;  -999;  14.3;    -999;   17.6;   73.96;   25.6;   10.9;    7.6;eor
       6159;20180830;   10;  12.4;   3.3;    3;   1.2;   4;    6.033;-999;  -999;  14.5;    -999;   15.8;   81.25;   19.7;    9.3;    7.0;eor
       6159;20180831;   10;   8.8;   1.9;    3;   0.0;   0;    5.000;-999;  -999;  11.9;    -999;   13.4;   79.46;   19.4;    7.5;    4.7;eor
       6159;20180901;   10;   8.0;   2.0;    3;   0.0;   0;    7.750;-999;  -999;  11.4;    -999;   13.4;   77.71;   21.2;    5.2;    3.0;eor
       6159;20180902;   10;   8.9;   2.7;    3;   0.0;   0;   10.717;-999;  -999;  13.1;    -999;   16.0;   74.79;   21.9;    9.2;    6.1;eor
       6159;20180903;   10;   7.2;   3.1;    3;   0.0;   0;    4.283;-999;  -999;  18.1;    -999;   20.5;   76.38;   27.2;   16.1;   14.7;eor
       6159;20180904;   10;   6.3;   2.6;    3;   0.0;   0;   11.083;-999;  -999;  18.1;    -999;   21.0;   74.96;   27.7;   15.5;   13.0;eor
       6159;20180905;   10;   7.7;   2.7;    3;   0.0;   0;   11.350;-999;  -999;  14.9;    -999;   19.0;   70.96;   26.1;   12.7;    9.7;eor
       6159;20180906;   10;   5.1;   1.4;    3;   0.2;   4;    1.917;-999;  -999;  16.4;    -999;   16.9;   85.25;   20.2;   11.6;    8.3;eor
       6159;20180907;   10;  12.1;   3.3;    3;   3.7;   4;    4.283;-999;  -999;  13.4;    -999;   14.2;   82.88;   17.6;   10.8;    8.9;eor
       6159;20180908;   10;  10.5;   4.0;    3;   0.0;   0;    4.183;-999;  -999;  12.4;    -999;   14.8;   74.75;   19.5;   11.0;    9.6;eor
       6159;20180909;   10;   8.8;   3.4;    3;   0.0;   0;    4.983;-999;  -999;  13.2;    -999;   17.9;   65.29;   23.1;   13.3;   12.0;eor
       6159;20180910;   10;  10.0;   2.7;    3;   0.0;   0;    0.750;-999;  -999;  14.1;    -999;   17.4;   70.88;   20.2;   15.1;   12.0;eor
       6159;20180911;   10;  13.5;   4.5;    3;   1.3;   4;    1.517;-999;  -999;  16.0;    -999;   18.2;   76.54;   21.6;   14.8;   13.2;eor
       6159;20180912;   10;   7.4;   1.7;    3;   1.1;   4;    0.000;-999;  -999;  14.8;    -999;   14.0;   92.13;   15.6;    9.9;    6.7;eor
       6159;20180913;   10;   5.0;   1.2;    3;   0.0;   0;   10.317;-999;  -999;  10.6;    -999;   12.6;   76.75;   19.9;    5.5;    2.1;eor
       6159;20180914;   10;   8.6;   2.1;    3;   0.8;   4;    8.883;-999;  -999;  10.6;    -999;   13.2;   72.96;   20.1;    3.9;    0.3;eor
       6159;20180915;   10;   8.4;   2.3;    3;   0.1;   4;    2.850;-999;  -999;  12.8;    -999;   14.1;   80.25;   20.0;    9.3;    4.5;eor
       6159;20180916;   10;  11.1;   2.6;    3;   0.0;   0;    5.000;-999;  -999;  12.0;    -999;   14.7;   75.13;   22.2;    8.5;    3.5;eor
       6159;20180917;   10;   8.5;   2.1;    3;   0.0;   0;   11.167;-999;  -999;  11.8;    -999;   16.3;   67.38;   25.1;    9.8;    3.3;eor
       6159;20180918;   10;  13.5;   3.7;    3;   0.0;   0;   11.550;-999;  -999;  12.9;    -999;   20.2;   57.58;   29.7;    9.0;    3.4;eor
       6159;20180919;   10;  14.6;   4.5;    3;   0.0;   0;    9.500;-999;  -999;  14.7;    -999;   19.9;   65.54;   25.7;   14.0;   12.0;eor
       6159;20180920;   10;  12.6;   4.6;    3;   0.0;   0;    3.583;-999;  -999;  14.7;    -999;   20.2;   62.75;   24.3;   17.1;   12.2;eor
       6159;20180921;   10;  17.0;   6.2;    3;  11.1;   4;    3.583;-999;  -999;  11.9;    -999;   15.8;   66.92;   20.9;    9.0;    7.6;eor
       6159;20180922;   10;  12.7;   3.7;    3;   0.7;   4;    3.267;-999;  -999;  11.9;    -999;   11.8;   86.50;   16.3;    9.5;    7.9;eor
       6159;20180923;   10;  10.7;   1.8;    3;   7.9;   4;    0.000;-999;  -999;  11.8;    -999;   10.1;   94.79;   11.6;    8.0;    4.5;eor
       6159;20180924;   10;  12.9;   3.3;    3;   1.3;   4;    6.567;-999;  -999;   9.2;    -999;    9.7;   77.38;   14.5;    5.3;    1.7;eor
       6159;20180925;   10;-999;   1.5;    3;   0.0;   0;    5.500;-999;  -999;   9.6;    -999;    9.6;   83.04;   16.0;    4.2;    1.3;eor
       6159;20180926;   10;  11.8;   4.0;    3;   0.0;   0;    7.533;-999;  -999;  10.3;    -999;   13.1;   68.92;   18.6;    7.2;    4.2;eor
       6159;20180927;   10;   9.8;   2.9;    3;   0.0;   4;   10.900;-999;  -999;  11.5;    -999;   15.8;   65.79;   22.2;   10.7;    8.5;eor
       6159;20180928;   10;  12.8;   3.4;    3;   0.0;   0;    6.817;-999;  -999;   9.6;    -999;   12.2;   68.00;   16.5;    2.9;   -0.7;eor
       6159;20180929;   10;   6.4;   1.6;    3;   0.0;   0;    9.217;-999;  -999;   8.2;    -999;    8.1;   78.88;   16.2;    1.7;   -1.6;eor
       6159;20180930;   10;   7.4;   2.0;    3;   0.0;   0;    6.583;-999;  -999;   9.2;    -999;    9.7;   77.88;   17.0;    1.2;   -1.6;eor
       6159;20181001;   10;  13.2;   3.0;    3;   3.6;   4;    4.917;   0;  -999;   9.0;    -999;    8.9;   79.33;   13.0;    5.6;    3.9;eor
       6159;20181002;   10;  11.8;   4.5;    3;   2.4;   4;    0.383;   0;  -999;  10.9;    -999;   10.0;   87.46;   15.7;    6.0;    5.6;eor
       6159;20181003;   10;  10.4;   3.2;    3;   0.4;   4;    4.400;   0;  -999;   9.8;    -999;   11.3;   73.33;   14.7;    7.9;    4.5;eor
       6159;20181004;   10;   7.5;   3.0;    3;   0.0;   0;    0.050;   0;  -999;  13.6;    -999;   13.6;   87.63;   16.5;   10.5;    9.3;eor
       6159;20181005;   10;   6.7;   2.3;    3;   0.0;   0;   10.567;   0;  -999;  11.9;    -999;   13.4;   80.04;   20.8;    7.5;    4.0;eor
       6159;20181006;   10;  11.3;   2.3;    3;   0.3;   4;    9.700;   0;  -999;  12.6;    -999;   14.0;   81.38;   23.5;    5.2;    2.5;eor
       6159;20181007;   10;  11.0;   2.7;    3;   0.0;   0;    6.300;   0;  -999;   9.6;    -999;   10.1;   78.71;   15.2;    3.4;    0.1;eor
       6159;20181008;   10;   6.9;   2.1;    3;   0.0;   0;    6.850;   0;  -999;   9.4;    -999;    9.6;   80.08;   16.9;    2.8;    0.0;eor
       6159;20181009;   10;   7.7;   2.2;    3;   0.0;   0;    9.067;   0;  -999;   9.7;    -999;   11.0;   76.88;   19.3;    4.5;    0.8;eor
       6159;20181010;   10;   9.3;   2.4;    3;   0.0;   0;    9.800;   0;  -999;  12.0;    -999;   13.6;   78.33;   22.8;    3.6;    0.5;eor
       6159;20181011;   10;   6.5;   2.3;    3;   0.0;   0;    8.750;   0;  -999;  13.7;    -999;   17.0;   71.46;   23.4;   11.2;    6.4;eor
       6159;20181012;   10;  10.7;   3.5;    3;   0.0;   0;    9.317;   0;  -999;  14.8;    -999;   18.8;   68.54;   24.0;   14.4;   12.1;eor
       6159;20181013;   10;   9.5;   3.3;    3;   0.0;   0;    9.000;   0;  -999;  14.5;    -999;   21.0;   59.50;   27.8;   14.7;   10.8;eor
       6159;20181014;   10;  11.1;   2.9;    3;   0.0;   0;    8.900;   0;  -999;  12.2;    -999;   19.3;   56.42;   26.5;   11.1;    6.8;eor
       6159;20181015;   10;   8.9;   2.1;    3;   0.1;   4;    7.967;   0;  -999;  13.3;    -999;   17.7;   67.25;   24.5;   10.4;    5.9;eor
       6159;20181016;   10;   4.8;   1.4;    3;   0.0;   0;    5.033;   0;  -999;  14.6;    -999;   16.8;   78.38;   24.4;   11.3;    8.1;eor
       6159;20181017;   10;   6.5;   1.8;    3;   0.4;   4;    7.217;   0;  -999;  13.9;    -999;   15.2;   80.63;   21.0;   10.0;    6.5;eor
       6159;20181018;   10;   8.2;   2.9;    3;   0.1;   4;    2.400;   0;  -999;  11.9;    -999;   11.9;   84.67;   16.0;    4.1;   -1.2;eor
       6159;20181019;   10;   4.8;   1.7;    3;   0.0;   0;    4.000;   0;  -999;   8.8;    -999;    8.2;   82.63;   13.4;    2.3;   -2.1;eor
       6159;20181020;   10;   7.7;   1.7;    3;   0.0;   0;    5.517;   0;  -999;   9.7;    -999;    8.8;   85.63;   16.5;    0.0;   -2.5;eor
       6159;20181021;   10;   7.9;   2.4;    3;   1.8;   4;    0.700;   0;  -999;  11.4;    -999;   12.3;   80.58;   16.3;    8.6;    5.0;eor
       6159;20181022;   10;  10.8;   3.0;    3;   0.0;   0;    5.233;   0;  -999;  10.0;    -999;   10.7;   77.58;   14.2;    5.9;    0.8;eor
       6159;20181023;   10;  13.0;   4.9;    3;   2.3;   4;    0.000;   0;  -999;  11.8;    -999;   11.4;   86.54;   13.4;    7.5;    6.1;eor
       6159;20181024;   10;  12.7;   4.2;    3;   0.8;   4;    2.467;   0;  -999;  13.4;    -999;   12.9;   89.96;   15.4;   11.9;   11.4;eor
       6159;20181025;   10;  11.2;   3.3;    3;   1.0;   4;    0.933;   0;  -999;  12.4;    -999;   11.8;   89.08;   14.6;    9.9;    9.4;eor
       6159;20181026;   10;   9.7;   3.6;    3;   6.4;   4;    0.017;   0;  -999;  11.2;    -999;    9.6;   92.63;   11.7;    6.1;    4.9;eor
       6159;20181027;   10;   8.8;   2.5;    3;   1.0;   4;    4.667;   0;  -999;   8.4;    -999;    6.0;   89.54;   10.2;    2.5;   -0.9;eor
       6159;20181028;   10;  10.5;   4.0;    3;   0.0;   0;    7.233;   0;  -999;   6.3;    -999;    3.7;   79.96;    7.5;   -0.8;   -3.7;eor
       6159;20181029;   10;  11.4;   5.1;    3;   4.4;   4;    0.000;   0;  -999;   7.5;    -999;    4.6;   88.00;    6.1;    2.7;    1.3;eor
       6159;20181030;   10;  13.9;   5.2;    3;   2.6;   4;    0.150;   0;  -999;   8.4;    -999;    6.0;   89.75;    9.2;    4.4;    4.2;eor
       6159;20181031;   10;  17.0;   4.1;    3;   0.0;   0;    6.717;   0;  -999;   9.0;    -999;    8.5;   81.63;   11.0;    6.5;    4.8;eor
       6159;20181101;   10;   6.9;   2.2;    3;   5.9;   4;    3.183;   0;  -999;   9.9;    -999;    9.2;   85.17;   11.5;    6.6;    3.8;eor
       6159;20181102;   10;  10.6;   3.0;    3;   0.0;   4;    3.050;   0;  -999;   9.7;    -999;    8.5;   87.04;   11.5;    1.9;   -0.4;eor
       6159;20181103;   10;   5.0;   1.8;    3;   0.0;   0;    7.183;   0;  -999;   7.6;    -999;    4.2;   91.75;   10.1;    0.7;   -1.8;eor
       6159;20181104;   10;   4.4;   1.5;    3;   0.0;   0;    3.700;   0;  -999;   8.4;    -999;    5.2;   94.38;    8.8;   -0.3;   -3.3;eor
       6159;20181105;   10;   7.4;   2.5;    3;   0.0;   0;    0.000;   0;  -999;  11.2;    -999;    9.6;   93.63;   10.7;    6.8;    6.5;eor
       6159;20181106;   10;   5.7;   2.0;    3;   0.0;   0;    5.350;   0;  -999;  11.6;    -999;   10.9;   89.83;   16.8;    4.0;    2.2;eor
       6159;20181107;   10;   8.1;   2.8;    3;   0.0;   0;    6.650;   0;  -999;  10.8;    -999;   11.7;   79.46;   15.7;    7.1;    4.1;eor
       6159;20181108;   10;   7.7;   2.4;    3;   0.1;   4;    7.517;   0;  -999;   9.7;    -999;    9.3;   83.54;   13.3;    2.9;   -1.2;eor
       6159;20181109;   10;   6.4;   2.4;    3;   1.1;   4;    1.633;   0;  -999;  10.5;    -999;    8.6;   93.00;   12.4;    2.7;   -0.4;eor
       6159;20181110;   10;  13.9;   4.1;    3;   5.1;   4;    0.000;   0;  -999;  12.2;    -999;   12.2;   85.50;   13.8;    9.1;    7.0;eor
       6159;20181111;   10;  12.1;   4.8;    3;   1.0;   4;    0.317;   0;  -999;  12.2;    -999;   11.9;   88.13;   13.6;    8.6;    6.3;eor
       6159;20181112;   10;   4.2;   1.8;    3;   2.1;   4;    0.000;   0;  -999;  11.9;    -999;    9.8;   98.25;   11.2;    8.3;    6.1;eor
       6159;20181113;   10;  12.5;   4.0;    3;   0.0;   0;    0.800;   0;  -999;  10.6;    -999;    9.7;   88.33;   12.2;    7.6;    5.9;eor
       6159;20181114;   10;   6.5;   2.6;    3;   0.0;   0;    5.633;   0;  -999;  10.0;    -999;    8.1;   92.08;   12.4;    4.5;    0.3;eor
       6159;20181115;   10;   4.8;   1.8;    3;   0.0;   0;    7.783;   0;  -999;   7.8;    -999;    4.2;   94.08;   10.0;   -0.4;   -2.6;eor
       6159;20181116;   10;   5.7;   2.0;    3;   0.0;   0;    5.750;   0;  -999;   7.3;    -999;    3.1;   93.92;    8.7;   -1.4;   -1.6;eor
       6159;20181117;   10;   7.9;   3.5;    3;   0.0;   0;    7.800;   0;  -999;   6.7;    -999;    3.1;   87.83;    7.5;    0.5;   -0.9;eor
       6159;20181118;   10;   8.8;   3.7;    3;   0.0;   4;    5.167;   0;  -999;   5.8;    -999;    2.4;   80.00;    6.1;   -1.6;   -3.6;eor
       6159;20181119;   10;  13.7;   6.4;    3;   0.2;   4;    0.733;   0;  -999;   7.3;    -999;    5.2;   82.54;    6.6;    3.3;    2.2;eor
       6159;20181120;   10;  16.7;   6.7;    3;   1.3;   4;    0.000;   0;  -999;   6.2;    -999;    2.9;   82.33;    4.0;    1.1;    0.8;eor
       6159;20181121;   10;  12.1;   5.0;    3;   0.0;   0;    0.000;   0;  -999;   6.2;    -999;    2.3;   85.46;    3.7;    1.2;    0.1;eor
       6159;20181122;   10;   8.4;   3.6;    3;   0.0;   0;    0.000;   0;  -999;   6.4;    -999;    2.0;   91.17;    2.7;    1.0;    0.8;eor
       6159;20181123;   10;   7.8;   2.5;    3;   0.0;   0;    6.300;   0;  -999;   7.0;    -999;    2.7;   93.67;    5.4;   -0.5;   -2.9;eor
       6159;20181124;   10;   9.1;   3.8;    3;   0.0;   0;    0.617;   0;  -999;   6.9;    -999;    2.2;   96.46;    3.9;    1.0;    0.7;eor
       6159;20181125;   10;   8.4;   3.9;    3;   0.0;   0;    0.000;   0;  -999;   7.5;    -999;    3.7;   94.04;    5.1;    2.2;    2.0;eor
       6159;20181126;   10;  10.1;   4.5;    3;   0.0;   0;    0.433;   0;  -999;   7.0;    -999;    4.1;   85.58;    5.3;    3.5;    2.6;eor
       6159;20181127;   10;   6.0;   2.7;    3;   0.0;   0;    2.683;   0;  -999;   5.9;    -999;    0.6;   92.00;    3.8;   -1.8;   -3.0;eor
       6159;20181128;   10;  10.4;   4.4;    3;   4.0;   4;    0.417;   0;  -999;   6.1;    -999;    1.9;   86.33;    6.5;   -2.0;   -3.0;eor
       6159;20181129;   10;  11.0;   5.3;    3;   2.9;   4;    0.000;   0;  -999;  10.0;    -999;    8.7;   89.42;   10.2;    6.4;    5.9;eor
       6159;20181130;   10;  12.3;   4.4;    3;   0.0;   0;    1.267;   0;  -999;  10.0;    -999;    9.5;   84.38;   11.1;    6.5;    4.7;eor
       6159;20181201;   10;  10.7;   4.4;    3;   1.6;   4;    1.117;   0;  -999;   9.2;    -999;    7.0;   91.38;    9.2;    4.9;    3.6;eor
       6159;20181202;   10;  10.5;   5.0;    3;   5.8;   4;    0.000;   0;  -999;  12.4;    -999;   10.7;   95.71;   12.9;    8.4;    7.9;eor
       6159;20181203;   10;  12.2;   4.4;    3;   5.8;   4;    0.800;   0;  -999;  12.1;    -999;   11.3;   89.96;   12.7;    7.7;    6.2;eor
       6159;20181204;   10;   6.1;   2.3;    3;   0.0;   4;    5.850;   0;  -999;   7.5;    -999;    5.0;   86.00;    8.3;    0.8;   -1.3;eor
       6159;20181205;   10;   8.7;   2.7;    3;   2.4;   4;    1.383;   0;  -999;   7.2;    -999;    3.1;   93.46;    6.2;   -0.5;   -2.9;eor
       6159;20181206;   10;  12.0;   4.0;    3;   1.0;   4;    0.000;   0;  -999;  11.6;    -999;    9.5;   96.63;   12.0;    6.0;    5.6;eor
       6159;20181207;   10;  14.4;   6.0;    3;   6.4;   4;    0.000;   0;  -999;  11.9;    -999;   10.3;   93.96;   11.8;    5.9;    4.7;eor
       6159;20181208;   10;  15.1;   6.6;    3;  19.7;   4;    0.000;   0;  -999;   9.3;    -999;    7.8;   87.58;    9.8;    5.7;    4.6;eor
       6159;20181209;   10;  15.3;   4.9;    3;   3.2;   4;    1.383;   0;  -999;   8.9;    -999;    7.1;   87.79;    8.8;    4.8;    3.6;eor
       6159;20181210;   10;  15.1;   4.1;    3;   1.1;   4;    2.917;   0;  -999;   7.2;    -999;    4.8;   83.79;    6.6;    3.0;    1.7;eor
       6159;20181211;   10;  12.6;   2.7;    3;   0.2;   4;    2.650;   0;  -999;   7.4;    -999;    4.9;   84.92;    7.9;    0.6;   -2.0;eor
       6159;20181212;   10;   6.8;   1.9;    3;   0.0;   0;    1.200;   0;  -999;   6.9;    -999;    2.7;   92.54;    4.8;   -0.1;   -2.2;eor
       6159;20181213;   10;   7.8;   3.7;    3;   0.0;   0;    0.850;   0;  -999;   6.2;    -999;    1.9;   89.17;    3.3;    0.9;   -0.8;eor
       6159;20181214;   10;   7.7;   3.1;    3;   0.0;   0;    0.850;   0;  -999;   5.8;    -999;    0.8;   90.42;    2.4;   -0.9;   -2.5;eor
       6159;20181215;   10;  12.0;   3.8;    3;   0.2;   4;    0.000;   0;  -999;   5.0;    -999;    0.0;   80.92;    1.1;   -1.1;   -2.0;eor
       6159;20181216;   10;  10.9;   3.6;    3;   1.7;   4;    0.000;   2;  -999;   5.4;    -999;   -0.6;   91.08;    0.9;   -2.1;   -2.0;eor
       6159;20181217;   10;   6.8;   2.8;    3;   1.7;   4;    0.000;   2;  -999;   7.8;    -999;    3.6;   98.46;    6.8;    0.8;    0.6;eor
       6159;20181218;   10;   9.0;   3.9;    3;   0.2;   4;    0.000;   0;  -999;   8.3;    -999;    5.4;   92.08;    7.1;    3.7;    2.5;eor
       6159;20181219;   10;   8.8;   3.9;    3;   0.0;   0;    0.100;   0;  -999;   8.4;    -999;    6.5;   86.29;    8.4;    4.3;    1.8;eor
       6159;20181220;   10;   8.5;   3.8;    3;   1.5;   4;    0.017;   0;  -999;   9.2;    -999;    6.8;   92.38;    8.4;    4.7;    1.9;eor
       6159;20181221;   10;  16.7;   5.6;    3;  12.7;   4;    0.000;   0;  -999;  10.4;    -999;    8.5;   93.21;   12.0;    6.7;    5.6;eor
       6159;20181222;   10;  10.8;   3.2;    3;   6.9;   4;    0.000;   0;  -999;   9.9;    -999;    7.5;   95.38;    8.8;    6.4;    5.1;eor
       6159;20181223;   10;   7.7;   2.7;    3;   6.6;   4;    0.000;   0;  -999;   9.5;    -999;    6.9;   95.88;    7.7;    5.6;    5.2;eor
       6159;20181224;   10;   9.5;   2.5;    3;   0.0;   0;    4.417;   0;  -999;   7.6;    -999;    4.5;   90.21;    6.2;    0.4;   -2.2;eor
       6159;20181225;   10;   9.3;   3.3;    3;   0.0;   0;    0.250;   0;  -999;   7.7;    -999;    5.8;   82.96;    7.5;    4.2;    2.8;eor
       6159;20181226;   10;   8.8;   3.5;    3;   0.0;   0;    0.000;   0;  -999;   8.6;    -999;    5.3;   96.63;    6.4;    4.5;    4.3;eor
       6159;20181227;   10;   6.8;   2.8;    3;   0.0;   0;    0.000;   0;  -999;   7.8;    -999;    4.1;   95.29;    4.7;    3.4;    3.4;eor
       6159;20181228;   10;   6.5;   2.2;    3;   0.0;   0;    0.000;   0;  -999;   7.9;    -999;    4.8;   92.13;    5.8;    4.3;    4.2;eor
       6159;20181229;   10;  15.1;   4.8;    3;   2.7;   4;    0.000;   0;  -999;   9.9;    -999;    7.5;   94.83;    9.8;    5.8;    5.5;eor
       6159;20181230;   10;  13.6;   3.2;    3;   0.4;   4;    0.967;   0;  -999;   9.5;    -999;    7.7;   90.67;    8.7;    6.8;    5.4;eor
       6159;20181231;   10;   9.9;   2.9;    3;   0.3;   4;    0.000;   0;  -999;  10.9;    -999;    8.8;   95.58;    9.9;    7.7;    7.5;eor
       6159;20190101;   10;  16.7;   5.5;    3;   2.3;   4;    1.200;   0;  -999;   8.3;    -999;    7.0;   82.29;    8.7;    3.6;    2.1;eor
       6159;20190102;   10;  15.6;   4.3;    3;   0.5;   4;    5.950;   0;  -999;   6.0;    -999;    4.5;   71.29;    6.4;    0.2;   -2.2;eor
       6159;20190103;   10;   7.5;   2.2;    3;   0.3;   4;    0.933;   0;  -999;   7.1;    -999;    3.2;   92.33;    5.9;   -0.3;   -2.0;eor
       6159;20190104;   10;   8.7;   3.3;    3;   2.9;   4;    0.000;   0;  -999;   8.1;    -999;    4.5;   96.08;    6.9;    1.5;    0.2;eor
       6159;20190105;   10;  14.0;   5.2;    3;   4.3;   4;    0.000;   0;  -999;  10.1;    -999;    7.5;   96.88;    8.0;    6.9;    6.6;eor
       6159;20190106;   10;   7.9;   3.2;    3;   1.0;   4;    0.033;   0;  -999;   9.6;    -999;    6.7;   97.50;    7.7;    5.6;    5.1;eor
       6159;20190107;   10;  13.5;   3.9;    3;   7.8;   4;    0.000;   0;  -999;   9.3;    -999;    6.6;   95.25;    9.0;    4.5;    3.4;eor
       6159;20190108;   10;  19.6;   6.9;    3;   8.6;   4;    0.167;   0;  -999;   8.1;    -999;    6.5;   83.00;    8.2;    3.3;    1.9;eor
       6159;20190109;   10;  14.1;   4.6;    3;   0.0;   0;    5.833;   0;  -999;   6.1;    -999;    3.4;   78.58;    5.4;    0.3;   -1.8;eor
       6159;20190110;   10;   6.7;   2.0;    3;   0.9;   4;    0.000;   0;  -999;   6.4;    -999;    1.8;   91.71;    4.0;   -0.1;   -1.6;eor
       6159;20190111;   10;  10.1;   3.6;    3;   1.2;   4;    0.000;   0;  -999;   9.2;    -999;    6.2;   96.25;    8.0;    2.6;    2.5;eor
       6159;20190112;   10;  12.5;   4.1;    3;   5.6;   4;    0.000;   0;  -999;   9.1;    -999;    6.7;   92.83;    8.0;    5.7;    4.8;eor
       6159;20190113;   10;  16.3;   5.1;    3;  10.7;   4;    0.000;   0;  -999;   9.8;    -999;    8.0;   91.21;    9.7;    6.3;    5.0;eor
       6159;20190114;   10;  14.2;   4.2;    3;   0.3;   4;    3.150;   0;  -999;   6.5;    -999;    4.1;   79.46;    6.4;    2.4;    0.5;eor
       6159;20190115;   10;  12.1;   4.9;    3;   0.0;   4;    0.000;   0;  -999;   8.4;    -999;    5.9;   89.67;    7.9;    2.9;    2.0;eor
       6159;20190116;   10;  13.4;   6.0;    3;   1.7;   4;    0.000;   0;  -999;   8.7;    -999;    6.4;   90.46;    7.7;    4.7;    4.1;eor
       6159;20190117;   10;  13.6;   4.3;    3;   2.9;   4;    0.267;   0;  -999;   7.1;    -999;    3.2;   91.92;    5.0;    0.3;   -1.3;eor
       6159;20190118;   10;   6.5;   2.1;    3;   0.0;   0;    2.850;   0;  -999;   5.6;    -999;    0.3;   89.42;    3.6;   -2.2;   -3.9;eor
       6159;20190119;   10;   4.0;   1.8;    3;   0.0;   0;    5.617;   0;  -999;   4.8;    -999;   -1.4;   86.79;    2.3;   -3.7;   -7.2;eor
       6159;20190120;   10;   3.9;   1.3;    3;   0.0;   0;    1.700;   0;  -999;   4.5;    -999;   -3.3;   93.25;    0.2;   -6.2;   -8.7;eor
       6159;20190121;   10;   5.1;   2.1;    3;   0.0;   0;    3.467;   0;  -999;   4.7;    -999;   -2.7;   91.79;    1.0;   -7.4;   -9.3;eor
       6159;20190122;   10;   8.8;   3.8;    3;   0.2;   4;    2.167;   0;  -999;   4.5;    -999;   -1.3;   80.42;    0.6;   -3.4;   -4.5;eor
       6159;20190123;   10;   6.7;   2.6;    3;   0.0;   0;    0.000;   1;  -999;   4.4;    -999;   -3.1;   89.96;   -1.7;   -5.7;   -8.3;eor
       6159;20190124;   10;   5.7;   1.8;    3;   0.0;   0;    0.000;   1;  -999;   3.5;    -999;   -5.0;   83.71;   -4.0;   -6.0;   -5.8;eor
       6159;20190125;   10;  11.0;   3.3;    3;   8.0;   4;    0.467;   1;  -999;   4.4;    -999;   -3.3;   88.29;    2.8;   -6.3;   -6.2;eor
       6159;20190126;   10;  10.0;   4.2;    3;   9.1;   4;    0.000;   0;  -999;   8.9;    -999;    5.5;   98.54;    6.6;    2.7;    1.9;eor
       6159;20190127;   10;  10.6;   4.8;    3;   3.3;   4;    0.000;   0;  -999;   8.4;    -999;    5.3;   93.88;    6.7;    2.9;    1.4;eor
       6159;20190128;   10;  13.2;   4.2;    3;   1.9;   4;    0.000;   0;  -999;   7.0;    -999;    2.8;   94.00;    4.7;    0.7;   -0.6;eor
       6159;20190129;   10;  10.0;   3.3;    3;   0.0;   0;    5.417;   0;  -999;   5.9;    -999;    1.1;   89.13;    3.7;   -0.5;   -1.8;eor
       6159;20190130;   10;   9.9;   3.0;    3;   2.2;   4;    0.900;   0;  -999;   5.4;    -999;    0.0;   88.46;    1.7;   -0.9;   -1.5;eor
       6159;20190131;   10;   8.3;   3.0;    3;   0.0;   0;    2.067;   2;  -999;   5.8;    -999;    0.0;   94.63;    1.0;   -0.9;   -5.8;eor
       6159;20190201;   10;   9.8;   3.5;    3;   0.1;   4;    0.000;   2;  -999;   5.5;    -999;   -0.2;   91.08;    0.9;   -2.0;   -3.4;eor
       6159;20190202;   10;   5.8;   2.7;    3;   0.4;   4;    0.000;   0;  -999;   6.1;    -999;    0.5;   95.63;    1.6;   -0.3;   -1.6;eor
       6159;20190203;   10;   6.9;   2.3;    3;   0.0;   0;    5.550;   0;  -999;   6.2;    -999;    1.7;   89.88;    5.5;   -1.9;   -4.2;eor
       6159;20190204;   10;  15.2;   6.1;    3;   0.3;   4;    0.417;   0;  -999;   6.0;    -999;    1.4;   88.25;    3.7;   -1.0;   -2.7;eor
       6159;20190205;   10;   9.0;   3.7;    3;   0.0;   0;    0.000;   0;  -999;   7.6;    -999;    3.7;   95.75;    5.1;    2.4;    1.8;eor
       6159;20190206;   10;  11.1;   4.4;    3;  10.2;   4;    0.000;   0;  -999;   7.8;    -999;    4.5;   92.25;    6.2;    3.4;    2.5;eor
       6159;20190207;   10;  19.6;   6.4;    3;   1.2;   4;    2.133;   0;  -999;   8.5;    -999;    7.3;   83.75;    9.5;    5.7;    4.8;eor
       6159;20190208;   10;  16.3;   7.2;    3;   4.2;   4;    0.000;   0;  -999;   8.9;    -999;    7.5;   85.88;    9.7;    5.1;    3.8;eor
       6159;20190209;   10;  18.7;   7.7;    3;   0.6;   4;    0.867;   0;  -999;   8.3;    -999;    8.5;   74.96;   10.0;    6.0;    5.4;eor
       6159;20190210;   10;  12.6;   4.6;    3;  11.0;   4;    0.000;   0;  -999;   8.8;    -999;    6.4;   91.54;    9.3;    3.3;    2.9;eor
       6159;20190211;   10;  13.9;   4.6;    3;   0.0;   4;    4.583;   0;  -999;   7.1;    -999;    5.7;   77.13;    7.6;    3.7;    2.8;eor
       6159;20190212;   10;   8.4;   3.4;    3;   0.0;   0;    1.733;   0;  -999;   7.6;    -999;    5.2;   85.79;    8.4;    2.4;    1.0;eor
       6159;20190213;   10;   8.6;   3.7;    3;   0.0;   0;    0.000;   0;  -999;   8.6;    -999;    6.4;   88.71;    7.9;    4.0;    2.1;eor
       6159;20190214;   10;   6.6;   2.4;    3;   0.0;   0;    8.750;   0;  -999;   6.8;    -999;    4.7;   80.92;   11.0;    0.0;   -2.9;eor
       6159;20190215;   10;   4.6;   1.7;    3;   0.0;   0;    9.517;   0;  -999;   6.5;    -999;    6.3;   70.08;   14.7;   -0.1;   -3.3;eor
       6159;20190216;   10;   7.4;   3.0;    3;   0.0;   0;    8.267;   0;  -999;   7.5;    -999;    7.8;   70.33;   13.1;    3.7;   -0.6;eor
       6159;20190217;   10;   5.2;   2.1;    3;   0.0;   0;    8.200;   0;  -999;   7.5;    -999;    7.3;   75.38;   14.8;    1.1;   -2.2;eor
       6159;20190218;   10;   7.6;   2.2;    3;   0.3;   4;    8.650;   0;  -999;   7.4;    -999;    7.6;   71.13;   14.2;    1.9;   -1.8;eor
       6159;20190219;   10;  10.7;   3.8;    3;   0.7;   4;    0.267;   0;  -999;   9.1;    -999;    6.9;   90.67;    8.6;    4.5;    1.2;eor
       6159;20190220;   10;   9.4;   3.5;    3;   0.0;   0;    0.333;   0;  -999;   8.5;    -999;    7.7;   81.46;   10.4;    5.5;    4.6;eor
       6159;20190221;   10;   9.4;   3.2;    3;   0.5;   4;    0.767;   0;  -999;   9.7;    -999;    8.0;   89.88;   10.0;    4.6;    2.6;eor
       6159;20190222;   10;   6.8;   2.4;    3;   0.0;   0;    0.000;   0;  -999;  10.0;    -999;    7.8;   94.08;    9.1;    2.7;    1.8;eor
       6159;20190223;   10;   6.1;   2.6;    3;   0.0;   0;    8.917;   0;  -999;   6.8;    -999;    4.8;   79.83;   10.4;    0.1;   -2.6;eor
       6159;20190224;   10;   4.2;   1.1;    3;   0.0;   0;    9.450;   0;  -999;   5.4;    -999;    4.8;   67.92;   14.4;   -2.0;   -4.1;eor
       6159;20190225;   10;   3.7;   0.9;    3;   0.0;   0;    9.567;   0;  -999;   5.7;    -999;    5.4;   68.75;   16.2;   -1.6;   -3.7;eor
       6159;20190226;   10;   3.0;   0.8;    3;   0.0;   0;   10.067;   0;  -999;   5.4;    -999;    6.1;   65.17;   17.6;   -1.9;   -4.0;eor
       6159;20190227;   10;   6.5;   1.7;    3;   0.0;   0;   10.167;   0;  -999;   7.0;    -999;    7.9;   66.83;   18.1;   -1.5;   -4.0;eor
       6159;20190228;   10;   9.8;   2.0;    3;   0.1;   4;    0.000;   0;  -999;   8.9;    -999;    6.4;   92.54;    9.9;    2.1;   -0.3;eor
       6159;20190301;   10;   9.0;   2.9;    3;   0.0;   0;    2.133;   0;  -999;   8.1;    -999;    6.3;   84.29;    8.6;    4.3;    4.2;eor
       6159;20190302;   10;  10.8;   3.3;    3;   0.8;   4;    3.183;   0;  -999;   8.3;    -999;    6.9;   82.75;   10.6;    3.6;    2.1;eor
       6159;20190303;   10;  14.8;   6.5;    3;  10.2;   4;    0.000;   0;  -999;  11.5;    -999;   10.3;   91.29;   12.1;    8.9;    8.3;eor
       6159;20190304;   10;  21.6;   8.2;    3;   5.1;   4;    0.133;   0;  -999;   8.9;    -999;    8.6;   78.83;   12.4;    6.2;    5.0;eor
       6159;20190305;   10;  15.6;   4.8;    3;   0.9;   4;    6.400;   0;  -999;   7.4;    -999;    6.6;   76.71;   10.0;    3.0;   -0.2;eor
       6159;20190306;   10;-999;-999;    3;   0.5;   4;    0.000;   0;  -999;  -999;    -999;    8.0;-999;   13.0;    2.6;    0.8;eor
       6159;20190307;   10;-999;-999;    3;   6.7;   4;    1.900;   0;  -999;  -999;    -999;    9.0;-999;   10.9;    6.3;    5.6;eor
       6159;20190308;   10;  18.2;   5.0;    3;   2.5;   4;    2.200;   0;  -999;   7.4;    -999;    7.1;   73.63;    9.6;    5.6;    4.2;eor
       6159;20190309;   10;  18.7;   6.8;    3;   1.5;   4;    3.583;   0;  -999;   7.7;    -999;    7.3;   76.08;   10.4;    4.8;    3.6;eor
       6159;20190310;   10;  12.1;   3.6;    3;  13.7;   4;    0.000;   0;  -999;   7.0;    -999;    4.1;   86.21;    6.6;    0.5;    0.2;eor
       6159;20190311;   10;  15.5;   4.5;    3;  10.1;   4;    0.417;   0;  -999;   6.9;    -999;    4.0;   83.96;    6.3;    0.8;    0.1;eor
       6159;20190312;   10;  19.1;   6.9;    3;   1.6;   4;    0.000;   0;  -999;   6.6;    -999;    5.5;   74.38;    9.1;    1.8;    0.5;eor
       6159;20190313;   10;  18.8;   7.4;    3;   6.9;   4;    0.350;   0;  -999;   7.7;    -999;    6.2;   81.46;    8.1;    4.5;    3.2;eor
       6159;20190314;   10;  16.7;   5.6;    3;  14.6;   4;    0.000;   0;  -999;   8.4;    -999;    6.8;   85.17;    8.5;    5.6;    4.6;eor
       6159;20190315;   10;  17.8;   5.9;    3;   0.3;   4;    2.167;   0;  -999;   8.1;    -999;    8.2;   75.08;   12.8;    5.7;    4.5;eor
       6159;20190316;   10;  17.7;   5.7;    3;   6.5;   4;    0.000;   0;  -999;   8.3;    -999;    8.4;   75.21;   11.1;    5.3;    4.1;eor
       6159;20190317;   10;  15.7;   6.0;    3;   4.1;   4;    4.567;   0;  -999;   7.6;    -999;    7.1;   74.71;   10.7;    4.0;    3.0;eor
       6159;20190318;   10;  16.2;   4.5;    3;   0.7;   4;    6.633;   0;  -999;   6.7;    -999;    5.6;   74.04;    9.5;    3.0;    1.5;eor
       6159;20190319;   10;   7.1;   2.1;    3;   0.0;   0;    8.983;   0;  -999;   6.6;    -999;    5.2;   75.54;   10.6;    0.6;   -1.2;eor
       6159;20190320;   10;   7.6;   3.0;    3;   0.2;   4;    0.000;   0;  -999;   9.3;    -999;    7.9;   85.63;   10.7;    3.3;    1.0;eor
       6159;20190321;   10;   8.3;   2.7;    3;   0.0;   0;    0.133;   0;  -999;  10.4;    -999;    9.9;   85.04;   12.6;    8.2;    6.2;eor
       6159;20190322;   10;   7.3;   2.0;    3;   0.0;   0;    8.133;   0;  -999;  10.5;    -999;   11.7;   78.50;   18.8;    6.5;    5.5;eor
       6159;20190323;   10;   7.9;   2.4;    3;   0.2;   4;    2.100;   0;  -999;   8.8;    -999;    7.0;   87.42;   10.7;    1.6;   -0.4;eor
       6159;20190324;   10;   9.9;   2.1;    3;   3.0;   4;    5.550;   0;  -999;   6.9;    -999;    5.7;   76.42;   11.0;    1.0;   -0.5;eor
       6159;20190325;   10;  16.1;   5.2;    3;   2.6;   4;    2.883;   0;  -999;   7.4;    -999;    5.7;   80.92;    8.9;    3.3;    2.1;eor
       6159;20190326;   10;   9.5;   2.8;    3;   2.2;   4;    0.333;   0;  -999;   7.8;    -999;    6.8;   79.29;    8.8;    4.4;    2.0;eor
       6159;20190327;   10;   7.6;   2.3;    3;   0.1;   4;    1.833;   0;  -999;   8.9;    -999;    8.1;   82.83;   11.5;    3.8;    2.7;eor
       6159;20190328;   10;   4.4;   1.3;    3;   0.0;   0;    0.017;   0;  -999;   9.7;    -999;    9.4;   82.88;   12.6;    5.5;    3.7;eor
       6159;20190329;   10;   6.2;   1.6;    3;   0.0;   0;   11.467;   0;  -999;   9.0;    -999;   10.3;   73.67;   15.9;    3.5;    0.9;eor
       6159;20190330;   10;   9.3;   2.1;    3;   0.0;   0;    8.467;   0;  -999;   9.1;    -999;   10.3;   75.21;   18.7;    3.1;    0.7;eor
       6159;20190331;   10;  10.4;   4.1;    3;   0.0;   0;    8.533;   0;  -999;   6.6;    -999;    7.0;   66.88;   11.5;    2.3;    0.2;eor
       6159;20190401;   10;  10.3;   4.0;    3;   0.0;   0;   12.283;   0;  -999;   4.9;    -999;    6.1;   55.08;   12.4;   -0.4;   -2.8;eor
       6159;20190402;   10;  12.8;   3.7;    3;   0.0;   4;    7.267;   0;  -999;   7.8;    -999;    9.4;   64.79;   16.8;    3.0;    0.1;eor
       6159;20190403;   10;   9.1;   2.4;    3;   4.0;   4;    0.300;   0;  -999;   8.4;    -999;    8.2;   77.54;    9.8;    6.1;    5.5;eor
       6159;20190404;   10;   4.4;   1.6;    3;   8.9;   4;    0.000;   0;  -999;   8.7;    -999;    5.9;   93.79;    6.9;    3.9;    2.8;eor
       6159;20190405;   10;   6.8;   2.1;    3;   1.4;   4;    0.000;   0;  -999;   9.0;    -999;    6.7;   91.17;    7.8;    5.3;    5.0;eor
       6159;20190406;   10;   7.4;   2.7;    3;   0.0;   0;    7.700;   0;  -999;  10.7;    -999;   11.1;   81.92;   17.5;    6.5;    5.4;eor
       6159;20190407;   10;  11.2;   3.6;    3;   0.0;   0;   12.283;   0;  -999;   9.2;    -999;   14.0;   60.25;   20.7;    7.4;    3.8;eor
       6159;20190408;   10;   8.9;   3.7;    3;   0.0;   0;   12.167;   0;  -999;   8.9;    -999;   12.2;   63.67;   19.7;    5.7;    1.3;eor
       6159;20190409;   10;  14.6;   6.4;    3;   0.0;   0;   12.567;   0;  -999;   6.1;    -999;    7.8;   58.88;   13.5;    2.6;    0.9;eor
       6159;20190410;   10;  11.0;   5.3;    3;   0.0;   0;   12.883;   0;  -999;   4.9;    -999;    4.9;   57.58;   10.2;    0.2;   -1.6;eor
       6159;20190411;   10;  10.7;   4.5;    3;   0.0;   0;    8.033;   0;  -999;   5.1;    -999;    5.3;   60.00;   10.4;    0.0;   -2.1;eor
       6159;20190412;   10;  11.1;   4.2;    3;   0.0;   0;    3.900;   0;  -999;   5.2;    -999;    4.6;   61.13;    7.8;    0.1;   -2.1;eor
       6159;20190413;   10;  10.3;   3.9;    3;   1.9;   4;    6.650;   0;  -999;   5.7;    -999;    2.3;   78.58;    6.3;   -1.7;   -3.9;eor
       6159;20190414;   10;  10.0;   4.5;    3;   0.0;   0;    6.750;   0;  -999;   6.1;    -999;    5.3;   70.00;   10.4;    0.0;   -1.4;eor
       6159;20190415;   10;  11.8;   4.9;    3;   0.0;   0;   12.800;   0;  -999;   6.6;    -999;    9.8;   57.00;   15.8;    5.3;    4.0;eor
       6159;20190416;   10;  12.5;   5.3;    3;   0.0;   0;   12.633;   0;  -999;   6.3;    -999;   10.1;   52.96;   16.6;    2.7;    1.5;eor
       6159;20190417;   10;  13.7;   4.5;    3;   0.0;   0;   11.083;   0;  -999;   6.0;    -999;   13.4;   40.63;   20.2;    5.5;    1.6;eor
       6159;20190418;   10;  13.8;   4.9;    3;   0.0;   0;   13.300;   0;  -999;   7.2;    -999;   15.1;   44.75;   21.7;    7.6;    5.8;eor
       6159;20190419;   10;  11.3;   4.5;    3;   0.0;   0;   13.267;   0;  -999;   8.1;    -999;   16.3;   46.21;   23.4;    8.7;    6.7;eor
       6159;20190420;   10;  10.4;   4.2;    3;   0.0;   0;   13.400;   0;  -999;   6.9;    -999;   15.4;   41.54;   23.1;    7.5;    2.3;eor
       6159;20190421;   10;   6.7;   2.4;    3;   0.0;   0;   13.517;   0;  -999;   6.6;    -999;   14.0;   46.21;   22.9;    4.5;   -1.1;eor
       6159;20190422;   10;  14.7;   5.3;    3;   0.0;   0;   13.533;   0;  -999;   6.7;    -999;   16.3;   39.17;   23.2;    7.3;    3.3;eor
       6159;20190423;   10;  17.1;   7.2;    3;   0.0;   0;   13.050;   0;  -999;   8.3;    -999;   16.3;   45.67;   21.6;   10.6;    9.1;eor
       6159;20190424;   10;  14.2;   4.6;    3;   5.5;   4;    8.783;   0;  -999;  11.7;    -999;   18.6;   56.88;   27.4;   11.4;   11.2;eor
       6159;20190425;   10;  12.1;   4.1;    3;   0.0;   0;   10.017;   0;  -999;  10.6;    -999;   15.0;   64.71;   22.1;    9.0;    7.5;eor
       6159;20190426;   10;   6.7;   2.0;    3;   2.5;   4;    1.500;   0;  -999;  11.1;    -999;   12.1;   79.67;   15.8;    7.5;    4.7;eor
       6159;20190427;   10;   8.9;   2.9;    3;   5.3;   4;    3.350;   0;  -999;   9.6;    -999;    9.5;   80.75;   12.6;    5.0;    3.3;eor
       6159;20190428;   10;   6.9;   1.7;    3;   1.2;   4;    3.783;   0;  -999;   8.9;    -999;    8.3;   81.63;   13.7;    3.5;    1.4;eor
       6159;20190429;   10;   9.3;   3.0;    3;   0.0;   4;    2.450;   0;  -999;   9.8;    -999;    8.3;   88.42;   11.8;    1.7;    0.1;eor
       6159;20190430;   10;   7.9;   3.1;    3;   0.0;   0;    8.600;   0;  -999;  10.0;    -999;   10.6;   79.13;   16.1;    8.1;    8.3;eor
       6159;20190501;   10;   7.3;   2.6;    3;   0.0;   0;    0.067;-999;  -999;   8.9;    -999;    9.4;   75.92;   12.1;    7.8;    8.0;eor
       6159;20190502;   10;  10.3;   3.3;    3;   2.4;   4;    0.917;-999;  -999;   9.9;    -999;   10.4;   78.46;   13.5;    7.1;    5.8;eor
       6159;20190503;   10;  10.9;   3.3;    3;   0.1;   4;    4.483;-999;  -999;   6.6;    -999;    7.0;   66.75;   11.1;    3.8;    1.3;eor
       6159;20190504;   10;  13.4;   3.9;    3;   0.6;   4;    9.500;-999;  -999;   6.0;    -999;    6.0;   65.92;   10.9;    1.9;   -0.7;eor
       6159;20190505;   10;  10.8;   3.1;    3;   0.9;   4;    5.883;-999;  -999;   6.8;    -999;    7.0;   68.96;   11.5;    2.6;    0.6;eor
       6159;20190506;   10;  10.2;   2.6;    3;   9.0;   4;    1.633;-999;  -999;   7.8;    -999;    6.7;   79.25;   10.9;    2.7;    0.5;eor
       6159;20190507;   10;   8.3;   1.7;    3;   0.3;   4;    6.250;-999;  -999;   7.4;    -999;    6.7;   77.42;   12.0;   -0.1;   -2.8;eor
       6159;20190508;   10;  11.5;   3.3;    3;   2.9;   4;    1.367;-999;  -999;   9.0;    -999;    9.4;   77.25;   14.7;    2.1;   -0.7;eor
       6159;20190509;   10;   9.1;   3.3;    3;   5.3;   4;    7.433;-999;  -999;  10.6;    -999;   12.7;   73.71;   18.4;    8.1;    6.4;eor
       6159;20190510;   10;   6.8;   2.2;    3;   0.3;   4;    2.367;-999;  -999;   9.6;    -999;    9.8;   79.58;   12.7;    5.3;    2.3;eor
       6159;20190511;   10;  10.6;   4.1;    3;   0.0;   0;   10.150;-999;  -999;   7.4;    -999;    8.8;   67.54;   14.0;    4.3;    1.5;eor
       6159;20190512;   10;  10.9;   3.5;    3;   0.0;   0;   11.567;-999;  -999;   7.3;    -999;    8.9;   65.33;   14.4;    2.6;   -0.8;eor
       6159;20190513;   10;  10.7;   3.0;    3;   0.0;   0;   14.450;-999;  -999;   6.7;    -999;    8.3;   65.54;   15.2;   -0.1;   -2.9;eor
       6159;20190514;   10;   9.3;   3.2;    3;   0.0;   0;   14.217;-999;  -999;   7.0;    -999;   10.5;   58.67;   16.9;    3.3;    0.2;eor
       6159;20190515;   10;   9.3;   3.3;    3;   0.0;   0;   13.167;-999;  -999;   6.3;    -999;   11.2;   51.50;   17.5;    3.2;   -1.0;eor
       6159;20190516;   10;  10.8;   4.9;    3;   0.6;   4;    1.067;-999;  -999;   8.2;    -999;   11.3;   61.21;   14.8;    8.3;    5.5;eor
       6159;20190517;   10;   9.1;   3.4;    3;   0.1;   4;    0.117;-999;  -999;  11.1;    -999;   12.4;   77.83;   15.4;   10.0;    8.2;eor
       6159;20190518;   10;   7.4;   2.1;    3;   0.0;   0;    8.933;-999;  -999;  10.9;    -999;   16.6;   60.50;   23.9;    8.4;    5.2;eor
       6159;20190519;   10;  15.4;   2.9;    3;   2.4;   4;    9.483;-999;  -999;  12.5;    -999;   16.7;   68.92;   25.3;    8.6;    5.4;eor
       6159;20190520;   10;   7.6;   2.6;    3;   0.0;   0;    1.267;-999;  -999;  14.8;    -999;   14.5;   89.79;   19.6;    9.7;    8.7;eor
       6159;20190521;   10;  10.9;   4.2;    3;   0.0;   0;    0.050;-999;  -999;  13.2;    -999;   13.4;   86.38;   16.8;   11.1;   11.2;eor
       6159;20190522;   10;   9.4;   3.1;    3;   0.0;   0;    4.983;-999;  -999;  10.2;    -999;   12.7;   70.29;   18.4;    6.4;    2.3;eor
       6159;20190523;   10;   8.3;   2.5;    3;   0.0;   0;   13.450;-999;  -999;   9.2;    -999;   14.4;   60.75;   22.9;    4.8;    1.7;eor
       6159;20190524;   10;  11.3;   3.4;    3;   0.0;   0;   12.700;-999;  -999;  10.2;    -999;   15.0;   63.71;   23.5;    7.5;    4.5;eor
       6159;20190525;   10;   8.2;   2.5;    3;   0.0;   4;    4.450;-999;  -999;  10.1;    -999;   12.2;   71.50;   16.7;    7.8;    5.5;eor
       6159;20190526;   10;  13.1;   3.9;    3;   7.0;   4;    0.917;-999;  -999;  12.7;    -999;   15.7;   72.17;   21.7;    7.3;    5.1;eor
       6159;20190527;   10;  10.7;   3.3;    3;   0.0;   0;    7.867;-999;  -999;  11.2;    -999;   14.3;   69.63;   17.6;    9.7;    6.2;eor
       6159;20190528;   10;  11.5;   3.0;    3;   0.0;   0;    7.400;-999;  -999;   9.2;    -999;   11.7;   67.71;   16.2;    4.5;    1.3;eor
       6159;20190529;   10;   7.6;   1.9;    3;   0.0;   0;   10.917;-999;  -999;   7.6;    -999;   12.1;   58.38;   19.2;    2.3;   -0.2;eor
       6159;20190530;   10;  11.5;   4.2;    3;   0.6;   4;    0.167;-999;  -999;  13.2;    -999;   16.4;   69.42;   20.0;   13.2;   12.6;eor
       6159;20190531;   10;  10.6;   3.1;    3;   0.0;   0;    7.783;-999;  -999;  14.8;    -999;   18.5;   70.88;   23.4;   11.8;    7.8;eor
       6159;20190601;   10;   9.7;   2.9;    3;   0.0;   0;   13.033;-999;  -999;  14.2;    -999;   18.3;   69.13;   25.3;   11.1;    7.5;eor
       6159;20190602;   10;  13.2;   3.3;    3;   0.0;   4;   12.550;-999;  -999;  14.4;    -999;   23.2;   54.92;   30.8;   13.3;   10.0;eor
       6159;20190603;   10;   7.6;   2.0;    3;   1.8;   4;    3.700;-999;  -999;  14.9;    -999;   18.5;   69.96;   23.1;   11.7;    9.4;eor
       6159;20190604;   10;  13.9;   3.2;    3;   0.0;   0;    5.833;-999;  -999;  15.5;    -999;   19.5;   71.17;   25.1;   10.3;    8.0;eor
       6159;20190605;   10;   9.7;   3.6;    3;   1.6;   4;    8.700;-999;  -999;  15.8;    -999;   21.1;   64.42;   26.0;   17.2;   16.0;eor
       6159;20190606;   10;  12.4;   2.9;    3;   0.2;   4;    2.200;-999;  -999;  13.9;    -999;   15.6;   78.33;   19.9;    8.4;    5.1;eor
       6159;20190607;   10;  16.7;   4.1;    3;   1.3;   4;   11.350;-999;  -999;  12.3;    -999;   16.9;   67.04;   24.5;    7.6;    4.3;eor
       6159;20190608;   10;  20.8;   7.0;    3;   5.7;   4;    2.967;-999;  -999;  11.1;    -999;   14.6;   66.54;   18.2;   11.9;   11.3;eor
       6159;20190609;   10;   8.4;   3.6;    3;   0.6;   4;   11.633;-999;  -999;  10.8;    -999;   15.9;   61.83;   21.6;   10.3;    9.0;eor
       6159;20190610;   10;   9.6;   4.4;    3;   4.4;   4;    5.167;-999;  -999;  14.9;    -999;   17.8;   73.75;   23.1;   13.5;   12.6;eor
       6159;20190611;   10;   8.1;   2.6;    3;   1.6;   4;    6.150;-999;  -999;  15.3;    -999;   16.7;   81.46;   20.2;   12.4;   11.0;eor
       6159;20190612;   10;  10.3;   3.4;    3;  11.8;   4;    3.467;-999;  -999;  15.1;    -999;   15.6;   85.08;   18.4;   10.1;    7.6;eor
       6159;20190613;   10;  14.8;   4.3;    3;   1.3;   4;   10.883;-999;  -999;  12.0;    -999;   16.0;   68.04;   20.8;   11.2;    8.8;eor
       6159;20190614;   10;   6.1;   2.1;    3;   5.8;   4;   11.067;-999;  -999;  14.0;    -999;   19.0;   65.54;   25.6;   12.1;   10.3;eor
       6159;20190615;   10;  10.3;   2.5;    3;   3.8;   4;    1.467;-999;  -999;  16.7;    -999;   16.9;   86.54;   20.3;   10.4;    8.9;eor
       6159;20190616;   10;  13.4;   2.1;    3;   0.3;   4;    7.800;-999;  -999;  14.6;    -999;   16.4;   79.83;   22.4;    8.9;    7.1;eor
       6159;20190617;   10;   6.8;   1.9;    3;   0.0;   0;   14.233;-999;  -999;  14.6;    -999;   19.8;   66.54;   26.6;   12.0;    9.0;eor
       6159;20190618;   10;   8.1;   1.9;    3;   0.0;   0;   13.483;-999;  -999;  15.8;    -999;   21.2;   65.75;   28.8;   12.6;   10.7;eor
       6159;20190619;   10;  13.4;   2.2;    3;   4.2;   4;    9.950;-999;  -999;  17.0;    -999;   21.1;   70.42;   28.2;   14.1;   12.6;eor
       6159;20190620;   10;   9.9;   2.6;    3;   2.8;   4;    5.583;-999;  -999;  16.3;    -999;   17.3;   82.79;   22.3;   12.7;   10.4;eor
       6159;20190621;   10;   8.0;   2.3;    3;   2.7;   4;    8.983;-999;  -999;  13.4;    -999;   15.6;   76.67;   21.1;    8.9;    6.6;eor
       6159;20190622;   10;   9.6;   3.2;    3;   0.0;   0;   13.850;-999;  -999;  12.6;    -999;   16.0;   71.04;   22.7;    6.7;    4.8;eor
       6159;20190623;   10;   9.7;   3.8;    3;   0.0;   0;   13.733;-999;  -999;  14.1;    -999;   21.1;   58.21;   28.6;   13.5;   12.2;eor
       6159;20190624;   10;  12.0;   4.3;    3;   0.0;   0;   14.933;-999;  -999;  15.2;    -999;   24.8;   49.79;   31.3;   18.2;   16.0;eor
       6159;20190625;   10;  10.3;   2.7;    3;   0.0;   0;   12.533;-999;  -999;  17.7;    -999;   27.6;   49.46;   34.9;   18.4;   14.9;eor
       6159;20190626;   10;  10.1;   3.7;    3;   0.0;   0;    9.683;-999;  -999;  17.9;    -999;   20.3;   74.71;   25.1;   14.5;   14.7;eor
       6159;20190627;   10;   9.0;   3.6;    3;   0.0;   0;    0.200;-999;  -999;  12.4;    -999;   15.3;   71.50;   18.5;   13.0;   12.3;eor
       6159;20190628;   10;   7.3;   2.9;    3;   0.0;   0;   10.417;-999;  -999;  12.9;    -999;   17.1;   66.92;   23.4;   12.0;    9.2;eor
       6159;20190629;   10;   5.7;   1.9;    3;   0.0;   0;   15.900;-999;  -999;  13.0;    -999;   22.1;   55.79;   32.5;    9.8;    4.9;eor
       6159;20190630;   10;  10.5;   3.2;    3;   0.0;   0;   14.717;-999;  -999;  15.4;    -999;   22.3;   58.50;   29.6;   12.0;    8.4;eor
       6159;20190701;   10;  12.5;   3.8;    3;   0.0;   4;    7.650;-999;  -999;  13.5;    -999;   18.0;   67.25;   23.7;   12.4;    8.3;eor
       6159;20190702;   10;   9.8;   3.3;    3;   0.0;   0;    7.717;-999;  -999;  11.7;    -999;   15.9;   65.96;   20.7;    8.0;    4.6;eor
       6159;20190703;   10;  10.7;   3.1;    3;   0.0;   0;    9.150;-999;  -999;  10.3;    -999;   14.2;   66.08;   20.1;    6.5;    3.5;eor
       6159;20190704;   10;   7.9;   2.3;    3;   0.0;   0;   10.150;-999;  -999;  11.3;    -999;   15.5;   65.33;   22.7;    4.9;    1.1;eor
       6159;20190705;   10;   8.1;   2.6;    3;   0.0;   0;    1.533;-999;  -999;  13.4;    -999;   17.3;   68.67;   21.5;    9.8;    6.7;eor
       6159;20190706;   10;   8.8;   2.6;    3;   1.3;   4;    0.233;-999;  -999;  13.5;    -999;   14.9;   79.67;   20.1;    9.3;    6.3;eor
       6159;20190707;   10;  11.4;   3.1;    3;   0.0;   0;    1.300;-999;  -999;  10.4;    -999;   13.7;   66.71;   17.6;   10.4;    6.8;eor
       6159;20190708;   10;   9.9;   2.8;    3;   0.2;   4;    1.617;-999;  -999;  11.1;    -999;   13.0;   74.13;   17.3;    9.2;    7.0;eor
       6159;20190709;   10;   9.4;   2.9;    3;   0.6;   4;    5.450;-999;  -999;  11.5;    -999;   13.8;   73.71;   19.1;    9.7;    6.4;eor
       6159;20190710;   10;   6.9;   1.6;    3;   1.0;   4;    1.867;-999;  -999;  11.2;    -999;   13.8;   73.33;   19.3;    5.8;    3.2;eor
       6159;20190711;   10;   7.0;   2.0;    3;  23.8;   4;    0.283;-999;  -999;  16.3;    -999;   16.5;   87.17;   21.0;   12.8;   12.4;eor
       6159;20190712;   10;  10.2;   1.9;    3;   0.0;   4;    3.867;-999;  -999;  16.4;    -999;   17.7;   82.08;   23.4;   15.2;   14.2;eor
       6159;20190713;   10;   9.8;   3.0;    3;   0.4;   4;    2.733;-999;  -999;  14.8;    -999;   16.0;   81.63;   20.0;   13.1;   12.7;eor
       6159;20190714;   10;   6.8;   2.2;    3;   0.1;   4;    0.000;-999;  -999;  13.2;    -999;   14.3;   81.00;   16.4;   12.5;   12.3;eor
       6159;20190715;   10;   9.3;   2.9;    3;   0.0;   0;    2.300;-999;  -999;  12.3;    -999;   14.8;   73.50;   19.3;   12.9;   13.0;eor
       6159;20190716;   10;   6.8;   2.5;    3;   0.0;   4;    0.000;-999;  -999;  14.5;    -999;   15.0;   84.88;   17.6;   13.0;   12.8;eor
       6159;20190717;   10;   5.6;   1.5;    3;   0.0;   0;    8.050;-999;  -999;  14.3;    -999;   16.8;   76.13;   23.0;   11.1;    9.3;eor
       6159;20190718;   10;   7.2;   2.3;    3;   0.0;   0;    7.533;-999;  -999;  14.8;    -999;   19.0;   70.50;   25.7;    9.5;    8.3;eor
       6159;20190719;   10;   7.0;   2.0;    3;   0.0;   0;   10.067;-999;  -999;  14.7;    -999;   20.0;   65.08;   25.2;   16.3;   14.9;eor
       6159;20190720;   10;  14.9;   2.8;    3;   4.4;   4;    4.783;-999;  -999;  17.0;    -999;   19.6;   75.29;   26.7;   16.2;   15.2;eor
       6159;20190721;   10;   9.8;   2.8;    3;   0.0;   0;   11.517;-999;  -999;  14.6;    -999;   18.2;   71.96;   22.9;   11.3;    9.1;eor
       6159;20190722;   10;  10.5;   2.5;    3;   0.0;   0;    5.400;-999;  -999;  16.2;    -999;   19.0;   74.54;   26.9;   10.7;    9.1;eor
       6159;20190723;   10;   5.5;   1.9;    3;   0.0;   0;   15.167;-999;  -999;  17.6;    -999;   23.8;   64.50;   32.3;   12.8;   11.3;eor
       6159;20190724;   10;   8.5;   2.2;    3;   0.0;   0;   13.367;-999;  -999;  18.0;    -999;   28.1;   51.79;   36.7;   18.1;   14.5;eor
       6159;20190725;   10;   7.3;   2.1;    3;   0.0;   0;   12.667;-999;  -999;  18.3;    -999;   29.3;   50.00;   39.6;   16.8;   15.4;eor
       6159;20190726;   10;  11.7;   4.5;    3;   0.0;   0;   13.000;-999;  -999;  15.6;    -999;   28.3;   42.08;   35.0;   20.4;   17.4;eor
       6159;20190727;   10;  14.1;   5.5;    3;   0.0;   0;   13.317;-999;  -999;  15.0;    -999;   24.8;   49.79;   31.5;   17.7;   16.6;eor
       6159;20190728;   10;  10.7;   3.7;    3;   0.0;   0;   10.367;-999;  -999;  17.6;    -999;   23.5;   63.79;   30.9;   17.1;   16.0;eor
       6159;20190729;   10;   6.1;   2.5;    3;   0.0;   0;    2.183;-999;  -999;  16.9;    -999;   21.0;   68.83;   25.9;   15.1;   12.1;eor
       6159;20190730;   10;  11.6;   1.9;    3;   0.1;   4;    9.767;-999;  -999;  15.0;    -999;   22.0;   61.96;   30.7;   11.8;    9.4;eor
       6159;20190731;   10;  12.0;   2.7;    3;   5.3;   4;    4.183;-999;  -999;  15.9;    -999;   18.2;   77.50;   24.3;   14.1;   11.4;eor
       6159;20190801;    3;   8.2;   2.3;    3;   0.1;   4;    6.383;-999;  -999;  15.9;    -999;   17.7;   79.63;   23.5;   11.8;    9.1;eor
       6159;20190802;    3;   9.0;   2.2;    3;   0.0;   0;    6.967;-999;  -999;  16.0;    -999;   18.7;   76.50;   26.4;   12.0;   10.4;eor
       6159;20190803;    3;   7.5;   2.3;    3;   0.0;   0;    0.200;-999;  -999;  15.3;    -999;   17.7;   76.50;   21.2;   11.6;    9.3;eor
       6159;20190804;    3;   6.3;   1.9;    3;   0.0;   0;    5.283;-999;  -999;  14.9;    -999;   19.3;   68.29;   24.6;   13.7;   11.6;eor
       6159;20190805;    3;  11.2;   2.1;    3;   0.1;   4;    4.117;-999;  -999;  16.2;    -999;   19.9;   70.96;   26.4;   15.3;   13.3;eor
       6159;20190806;    3;  10.9;   2.5;    3;   0.0;   0;    8.533;-999;  -999;  15.4;    -999;   18.9;   72.38;   24.2;   11.4;    9.6;eor
       6159;20190807;    3;  11.3;   2.5;    3;  12.9;   4;    7.317;-999;  -999;  15.4;    -999;   17.2;   78.79;   24.1;   11.9;   10.3;eor
       6159;20190808;    3;  11.2;   3.4;    3;   0.0;   0;    8.650;-999;  -999;  14.7;    -999;   18.4;   71.25;   23.9;   10.7;    9.1;eor
       6159;20190809;    3;   8.3;   2.0;    3;   6.3;   4;    0.767;-999;  -999;  17.5;    -999;   17.1;   87.75;   22.1;    8.1;    7.1;eor
       6159;20190810;    3;  16.6;   5.5;    3;   0.0;   4;    7.550;-999;  -999;  15.8;    -999;   20.8;   65.38;   23.8;   17.6;   16.3;eor
       6159;20190811;    3;  12.0;   4.3;    3;   0.0;   0;    8.550;-999;  -999;  13.0;    -999;   19.1;   59.50;   23.4;   14.5;   13.4;eor
       6159;20190812;    3;  11.5;   3.2;    3;  17.8;   4;    8.317;-999;  -999;  14.4;    -999;   16.7;   76.21;   21.8;   12.9;   12.1;eor
       6159;20190813;    3;  10.2;   2.1;    3;  10.3;   4;    2.300;-999;  -999;  13.6;    -999;   13.6;   87.29;   19.0;   10.0;    8.9;eor
       6159;20190814;    3;   9.4;   2.6;    3;   5.8;   4;    8.967;-999;  -999;  12.4;    -999;   15.4;   73.79;   22.2;    7.9;    6.0;eor
       6159;20190815;    3;  10.8;   3.7;    3;   4.5;   4;    3.050;-999;  -999;  16.6;    -999;   16.9;   86.63;   21.5;   13.7;   13.5;eor
       6159;20190816;    3;   9.5;   2.9;    3;   0.9;   4;    6.617;-999;  -999;  14.5;    -999;   17.8;   72.63;   22.1;   13.7;   12.6;eor
       6159;20190817;    3;  10.3;   3.5;    3;  23.2;   4;    0.283;-999;  -999;  17.7;    -999;   17.4;   88.96;   21.3;   15.3;   14.7;eor
       6159;20190818;    3;   7.3;   2.6;    3;   0.8;   4;    1.733;-999;  -999;  16.1;    -999;   16.5;   86.00;   20.0;   14.5;   12.8;eor
       6159;20190819;    3;  10.3;   3.9;    3;   0.0;   0;    7.217;-999;  -999;  13.6;    -999;   16.6;   73.17;   21.6;   12.7;   11.6;eor
       6159;20190820;    3;  11.9;   2.5;    3;   0.0;   0;    7.967;-999;  -999;  13.2;    -999;   16.1;   73.42;   22.0;    9.9;    8.0;eor
       6159;20190821;    3;   6.6;   1.6;    3;   0.0;   0;   10.017;-999;  -999;  12.7;    -999;   15.2;   76.67;   21.7;    8.8;    6.4;eor
       6159;20190822;    3;   9.4;   1.9;    3;   0.0;   0;   13.117;-999;  -999;  12.9;    -999;   17.2;   69.96;   25.4;    7.5;    5.6;eor
       6159;20190823;    3;   6.2;   1.7;    3;   0.0;   0;   13.400;-999;  -999;  14.0;    -999;   18.3;   70.46;   25.6;    9.3;    6.9;eor
       6159;20190824;    3;   7.9;   2.4;    3;   0.0;   0;   13.167;-999;  -999;  14.7;    -999;   20.7;   64.71;   29.1;   12.6;    9.6;eor
       6159;20190825;    3;   5.9;   2.1;    3;   0.0;   0;   13.133;-999;  -999;  16.0;    -999;   22.8;   60.54;   30.6;   13.5;   10.2;eor
       6159;20190826;    3;   7.4;   2.4;    3;   0.0;   0;   12.233;-999;  -999;  19.6;    -999;   24.0;   68.67;   31.9;   14.5;   12.7;eor
       6159;20190827;    3;   7.3;   2.0;    3;   0.0;   0;   12.717;-999;  -999;  18.9;    -999;   25.5;   61.83;   33.3;   17.4;   14.5;eor
       6159;20190828;    3;   7.9;   2.1;    3;   1.5;   4;   10.150;-999;  -999;  19.2;    -999;   24.1;   66.42;   31.3;   17.7;   15.4;eor
       6159;20190829;    3;   8.5;   2.5;    3;   0.0;   0;    8.333;-999;  -999;  18.2;    -999;   20.4;   77.08;   25.4;   14.3;   12.8;eor
       6159;20190830;    3;   7.7;   1.7;    3;   0.0;   0;   11.233;-999;  -999;  14.0;    -999;   17.5;   73.25;   24.8;   10.2;    7.4;eor
       6159;20190831;    3;  15.9;   2.2;    3;   0.0;   0;   10.733;-999;  -999;  15.2;    -999;   20.2;   67.75;   30.1;    9.1;    6.6;eor
       6159;20190901;    3;   9.1;   2.3;    3;   1.0;   4;    2.117;-999;  -999;  14.1;    -999;   15.9;   78.79;   20.3;    9.0;    6.5;eor
       6159;20190902;    3;   7.5;   2.2;    3;   0.1;   4;    7.883;-999;  -999;  11.7;    -999;   14.3;   73.00;   20.2;    8.9;    5.4;eor
       6159;20190903;    3;   9.4;   3.0;    3;   0.0;   4;    0.317;-999;  -999;  14.0;    -999;   16.6;   74.00;   19.0;   13.5;   12.2;eor
       6159;20190904;    3;  12.6;   3.9;    3;   4.3;   4;    2.583;-999;  -999;  14.6;    -999;   15.5;   83.58;   20.8;   11.0;    8.6;eor
       6159;20190905;    3;  14.2;   3.7;    3;   1.4;   4;    6.200;-999;  -999;  11.9;    -999;   13.1;   79.58;   17.6;    8.3;    5.7;eor
       6159;20190906;    3;  11.0;   3.9;    3;   0.6;   4;    1.567;-999;  -999;  10.8;    -999;   13.6;   70.25;   17.5;    7.4;    5.8;eor
       6159;20190907;    3;   7.2;   2.2;    3;   1.6;   4;    7.133;-999;  -999;  12.8;    -999;   13.8;   82.38;   19.2;    9.9;    7.9;eor
       6159;20190908;    3;   5.0;   1.8;    3;   6.6;   4;    5.467;-999;  -999;  13.2;    -999;   13.4;   85.96;   17.6;    7.4;    6.1;eor
       6159;20190909;    3;   7.3;   1.5;    3;   0.0;   0;    7.417;-999;  -999;  11.2;    -999;   12.4;   79.71;   19.7;    5.9;    5.1;eor
       6159;20190910;    3;   8.6;   2.1;    3;   0.0;   0;    7.850;-999;  -999;  11.0;    -999;   12.0;   79.92;   19.7;    5.2;    3.3;eor
       6159;20190911;    3;  12.9;   3.8;    3;   9.8;   4;    2.150;-999;  -999;  13.9;    -999;   13.2;   90.83;   17.6;    7.5;    5.2;eor
       6159;20190912;    3;   8.8;   2.6;    3;   0.0;   0;    7.467;-999;  -999;  15.9;    -999;   18.0;   78.38;   22.4;   14.6;   13.9;eor
       6159;20190913;    3;   9.3;   3.2;    3;   0.0;   0;    9.167;-999;  -999;  13.6;    -999;   16.0;   75.00;   19.6;    6.8;    5.3;eor
       6159;20190914;    3;   4.9;   1.0;    3;   0.0;   0;    9.600;-999;  -999;  10.8;    -999;   12.1;   78.92;   19.3;    4.9;    3.8;eor
       6159;20190915;    3;  10.3;   2.6;    3;   2.3;   4;    2.683;-999;  -999;  12.7;    -999;   14.0;   78.92;   21.0;    7.5;    5.5;eor
       6159;20190916;    3;   5.6;   1.6;    3;   0.6;   4;    0.833;-999;  -999;  12.7;    -999;   13.0;   84.75;   16.7;    9.0;    6.1;eor
       6159;20190917;    3;  14.6;   3.6;    3;   0.4;   4;    5.167;-999;  -999;  10.4;    -999;   12.2;   73.75;   16.7;    8.7;    6.5;eor
       6159;20190918;    3;   9.7;   2.6;    3;   0.2;   4;    5.667;-999;  -999;   9.6;    -999;   10.9;   74.83;   16.6;    5.9;    3.9;eor
       6159;20190919;    3;   7.0;   1.9;    3;   0.0;   0;    9.600;-999;  -999;   8.9;    -999;   10.1;   74.50;   16.8;    3.3;    1.8;eor
       6159;20190920;    3;   4.3;   1.2;    3;   0.0;   0;    6.317;-999;  -999;  10.0;    -999;   10.2;   81.75;   18.6;    2.5;    1.3;eor
       6159;20190921;    3;   7.2;   2.3;    3;   0.0;   0;   11.467;-999;  -999;  10.0;    -999;   14.5;   65.25;   23.5;    4.4;    1.8;eor
       6159;20190922;    3;   8.0;   2.3;    3;   5.3;   4;   11.000;-999;  -999;  11.7;    -999;   17.9;   59.21;   26.2;    7.8;    3.2;eor
       6159;20190923;    3;   6.6;   1.7;    3;   4.5;   4;    0.000;-999;  -999;  16.7;    -999;   16.1;   91.08;   18.7;   11.3;    9.3;eor
       6159;20190924;    3;  10.1;   2.4;    3;   6.8;   4;    3.817;-999;  -999;  14.0;    -999;   15.3;   81.92;   20.6;   10.6;    8.1;eor
       6159;20190925;    3;   8.8;   1.8;    3;   2.4;   4;    0.683;-999;  -999;  15.1;    -999;   14.5;   91.33;   18.3;   12.5;   10.4;eor
       6159;20190926;    3;  10.5;   3.6;    3;  11.6;   4;    0.000;-999;  -999;  16.8;    -999;   15.8;   93.46;   17.1;   13.6;   13.1;eor
       6159;20190927;    3;  10.1;   4.1;    3;   6.0;   4;    1.583;-999;  -999;  14.3;    -999;   15.2;   83.25;   19.2;   13.2;   12.4;eor
       6159;20190928;    3;  13.2;   4.8;    3;  17.6;   4;    2.650;-999;  -999;  14.3;    -999;   14.8;   85.17;   18.5;   13.1;   12.2;eor
       6159;20190929;    3;  12.2;   4.8;    3;  28.2;   4;    0.000;-999;  -999;  15.3;    -999;   14.2;   94.42;   16.0;   12.6;   12.3;eor
       6159;20190930;    3;  17.8;   4.3;    3;  18.2;   4;    5.367;-999;  -999;  13.1;    -999;   13.9;   82.83;   17.4;   11.7;   10.3;eor
       6159;20191001;    3;  11.9;   3.5;    3;   4.7;   4;    1.050;   0;  -999;  13.9;    -999;   13.3;   90.63;   18.6;   10.0;    9.7;eor
       6159;20191002;    3;  10.4;   2.8;    3;   5.8;   4;    7.050;   0;  -999;  10.3;    -999;   10.1;   83.96;   13.5;    7.1;    5.7;eor
       6159;20191003;    3;   7.9;   2.1;    3;   4.7;   4;    4.450;   0;  -999;  11.8;    -999;   11.1;   89.25;   15.8;    7.5;    5.4;eor
       6159;20191004;    3;   8.6;   3.3;    3;   6.4;   4;    0.000;   0;  -999;  10.8;    -999;    9.2;   92.50;   10.3;    7.2;    5.7;eor
       6159;20191005;    3;   7.6;   2.5;    3;   0.0;   0;    7.100;   0;  -999;   9.7;    -999;    9.3;   83.63;   14.1;    3.9;    1.0;eor
       6159;20191006;    3;  10.2;   4.4;    3;   0.0;   0;    0.000;   0;  -999;   8.9;    -999;    8.4;   80.63;   10.4;    6.1;    4.8;eor
       6159;20191007;    3;   8.2;   3.2;    3;   7.5;   4;    7.150;   0;  -999;   8.8;    -999;    8.7;   77.88;   12.8;    2.6;    0.5;eor
       6159;20191008;    3;   9.2;   3.7;    3;   7.5;   4;    0.333;   0;  -999;  13.2;    -999;   12.9;   88.50;   16.9;   10.8;   10.0;eor
       6159;20191009;    3;   9.8;   3.8;    3;   3.6;   4;    0.050;   0;  -999;  11.5;    -999;   10.9;   88.25;   13.8;    8.7;    7.4;eor
       6159;20191010;    3;  12.5;   4.3;    3;   3.7;   4;    3.800;   0;  -999;  11.1;    -999;   11.4;   82.42;   14.7;    8.3;    7.2;eor
       6159;20191011;    3;  15.6;   7.4;    3;   5.3;   4;    0.000;   0;  -999;  13.4;    -999;   14.0;   83.63;   16.1;   12.0;   11.2;eor
       6159;20191012;    3;  12.8;   2.5;    3;   5.3;   4;    0.000;   0;  -999;  13.3;    -999;   12.1;   94.29;   15.6;   10.8;   10.7;eor
       6159;20191013;    3;  11.6;   3.1;    3;   7.2;   4;    0.767;   0;  -999;  16.0;    -999;   15.7;   88.83;   20.7;   11.0;   11.0;eor
       6159;20191014;    3;   8.4;   2.8;    3;   0.0;   0;    2.200;   0;  -999;  14.3;    -999;   14.7;   85.46;   17.1;   12.5;   11.7;eor
       6159;20191015;    3;   6.6;   1.9;    3;  10.5;   4;    4.850;   0;  -999;  14.9;    -999;   15.2;   86.58;   19.1;   12.0;    8.8;eor
       6159;20191016;    3;   8.6;   3.6;    3;   6.9;   4;    1.600;   0;  -999;  13.9;    -999;   13.4;   90.63;   15.7;   12.2;   11.9;eor
       6159;20191017;    3;   9.1;   3.1;    3;   1.4;   4;    1.250;   0;  -999;  14.0;    -999;   13.7;   89.21;   15.7;   11.6;    9.5;eor
       6159;20191018;    3;  15.6;   5.0;    3;   1.6;   4;    2.917;   0;  -999;  12.0;    -999;   12.6;   82.21;   16.3;   10.4;    8.8;eor
       6159;20191019;    3;   9.1;   3.8;    3;   0.0;   4;    0.017;   0;  -999;  11.7;    -999;   11.5;   85.92;   14.3;    9.4;    7.9;eor
       6159;20191020;    3;   7.5;   2.0;    3;   0.7;   4;    0.000;   0;  -999;  12.2;    -999;   10.9;   93.71;   12.4;    8.9;    7.3;eor
       6159;20191021;    3;  10.0;   3.5;    3;   0.0;   0;    2.017;   0;  -999;  12.7;    -999;   13.0;   84.67;   17.5;   11.0;   10.6;eor
       6159;20191022;    3;   7.5;   2.5;    3;   0.5;   4;    0.033;   0;  -999;  12.8;    -999;   12.7;   87.29;   14.2;   11.4;   10.4;eor
       6159;20191023;    1;   6.7;   2.0;    1;   0.0;   0;    2.583;   0;  -999;  12.3;    -999;   11.1;   92.58;   14.7;    6.3;    5.1;eor
       6159;20191024;    1;  10.6;   3.1;    1;   0.4;   4;    2.800;   0;  -999;  13.5;    -999;   14.0;   84.67;   18.1;    9.5;    7.5;eor
       6159;20191025;    1;  12.3;   5.2;    1;   0.0;   0;    2.217;   0;  -999;  12.4;    -999;   13.9;   78.46;   15.7;   11.8;   10.8;eor
       6159;20191026;    1;  16.1;   7.3;    1;   2.2;   4;    3.417;   0;  -999;  13.3;    -999;   16.6;   70.42;   19.2;   14.4;   13.3;eor
       6159;20191027;    1;  14.0;   3.7;    1;   0.0;   0;    4.150;   0;  -999;   9.5;    -999;   10.1;   76.92;   15.3;    7.0;    5.3;eor
       6159;20191028;    1;  10.0;   2.3;    1;   0.1;   4;    6.133;   0;  -999;   8.7;    -999;    8.0;   82.13;   12.5;    3.0;    0.7;eor
       6159;20191029;    1;   8.7;   1.8;    1;   0.0;   0;    8.850;   0;  -999;   7.1;    -999;    4.7;   83.88;   10.8;   -0.1;   -2.5;eor
       6159;20191030;    1;   6.8;   2.1;    1;   0.0;   0;    9.050;   0;  -999;   6.2;    -999;    3.6;   80.13;    9.7;   -0.6;   -4.2;eor
       6159;20191031;    1;   7.8;   2.4;    1;   0.0;   0;    8.733;   0;  -999;   5.8;    -999;    3.0;   78.38;    8.9;   -1.5;   -4.9;eor
       6159;20191101;    1;   7.7;   2.9;    1;   7.6;   4;    0.000;   0;  -999;   7.7;    -999;    4.2;   89.67;    9.9;   -0.6;   -4.8;eor
       6159;20191102;    1;  12.0;   4.6;    1;   2.6;   4;    3.600;   0;  -999;  12.1;    -999;   12.5;   83.33;   14.9;    9.8;    9.4;eor
       6159;20191103;    1;   8.9;   2.9;    1;   5.5;   4;    0.733;   0;  -999;  11.1;    -999;   11.1;   83.83;   13.0;    9.6;    8.6;eor
       6159;20191104;    1;   8.0;   2.2;    1;   2.4;   4;    0.817;   0;  -999;  11.4;    -999;   10.2;   91.75;   12.0;    7.6;    5.1;eor
       6159;20191105;    1;   5.2;   1.6;    1;   4.6;   4;    0.000;   0;  -999;  11.2;    -999;    9.4;   94.67;   10.4;    8.2;    7.0;eor
       6159;20191106;    1;   6.9;   1.5;    1;   0.1;   4;    0.733;   0;  -999;   9.1;    -999;    6.9;   91.33;    9.4;    1.1;   -1.8;eor
       6159;20191107;    1;  12.1;   3.0;    1;   3.0;   4;    0.050;   0;  -999;   8.6;    -999;    6.0;   91.63;    9.2;    0.8;   -1.2;eor
       6159;20191108;    1;   5.2;   1.8;    1;   0.0;   0;    7.933;   0;  -999;   7.7;    -999;    4.9;   89.00;    9.9;    0.7;   -1.3;eor
       6159;20191109;    1;  10.3;   3.0;    1;   0.0;   0;    0.850;   0;  -999;   7.6;    -999;    4.4;   90.13;    7.6;    0.0;   -2.7;eor
       6159;20191110;    1;   6.7;   2.7;    1;   0.0;   0;    2.833;   0;  -999;   7.2;    -999;    4.5;   85.38;    8.5;    0.3;   -3.1;eor
       6159;20191111;    1;  10.9;   4.2;    1;   2.2;   4;    0.017;   0;  -999;   7.0;    -999;    3.8;   87.25;    7.2;   -0.3;   -3.4;eor
       6159;20191112;    1;  11.4;   5.1;    1;   2.6;   4;    0.600;   0;  -999;   7.4;    -999;    5.0;   84.71;    6.3;    2.7;    1.2;eor
       6159;20191113;    1;  11.6;   4.6;    1;   0.8;   4;    1.067;   0;  -999;   7.8;    -999;    5.3;   87.58;    8.8;    2.7;    1.2;eor
       6159;20191114;    1;   7.0;   3.1;    1;   0.0;   0;    0.950;   0;  -999;   7.2;    -999;    4.5;   85.38;    7.0;    2.5;    0.1;eor
       6159;20191115;    1;  10.4;   4.0;    1;   0.0;   0;    0.000;   0;  -999;   7.4;    -999;    4.0;   90.71;    5.3;    2.1;    0.3;eor
       6159;20191116;    1;   7.6;   2.4;    1;   0.2;   4;    0.000;   0;  -999;   7.3;    -999;    4.1;   89.00;    6.1;    2.2;    0.2;eor
       6159;20191117;    1;   9.6;   2.4;    1;   9.3;   4;    0.817;   0;  -999;   6.9;    -999;    3.6;   86.42;    5.5;    0.3;   -2.1;eor
       6159;20191118;    1;   8.6;   3.4;    1;  20.4;   4;    0.000;   0;  -999;   9.5;    -999;    6.8;   96.00;    7.8;    5.2;    4.7;eor
       6159;20191119;    1;   8.4;   2.7;    1;   0.0;   0;    5.817;   0;  -999;   8.1;    -999;    5.7;   87.92;    9.3;    0.1;   -2.6;eor
       6159;20191120;    1;   4.4;   1.6;    1;   0.0;   0;    0.000;   0;  -999;   6.0;    -999;   -0.1;   99.54;    1.0;   -1.6;   -3.3;eor
       6159;20191121;    1;   6.9;   2.8;    1;   0.0;   0;    0.000;   0;  -999;   7.2;    -999;    2.5;   98.17;    4.8;   -0.3;    0.0;eor
       6159;20191122;    1;   8.8;   2.5;    1;   0.9;   4;    2.533;   0;  -999;   8.1;    -999;    5.0;   93.08;    8.6;    1.6;   -0.6;eor
       6159;20191123;    1;  11.8;   5.7;    1;   0.0;   0;    2.800;   0;  -999;   8.4;    -999;    6.6;   86.50;    8.7;    3.5;    2.8;eor
       6159;20191124;    1;   8.8;   3.7;    1;   0.0;   0;    0.000;   0;  -999;   8.4;    -999;    6.2;   88.33;    7.0;    4.8;    4.9;eor
       6159;20191125;    1;   4.1;   1.9;    1;   0.0;   0;    0.000;   0;  -999;   8.7;    -999;    5.5;   95.96;    6.6;    4.6;    2.6;eor
       6159;20191126;    1;   7.4;   2.9;    1;   0.8;   4;    0.000;   0;  -999;  10.0;    -999;    7.8;   94.08;   10.5;    3.8;    1.2;eor
       6159;20191127;    1;  11.7;   3.9;    1;   8.8;   4;    1.033;   0;  -999;  10.8;    -999;   10.0;   88.17;   12.1;    9.1;    7.8;eor
       6159;20191128;    1;  14.7;   5.3;    1;  12.1;   4;    0.000;   0;  -999;  10.6;    -999;    9.3;   89.79;   10.3;    6.5;    4.7;eor
       6159;20191129;    1;   9.2;   3.1;    1;   1.1;   4;    1.733;   0;  -999;   7.0;    -999;    5.2;   78.71;    7.4;    2.1;   -0.4;eor
       6159;20191130;    1;   4.7;   1.7;    1;   0.0;   0;    5.550;   0;  -999;   6.6;    -999;    2.6;   89.50;    7.4;   -1.0;   -3.2;eor
       6159;20191201;    1;   3.3;   1.2;    1;   0.2;   4;    0.150;   0;  -999;   6.2;    -999;    0.5;   96.79;    2.8;   -2.2;   -3.1;eor
       6159;20191202;    1;   6.4;   2.1;    1;   0.5;   4;    4.267;   0;  -999;   7.6;    -999;    4.5;   89.71;    8.1;    0.6;   -1.3;eor
       6159;20191203;    1;   8.3;   2.9;    1;   0.0;   0;    0.967;   0;  -999;   8.6;    -999;    6.3;   89.88;    8.6;    3.5;    2.5;eor
       6159;20191204;    1;   7.0;   2.6;    1;   0.0;   0;    6.583;   0;  -999;   7.0;    -999;    3.6;   89.00;    6.9;   -0.6;   -2.5;eor
       6159;20191205;    1;  14.7;   4.0;    1;   0.7;   4;    1.767;   0;  -999;   6.3;    -999;    0.9;   95.83;    4.5;   -1.4;   -3.6;eor
       6159;20191206;    1;  14.8;   7.7;    1;   4.1;   4;    0.000;   0;  -999;   8.6;    -999;    5.9;   92.21;    8.4;    4.5;    4.2;eor
       6159;20191207;    1;  10.9;   4.7;    1;   0.2;   4;    0.067;   0;  -999;  10.1;    -999;    8.9;   88.13;    9.9;    8.1;    7.0;eor
       6159;20191208;    1;  17.3;   7.4;    1;   4.8;   4;    0.983;   0;  -999;   9.2;    -999;    8.8;   81.21;   11.4;    6.1;    4.5;eor
       6159;20191209;    1;  12.6;   4.6;    1;   2.2;   4;    0.667;   0;  -999;   7.7;    -999;    6.3;   79.88;    7.9;    3.9;    1.3;eor
       6159;20191210;    1;  16.9;   4.9;    1;   1.4;   4;    4.933;   0;  -999;   6.1;    -999;    4.3;   74.04;    6.5;    0.8;   -0.8;eor
       6159;20191211;    1;  16.6;   5.0;    1;   0.2;   4;    0.000;   0;  -999;   8.2;    -999;    5.7;   89.71;    6.8;    4.6;    3.4;eor
       6159;20191212;    1;  10.7;   4.6;    1;   0.0;   0;    1.067;   0;  -999;   7.1;    -999;    4.5;   83.50;    6.0;    2.8;    1.1;eor
       6159;20191213;    1;  10.8;   3.9;    1;   1.5;   4;    0.000;   0;  -999;   6.3;    -999;    3.1;   82.58;    5.4;    2.0;    1.2;eor
       6159;20191214;    1;  15.7;   5.7;    1;   3.9;   4;    0.983;   0;  -999;   7.3;    -999;    5.1;   83.00;    7.5;    3.1;    1.1;eor
       6159;20191215;    1;  18.4;   6.4;    1;   0.2;   4;    4.217;   0;  -999;   7.5;    -999;    6.6;   76.71;    8.9;    2.9;    1.1;eor
       6159;20191216;    1;   7.7;   3.2;    1;   0.5;   4;    0.000;   0;  -999;   8.4;    -999;    6.5;   86.17;    8.8;    4.3;    2.4;eor
       6159;20191217;    1;  13.0;   3.7;    1;   2.7;   4;    0.950;   0;  -999;  10.1;    -999;   10.0;   82.58;   14.2;    5.6;    3.9;eor
       6159;20191218;    1;   8.7;   2.9;    1;   0.0;   0;    0.067;   0;  -999;   8.5;    -999;    6.1;   90.00;    8.0;    3.5;   -0.7;eor
       6159;20191219;    1;   9.1;   3.8;    1;   0.0;   0;    6.350;   0;  -999;   9.2;    -999;    9.5;   77.13;   14.0;    4.9;    2.9;eor
       6159;20191220;    1;  16.0;   5.0;    1;   0.6;   4;    0.017;   0;  -999;   9.2;    -999;   10.6;   72.08;   13.9;    7.9;    6.1;eor
       6159;20191221;    1;  10.1;   4.4;    1;   0.1;   4;    2.067;   0;  -999;   8.4;    -999;    8.0;   78.63;    9.7;    5.5;    4.0;eor
       6159;20191222;    1;  10.1;   3.1;    1;   3.7;   4;    0.067;   0;  -999;   9.2;    -999;    7.2;   89.63;    8.9;    5.6;    4.0;eor
       6159;20191223;    1;   9.5;   4.0;    1;   2.2;   4;    0.083;   0;  -999;   9.2;    -999;    7.5;   88.21;    9.2;    6.2;    5.0;eor
       6159;20191224;    1;   8.2;   3.3;    1;   8.3;   4;    0.000;   0;  -999;   9.1;    -999;    6.9;   91.38;    8.1;    5.5;    4.1;eor
       6159;20191225;    1;   7.2;   2.0;    1;   0.2;   4;    0.350;   0;  -999;   8.8;    -999;    6.3;   92.54;    8.0;    3.6;    1.9;eor
       6159;20191226;    1;   4.1;   1.4;    1;   0.0;   0;    0.250;   0;  -999;   7.8;    -999;    4.4;   92.88;    6.9;    1.4;   -0.8;eor
       6159;20191227;    1;   6.8;   2.8;    1;   0.0;   0;    5.100;   0;  -999;   6.4;    -999;    2.4;   87.50;    5.1;    0.1;   -2.7;eor
       6159;20191228;    1;   5.1;   1.7;    1;   0.0;   0;    0.567;   0;  -999;   5.6;    -999;    0.2;   90.17;    1.2;   -1.5;   -4.2;eor
       6159;20191229;    1;   7.9;   3.2;    1;   0.0;   0;    0.367;   0;  -999;   5.2;    -999;    0.9;   80.25;    4.1;   -1.9;   -4.1;eor
       6159;20191230;    1;   9.6;   4.6;    1;   0.0;   0;    4.017;   0;  -999;   4.8;    -999;    5.1;   55.21;    7.4;    3.2;    1.1;eor
       6159;20191231;    1;   5.2;   1.9;    1;   0.0;   0;    4.600;   0;  -999;   7.8;    -999;    4.5;   92.17;    8.5;   -0.3;   -2.3;eor
       6159;20200101;    1;   7.5;   2.6;    1;   0.0;   0;    0.000;   0;  -999;   5.9;    -999;   -0.5;   99.25;    0.1;   -1.2;   -0.8;eor
       6159;20200102;    1;   9.7;   4.5;    1;   0.0;   0;    0.000;   0;  -999;   6.5;    -999;    1.1;   97.13;    5.6;   -1.2;   -1.0;eor
       6159;20200103;    1;  13.1;   5.0;    1;  10.6;   4;    0.000;   0;  -999;   9.1;    -999;    7.0;   90.58;    9.2;    3.7;    1.6;eor
