STATIONS_ID;MESS_DATUM;QN_3;  FX;  FM;QN_4; RSK;RSKF; SDK;SHK_TAG;  NM; VPM;  PM; TMK; UPM; TXK; TNK; TGK;eor
       6272;20180626;-999;-999;-999;    3;   0.0;   0;-999;-999;  -999;  13.7;    -999;   17.0;   72.50;   22.4;   13.6;   12.5;eor
       6272;20180627;-999;-999;-999;    3;   0.0;   0;-999;-999;  -999;  11.8;    -999;   17.6;   61.67;   23.6;   11.6;   10.7;eor
       6272;20180628;-999;-999;-999;    3;   0.0;   0;-999;-999;  -999;  12.5;    -999;   19.9;   56.08;   26.5;   11.2;    9.7;eor
       6272;20180629;-999;-999;-999;    3;   0.0;   0;-999;-999;  -999;  12.1;    -999;   22.4;   47.25;   29.0;   16.2;   15.1;eor
       6272;20180630;-999;-999;-999;    3;   0.0;   0;-999;-999;  -999;   9.7;    -999;   18.6;   48.13;   23.3;   10.3;    8.9;eor
       6272;20180701;-999;-999;-999;    3;   0.0;   0;-999;-999;  -999;   7.8;    -999;   15.8;   47.21;   22.4;    7.2;    6.0;eor
       6272;20180702;-999;-999;-999;    3;   0.0;   0;-999;-999;  -999;   7.6;    -999;   16.2;   46.58;   24.2;    5.1;    4.3;eor
       6272;20180703;-999;-999;-999;    3;   0.0;   0;-999;-999;  -999;   7.7;    -999;   17.9;   43.92;   27.9;    5.0;    4.4;eor
       6272;20180704;-999;-999;-999;    3;   0.0;   0;-999;-999;  -999;  10.4;    -999;   21.2;   46.21;   30.2;    8.2;    7.1;eor
       6272;20180705;-999;-999;-999;    3;   0.0;   0;-999;-999;  -999;  15.4;    -999;   21.2;   63.71;   29.2;   13.3;   12.6;eor
       6272;20180706;-999;-999;-999;    3;   0.0;   0;-999;-999;  -999;  13.4;    -999;   19.0;   62.33;   24.6;   12.5;   10.9;eor
       6272;20180707;-999;-999;-999;    3;   0.0;   0;-999;-999;  -999;   9.0;    -999;   17.9;   47.88;   25.9;    8.3;    7.3;eor
       6272;20180708;-999;-999;-999;    3;   0.0;   0;-999;-999;  -999;  11.6;    -999;   18.2;   57.96;   26.7;    9.3;    8.5;eor
       6272;20180709;-999;-999;-999;    3;   2.1;   4;-999;-999;  -999;  11.7;    -999;   18.4;   57.54;   24.7;   11.1;   10.0;eor
       6272;20180710;-999;-999;-999;    3;  10.6;   4;-999;-999;  -999;  12.7;    -999;   15.2;   74.46;   20.2;   12.4;   12.4;eor
       6272;20180711;-999;-999;-999;    3;   2.7;   4;-999;-999;  -999;  14.2;    -999;   14.9;   84.75;   18.6;   12.2;   12.3;eor
       6272;20180712;-999;-999;-999;    3;   0.7;   4;-999;-999;  -999;  15.9;    -999;   17.1;   82.88;   24.2;   13.0;   12.8;eor
       6272;20180713;-999;-999;-999;    3;   0.0;   0;-999;-999;  -999;  14.0;    -999;   19.8;   64.79;   26.9;   13.0;   12.6;eor
       6272;20180714;-999;-999;-999;    3;   0.0;   0;-999;-999;  -999;  13.4;    -999;   20.1;   60.67;   27.6;   11.1;   10.3;eor
       6272;20180715;-999;-999;-999;    3;   0.0;   0;-999;-999;  -999;  13.7;    -999;   20.9;   58.33;   26.9;   13.9;   12.9;eor
       6272;20180716;-999;-999;-999;    3;   0.0;   0;-999;-999;  -999;  14.4;    -999;   19.1;   67.96;   27.0;   11.8;   11.3;eor
       6272;20180717;-999;-999;-999;    3;   0.0;   0;-999;-999;  -999;  12.8;    -999;   21.4;   56.54;   30.2;   11.0;   10.1;eor
       6272;20180718;-999;-999;-999;    3;   0.0;   0;-999;-999;  -999;  12.5;    -999;   20.3;   55.29;   26.7;   13.7;   12.5;eor
       6272;20180719;-999;-999;-999;    3;   0.0;   0;-999;-999;  -999;  10.5;    -999;   19.7;   50.17;   27.4;    9.5;    8.7;eor
       6272;20180720;-999;-999;-999;    3;   0.0;   0;-999;-999;  -999;  11.0;    -999;   21.3;   47.83;   29.4;    9.8;    9.3;eor
       6272;20180721;-999;-999;-999;    3;   4.0;   4;-999;-999;  -999;  16.1;    -999;   17.9;   79.71;   24.9;   12.6;   11.9;eor
       6272;20180722;-999;-999;-999;    3;   4.0;   4;-999;-999;  -999;  18.4;    -999;   18.1;   89.54;   23.0;   14.9;   14.3;eor
       6272;20180723;-999;-999;-999;    3;   0.0;   0;-999;-999;  -999;  15.3;    -999;   21.1;   65.67;   29.3;   14.2;   13.5;eor
       6272;20180724;-999;-999;-999;    3;   0.0;   0;-999;-999;  -999;  14.3;    -999;   22.7;   57.63;   32.0;   11.8;   11.2;eor
       6272;20180725;-999;-999;-999;    3;   0.0;   0;-999;-999;  -999;  15.5;    -999;   24.4;   55.29;   32.4;   14.2;   13.8;eor
       6272;20180726;-999;-999;-999;    3;   0.0;   0;-999;-999;  -999;  13.8;    -999;   24.1;   51.54;   31.9;   14.6;   14.0;eor
       6272;20180727;-999;-999;-999;    3;   0.0;   0;-999;-999;  -999;  14.4;    -999;   23.8;   53.04;   31.7;   13.5;   12.8;eor
       6272;20180728;-999;-999;-999;    3;   3.4;   4;-999;-999;  -999;  18.9;    -999;   22.0;   75.75;   30.8;   14.5;   13.9;eor
       6272;20180729;-999;-999;-999;    3;   0.0;   0;-999;-999;  -999;  -999;    -999;   21.9;-999;   30.0;   14.3;   13.0;eor
       6272;20180730;-999;-999;-999;    3;   0.0;   0;-999;-999;  -999;  -999;    -999;   24.3;-999;   34.1;   13.9;   13.0;eor
       6272;20180731;-999;-999;-999;    3;   0.0;   0;-999;-999;  -999;  -999;    -999;   26.2;-999;   36.6;   13.9;   12.0;eor
       6272;20180801;-999;-999;-999;    3;   1.7;   4;-999;-999;  -999;  -999;    -999;   25.3;-999;   30.2;   19.8;   18.0;eor
       6272;20180802;-999;-999;-999;    3;   0.0;   0;-999;-999;  -999;  19.9;    -999;   23.9;   68.96;   30.1;   18.8;   18.0;eor
       6272;20180803;-999;-999;-999;    3;   0.0;   0;-999;-999;  -999;  18.7;    -999;   24.7;   63.75;   32.2;   16.2;   15.5;eor
       6272;20180804;-999;-999;-999;    3;   0.0;   0;-999;-999;  -999;  16.8;    -999;   25.4;   56.46;   33.6;   16.4;   15.7;eor
       6272;20180805;-999;-999;-999;    3;   0.0;   0;-999;-999;  -999;  14.6;    -999;   21.8;   57.54;   27.6;   14.1;   12.7;eor
       6272;20180806;-999;-999;-999;    3;   0.0;   0;-999;-999;  -999;  11.3;    -999;   21.6;   50.21;   31.7;    9.8;    9.0;eor
       6272;20180807;-999;-999;-999;    3;   0.0;   0;-999;-999;  -999;  13.6;    -999;   26.0;   42.92;   35.2;   15.5;   14.6;eor
       6272;20180808;-999;-999;-999;    3;   0.0;   0;-999;-999;  -999;  15.6;    -999;   25.2;   50.58;   31.3;   18.0;   17.1;eor
       6272;20180809;-999;-999;-999;    3;   0.0;   0;-999;-999;  -999;  16.2;    -999;   23.4;   60.04;   33.7;   15.2;   14.7;eor
       6272;20180810;-999;-999;-999;    3;   0.0;   0;-999;-999;  -999;  11.2;    -999;   18.5;   53.67;   23.1;   13.5;   12.6;eor
       6272;20180811;-999;-999;-999;    3;   0.0;   0;-999;-999;  -999;   9.3;    -999;   17.0;   50.88;   23.6;    8.8;    8.2;eor
       6272;20180812;-999;-999;-999;    3;   0.0;   0;-999;-999;  -999;   8.9;    -999;   17.4;   50.33;   27.8;    5.7;    5.2;eor
       6272;20180813;-999;-999;-999;    3;   4.4;   4;-999;-999;  -999;  14.4;    -999;   17.0;   73.83;   22.7;   10.9;    9.5;eor
       6272;20180814;-999;-999;-999;    3;   0.0;   0;-999;-999;  -999;  15.5;    -999;   17.3;   79.79;   22.6;   12.0;   11.3;eor
       6272;20180815;-999;-999;-999;    3;   0.0;   0;-999;-999;  -999;  13.6;    -999;   17.1;   72.67;   23.8;   10.5;    9.8;eor
       6272;20180816;-999;-999;-999;    3;   0.0;   0;-999;-999;  -999;  13.2;    -999;   19.7;   62.63;   29.7;    8.8;    8.0;eor
       6272;20180817;-999;-999;-999;    3;   0.0;   0;-999;-999;  -999;  14.6;    -999;   21.8;   58.79;   29.9;   12.7;   12.0;eor
       6272;20180818;-999;-999;-999;    3;   0.0;   0;-999;-999;  -999;  14.4;    -999;   20.2;   62.88;   27.5;   12.3;   11.7;eor
       6272;20180819;-999;-999;-999;    3;   0.0;   0;-999;-999;  -999;  10.8;    -999;   19.7;   53.04;   30.2;    9.0;    8.2;eor
       6272;20180820;-999;-999;-999;    3;   0.0;   0;-999;-999;  -999;  14.8;    -999;   18.6;   69.29;   24.5;   11.0;   10.4;eor
       6272;20180821;-999;-999;-999;    3;   0.0;   0;-999;-999;  -999;  16.0;    -999;   20.3;   68.83;   25.9;   13.7;   13.0;eor
       6272;20180822;-999;-999;-999;    3;   0.0;   0;-999;-999;  -999;  14.5;    -999;   22.3;   58.42;   31.4;   14.8;   15.1;eor
       6272;20180823;-999;-999;-999;    3;   0.0;   0;-999;-999;  -999;  15.3;    -999;   22.8;   58.63;   31.5;   13.1;   12.4;eor
       6272;20180824;-999;-999;-999;    3;   0.5;   4;-999;-999;  -999;  13.6;    -999;   18.0;   65.21;   21.5;   13.7;   13.4;eor
       6272;20180825;-999;-999;-999;    3;   0.4;   4;-999;-999;  -999;   9.8;    -999;   13.7;   63.75;   17.9;    6.5;    5.5;eor
       6272;20180826;-999;-999;-999;    3;   0.0;   0;-999;-999;  -999;   8.0;    -999;   12.3;   60.83;   19.7;    3.3;    2.4;eor
       6272;20180827;-999;-999;-999;    3;   0.0;   0;-999;-999;  -999;  11.8;    -999;   15.4;   66.13;   19.2;   10.0;    9.3;eor
       6272;20180828;-999;-999;-999;    3;   0.0;   0;-999;-999;  -999;  11.5;    -999;   17.4;   60.50;   23.9;    9.9;    8.2;eor
       6272;20180829;-999;-999;-999;    3;   2.9;   4;-999;-999;  -999;  13.1;    -999;   19.3;   63.13;   28.9;    6.8;    5.9;eor
       6272;20180830;-999;-999;-999;    3;   0.0;   0;-999;-999;  -999;  14.4;    -999;   16.2;   78.58;   20.6;   10.1;    8.8;eor
       6272;20180831;-999;-999;-999;    3;   0.0;   0;-999;-999;  -999;  10.4;    -999;   13.5;   70.63;   19.7;    7.4;    5.6;eor
       6272;20180901;-999;-999;-999;    3;   0.0;   0;-999;-999;  -999;   9.0;    -999;   13.1;   64.08;   21.2;    3.4;    2.7;eor
       6272;20180902;-999;-999;-999;    3;   3.1;   4;-999;-999;  -999;  13.5;    -999;   13.7;   84.83;   15.8;   10.2;    8.6;eor
       6272;20180903;-999;-999;-999;    3;   4.6;   4;-999;-999;  -999;  17.1;    -999;   15.9;   94.75;   18.4;   13.1;   12.6;eor
       6272;20180904;-999;-999;-999;    3;   0.0;   0;-999;-999;  -999;  15.9;    -999;   18.1;   80.17;   25.7;   12.6;   11.5;eor
       6272;20180905;-999;-999;-999;    3;   0.0;   0;-999;-999;  -999;  13.8;    -999;   18.1;   70.54;   26.2;    9.5;    8.7;eor
       6272;20180906;-999;-999;-999;    3;   4.4;   4;-999;-999;  -999;  15.2;    -999;   17.8;   77.88;   26.9;   11.5;   10.1;eor
       6272;20180907;-999;-999;-999;    3;   6.9;   4;-999;-999;  -999;  15.6;    -999;   15.6;   88.71;   21.2;   11.1;    9.5;eor
       6272;20180908;-999;-999;-999;    3;   0.0;   0;-999;-999;  -999;  10.3;    -999;   13.4;   70.88;   20.3;    6.6;    5.4;eor
       6272;20180909;-999;-999;-999;    3;   0.0;   0;-999;-999;  -999;  11.2;    -999;   15.9;   64.25;   24.5;   10.0;    8.4;eor
       6272;20180910;-999;-999;-999;    3;   0.0;   0;-999;-999;  -999;  12.2;    -999;   17.6;   64.25;   26.0;    9.0;    7.6;eor
       6272;20180911;-999;-999;-999;    3;   0.0;   0;-999;-999;  -999;  12.6;    -999;   18.5;   63.29;   26.5;   10.6;    9.6;eor
       6272;20180912;-999;-999;-999;    3;   0.0;   0;-999;-999;  -999;  12.5;    -999;   20.2;   57.04;   28.8;   13.6;   11.7;eor
       6272;20180913;-999;-999;-999;    3;   0.0;   4;-999;-999;  -999;  14.7;    -999;   15.2;   85.46;   18.2;   12.7;   11.6;eor
       6272;20180914;-999;-999;-999;    3;   0.0;   0;-999;-999;  -999;  13.0;    -999;   14.7;   79.21;   21.3;    9.7;    9.1;eor
       6272;20180915;-999;-999;-999;    3;   0.0;   0;-999;-999;  -999;  10.2;    -999;   13.5;   68.71;   20.8;    7.1;    5.8;eor
       6272;20180916;-999;-999;-999;    3;   0.0;   0;-999;-999;  -999;   9.5;    -999;   13.9;   64.58;   23.0;    5.2;    4.4;eor
       6272;20180917;-999;-999;-999;    3;   0.0;   0;-999;-999;  -999;  10.0;    -999;   16.6;   56.54;   26.3;    6.5;    5.4;eor
       6272;20180918;-999;-999;-999;    3;   0.0;   0;-999;-999;  -999;  12.0;    -999;   20.1;   53.83;   30.1;   11.3;   10.2;eor
       6272;20180919;-999;-999;-999;    3;   0.0;   0;-999;-999;  -999;  13.8;    -999;   20.3;   61.58;   28.7;   11.5;   10.5;eor
       6272;20180920;-999;-999;-999;    3;   0.0;   0;-999;-999;  -999;  12.8;    -999;   20.6;   55.88;   28.3;   13.3;   11.9;eor
       6272;20180921;-999;-999;-999;    3;   2.5;   4;-999;-999;  -999;  12.7;    -999;   16.6;   68.75;   24.8;    8.6;    6.9;eor
       6272;20180922;-999;-999;-999;    3;   4.8;   4;-999;-999;  -999;   9.9;    -999;   12.1;   71.33;   16.2;    9.5;    8.1;eor
       6272;20180923;-999;-999;-999;    3;  38.5;   4;-999;-999;  -999;  11.8;    -999;    9.8;   96.00;   13.4;    6.8;    5.7;eor
       6272;20180924;-999;-999;-999;    3;   1.8;   4;-999;-999;  -999;   8.8;    -999;    8.7;   79.17;   13.6;    3.6;    2.4;eor
       6272;20180925;-999;-999;-999;    3;   0.0;   0;-999;-999;  -999;   8.1;    -999;    6.9;   83.29;   13.1;    2.5;    1.7;eor
       6272;20180926;-999;-999;-999;    3;   0.0;   0;-999;-999;  -999;   7.3;    -999;    9.2;   64.92;   15.6;    2.5;    1.6;eor
       6272;20180927;-999;-999;-999;    3;   0.0;   0;-999;-999;  -999;   7.8;    -999;   12.8;   56.33;   22.1;    5.6;    4.5;eor
       6272;20180928;-999;-999;-999;    3;   0.0;   0;-999;-999;  -999;   8.7;    -999;    8.5;   78.71;   13.3;    3.0;    1.0;eor
       6272;20180929;-999;-999;-999;    3;   0.0;   0;-999;-999;  -999;   7.3;    -999;    6.4;   79.13;   14.8;   -0.4;   -1.6;eor
       6272;20180930;-999;-999;-999;    3;   0.0;   0;-999;-999;  -999;   6.9;    -999;    9.0;   65.13;   17.7;    2.5;    0.8;eor
       6272;20181001;-999;-999;-999;    3;   0.4;   4;-999;   0;  -999;   7.9;    -999;    6.2;   84.21;   13.2;    1.3;    0.1;eor
       6272;20181002;-999;-999;-999;    3;   1.9;   4;-999;   0;  -999;   8.8;    -999;    6.9;   87.58;   10.8;    3.0;    1.6;eor
       6272;20181003;-999;-999;-999;    3;   0.0;   0;-999;   0;  -999;   9.2;    -999;   10.3;   74.08;   14.5;    2.7;    1.4;eor
       6272;20181004;-999;-999;-999;    3;   0.0;   0;-999;   0;  -999;   9.5;    -999;    8.9;   83.33;   15.5;    2.8;    1.3;eor
       6272;20181005;-999;-999;-999;    3;   0.0;   0;-999;   0;  -999;   9.6;    -999;   12.0;   71.33;   20.2;    5.2;    4.1;eor
       6272;20181006;-999;-999;-999;    3;   0.0;   0;-999;   0;  -999;  11.9;    -999;   15.2;   69.17;   22.7;    9.1;    7.6;eor
       6272;20181007;-999;-999;-999;    3;   0.0;   0;-999;   0;  -999;  11.5;    -999;   10.5;   89.33;   13.8;    4.6;    3.2;eor
       6272;20181008;-999;-999;-999;    3;   0.0;   0;-999;   0;  -999;  10.5;    -999;    8.6;   92.33;   16.7;    2.1;    1.2;eor
       6272;20181009;-999;-999;-999;    3;   0.0;   0;-999;   0;  -999;  12.3;    -999;   11.6;   90.33;   20.1;    6.1;    5.1;eor
       6272;20181010;-999;-999;-999;    3;   0.0;   0;-999;   0;  -999;  11.5;    -999;   11.3;   86.63;   22.5;    4.2;    3.9;eor
       6272;20181011;-999;-999;-999;    3;   0.0;   0;-999;   0;  -999;  10.2;    -999;   14.3;   66.79;   22.9;    5.8;    4.1;eor
       6272;20181012;-999;-999;-999;    3;   0.0;   0;-999;   0;  -999;  12.2;    -999;   16.9;   64.21;   24.4;   11.8;    9.9;eor
       6272;20181013;-999;-999;-999;    3;   0.0;   0;-999;   0;  -999;  12.2;    -999;   16.5;   67.17;   24.9;   11.4;    9.4;eor
       6272;20181014;-999;-999;-999;    3;   0.0;   0;-999;   0;  -999;  11.2;    -999;   15.0;   67.04;   22.3;    8.7;    7.2;eor
       6272;20181015;-999;-999;-999;    3;   0.0;   0;-999;   0;  -999;  10.2;    -999;   13.7;   67.83;   22.4;    7.8;    5.7;eor
       6272;20181016;-999;-999;-999;    3;   0.0;   0;-999;   0;  -999;  10.9;    -999;   10.8;   84.17;   18.9;    5.1;    3.7;eor
       6272;20181017;-999;-999;-999;    3;   0.0;   0;-999;   0;  -999;  11.5;    -999;   11.0;   88.38;   21.1;    5.8;    5.3;eor
       6272;20181018;-999;-999;-999;    3;   0.0;   0;-999;   0;  -999;  11.7;    -999;   11.0;   88.33;   16.1;    5.6;    4.9;eor
       6272;20181019;-999;-999;-999;    3;   0.0;   0;-999;   0;  -999;  11.3;    -999;   12.1;   80.04;   15.3;    8.2;    7.4;eor
       6272;20181020;-999;-999;-999;    3;   0.0;   0;-999;   0;  -999;   8.4;    -999;    7.4;   82.46;   14.4;    1.6;    0.6;eor
       6272;20181021;-999;-999;-999;    3;   0.0;   0;-999;   0;  -999;   8.4;    -999;    6.7;   86.25;   14.5;    0.9;    0.0;eor
       6272;20181022;-999;-999;-999;    3;   0.9;   4;-999;   0;  -999;   8.6;    -999;    5.6;   93.96;    9.4;    0.9;   -0.3;eor
       6272;20181023;-999;-999;-999;    3;   2.0;   4;-999;   0;  -999;   9.3;    -999;    7.2;   91.29;   10.9;    3.0;    2.4;eor
       6272;20181024;-999;-999;-999;    3;   3.2;   4;-999;   0;  -999;  12.2;    -999;   11.1;   92.21;   12.6;   10.1;    9.7;eor
       6272;20181025;-999;-999;-999;    3;   0.0;   0;-999;   0;  -999;  11.0;    -999;   11.1;   83.50;   12.9;    8.8;    8.6;eor
       6272;20181026;-999;-999;-999;    3;   0.7;   4;-999;   0;  -999;   9.2;    -999;    9.2;   79.04;   10.6;    7.5;    6.8;eor
       6272;20181027;-999;-999;-999;    3;   0.0;   0;-999;   0;  -999;   7.7;    -999;    6.0;   82.92;    7.5;    3.7;    2.6;eor
       6272;20181028;-999;-999;-999;    3;   0.9;   4;-999;   0;  -999;   7.1;    -999;    3.8;   88.04;    5.0;    2.8;    2.3;eor
       6272;20181029;-999;-999;-999;    3;   0.3;   4;-999;   0;  -999;   7.1;    -999;    4.1;   87.13;    5.0;    3.5;    3.0;eor
       6272;20181030;-999;-999;-999;    3;   1.1;   4;-999;   0;  -999;   7.7;    -999;    5.4;   85.63;    9.7;    1.0;   -0.3;eor
       6272;20181031;-999;-999;-999;    3;   0.0;   0;-999;   0;  -999;   7.6;    -999;    6.3;   80.00;   10.9;    1.8;    0.4;eor
       6272;20181101;-999;-999;-999;    3;   0.1;   4;-999;   0;  -999;   7.8;    -999;    5.2;   87.83;   12.9;   -0.7;   -1.7;eor
       6272;20181102;-999;-999;-999;    3;   0.0;   0;-999;   0;  -999;   8.9;    -999;    7.7;   85.88;   12.7;    3.9;    2.4;eor
       6272;20181103;-999;-999;-999;    3;   0.0;   0;-999;   0;  -999;   8.3;    -999;    6.7;   85.17;   11.1;    3.6;    1.8;eor
       6272;20181104;-999;-999;-999;    3;   0.0;   0;-999;   0;  -999;  10.1;    -999;    8.3;   91.42;   10.2;    5.2;    5.1;eor
       6272;20181105;-999;-999;-999;    3;   0.0;   0;-999;   0;  -999;  10.6;    -999;    9.7;   88.04;   14.2;    4.6;    3.2;eor
       6272;20181106;-999;-999;-999;    3;   0.0;   0;-999;   0;  -999;  10.6;    -999;   10.2;   85.79;   17.3;    7.1;    4.8;eor
       6272;20181107;-999;-999;-999;    3;   0.0;   0;-999;   0;  -999;  10.3;    -999;    8.9;   90.25;   14.2;    6.3;    4.9;eor
       6272;20181108;-999;-999;-999;    3;   1.2;   4;-999;   0;  -999;  11.0;    -999;    9.4;   93.25;   12.8;    7.5;    7.1;eor
       6272;20181109;-999;-999;-999;    3;   0.0;   0;-999;   0;  -999;  10.5;    -999;    8.7;   93.08;   10.5;    6.6;    5.6;eor
       6272;20181110;-999;-999;-999;    3;   0.5;   4;-999;   0;  -999;   9.8;    -999;    8.6;   87.38;    9.9;    7.6;    7.5;eor
       6272;20181111;-999;-999;-999;    3;   2.0;   4;-999;   0;  -999;  10.7;    -999;    9.6;   89.50;   12.2;    7.3;    6.4;eor
       6272;20181112;-999;-999;-999;    3;   5.6;   4;-999;   0;  -999;  11.2;    -999;   11.6;   82.42;   14.5;    9.1;    8.1;eor
       6272;20181113;-999;-999;-999;    3;   1.0;   4;-999;   0;  -999;  10.7;    -999;    9.9;   87.42;   12.3;    4.1;    2.4;eor
       6272;20181114;-999;-999;-999;    3;   0.0;   0;-999;   0;  -999;   8.2;    -999;    4.8;   94.33;    6.9;    0.5;   -0.5;eor
       6272;20181115;-999;-999;-999;    3;   0.0;   0;-999;   0;  -999;   7.4;    -999;    4.2;   89.50;    7.9;   -0.7;   -2.2;eor
       6272;20181116;-999;-999;-999;    3;   0.0;   0;-999;   0;  -999;   6.2;    -999;    1.2;   92.75;    7.5;   -2.3;   -3.9;eor
       6272;20181117;-999;-999;-999;    3;   0.0;   0;-999;   0;  -999;   5.5;    -999;    0.3;   88.58;    4.2;   -4.3;   -5.4;eor
       6272;20181118;-999;-999;-999;    3;   2.1;   4;-999;   0;  -999;   4.5;    -999;   -0.4;   77.25;    5.2;   -3.0;   -4.4;eor
       6272;20181119;-999;-999;-999;    3;   2.4;   4;-999;   0;  -999;   6.0;    -999;    1.6;   88.00;    3.1;   -0.8;   -0.5;eor
       6272;20181120;-999;-999;-999;    3;   1.3;   4;-999;   0;  -999;   5.5;    -999;    0.7;   86.04;    1.5;   -0.7;   -1.7;eor
       6272;20181121;-999;-999;-999;    3;   0.0;   0;-999;   0;  -999;   5.7;    -999;   -0.1;   94.17;    1.8;   -3.4;   -4.4;eor
       6272;20181122;-999;-999;-999;    3;   0.0;   0;-999;   0;  -999;   6.3;    -999;    1.4;   92.46;    2.6;   -1.4;   -2.8;eor
       6272;20181123;-999;-999;-999;    3;   0.0;   0;-999;   0;  -999;   6.4;    -999;    1.6;   93.00;    3.3;   -1.5;   -3.0;eor
       6272;20181124;-999;-999;-999;    3;   1.1;   4;-999;   0;  -999;   7.2;    -999;    2.7;   96.04;    5.0;   -0.5;   -0.1;eor
       6272;20181125;-999;-999;-999;    3;   0.0;   4;-999;   0;  -999;   8.4;    -999;    5.5;   92.67;    7.4;    3.8;    3.0;eor
       6272;20181126;-999;-999;-999;    3;   0.0;   4;-999;   0;  -999;   7.2;    -999;    3.1;   93.96;    5.1;    1.4;    1.3;eor
       6272;20181127;-999;-999;-999;    3;   0.0;   0;-999;   0;  -999;   5.4;    -999;    0.1;   87.17;    1.5;   -2.3;   -3.7;eor
       6272;20181128;-999;-999;-999;    3;   0.1;   4;-999;   0;  -999;   5.3;    -999;    1.0;   81.17;    3.1;   -1.1;   -1.9;eor
       6272;20181129;-999;-999;-999;    3;   0.0;   0;-999;   0;  -999;   4.8;    -999;    1.9;   69.13;    4.2;    0.0;   -0.4;eor
       6272;20181130;-999;-999;-999;    3;   0.1;   4;-999;   0;  -999;   5.3;    -999;    1.2;   79.79;    2.1;    0.7;    0.3;eor
       6272;20181201;-999;-999;-999;    3;   0.1;   4;-999;   0;  -999;   7.5;    -999;    3.6;   94.25;    6.0;    1.3;    1.4;eor
       6272;20181202;-999;-999;-999;    3;  11.6;   4;-999;   0;  -999;  10.1;    -999;    8.2;   91.54;   11.9;    5.6;    5.2;eor
       6272;20181203;-999;-999;-999;    3;   5.9;   4;-999;   0;  -999;  11.9;    -999;   10.5;   93.58;   11.8;    8.9;    8.4;eor
       6272;20181204;-999;-999;-999;    3;   0.6;   4;-999;   0;  -999;   7.7;    -999;    4.9;   87.63;   10.4;   -1.8;   -3.3;eor
       6272;20181205;-999;-999;-999;    3;   0.2;   4;-999;   0;  -999;   5.9;    -999;    0.9;   91.38;    3.0;   -2.0;   -3.2;eor
       6272;20181206;-999;-999;-999;    3;   0.8;   4;-999;   0;  -999;   7.8;    -999;    4.5;   91.33;   10.8;    2.6;    2.1;eor
       6272;20181207;-999;-999;-999;    3;   6.5;   4;-999;   0;  -999;  10.7;    -999;    9.9;   87.08;   11.3;    4.9;    3.6;eor
       6272;20181208;-999;-999;-999;    3;   7.9;   4;-999;   0;  -999;   7.9;    -999;    6.1;   83.79;    8.5;    4.1;    2.8;eor
       6272;20181209;-999;-999;-999;    3;  11.1;   4;-999;   0;  -999;   8.1;    -999;    5.8;   87.50;    8.5;    3.7;    2.4;eor
       6272;20181210;-999;-999;-999;    3;   5.4;   4;-999;   0;  -999;   6.6;    -999;    3.0;   86.67;    4.6;    0.6;    0.1;eor
       6272;20181211;-999;-999;-999;    3;   2.2;   4;-999;   0;  -999;   6.7;    -999;    2.7;   90.21;    3.3;    2.1;    1.3;eor
       6272;20181212;-999;-999;-999;    3;   0.0;   4;-999;   0;  -999;   6.4;    -999;    1.9;   91.92;    2.8;    0.6;   -0.5;eor
       6272;20181213;-999;-999;-999;    3;   0.0;   0;-999;   0;  -999;   4.7;    -999;   -0.3;   77.63;    1.2;   -1.6;   -3.4;eor
       6272;20181214;-999;-999;-999;    3;   0.0;   0;-999;   0;  -999;   4.1;    -999;   -0.6;   71.04;   -0.3;   -1.3;   -2.5;eor
       6272;20181215;-999;-999;-999;    3;   0.0;   0;-999;   0;  -999;   3.9;    -999;   -1.1;   69.46;   -0.8;   -1.6;   -2.0;eor
       6272;20181216;-999;-999;-999;    3;   0.5;   4;-999;   0;  -999;   4.3;    -999;   -2.0;   81.88;   -1.3;   -2.8;   -4.2;eor
       6272;20181217;-999;-999;-999;    3;   0.6;   4;-999;   1;  -999;   6.4;    -999;    1.1;   96.42;    3.1;   -1.3;   -1.2;eor
       6272;20181218;-999;-999;-999;    3;   0.0;   0;-999;   0;  -999;   7.0;    -999;    3.3;   90.33;    4.5;    1.6;    0.8;eor
       6272;20181219;-999;-999;-999;    3;   0.6;   4;-999;   0;  -999;   6.3;    -999;    1.5;   91.63;    2.0;    0.8;    0.2;eor
       6272;20181220;-999;-999;-999;    3;   1.1;   4;-999;   0;  -999;   7.6;    -999;    3.8;   94.25;    6.6;    2.0;    2.0;eor
       6272;20181221;-999;-999;-999;    3;   5.0;   4;-999;   0;  -999;   9.0;    -999;    7.8;   85.29;   11.5;    4.9;    4.6;eor
       6272;20181222;-999;-999;-999;    3;   2.1;   4;-999;   0;  -999;   8.7;    -999;    8.6;   77.83;   10.7;    5.0;    3.2;eor
       6272;20181223;-999;-999;-999;    3;  13.1;   4;-999;   0;  -999;   8.5;    -999;    6.2;   89.88;    8.1;    4.4;    3.5;eor
       6272;20181224;-999;-999;-999;    3;   1.5;   4;-999;   0;  -999;   6.8;    -999;    2.5;   92.63;    4.4;   -0.7;   -1.9;eor
       6272;20181225;-999;-999;-999;    3;   0.0;   0;-999;   0;  -999;   6.1;    -999;    1.8;   88.42;    3.5;   -0.1;    0.0;eor
       6272;20181226;-999;-999;-999;    3;   0.1;   4;-999;   0;  -999;   6.1;    -999;    1.2;   91.04;    2.6;   -1.4;   -2.7;eor
       6272;20181227;-999;-999;-999;    3;   0.0;   0;-999;   0;  -999;   6.4;    -999;    1.6;   93.67;    2.2;    0.9;    0.3;eor
       6272;20181228;-999;-999;-999;    3;   0.4;   4;-999;   0;  -999;   5.8;    -999;   -0.7;   99.25;    2.2;   -2.3;   -2.2;eor
       6272;20181229;-999;-999;-999;    3;   2.5;   4;-999;   0;  -999;   6.5;    -999;    0.9;   98.58;    4.3;   -0.5;   -0.1;eor
       6272;20181230;-999;-999;-999;    3;   0.7;   4;-999;   0;  -999;   7.8;    -999;    5.6;   85.92;    6.6;    4.3;    3.7;eor
       6272;20181231;-999;-999;-999;    3;   1.3;   4;-999;   0;  -999;   9.0;    -999;    5.8;   97.42;    7.8;    4.6;    4.3;eor
       6272;20190101;-999;-999;-999;    3;   2.6;   4;-999;   0;  -999;   8.0;    -999;    5.6;   87.75;    7.1;    1.3;    0.3;eor
       6272;20190102;-999;-999;-999;    3;   0.6;   4;-999;   0;  -999;   5.1;    -999;    1.6;   73.83;    2.9;   -1.3;   -3.2;eor
       6272;20190103;-999;-999;-999;    3;   0.0;   0;-999;   0;  -999;   4.7;    -999;   -2.2;   89.21;    0.1;   -5.7;   -7.0;eor
       6272;20190104;-999;-999;-999;    3;   2.0;   4;-999;   0;  -999;   5.9;    -999;    0.8;   90.58;    2.3;   -1.1;   -2.4;eor
       6272;20190105;-999;-999;-999;    3;   3.8;   4;-999;   0;  -999;   8.2;    -999;    4.7;   95.46;    6.4;    2.3;    2.0;eor
       6272;20190106;-999;-999;-999;    3;   4.1;   4;-999;   0;  -999;   8.6;    -999;    5.5;   94.92;    6.2;    4.6;    4.1;eor
       6272;20190107;-999;-999;-999;    3;   2.0;   4;-999;   0;  -999;   7.5;    -999;    4.0;   92.33;    4.6;    3.1;    2.8;eor
       6272;20190108;-999;-999;-999;    3;   5.6;   4;-999;   0;  -999;   7.1;    -999;    4.0;   87.75;    5.2;    1.8;    1.2;eor
       6272;20190109;-999;-999;-999;    3;   5.5;   4;-999;   0;  -999;   5.7;    -999;    0.6;   89.83;    2.6;   -0.4;   -0.7;eor
       6272;20190110;-999;-999;-999;    3;   1.3;   4;-999;   4;  -999;   4.9;    -999;   -1.4;   88.96;    0.0;   -4.5;   -5.6;eor
       6272;20190111;-999;-999;-999;    3;   4.8;   4;-999;   4;  -999;   5.6;    -999;   -0.9;   97.67;    3.3;   -2.6;   -2.4;eor
       6272;20190112;-999;-999;-999;    3;   4.3;   4;-999;   2;  -999;   7.3;    -999;    3.5;   92.71;    4.3;    1.9;    0.9;eor
       6272;20190113;-999;-999;-999;    3;   5.9;   4;-999;   0;  -999;   8.2;    -999;    5.6;   89.71;    8.1;    3.8;    3.0;eor
       6272;20190114;-999;-999;-999;    3;   0.3;   4;-999;   0;  -999;   5.9;    -999;    2.7;   78.79;    5.4;    0.1;   -0.5;eor
       6272;20190115;-999;-999;-999;    3;   0.5;   4;-999;   0;  -999;   6.1;    -999;    3.1;   79.79;    4.9;    1.1;    0.3;eor
       6272;20190116;-999;-999;-999;    3;   0.1;   4;-999;   0;  -999;   6.5;    -999;    3.7;   82.29;    4.7;    1.6;   -0.1;eor
       6272;20190117;-999;-999;-999;    3;   3.7;   4;-999;   0;  -999;   6.7;    -999;    3.5;   84.50;    5.6;    0.4;   -0.3;eor
       6272;20190118;-999;-999;-999;    3;   0.0;   0;-999;   0;  -999;   4.4;    -999;   -1.2;   79.17;    2.1;   -5.2;   -6.2;eor
       6272;20190119;-999;-999;-999;    3;   0.0;   0;-999;   0;  -999;   3.6;    -999;   -4.6;   83.96;    0.5;   -7.8;   -8.9;eor
       6272;20190120;-999;-999;-999;    3;   0.0;   0;-999;   0;  -999;   3.3;    -999;   -6.2;   86.13;    0.3;   -9.9;  -10.9;eor
       6272;20190121;-999;-999;-999;    3;   0.0;   0;-999;   0;  -999;   3.4;    -999;   -6.3;   88.13;   -0.9;  -10.1;  -11.2;eor
       6272;20190122;-999;-999;-999;    3;   0.0;   0;-999;   0;  -999;   3.3;    -999;   -6.6;   87.46;   -4.6;   -9.7;  -11.0;eor
       6272;20190123;-999;-999;-999;    3;   0.0;   0;-999;   0;  -999;   3.6;    -999;   -4.8;   83.71;   -2.9;   -7.6;  -10.0;eor
       6272;20190124;-999;-999;-999;    3;   0.0;   4;-999;   0;  -999;   3.6;    -999;   -5.2;   86.71;   -3.3;   -7.4;   -8.9;eor
       6272;20190125;-999;-999;-999;    3;   6.7;   4;-999;   1;  -999;   3.8;    -999;   -4.0;   84.33;   -2.1;   -5.5;   -5.3;eor
       6272;20190126;-999;-999;-999;    3;   2.7;   4;-999;   4;  -999;   6.6;    -999;    1.5;   95.92;    3.9;   -2.1;   -2.0;eor
       6272;20190127;-999;-999;-999;    3;   3.3;   4;-999;   0;  -999;   7.1;    -999;    2.7;   95.50;    4.3;    1.5;    0.7;eor
       6272;20190128;-999;-999;-999;    3;   3.0;   4;-999;   0;  -999;   6.1;    -999;    1.3;   91.13;    2.1;    0.2;   -0.5;eor
       6272;20190129;-999;-999;-999;    3;   0.0;   4;-999;   0;  -999;   5.4;    -999;    0.2;   87.25;    1.9;   -1.8;   -3.2;eor
       6272;20190130;-999;-999;-999;    3;   0.3;   4;-999;   0;  -999;   4.7;    -999;   -1.0;   82.83;    1.1;   -4.0;   -4.9;eor
       6272;20190131;-999;-999;-999;    3;   0.0;   4;-999;   0;  -999;   4.6;    -999;   -0.2;   76.08;    2.7;   -2.8;   -5.3;eor
       6272;20190201;-999;-999;-999;    3;   1.0;   4;-999;   0;  -999;   5.5;    -999;    0.5;   86.75;    2.3;   -2.2;   -3.2;eor
       6272;20190202;-999;-999;-999;    3;   0.8;   4;-999;   0;  -999;   6.4;    -999;    0.9;   98.29;    2.2;    0.1;   -0.2;eor
       6272;20190203;-999;-999;-999;    3;   0.0;   0;-999;   0;  -999;   5.5;    -999;    0.4;   86.58;    1.2;   -0.9;   -2.2;eor
       6272;20190204;-999;-999;-999;    3;   0.0;   0;-999;   0;  -999;   4.9;    -999;    0.3;   79.67;    4.2;   -2.9;   -4.3;eor
       6272;20190205;-999;-999;-999;    3;   0.3;   4;-999;   0;  -999;   5.2;    -999;   -0.4;   86.75;    0.5;   -1.0;   -1.9;eor
       6272;20190206;-999;-999;-999;    3;   0.0;   0;-999;   0;  -999;   5.1;    -999;   -0.7;   87.21;    0.9;   -1.8;   -2.8;eor
       6272;20190207;-999;-999;-999;    3;   1.2;   4;-999;   0;  -999;   4.8;    -999;   -1.8;   89.04;    0.6;   -2.9;   -2.8;eor
       6272;20190208;-999;-999;-999;    3;   0.3;   4;-999;   0;  -999;   6.8;    -999;    3.4;   86.92;    6.6;   -0.2;   -1.0;eor
       6272;20190209;-999;-999;-999;    3;   0.2;   4;-999;   0;  -999;   7.1;    -999;    6.2;   75.13;    9.1;    2.7;    1.7;eor
       6272;20190210;-999;-999;-999;    3;  11.1;   4;-999;   0;  -999;   7.8;    -999;    5.3;   87.04;    8.6;    2.8;    1.3;eor
       6272;20190211;-999;-999;-999;    3;   1.8;   4;-999;   0;  -999;   6.5;    -999;    2.8;   86.17;    4.9;    1.5;   -0.3;eor
       6272;20190212;-999;-999;-999;    3;   0.2;   4;-999;   0;  -999;   6.0;    -999;    2.7;   80.17;    4.2;    0.3;   -1.1;eor
       6272;20190213;-999;-999;-999;    3;   0.0;   0;-999;   0;  -999;   6.3;    -999;    3.1;   83.04;    7.7;   -0.4;   -2.0;eor
       6272;20190214;-999;-999;-999;    3;   0.0;   0;-999;   0;  -999;   5.9;    -999;    2.8;   80.63;    9.0;   -1.1;   -2.0;eor
       6272;20190215;-999;-999;-999;    3;   0.0;   0;-999;   0;  -999;   5.9;    -999;    4.1;   75.13;   12.6;   -1.3;   -2.6;eor
       6272;20190216;-999;-999;-999;    3;   0.0;   0;-999;   0;  -999;   5.8;    -999;    5.6;   65.88;   13.0;   -0.7;   -2.4;eor
       6272;20190217;-999;-999;-999;    3;   0.0;   0;-999;   0;  -999;   6.4;    -999;    5.3;   73.08;   11.8;    0.1;   -0.9;eor
       6272;20190218;-999;-999;-999;    3;   0.0;   0;-999;   0;  -999;   6.4;    -999;    5.6;   71.17;   12.7;    0.4;   -0.7;eor
       6272;20190219;-999;-999;-999;    3;   0.5;   4;-999;   0;  -999;   6.7;    -999;    3.6;   84.46;    8.8;   -1.1;   -2.9;eor
       6272;20190220;-999;-999;-999;    3;   0.0;   0;-999;   0;  -999;   6.5;    -999;    3.2;   84.75;    9.1;   -2.3;   -3.5;eor
       6272;20190221;-999;-999;-999;    3;   0.2;   4;-999;   0;  -999;   7.7;    -999;    5.9;   82.96;   10.3;    0.8;   -0.8;eor
       6272;20190222;-999;-999;-999;    3;   0.0;   0;-999;   0;  -999;   8.4;    -999;    6.3;   87.08;    8.7;   -0.5;   -2.1;eor
       6272;20190223;-999;-999;-999;    3;   0.0;   0;-999;   0;  -999;   4.5;    -999;    1.1;   71.00;    7.3;   -3.3;   -4.9;eor
       6272;20190224;-999;-999;-999;    3;   0.0;   0;-999;   0;  -999;   3.8;    -999;    2.9;   54.54;   12.1;   -2.9;   -4.6;eor
       6272;20190225;-999;-999;-999;    3;   0.0;   0;-999;   0;  -999;   5.3;    -999;    3.9;   68.67;   16.1;   -3.4;   -4.8;eor
       6272;20190226;-999;-999;-999;    3;   0.0;   0;-999;   0;  -999;   5.1;    -999;    4.2;   68.13;   15.9;   -3.0;   -4.6;eor
       6272;20190227;-999;-999;-999;    3;   0.0;   0;-999;   0;  -999;   5.0;    -999;    5.6;   59.96;   17.2;   -3.8;   -5.5;eor
       6272;20190228;-999;-999;-999;    3;   1.0;   4;-999;   0;  -999;   7.0;    -999;    6.9;   69.75;   14.4;   -2.3;   -3.9;eor
       6272;20190301;-999;-999;-999;    3;   0.9;   4;-999;   0;  -999;   9.2;    -999;    7.6;   87.83;   10.4;    4.3;    4.1;eor
       6272;20190302;-999;-999;-999;    3;   0.1;   4;-999;   0;  -999;   7.8;    -999;    5.0;   88.79;    8.5;    2.8;    2.6;eor
       6272;20190303;-999;-999;-999;    3;   0.1;   4;-999;   0;  -999;   9.0;    -999;    9.4;   76.50;   10.8;    7.9;    6.9;eor
       6272;20190304;-999;-999;-999;    3;   4.2;   4;-999;   0;  -999;   7.9;    -999;    8.6;   71.17;   12.7;    3.4;    2.4;eor
       6272;20190305;-999;-999;-999;    3;   2.3;   4;-999;   0;  -999;   6.9;    -999;    4.2;   84.00;    7.2;    0.3;   -1.3;eor
       6272;20190306;-999;-999;-999;    3;   0.0;   0;-999;   0;  -999;   7.9;    -999;    6.9;   80.33;   12.4;    0.2;   -1.3;eor
       6272;20190307;-999;-999;-999;    3;   0.0;   0;-999;   0;  -999;   7.9;    -999;    9.3;   66.88;   11.8;    7.0;    5.6;eor
       6272;20190308;-999;-999;-999;    3;   1.6;   4;-999;   0;  -999;   6.9;    -999;    6.8;   70.50;    9.2;    5.0;    4.1;eor
       6272;20190309;-999;-999;-999;    3;   4.2;   4;-999;   0;  -999;   7.9;    -999;    7.5;   75.79;   10.9;    5.1;    3.2;eor
       6272;20190310;-999;-999;-999;    3;  10.2;   4;-999;   0;  -999;   7.8;    -999;    7.1;   77.21;   12.8;    2.4;    1.2;eor
       6272;20190311;-999;-999;-999;    3;   4.4;   4;-999;   0;  -999;   6.2;    -999;    2.4;   85.67;    4.3;    0.5;    0.0;eor
       6272;20190312;-999;-999;-999;    3;   0.0;   0;-999;   0;  -999;   5.7;    -999;    5.1;   66.54;    8.0;    1.7;    0.3;eor
       6272;20190313;-999;-999;-999;    3;   1.8;   4;-999;   0;  -999;   6.4;    -999;    5.2;   72.96;    7.3;    3.6;    2.7;eor
       6272;20190314;-999;-999;-999;    3;   5.4;   4;-999;   0;  -999;   7.3;    -999;    4.9;   83.67;    6.6;    3.9;    3.3;eor
       6272;20190315;-999;-999;-999;    3;   9.7;   4;-999;   0;  -999;   8.8;    -999;    7.3;   84.83;   11.3;    5.1;    4.0;eor
       6272;20190316;-999;-999;-999;    3;   0.5;   4;-999;   0;  -999;   8.8;    -999;    7.9;   82.38;   10.8;    5.4;    4.6;eor
       6272;20190317;-999;-999;-999;    3;   0.8;   4;-999;   0;  -999;   7.7;    -999;    6.9;   76.92;   10.4;    3.0;    1.8;eor
       6272;20190318;-999;-999;-999;    3;   1.0;   4;-999;   0;  -999;   6.0;    -999;    3.9;   74.96;    8.0;   -0.6;   -2.5;eor
       6272;20190319;-999;-999;-999;    3;   0.0;   0;-999;   0;  -999;   5.4;    -999;    2.0;   78.96;    8.0;   -2.7;   -4.0;eor
       6272;20190320;-999;-999;-999;    3;   0.0;   0;-999;   0;  -999;   5.6;    -999;    3.9;   72.67;   12.1;   -3.4;   -4.8;eor
       6272;20190321;-999;-999;-999;    3;   0.0;   0;-999;   0;  -999;   7.0;    -999;    6.9;   72.67;   15.7;   -0.6;   -2.0;eor
       6272;20190322;-999;-999;-999;    3;   0.0;   0;-999;   0;  -999;   8.6;    -999;    8.7;   78.29;   19.6;    0.1;   -1.0;eor
       6272;20190323;-999;-999;-999;    3;   0.0;   0;-999;   0;  -999;   8.4;    -999;    8.4;   77.54;   16.8;    1.2;    0.0;eor
       6272;20190324;-999;-999;-999;    3;   0.0;   0;-999;   0;  -999;   8.1;    -999;    6.6;   82.42;   11.0;   -0.3;   -2.1;eor
       6272;20190325;-999;-999;-999;    3;   3.4;   4;-999;   0;  -999;   6.5;    -999;    2.8;   87.58;    7.0;   -1.2;   -2.7;eor
       6272;20190326;-999;-999;-999;    3;   0.2;   4;-999;   0;  -999;   6.9;    -999;    4.2;   83.58;    7.3;    0.7;   -0.5;eor
       6272;20190327;-999;-999;-999;    3;   0.1;   4;-999;   0;  -999;   7.1;    -999;    5.7;   79.58;   11.2;   -0.3;   -1.6;eor
       6272;20190328;-999;-999;-999;    3;   0.0;   0;-999;   0;  -999;   8.9;    -999;    8.7;   79.42;   12.6;    5.2;    5.1;eor
       6272;20190329;-999;-999;-999;    3;   0.0;   0;-999;   0;  -999;   8.7;    -999;    9.2;   75.79;   15.2;    2.0;    0.4;eor
       6272;20190330;-999;-999;-999;    3;   0.0;   0;-999;   0;  -999;   7.5;    -999;    9.4;   67.92;   18.7;    0.4;   -1.1;eor
       6272;20190331;-999;-999;-999;    3;   0.0;   0;-999;   0;  -999;   7.8;    -999;    7.4;   76.13;   14.0;    0.0;   -0.9;eor
       6272;20190401;-999;-999;-999;    3;   0.0;   0;-999;   0;  -999;   6.0;    -999;    7.0;   61.08;   12.7;    0.4;   -1.2;eor
       6272;20190402;-999;-999;-999;    3;   0.0;   0;-999;   0;  -999;   7.2;    -999;    9.3;   63.29;   16.9;   -1.2;   -2.7;eor
       6272;20190403;-999;-999;-999;    3;   5.8;   4;-999;   0;  -999;   9.1;    -999;   10.5;   72.46;   15.0;    3.3;    2.3;eor
       6272;20190404;-999;-999;-999;    3;   0.1;   4;-999;   0;  -999;   8.9;    -999;    6.8;   89.83;   10.3;    4.1;    4.3;eor
       6272;20190405;-999;-999;-999;    3;   0.0;   0;-999;   0;  -999;   9.1;    -999;    6.8;   92.13;    9.8;    4.7;    3.0;eor
       6272;20190406;-999;-999;-999;    3;   0.0;   0;-999;   0;  -999;   9.5;    -999;    9.8;   80.17;   17.5;    2.3;    2.5;eor
       6272;20190407;-999;-999;-999;    3;   0.0;   0;-999;   0;  -999;   9.0;    -999;   11.2;   70.38;   17.8;    1.6;    0.7;eor
       6272;20190408;-999;-999;-999;    3;   0.0;   0;-999;   0;  -999;   9.6;    -999;   12.7;   66.75;   18.7;    8.0;    5.6;eor
       6272;20190409;-999;-999;-999;    3;   0.0;   0;-999;   0;  -999;   8.3;    -999;    9.0;   72.50;   12.1;    5.8;    3.3;eor
       6272;20190410;-999;-999;-999;    3;   0.0;   0;-999;   0;  -999;   5.5;    -999;    6.4;   57.63;   10.4;    2.3;   -1.0;eor
       6272;20190411;-999;-999;-999;    3;   0.0;   0;-999;   0;  -999;   4.3;    -999;    3.7;   54.38;    7.8;   -1.0;   -3.3;eor
       6272;20190412;-999;-999;-999;    3;   0.1;   4;-999;   0;  -999;   4.8;    -999;    1.5;   70.96;    2.8;    0.3;   -1.4;eor
       6272;20190413;-999;-999;-999;    3;   0.0;   0;-999;   0;  -999;   5.1;    -999;    1.9;   74.58;    5.4;   -0.6;   -2.2;eor
       6272;20190414;-999;-999;-999;    3;   0.0;   4;-999;   0;  -999;   6.2;    -999;    2.0;   86.83;    4.0;   -2.1;   -4.3;eor
       6272;20190415;-999;-999;-999;    3;   0.0;   0;-999;   0;  -999;   6.2;    -999;    8.4;   59.67;   13.9;    1.7;    0.2;eor
       6272;20190416;-999;-999;-999;    3;   0.0;   0;-999;   0;  -999;   5.7;    -999;    9.4;   51.79;   17.6;   -2.1;   -3.8;eor
       6272;20190417;-999;-999;-999;    3;   0.0;   0;-999;   0;  -999;   6.2;    -999;   10.4;   53.38;   18.7;   -0.9;   -2.3;eor
       6272;20190418;-999;-999;-999;    3;   0.0;   0;-999;   0;  -999;   6.7;    -999;   13.1;   49.08;   20.0;    1.7;    0.8;eor
       6272;20190419;-999;-999;-999;    3;   0.0;   0;-999;   0;  -999;   7.1;    -999;   14.2;   47.79;   22.3;    1.3;   -0.2;eor
       6272;20190420;-999;-999;-999;    3;   0.0;   0;-999;   0;  -999;   7.0;    -999;   13.8;   48.71;   21.9;    2.0;    0.5;eor
       6272;20190421;-999;-999;-999;    3;   0.0;   0;-999;   0;  -999;   7.2;    -999;   13.4;   51.38;   22.3;    1.6;   -0.1;eor
       6272;20190422;-999;-999;-999;    3;   0.0;   0;-999;   0;  -999;   6.9;    -999;   12.5;   52.58;   21.0;    1.9;    0.3;eor
       6272;20190423;-999;-999;-999;    3;   0.0;   0;-999;   0;  -999;   8.8;    -999;   14.6;   53.67;   20.8;    5.3;    3.2;eor
       6272;20190424;-999;-999;-999;    3;   2.6;   4;-999;   0;  -999;   9.9;    -999;   17.0;   55.29;   25.3;    7.5;    6.6;eor
       6272;20190425;-999;-999;-999;    3;   0.0;   0;-999;   0;  -999;   9.0;    -999;   15.2;   58.25;   25.2;    5.2;    4.2;eor
       6272;20190426;-999;-999;-999;    3;   7.8;   4;-999;   0;  -999;  10.1;    -999;    9.5;   86.08;   13.6;    5.6;    3.9;eor
       6272;20190427;-999;-999;-999;    3;   4.8;   4;-999;   0;  -999;   9.8;    -999;    8.3;   89.88;   13.7;    5.5;    5.2;eor
       6272;20190428;-999;-999;-999;    3;   0.0;   0;-999;   0;  -999;   8.0;    -999;    7.6;   78.08;   12.3;    2.0;    0.7;eor
       6272;20190429;-999;-999;-999;    3;   6.0;   4;-999;   0;  -999;   8.9;    -999;    6.4;   91.33;   11.0;    0.5;   -0.1;eor
       6272;20190430;-999;-999;-999;    3;   0.0;   0;-999;   0;  -999;  -999;    -999;   10.4;-999;   16.3;    3.7;    2.7;eor
       6272;20190501;-999;-999;-999;    3;   0.0;   0;-999;-999;  -999;   9.9;    -999;   10.5;   79.75;   18.4;    3.3;    2.3;eor
       6272;20190502;-999;-999;-999;    3;   0.0;   0;-999;-999;  -999;   9.0;    -999;   10.5;   73.71;   16.9;    3.5;    2.5;eor
       6272;20190503;-999;-999;-999;    3;   5.2;   4;-999;-999;  -999;   7.4;    -999;    8.1;   69.33;   12.0;    4.2;    3.0;eor
       6272;20190504;-999;-999;-999;    3;   4.5;   4;-999;-999;  -999;   6.7;    -999;    3.7;   85.04;    8.9;    0.3;   -0.7;eor
       6272;20190505;-999;-999;-999;    3;   0.0;   0;-999;-999;  -999;   6.1;    -999;    4.9;   72.71;    9.2;    0.0;   -1.1;eor
       6272;20190506;-999;-999;-999;    3;   0.0;   0;-999;-999;  -999;   6.3;    -999;    5.4;   72.42;    9.5;    0.7;   -0.4;eor
       6272;20190507;-999;-999;-999;    3;   0.0;   0;-999;-999;  -999;   7.2;    -999;    6.9;   73.00;   10.6;    2.7;    1.6;eor
       6272;20190508;-999;-999;-999;    3;   2.7;   4;-999;-999;  -999;   9.4;    -999;    8.4;   83.50;   12.0;    2.0;    1.2;eor
       6272;20190509;-999;-999;-999;    3;   0.0;   0;-999;-999;  -999;  10.0;    -999;   10.9;   77.33;   14.4;    7.9;    6.4;eor
       6272;20190510;-999;-999;-999;    3;   2.6;   4;-999;-999;  -999;   9.9;    -999;   11.0;   76.00;   15.7;    7.4;    6.5;eor
       6272;20190511;-999;-999;-999;    3;  11.9;   4;-999;-999;  -999;  10.1;    -999;    8.2;   92.92;    9.9;    6.1;    5.8;eor
       6272;20190512;-999;-999;-999;    3;   0.0;   0;-999;-999;  -999;   7.7;    -999;    8.0;   73.54;   13.5;    3.6;    2.2;eor
       6272;20190513;-999;-999;-999;    3;   0.0;   0;-999;-999;  -999;   6.4;    -999;    7.6;   64.63;   14.0;   -0.1;   -1.8;eor
       6272;20190514;-999;-999;-999;    3;   0.0;   0;-999;-999;  -999;   6.5;    -999;    7.1;   65.21;   12.1;    1.2;   -0.7;eor
       6272;20190515;-999;-999;-999;    3;   0.0;   0;-999;-999;  -999;  -999;    -999;    6.1;-999;    9.8;   -0.5;   -2.0;eor
       6272;20190516;-999;-999;-999;    3;   0.3;   4;-999;-999;  -999;   8.1;    -999;    7.3;   78.88;    8.8;    6.4;    5.4;eor
       6272;20190517;-999;-999;-999;    3;   0.0;   0;-999;-999;  -999;   9.5;    -999;   10.8;   74.83;   16.6;    5.8;    4.3;eor
       6272;20190518;-999;-999;-999;    3;   0.0;   4;-999;-999;  -999;  10.4;    -999;   13.8;   68.00;   21.2;    2.9;    2.1;eor
       6272;20190519;-999;-999;-999;    3;   0.4;   4;-999;-999;  -999;  12.0;    -999;   15.5;   69.79;   21.8;    7.7;    7.2;eor
       6272;20190520;-999;-999;-999;    3;  73.4;   4;-999;-999;  -999;  14.0;    -999;   14.4;   85.96;   21.6;    9.9;    8.9;eor
       6272;20190521;-999;-999;-999;    3;   0.0;   4;-999;-999;  -999;  14.3;    -999;   14.3;   87.17;   18.2;   12.9;   12.8;eor
       6272;20190522;-999;-999;-999;    3;   0.0;   0;-999;-999;  -999;  11.1;    -999;   11.6;   81.42;   14.7;    5.4;    4.4;eor
       6272;20190523;-999;-999;-999;    3;   0.0;   0;-999;-999;  -999;   9.9;    -999;   12.6;   71.33;   19.7;    3.8;    2.9;eor
       6272;20190524;-999;-999;-999;    3;   0.0;   0;-999;-999;  -999;  10.4;    -999;   15.2;   63.63;   22.0;    8.3;    7.1;eor
       6272;20190525;-999;-999;-999;    3;   0.0;   0;-999;-999;  -999;  11.4;    -999;   13.8;   73.58;   18.5;    8.1;    7.0;eor
       6272;20190526;-999;-999;-999;    3;   0.0;   0;-999;-999;  -999;  10.4;    -999;   15.2;   63.04;   21.9;    5.8;    5.0;eor
       6272;20190527;-999;-999;-999;    3;   3.4;   4;-999;-999;  -999;  13.4;    -999;   14.9;   79.21;   18.8;   12.5;   12.0;eor
       6272;20190528;-999;-999;-999;    3;   1.7;   4;-999;-999;  -999;  12.1;    -999;   12.0;   86.71;   17.5;    9.0;    8.8;eor
       6272;20190529;-999;-999;-999;    3;   0.0;   0;-999;-999;  -999;   9.1;    -999;   11.1;   70.79;   16.2;    6.7;    5.6;eor
       6272;20190530;-999;-999;-999;    3;   0.0;   0;-999;-999;  -999;  10.2;    -999;   13.7;   66.33;   19.7;    4.4;    3.7;eor
       6272;20190531;-999;-999;-999;    3;   0.0;   0;-999;-999;  -999;  13.9;    -999;   17.6;   70.88;   23.9;   11.7;   11.4;eor
       6272;20190601;-999;-999;-999;    3;   0.0;   0;-999;-999;  -999;  14.2;    -999;   18.6;   69.83;   26.3;   11.0;    9.7;eor
       6272;20190602;-999;-999;-999;    3;   0.0;   0;-999;-999;  -999;  14.3;    -999;   21.6;   59.50;   29.1;   11.4;   10.3;eor
       6272;20190603;-999;-999;-999;    3;   0.9;   4;-999;-999;  -999;  15.3;    -999;   20.7;   66.46;   30.4;   13.0;   11.9;eor
       6272;20190604;-999;-999;-999;    3;   0.0;   0;-999;-999;  -999;  14.8;    -999;   21.0;   63.42;   28.9;   11.3;   10.3;eor
       6272;20190605;-999;-999;-999;    3;   0.0;   0;-999;-999;  -999;  14.5;    -999;   24.3;   50.54;   31.6;   15.5;   14.9;eor
       6272;20190606;-999;-999;-999;    3;   0.9;   4;-999;-999;  -999;  13.5;    -999;   15.4;   76.83;   20.9;    8.0;    7.3;eor
       6272;20190607;-999;-999;-999;    3;   5.9;   4;-999;-999;  -999;  13.3;    -999;   15.7;   76.50;   25.7;    8.3;    7.8;eor
       6272;20190608;-999;-999;-999;    3;   0.0;   0;-999;-999;  -999;   9.8;    -999;   14.1;   62.96;   18.4;    8.3;    6.5;eor
       6272;20190609;-999;-999;-999;    3;   0.3;   4;-999;-999;  -999;  11.2;    -999;   16.1;   63.25;   23.0;    6.6;    5.3;eor
       6272;20190610;-999;-999;-999;    3;   9.1;   4;-999;-999;  -999;  16.1;    -999;   18.0;   79.13;   24.1;   12.8;   13.0;eor
       6272;20190611;-999;-999;-999;    3;  17.4;   4;-999;-999;  -999;  16.2;    -999;   17.0;   84.21;   21.4;   13.6;   13.5;eor
       6272;20190612;-999;-999;-999;    3;   5.2;   4;-999;-999;  -999;  15.8;    -999;   15.4;   90.25;   19.6;   11.4;   10.5;eor
       6272;20190613;-999;-999;-999;    3;   4.0;   4;-999;-999;  -999;  13.9;    -999;   16.0;   78.88;   23.5;   10.8;    9.9;eor
       6272;20190614;-999;-999;-999;    3;   0.0;   4;-999;-999;  -999;  15.0;    -999;   18.9;   71.38;   26.8;    9.7;    8.6;eor
       6272;20190615;-999;-999;-999;    3;   0.0;   0;-999;-999;  -999;  15.3;    -999;   19.6;   68.58;   24.4;   13.0;   12.0;eor
       6272;20190616;-999;-999;-999;    3;   1.3;   4;-999;-999;  -999;  15.2;    -999;   15.6;   86.04;   20.1;   11.7;   11.0;eor
       6272;20190617;-999;-999;-999;    3;   0.0;   0;-999;-999;  -999;  14.5;    -999;   18.3;   71.13;   25.2;    9.5;    9.1;eor
       6272;20190618;-999;-999;-999;    3;   0.0;   0;-999;-999;  -999;  15.2;    -999;   20.3;   67.83;   29.0;   10.9;   10.4;eor
       6272;20190619;-999;-999;-999;    3;   0.8;   4;-999;-999;  -999;  16.5;    -999;   22.5;   63.88;   30.3;   14.2;   13.5;eor
       6272;20190620;-999;-999;-999;    3;   0.0;   0;-999;-999;  -999;  16.4;    -999;   19.3;   74.25;   25.1;   13.3;   12.6;eor
       6272;20190621;-999;-999;-999;    3;   0.0;   0;-999;-999;  -999;  14.7;    -999;   18.2;   72.13;   24.1;   14.1;   12.7;eor
       6272;20190622;-999;-999;-999;    3;   0.0;   0;-999;-999;  -999;  14.3;    -999;   19.2;   64.96;   24.4;   12.2;   10.8;eor
       6272;20190623;-999;-999;-999;    3;   0.0;   0;-999;-999;  -999;  14.1;    -999;   21.6;   56.46;   26.5;   15.1;   13.7;eor
       6272;20190624;-999;-999;-999;    3;   0.0;   0;-999;-999;  -999;  15.0;    -999;   22.6;   56.92;   28.8;   13.2;   12.6;eor
       6272;20190625;-999;-999;-999;    3;   0.0;   0;-999;-999;  -999;  15.9;    -999;   24.1;   57.54;   33.0;   13.0;   12.4;eor
       6272;20190626;-999;-999;-999;    3;   0.0;   0;-999;-999;  -999;  20.4;    -999;   26.3;   61.46;   33.9;   18.6;   17.7;eor
       6272;20190627;-999;-999;-999;    3;   0.0;   0;-999;-999;  -999;  13.3;    -999;   20.3;   58.88;   25.8;   13.7;   12.2;eor
       6272;20190628;-999;-999;-999;    3;   0.0;   0;-999;-999;  -999;  12.3;    -999;   17.7;   63.17;   24.7;   10.7;    9.8;eor
       6272;20190629;-999;-999;-999;    3;   0.0;   0;-999;-999;  -999;  12.4;    -999;   20.4;   56.92;   31.3;    8.3;    7.4;eor
       6272;20190630;-999;-999;-999;    3;   0.0;   0;-999;-999;  -999;  15.0;    -999;   26.2;   47.00;   35.2;   14.1;   13.1;eor
       6272;20190701;-999;-999;-999;    3;   0.0;   0;-999;-999;  -999;  14.8;    -999;   21.7;   58.88;   27.0;   13.7;   12.6;eor
       6272;20190702;-999;-999;-999;    3;   0.0;   0;-999;-999;  -999;  11.0;    -999;   15.8;   62.50;   21.8;    7.8;    6.9;eor
       6272;20190703;-999;-999;-999;    3;   0.0;   0;-999;-999;  -999;   9.2;    -999;   14.0;   60.71;   21.5;    5.5;    4.6;eor
       6272;20190704;-999;-999;-999;    3;   0.0;   0;-999;-999;  -999;   8.9;    -999;   15.2;   55.63;   23.2;    5.9;    4.8;eor
       6272;20190705;-999;-999;-999;    3;   0.0;   0;-999;-999;  -999;  11.5;    -999;   18.2;   58.21;   26.3;   11.1;   11.1;eor
       6272;20190706;-999;-999;-999;    3;   0.0;   0;-999;-999;  -999;  12.3;    -999;   20.0;   56.96;   28.9;    9.9;    9.6;eor
       6272;20190707;-999;-999;-999;    3;   0.0;   0;-999;-999;  -999;  10.3;    -999;   15.2;   60.75;   19.5;    7.9;    7.1;eor
       6272;20190708;-999;-999;-999;    3;   0.0;   0;-999;-999;  -999;   9.7;    -999;   13.1;   66.00;   18.2;    7.9;    7.2;eor
       6272;20190709;-999;-999;-999;    3;   0.0;   0;-999;-999;  -999;   9.9;    -999;   13.0;   67.58;   17.8;    8.2;    7.5;eor
       6272;20190710;-999;-999;-999;    3;   1.9;   4;-999;-999;  -999;   9.8;    -999;   14.7;   62.21;   22.3;    5.2;    4.4;eor
       6272;20190711;-999;-999;-999;    3;  11.0;   4;-999;-999;  -999;  15.0;    -999;   15.3;   86.46;   19.8;   12.2;   12.4;eor
       6272;20190712;-999;-999;-999;    3;   9.1;   4;-999;-999;  -999;  16.2;    -999;   16.4;   87.67;   22.7;   13.1;   13.2;eor
       6272;20190713;-999;-999;-999;    3;   2.9;   4;-999;-999;  -999;  15.5;    -999;   15.1;   90.04;   17.3;   13.3;   13.6;eor
       6272;20190714;-999;-999;-999;    3;   0.0;   0;-999;-999;  -999;  13.1;    -999;   14.0;   82.42;   16.8;    9.7;    9.4;eor
       6272;20190715;-999;-999;-999;    3;   0.0;   0;-999;-999;  -999;  12.2;    -999;   13.8;   78.17;   18.3;    8.4;    7.3;eor
       6272;20190716;-999;-999;-999;    3;   0.0;   0;-999;-999;  -999;  12.2;    -999;   13.4;   80.38;   20.3;    6.5;    5.8;eor
       6272;20190717;-999;-999;-999;    3;   0.0;   0;-999;-999;  -999;  12.9;    -999;   15.6;   73.71;   20.6;    9.9;    9.0;eor
       6272;20190718;-999;-999;-999;    3;   0.8;   4;-999;-999;  -999;  12.7;    -999;   17.9;   66.38;   26.3;    7.8;    7.2;eor
       6272;20190719;-999;-999;-999;    3;   0.8;   4;-999;-999;  -999;  16.4;    -999;   18.0;   80.17;   23.8;   13.7;   12.8;eor
       6272;20190720;-999;-999;-999;    3;   5.6;   4;-999;-999;  -999;  17.0;    -999;   21.5;   70.96;   30.3;   14.5;   13.6;eor
       6272;20190721;-999;-999;-999;    3;   0.0;   0;-999;-999;  -999;  15.7;    -999;   19.9;   71.21;   26.4;   13.0;   12.1;eor
       6272;20190722;-999;-999;-999;    3;   0.0;   0;-999;-999;  -999;  14.2;    -999;   19.5;   66.92;   27.5;   10.9;   10.2;eor
       6272;20190723;-999;-999;-999;    3;   0.0;   0;-999;-999;  -999;  15.3;    -999;   22.8;   60.46;   32.2;   12.4;   11.8;eor
       6272;20190724;-999;-999;-999;    3;   0.0;   0;-999;-999;  -999;  16.1;    -999;   25.4;   55.58;   35.2;   14.0;   13.1;eor
       6272;20190725;-999;-999;-999;    3;   0.0;   0;-999;-999;  -999;  14.6;    -999;   26.9;   48.13;   36.9;   15.3;   14.5;eor
       6272;20190726;-999;-999;-999;    3;   0.0;   0;-999;-999;  -999;  14.0;    -999;   25.5;   47.29;   33.1;   14.3;   13.8;eor
       6272;20190727;-999;-999;-999;    3;   0.0;   0;-999;-999;  -999;  13.1;    -999;   24.4;   44.33;   30.1;   16.2;   14.8;eor
       6272;20190728;-999;-999;-999;    3;  48.3;   4;-999;-999;  -999;  16.7;    -999;   21.4;   67.13;   28.4;   17.5;   17.2;eor
       6272;20190729;-999;-999;-999;    3;   2.3;   4;-999;-999;  -999;  19.3;    -999;   18.3;   91.46;   20.7;   15.5;   15.0;eor
       6272;20190730;-999;-999;-999;    3;   2.5;   4;-999;-999;  -999;  16.8;    -999;   21.3;   70.04;   28.6;   14.7;   14.3;eor
       6272;20190731;-999;-999;-999;    3;   0.0;   0;-999;-999;  -999;  15.1;    -999;   19.6;   68.42;   25.5;   15.2;   14.8;eor
       6272;20190801;-999;-999;-999;    3;   0.0;   0;-999;-999;  -999;  12.8;    -999;   17.6;   66.46;   24.1;   11.0;   10.3;eor
       6272;20190802;-999;-999;-999;    3;   9.5;   4;-999;-999;  -999;  15.3;    -999;   17.6;   77.50;   25.7;   13.1;   12.6;eor
       6272;20190803;-999;-999;-999;    3;   0.7;   4;-999;-999;  -999;  16.1;    -999;   17.7;   81.08;   23.3;   13.1;   12.2;eor
       6272;20190804;-999;-999;-999;    3;   0.0;   0;-999;-999;  -999;  14.7;    -999;   18.1;   74.29;   25.9;   11.1;   10.6;eor
       6272;20190805;-999;-999;-999;    3;   1.9;   4;-999;-999;  -999;  16.4;    -999;   20.0;   71.04;   26.2;   14.8;   14.3;eor
       6272;20190806;-999;-999;-999;    3;   2.8;   4;-999;-999;  -999;  17.5;    -999;   18.9;   81.33;   24.6;   14.0;   12.8;eor
       6272;20190807;-999;-999;-999;    3;  11.9;   4;-999;-999;  -999;  18.0;    -999;   18.3;   85.54;   20.7;   15.1;   13.7;eor
       6272;20190808;-999;-999;-999;    3;   0.2;   4;-999;-999;  -999;  15.6;    -999;   18.1;   77.29;   25.3;   13.8;   13.0;eor
       6272;20190809;-999;-999;-999;    3;  13.0;   4;-999;-999;  -999;  17.4;    -999;   20.3;   75.17;   27.7;   13.3;   12.4;eor
       6272;20190810;-999;-999;-999;    3;   0.0;   4;-999;-999;  -999;  17.1;    -999;   20.5;   71.88;   24.8;   14.7;   12.9;eor
       6272;20190811;-999;-999;-999;    3;   0.5;   4;-999;-999;  -999;  13.4;    -999;   19.3;   62.63;   26.8;   12.2;   10.4;eor
       6272;20190812;-999;-999;-999;    3;   1.6;   4;-999;-999;  -999;  13.2;    -999;   17.0;   70.92;   22.9;   12.2;   11.4;eor
       6272;20190813;-999;-999;-999;    3;   0.0;   0;-999;-999;  -999;  11.7;    -999;   15.0;   71.63;   20.4;   10.3;    9.5;eor
       6272;20190814;-999;-999;-999;    3;   0.2;   4;-999;-999;  -999;  10.1;    -999;   15.0;   62.79;   21.3;    8.7;    7.7;eor
       6272;20190815;-999;-999;-999;    3;  19.8;   4;-999;-999;  -999;  13.6;    -999;   15.3;   77.54;   20.9;   11.9;   11.1;eor
       6272;20190816;-999;-999;-999;    3;   0.0;   0;-999;-999;  -999;  13.8;    -999;   16.9;   74.29;   22.7;   13.2;   12.0;eor
       6272;20190817;-999;-999;-999;    3;   3.7;   4;-999;-999;  -999;  14.5;    -999;   17.4;   73.04;   21.2;   13.7;   13.2;eor
       6272;20190818;-999;-999;-999;    3;   1.0;   4;-999;-999;  -999;  18.7;    -999;   20.4;   80.08;   28.0;   15.8;   15.7;eor
       6272;20190819;-999;-999;-999;    3;   0.0;   0;-999;-999;  -999;  13.5;    -999;   17.9;   68.71;   23.5;   11.5;   10.7;eor
       6272;20190820;-999;-999;-999;    3;   0.0;   0;-999;-999;  -999;  12.7;    -999;   14.8;   77.50;   20.2;    9.7;    8.4;eor
       6272;20190821;-999;-999;-999;    3;   0.0;   0;-999;-999;  -999;  10.9;    -999;   14.6;   69.42;   22.3;    7.3;    6.4;eor
       6272;20190822;-999;-999;-999;    3;   0.0;   0;-999;-999;  -999;  -999;    -999;   16.7;-999;   24.5;    6.9;    6.1;eor
       6272;20190823;-999;-999;-999;    3;   0.0;   0;-999;-999;  -999;  -999;    -999;   18.4;-999;   27.4;    7.8;    7.1;eor
       6272;20190824;-999;-999;-999;    3;   0.0;   0;-999;-999;  -999;  -999;    -999;   20.3;-999;   27.7;    7.8;    7.1;eor
       6272;20190825;-999;-999;-999;    3;   0.0;   0;-999;-999;  -999;  -999;    -999;   21.3;-999;   29.3;   14.0;   11.8;eor
       6272;20190826;-999;-999;-999;    3;   0.8;   4;-999;-999;  -999;  -999;    -999;   22.2;-999;   30.5;   13.5;   11.2;eor
       6272;20190827;-999;-999;-999;    3;   4.1;   4;-999;-999;  -999;  18.9;    -999;   19.1;   87.04;   29.7;   13.8;   13.5;eor
       6272;20190828;-999;-999;-999;    3;   0.0;   0;-999;-999;  -999;  18.6;    -999;   22.6;   70.75;   31.2;   16.4;   15.3;eor
       6272;20190829;-999;-999;-999;    3;   3.0;   4;-999;-999;  -999;  18.5;    -999;   20.6;   79.08;   29.7;   14.8;   14.0;eor
       6272;20190830;-999;-999;-999;    3;   0.0;   0;-999;-999;  -999;  18.3;    -999;   20.7;   78.04;   28.8;   15.9;   15.5;eor
       6272;20190831;-999;-999;-999;    3;   0.0;   0;-999;-999;  -999;  17.1;    -999;   22.5;   67.04;   31.2;   13.9;   13.2;eor
       6272;20190901;-999;-999;-999;    3;   0.0;   0;-999;-999;  -999;  15.6;    -999;   18.5;   73.08;   23.1;   10.8;    9.3;eor
       6272;20190902;-999;-999;-999;    3;   0.0;   0;-999;-999;  -999;   9.9;    -999;   13.1;   69.38;   19.8;    6.9;    5.7;eor
       6272;20190903;-999;-999;-999;    3;   0.0;   0;-999;-999;  -999;   9.7;    -999;   14.8;   61.92;   23.0;    6.3;    4.7;eor
       6272;20190904;-999;-999;-999;    3;   0.5;   4;-999;-999;  -999;  11.6;    -999;   16.8;   64.67;   24.6;    7.8;    6.5;eor
       6272;20190905;-999;-999;-999;    3;   0.0;   0;-999;-999;  -999;  11.5;    -999;   15.2;   67.58;   19.6;    8.3;    6.3;eor
       6272;20190906;-999;-999;-999;    3;   0.0;   0;-999;-999;  -999;   9.0;    -999;   11.8;   68.75;   19.8;    4.0;    2.9;eor
       6272;20190907;-999;-999;-999;    3;   0.1;   4;-999;-999;  -999;   9.8;    -999;   10.9;   76.00;   16.1;    5.9;    4.6;eor
       6272;20190908;-999;-999;-999;    3;   1.9;   4;-999;-999;  -999;  10.9;    -999;   12.2;   77.92;   17.7;    6.3;    5.4;eor
       6272;20190909;-999;-999;-999;    3;   0.1;   4;-999;-999;  -999;  12.2;    -999;   12.3;   85.46;   15.4;    7.9;    6.2;eor
       6272;20190910;-999;-999;-999;    3;   0.0;   0;-999;-999;  -999;  10.0;    -999;   11.6;   76.88;   19.5;    6.1;    4.6;eor
       6272;20190911;-999;-999;-999;    3;   0.0;   0;-999;-999;  -999;   9.8;    -999;   14.1;   65.42;   21.5;    5.3;    3.6;eor
       6272;20190912;-999;-999;-999;    3;   0.0;   0;-999;-999;  -999;  14.4;    -999;   16.6;   77.50;   22.3;   12.5;   11.2;eor
       6272;20190913;-999;-999;-999;    3;   0.0;   0;-999;-999;  -999;  14.6;    -999;   16.4;   79.21;   23.1;   11.5;   10.1;eor
       6272;20190914;-999;-999;-999;    3;   0.0;   0;-999;-999;  -999;  10.4;    -999;   14.5;   64.83;   21.2;    8.2;    6.2;eor
       6272;20190915;-999;-999;-999;    3;   0.0;   0;-999;-999;  -999;  10.4;    -999;   16.1;   62.04;   25.9;    7.6;    5.9;eor
       6272;20190916;-999;-999;-999;    3;   2.9;   4;-999;-999;  -999;  12.7;    -999;   13.6;   81.33;   18.7;    9.4;    8.2;eor
       6272;20190917;-999;-999;-999;    3;   0.0;   0;-999;-999;  -999;  10.4;    -999;   12.4;   73.42;   16.9;    8.0;    5.3;eor
       6272;20190918;-999;-999;-999;    3;   0.0;   0;-999;-999;  -999;   8.0;    -999;    9.5;   70.17;   16.1;    2.5;    1.3;eor
       6272;20190919;-999;-999;-999;    3;   0.0;   0;-999;-999;  -999;   7.2;    -999;    7.7;   72.08;   15.1;    0.9;   -0.7;eor
       6272;20190920;-999;-999;-999;    3;   0.0;   0;-999;-999;  -999;   6.9;    -999;    8.1;   69.04;   17.9;    0.2;   -0.9;eor
       6272;20190921;-999;-999;-999;    3;   0.0;   0;-999;-999;  -999;   8.0;    -999;   11.7;   63.71;   23.3;    0.8;   -0.4;eor
       6272;20190922;-999;-999;-999;    3;   0.0;   0;-999;-999;  -999;   9.1;    -999;   14.1;   62.63;   25.6;    4.1;    2.5;eor
       6272;20190923;-999;-999;-999;    3;   0.0;   0;-999;-999;  -999;  13.1;    -999;   14.2;   80.88;   17.3;   10.3;    9.3;eor
       6272;20190924;-999;-999;-999;    3;   4.4;   4;-999;-999;  -999;  13.4;    -999;   14.5;   81.83;   17.8;   10.8;    9.8;eor
       6272;20190925;-999;-999;-999;    3;   4.1;   4;-999;-999;  -999;  14.1;    -999;   13.7;   90.25;   17.4;   12.0;   11.6;eor
       6272;20190926;-999;-999;-999;    3;   5.4;   4;-999;-999;  -999;  14.9;    -999;   14.7;   89.17;   17.7;   12.3;   12.3;eor
       6272;20190927;-999;-999;-999;    3;   4.4;   4;-999;-999;  -999;  14.6;    -999;   14.2;   90.04;   17.0;   10.7;    9.7;eor
       6272;20190928;-999;-999;-999;    3;   0.4;   4;-999;-999;  -999;  12.9;    -999;   14.2;   79.96;   16.6;   11.2;   10.5;eor
       6272;20190929;-999;-999;-999;    3;   3.7;   4;-999;-999;  -999;  12.6;    -999;   15.1;   73.63;   18.1;   11.8;   11.1;eor
       6272;20190930;-999;-999;-999;    3;   1.6;   4;-999;-999;  -999;  11.8;    -999;   13.6;   75.88;   15.7;    9.3;    7.9;eor
       6272;20191001;-999;-999;-999;    3;  13.9;   4;-999;   0;  -999;  13.6;    -999;   13.7;   86.54;   18.5;   10.4;    9.9;eor
       6272;20191002;-999;-999;-999;    3;   5.1;   4;-999;   0;  -999;  10.6;    -999;   10.1;   84.42;   14.7;    4.5;    2.8;eor
       6272;20191003;-999;-999;-999;    3;   1.0;   4;-999;   0;  -999;   9.9;    -999;    9.4;   84.08;   12.0;    7.7;    7.0;eor
       6272;20191004;-999;-999;-999;    3;   8.3;   4;-999;   0;  -999;  10.4;    -999;    8.7;   92.21;   10.9;    7.3;    6.9;eor
       6272;20191005;-999;-999;-999;    3;   0.0;   0;-999;   0;  -999;   9.3;    -999;    7.9;   87.33;   10.8;    3.2;    1.4;eor
       6272;20191006;-999;-999;-999;    3;   1.9;   4;-999;   0;  -999;   8.0;    -999;    5.8;   87.21;   10.3;    0.8;   -0.2;eor
       6272;20191007;-999;-999;-999;    3;   0.7;   4;-999;   0;  -999;   8.8;    -999;    8.6;   79.54;   13.4;    3.2;    2.2;eor
       6272;20191008;-999;-999;-999;    3;  12.5;   4;-999;   0;  -999;  12.1;    -999;   10.9;   92.08;   12.8;    8.5;    8.4;eor
       6272;20191009;-999;-999;-999;    3;   4.4;   4;-999;   0;  -999;  11.0;    -999;   11.1;   83.33;   14.0;    9.1;    8.1;eor
       6272;20191010;-999;-999;-999;    3;   0.6;   4;-999;   0;  -999;  10.1;    -999;   10.2;   81.21;   12.9;    8.0;    6.8;eor
       6272;20191011;-999;-999;-999;    3;   0.0;   0;-999;   0;  -999;  11.4;    -999;   11.5;   83.79;   16.2;    7.0;    5.8;eor
       6272;20191012;-999;-999;-999;    3;   0.0;   0;-999;   0;  -999;  12.7;    -999;   15.9;   71.00;   21.1;   10.2;    8.9;eor
       6272;20191013;-999;-999;-999;    3;   0.0;   0;-999;   0;  -999;  15.1;    -999;   18.0;   73.71;   23.4;   14.1;   12.8;eor
       6272;20191014;-999;-999;-999;    3;   0.0;   0;-999;   0;  -999;  14.4;    -999;   17.5;   73.21;   23.0;   13.0;   11.4;eor
       6272;20191015;-999;-999;-999;    3;   6.3;   4;-999;   0;  -999;  14.6;    -999;   15.8;   81.58;   20.8;   11.9;   10.1;eor
       6272;20191016;-999;-999;-999;    1;   0.0;   4;-999;   0;  -999;  11.8;    -999;   12.3;   82.83;   13.8;   10.6;   10.1;eor
       6272;20191017;-999;-999;-999;    1;   3.8;   4;-999;   0;  -999;  12.2;    -999;   12.8;   81.96;   14.9;   11.3;   10.8;eor
       6272;20191018;-999;-999;-999;    1;   3.8;   4;-999;   0;  -999;  12.6;    -999;   12.4;   86.58;   17.7;    8.1;    6.3;eor
       6272;20191019;-999;-999;-999;    1;   0.0;   4;-999;   0;  -999;  12.0;    -999;   12.4;   83.21;   14.9;    9.4;    8.4;eor
       6272;20191020;-999;-999;-999;    1;   0.2;   4;-999;   0;  -999;  13.6;    -999;   14.1;   84.83;   18.3;   11.7;   10.4;eor
       6272;20191021;-999;-999;-999;    1;   0.0;   0;-999;   0;  -999;  13.3;    -999;   14.0;   83.46;   17.5;   10.3;    8.7;eor
       6272;20191022;-999;-999;-999;    1;   0.0;   0;-999;   0;  -999;  11.8;    -999;   11.8;   85.96;   17.0;    7.4;    6.2;eor
       6272;20191023;-999;-999;-999;    1;   0.0;   0;-999;   0;  -999;  11.7;    -999;   10.0;   94.42;   16.2;    5.9;    4.8;eor
       6272;20191024;-999;-999;-999;    1;   0.0;   0;-999;   0;  -999;  12.8;    -999;   11.8;   92.17;   13.5;    9.3;    7.7;eor
       6272;20191025;-999;-999;-999;    1;   0.0;   0;-999;   0;  -999;  11.9;    -999;   12.6;   82.17;   15.8;   10.0;    8.5;eor
       6272;20191026;-999;-999;-999;    1;   0.0;   0;-999;   0;  -999;  11.8;    -999;   12.6;   81.00;   17.7;    8.8;    7.7;eor
       6272;20191027;-999;-999;-999;    1;   3.9;   4;-999;   0;  -999;  10.3;    -999;    9.6;   85.96;   15.9;    2.8;    1.2;eor
       6272;20191028;-999;-999;-999;    1;   0.0;   0;-999;   0;  -999;   7.7;    -999;    3.8;   95.96;    8.8;    1.2;    0.5;eor
       6272;20191029;-999;-999;-999;    1;   0.0;   0;-999;   0;  -999;   7.1;    -999;    4.0;   87.96;    8.9;   -1.5;   -2.3;eor
       6272;20191030;-999;-999;-999;    1;   0.0;   0;-999;   0;  -999;   5.6;    -999;    1.1;   86.42;    7.9;   -2.9;   -3.8;eor
       6272;20191031;-999;-999;-999;    1;   0.0;   0;-999;   0;  -999;   5.5;    -999;    0.2;   88.88;    7.8;   -2.9;   -4.2;eor
       6272;20191101;-999;-999;-999;    1;   0.4;   4;-999;   0;  -999;   6.8;    -999;    2.7;   91.08;    6.8;   -1.2;   -3.7;eor
       6272;20191102;-999;-999;-999;    1;   1.9;   4;-999;   0;  -999;  11.8;    -999;   11.5;   86.88;   15.9;    6.7;    6.5;eor
       6272;20191103;-999;-999;-999;    1;   2.9;   4;-999;   0;  -999;  11.7;    -999;   11.1;   88.38;   14.7;    9.4;    8.7;eor
       6272;20191104;-999;-999;-999;    1;   4.1;   4;-999;   0;  -999;  10.7;    -999;    9.5;   90.04;   11.9;    7.4;    6.3;eor
       6272;20191105;-999;-999;-999;    1;   0.5;   4;-999;   0;  -999;   9.1;    -999;    8.0;   84.83;   10.2;    4.4;    2.6;eor
       6272;20191106;-999;-999;-999;    1;   2.2;   4;-999;   0;  -999;   9.2;    -999;    7.1;   91.58;    9.5;    4.4;    3.6;eor
       6272;20191107;-999;-999;-999;    1;   0.4;   4;-999;   0;  -999;   9.2;    -999;    8.0;   85.83;   10.7;    4.4;    3.3;eor
       6272;20191108;-999;-999;-999;    1;   7.1;   4;-999;   0;  -999;   8.3;    -999;    5.3;   93.42;    7.7;    3.2;    2.0;eor
       6272;20191109;-999;-999;-999;    1;   0.1;   4;-999;   0;  -999;   7.5;    -999;    4.5;   89.33;    7.2;    1.5;    0.4;eor
       6272;20191110;-999;-999;-999;    1;   0.0;   0;-999;   0;  -999;   7.0;    -999;    3.3;   90.21;    6.9;    0.8;   -0.6;eor
       6272;20191111;-999;-999;-999;    1;   0.0;   0;-999;   0;  -999;   6.0;    -999;    2.3;   83.46;    3.1;    1.4;    1.3;eor
       6272;20191112;-999;-999;-999;    1;   0.0;   0;-999;   0;  -999;   6.5;    -999;    4.5;   77.83;    8.0;    2.0;    1.6;eor
       6272;20191113;-999;-999;-999;    1;   0.0;   0;-999;   0;  -999;   6.6;    -999;    3.8;   82.46;    5.8;    1.9;    0.8;eor
       6272;20191114;-999;-999;-999;    1;   0.0;   0;-999;   0;  -999;   6.4;    -999;    3.6;   80.96;    8.0;   -1.0;   -2.8;eor
       6272;20191115;-999;-999;-999;    1;   5.1;   4;-999;   0;  -999;   6.8;    -999;    3.1;   88.38;    6.1;   -1.1;   -2.3;eor
       6272;20191116;-999;-999;-999;    1;   0.0;   4;-999;   0;  -999;   7.2;    -999;    3.7;   90.38;    7.4;    1.3;   -0.3;eor
       6272;20191117;-999;-999;-999;    1;   0.2;   4;-999;   0;  -999;   7.0;    -999;    2.8;   93.25;    6.1;   -0.7;   -0.9;eor
       6272;20191118;-999;-999;-999;    1;   1.1;   4;-999;   0;  -999;   7.5;    -999;    4.6;   88.38;    5.6;    3.6;    2.9;eor
       6272;20191119;-999;-999;-999;    1;   0.0;   0;-999;   0;  -999;   6.9;    -999;    4.0;   84.42;    6.4;   -0.5;   -2.1;eor
       6272;20191120;-999;-999;-999;    1;   0.0;   0;-999;   0;  -999;   6.3;    -999;    1.6;   92.08;    4.1;   -1.8;   -3.0;eor
       6272;20191121;-999;-999;-999;    1;   0.3;   4;-999;   0;  -999;   7.8;    -999;    4.5;   92.33;    5.5;    3.2;    3.3;eor
       6272;20191122;-999;-999;-999;    1;   0.0;   0;-999;   0;  -999;   7.2;    -999;    4.0;   88.71;    5.0;   -0.1;   -1.8;eor
       6272;20191123;-999;-999;-999;    1;   0.0;   0;-999;   0;  -999;   6.2;    -999;    0.7;   96.71;    6.7;   -2.2;   -3.0;eor
       6272;20191124;-999;-999;-999;    1;   0.0;   0;-999;   0;  -999;   6.5;    -999;    1.0;   97.50;    5.6;   -1.9;   -2.7;eor
       6272;20191125;-999;-999;-999;    1;   0.0;   0;-999;   0;  -999;   7.0;    -999;    2.4;   96.63;    4.4;    0.0;    0.4;eor
       6272;20191126;-999;-999;-999;    1;   0.0;   0;-999;   0;  -999;   8.6;    -999;    5.7;   93.42;    7.7;    3.3;    3.4;eor
       6272;20191127;-999;-999;-999;    1;   1.0;   4;-999;   0;  -999;   9.1;    -999;    7.2;   89.17;   10.3;    5.7;    5.4;eor
       6272;20191128;-999;-999;-999;    1;   3.9;   4;-999;   0;  -999;   9.0;    -999;    9.5;   76.25;   11.2;    8.0;    6.3;eor
       6272;20191129;-999;-999;-999;    1;   0.2;   4;-999;   0;  -999;   7.1;    -999;    5.2;   79.75;    8.6;    2.6;    0.9;eor
       6272;20191130;-999;-999;-999;    1;   0.0;   0;-999;   0;  -999;   5.8;    -999;    1.2;   87.58;    5.4;   -3.8;   -6.1;eor
       6272;20191201;-999;-999;-999;    1;   0.0;   0;-999;   0;  -999;   4.9;    -999;   -1.6;   90.46;    1.9;   -4.9;   -6.4;eor
       6272;20191202;-999;-999;-999;    1;   0.1;   4;-999;   0;  -999;   6.1;    -999;    1.5;   89.25;    3.9;   -1.2;   -2.2;eor
       6272;20191203;-999;-999;-999;    1;   0.4;   4;-999;   0;  -999;   7.0;    -999;    3.2;   90.96;    4.6;    2.1;    2.0;eor
       6272;20191204;-999;-999;-999;    1;   0.0;   0;-999;   0;  -999;   5.9;    -999;    1.8;   84.58;    5.5;   -1.5;   -3.1;eor
       6272;20191205;-999;-999;-999;    1;   0.0;   0;-999;   0;  -999;   5.1;    -999;   -0.4;   85.63;    2.1;   -2.5;   -3.9;eor
       6272;20191206;-999;-999;-999;    1;   2.2;   4;-999;   0;  -999;   5.7;    -999;    0.6;   87.92;    5.2;   -2.0;   -3.2;eor
       6272;20191207;-999;-999;-999;    1;   0.1;   4;-999;   0;  -999;   8.1;    -999;    7.2;   79.42;    8.5;    4.8;    4.0;eor
       6272;20191208;-999;-999;-999;    1;   4.5;   4;-999;   0;  -999;   8.5;    -999;    8.4;   77.04;   10.3;    6.1;    5.0;eor
       6272;20191209;-999;-999;-999;    1;   3.0;   4;-999;   0;  -999;   7.6;    -999;    5.8;   82.63;    7.1;    3.4;    1.8;eor
       6272;20191210;-999;-999;-999;    1;   0.0;   0;-999;   0;  -999;   5.8;    -999;    2.0;   81.83;    3.9;   -0.5;   -1.9;eor
       6272;20191211;-999;-999;-999;    1;   4.6;   4;-999;   0;  -999;   5.1;    -999;    0.8;   79.92;    1.6;   -0.3;   -0.3;eor
       6272;20191212;-999;-999;-999;    1;   0.0;   4;-999;   3;  -999;   6.3;    -999;    1.1;   94.33;    2.0;   -0.1;   -0.1;eor
       6272;20191213;-999;-999;-999;    1;   5.0;   4;-999;   0;  -999;   6.0;    -999;    1.3;   89.42;    3.7;    0.3;   -0.3;eor
       6272;20191214;-999;-999;-999;    1;   8.3;   4;-999;   0;  -999;   6.8;    -999;    4.5;   81.21;    6.4;    1.7;    1.1;eor
       6272;20191215;-999;-999;-999;    1;   1.2;   4;-999;   0;  -999;   7.5;    -999;    6.1;   80.25;   10.2;    3.1;    1.5;eor
       6272;20191216;-999;-999;-999;    1;   0.0;   4;-999;   0;  -999;   9.1;    -999;    7.0;   89.92;    8.8;    4.3;    3.5;eor
       6272;20191217;-999;-999;-999;    1;   0.1;   4;-999;   0;  -999;   8.0;    -999;    7.9;   74.67;   10.2;    5.6;    5.0;eor
       6272;20191218;-999;-999;-999;    1;   1.2;   4;-999;   0;  -999;   9.3;    -999;    7.8;   87.83;   12.1;    3.4;    1.1;eor
       6272;20191219;-999;-999;-999;    1;   0.0;   0;-999;   0;  -999;   8.4;    -999;    6.1;   88.79;    9.8;    2.6;    0.7;eor
       6272;20191220;-999;-999;-999;    1;   0.0;   0;-999;   0;  -999;   7.8;    -999;    6.4;   80.83;    9.9;    1.8;   -0.3;eor
       6272;20191221;-999;-999;-999;    1;   0.0;   0;-999;   0;  -999;   7.9;    -999;    5.9;   85.08;    8.3;    3.5;    1.8;eor
       6272;20191222;-999;-999;-999;    1;   2.1;   4;-999;   0;  -999;   8.1;    -999;    5.6;   88.46;    7.3;    4.5;    4.1;eor
       6272;20191223;-999;-999;-999;    1;   1.2;   4;-999;   0;  -999;   7.9;    -999;    6.1;   83.54;    7.3;    4.8;    3.0;eor
       6272;20191224;-999;-999;-999;    1;   9.8;   4;-999;   0;  -999;   7.9;    -999;    5.7;   86.38;    7.5;    4.2;    3.1;eor
       6272;20191225;-999;-999;-999;    1;   4.3;   4;-999;   0;  -999;   8.2;    -999;    5.4;   91.04;    6.6;    3.0;    1.7;eor
       6272;20191226;-999;-999;-999;    1;   0.0;   4;-999;   0;  -999;   6.9;    -999;    3.1;   90.58;    5.2;    1.5;    1.0;eor
       6272;20191227;-999;-999;-999;    1;   0.0;   0;-999;   0;  -999;   5.9;    -999;    2.3;   81.83;    4.5;   -0.2;   -2.8;eor
