STATIONS_ID;MESS_DATUM;QN_3;  FX;  FM;QN_4; RSK;RSKF; SDK;SHK_TAG;  NM; VPM;  PM; TMK; UPM; TXK; TNK; TGK;eor
       6305;20180703;-999;-999;-999;    3;   0.0;   0;-999;-999;  -999;   8.2;    -999;   18.5;   43.71;   28.0;    5.2;    4.7;eor
       6305;20180704;-999;-999;-999;    3;   0.0;   0;-999;-999;  -999;  10.9;    -999;   21.3;   47.17;   30.6;    8.2;    6.4;eor
       6305;20180705;-999;-999;-999;    3;   0.7;   4;-999;-999;  -999;  15.4;    -999;   22.1;   59.75;   30.3;   13.5;   12.4;eor
       6305;20180706;-999;-999;-999;    3;   0.0;   0;-999;-999;  -999;  12.5;    -999;   18.2;   61.00;   24.7;    8.6;    6.6;eor
       6305;20180707;-999;-999;-999;    3;   0.0;   0;-999;-999;  -999;   9.8;    -999;   17.7;   51.42;   26.1;    6.7;    4.0;eor
       6305;20180708;-999;-999;-999;    3;   0.0;   0;-999;-999;  -999;  11.8;    -999;   19.7;   52.54;   27.1;   12.5;   11.0;eor
       6305;20180709;-999;-999;-999;    3;   0.1;   4;-999;-999;  -999;  11.6;    -999;   19.2;   52.83;   25.6;   13.8;   11.8;eor
       6305;20180710;-999;-999;-999;    3;   1.1;   4;-999;-999;  -999;  11.2;    -999;   15.8;   63.13;   19.0;   12.8;   11.9;eor
       6305;20180711;-999;-999;-999;    3;   0.0;   0;-999;-999;  -999;  12.6;    -999;   16.6;   68.79;   22.2;   12.9;   12.6;eor
       6305;20180712;-999;-999;-999;    3;   1.8;   4;-999;-999;  -999;  14.9;    -999;   17.7;   74.08;   25.0;   12.7;   11.5;eor
       6305;20180713;-999;-999;-999;    3;   0.0;   0;-999;-999;  -999;  13.5;    -999;   20.9;   58.21;   27.6;   14.5;   12.1;eor
       6305;20180714;-999;-999;-999;    3;   0.0;   0;-999;-999;  -999;  12.7;    -999;   20.9;   55.42;   28.3;   10.0;    8.2;eor
       6305;20180715;-999;-999;-999;    3;   0.0;   0;-999;-999;  -999;  12.3;    -999;   20.8;   52.54;   28.5;   12.3;   10.4;eor
       6305;20180716;-999;-999;-999;    3;   0.0;   0;-999;-999;  -999;  11.9;    -999;   21.0;   50.38;   29.3;   11.4;    9.8;eor
       6305;20180717;-999;-999;-999;    3;   0.0;   0;-999;-999;  -999;  11.8;    -999;   23.1;   46.33;   31.1;   11.5;   10.3;eor
       6305;20180718;-999;-999;-999;    3;   0.0;   0;-999;-999;  -999;  12.3;    -999;   22.1;   47.75;   27.3;   13.4;   11.5;eor
       6305;20180719;-999;-999;-999;    3;   0.0;   0;-999;-999;  -999;  10.0;    -999;   20.5;   45.25;   28.7;   10.5;    8.1;eor
       6305;20180720;-999;-999;-999;    3;   0.0;   0;-999;-999;  -999;  10.5;    -999;   21.8;   43.96;   30.3;   10.2;    8.7;eor
       6305;20180721;-999;-999;-999;    3;   8.8;   4;-999;-999;  -999;  14.5;    -999;   19.9;   63.17;   25.5;   14.0;   12.2;eor
       6305;20180722;-999;-999;-999;    3;   1.8;   4;-999;-999;  -999;  17.4;    -999;   20.0;   76.46;   26.1;   16.4;   14.9;eor
       6305;20180723;-999;-999;-999;    3;   0.0;   0;-999;-999;  -999;  14.8;    -999;   22.3;   59.08;   29.7;   14.2;   13.4;eor
       6305;20180724;-999;-999;-999;    3;   0.0;   0;-999;-999;  -999;  14.1;    -999;   24.0;   52.05;   33.0;   13.1;   12.0;eor
       6305;20180725;-999;-999;-999;    3;   0.0;   0;-999;-999;  -999;  15.3;    -999;   25.9;   48.96;   34.3;   16.8;   15.3;eor
       6305;20180726;-999;-999;-999;    3;   0.0;   0;-999;-999;  -999;  13.4;    -999;   25.9;   44.13;   34.1;   16.0;   14.3;eor
       6305;20180727;-999;-999;-999;    3;   0.0;   0;-999;-999;  -999;  14.6;    -999;   24.8;   48.79;   33.1;   15.4;   13.9;eor
       6305;20180728;-999;-999;-999;    3;   0.0;   0;-999;-999;  -999;  15.6;    -999;   24.4;   53.42;   32.5;   16.7;   15.6;eor
       6305;20180729;-999;-999;-999;    3;   0.0;   0;-999;-999;  -999;  15.8;    -999;   23.6;   57.17;   31.0;   17.0;   16.8;eor
       6305;20180730;-999;-999;-999;    3;   0.0;   0;-999;-999;  -999;  13.9;    -999;   26.0;   45.67;   35.4;   15.5;   13.8;eor
       6305;20180731;-999;-999;-999;    3;   0.0;   0;-999;-999;  -999;  14.1;    -999;   27.9;   41.42;   37.2;   15.5;   14.2;eor
       6305;20180801;-999;-999;-999;    3;   5.6;   4;-999;-999;  -999;  16.0;    -999;   26.5;   47.83;   32.3;   20.1;   19.1;eor
       6305;20180802;-999;-999;-999;    3;   0.0;   0;-999;-999;  -999;  19.6;    -999;   23.6;   68.79;   29.7;   18.7;   17.6;eor
       6305;20180803;-999;-999;-999;    3;   0.0;   0;-999;-999;  -999;  18.1;    -999;   25.3;   59.04;   32.9;   16.8;   15.9;eor
       6305;20180804;-999;-999;-999;    3;   0.0;   0;-999;-999;  -999;  16.1;    -999;   26.7;   49.63;   34.5;   17.3;   16.1;eor
       6305;20180805;-999;-999;-999;    3;   0.0;   0;-999;-999;  -999;  13.9;    -999;   22.3;   52.83;   27.6;   13.6;   11.9;eor
       6305;20180806;-999;-999;-999;    3;   0.0;   0;-999;-999;  -999;  11.4;    -999;   21.4;   48.46;   30.8;   10.7;    8.9;eor
       6305;20180807;-999;-999;-999;    3;   0.0;   0;-999;-999;  -999;  13.1;    -999;   25.6;   42.42;   36.5;   14.0;   13.0;eor
       6305;20180808;-999;-999;-999;    3;   0.0;   0;-999;-999;  -999;  15.7;    -999;   25.7;   49.58;   32.6;   17.7;   15.7;eor
       6305;20180809;-999;-999;-999;    3;   0.9;   4;-999;-999;  -999;  16.4;    -999;   24.3;   56.75;   34.7;   16.3;   15.1;eor
       6305;20180810;-999;-999;-999;    3;   0.0;   0;-999;-999;  -999;  10.6;    -999;   19.2;   48.58;   24.2;   12.2;   10.2;eor
       6305;20180811;-999;-999;-999;    3;   0.0;   0;-999;-999;  -999;   8.7;    -999;   16.9;   48.17;   23.7;    8.9;    7.4;eor
       6305;20180812;-999;-999;-999;    3;   0.0;   0;-999;-999;  -999;   8.0;    -999;   18.1;   43.42;   28.1;    6.8;    5.3;eor
       6305;20180813;-999;-999;-999;    3;   4.9;   4;-999;-999;  -999;  12.8;    -999;   17.4;   63.71;   23.1;    8.2;    7.0;eor
       6305;20180814;-999;-999;-999;    3;   0.0;   4;-999;-999;  -999;  14.9;    -999;   18.1;   73.08;   23.4;   12.6;   11.4;eor
       6305;20180815;-999;-999;-999;    3;   0.0;   0;-999;-999;  -999;  12.8;    -999;   17.5;   66.71;   24.2;   10.6;    9.7;eor
       6305;20180816;-999;-999;-999;    3;   0.0;   0;-999;-999;  -999;  13.0;    -999;   20.4;   58.21;   30.4;    9.1;    8.0;eor
       6305;20180817;-999;-999;-999;    3;   0.0;   0;-999;-999;  -999;  14.5;    -999;   21.9;   57.67;   30.5;   12.4;   11.6;eor
       6305;20180818;-999;-999;-999;    3;   0.0;   0;-999;-999;  -999;  13.8;    -999;   21.3;   56.08;   28.2;   16.0;   13.9;eor
       6305;20180819;-999;-999;-999;    3;   0.0;   0;-999;-999;  -999;  10.3;    -999;   21.3;   44.88;   30.8;    9.5;    8.5;eor
       6305;20180820;-999;-999;-999;    3;   0.9;   4;-999;-999;  -999;  14.3;    -999;   19.9;   61.46;   25.4;   11.6;   10.9;eor
       6305;20180821;-999;-999;-999;    3;   0.0;   0;-999;-999;  -999;  15.2;    -999;   20.4;   64.25;   25.0;   13.4;   11.1;eor
       6305;20180822;-999;-999;-999;    3;   0.0;   0;-999;-999;  -999;  13.0;    -999;   21.0;   54.96;   30.9;   12.0;   10.8;eor
       6305;20180823;-999;-999;-999;    3;   0.1;   4;-999;-999;  -999;  14.0;    -999;   23.6;   51.08;   32.8;   13.4;   12.1;eor
       6305;20180824;-999;-999;-999;    3;   0.2;   4;-999;-999;  -999;  13.4;    -999;   18.3;   63.13;   22.3;   13.1;   12.2;eor
       6305;20180825;-999;-999;-999;    3;   0.3;   4;-999;-999;  -999;   9.6;    -999;   13.7;   61.88;   17.4;    7.1;    5.3;eor
       6305;20180826;-999;-999;-999;    3;   0.0;   0;-999;-999;  -999;   7.8;    -999;   12.8;   56.13;   20.7;    4.0;    2.6;eor
       6305;20180827;-999;-999;-999;    3;   0.0;   4;-999;-999;  -999;  11.4;    -999;   15.6;   62.42;   19.9;    7.0;    5.3;eor
       6305;20180828;-999;-999;-999;    3;   0.0;   0;-999;-999;  -999;  11.0;    -999;   17.9;   55.75;   24.3;   10.8;    8.3;eor
       6305;20180829;-999;-999;-999;    3;   2.2;   4;-999;-999;  -999;  11.8;    -999;   19.4;   55.38;   29.9;    7.5;    5.9;eor
       6305;20180830;-999;-999;-999;    3;   0.0;   0;-999;-999;  -999;  14.2;    -999;   17.3;   72.42;   21.0;   12.5;   10.7;eor
       6305;20180831;-999;-999;-999;    3;   0.0;   0;-999;-999;  -999;  10.0;    -999;   14.6;   62.83;   20.1;    8.2;    6.2;eor
       6305;20180901;-999;-999;-999;    3;   0.0;   0;-999;-999;  -999;   8.8;    -999;   14.1;   58.13;   22.4;    3.6;    2.3;eor
       6305;20180902;-999;-999;-999;    3;   0.2;   4;-999;-999;  -999;  12.8;    -999;   15.5;   72.42;   17.5;   11.9;    9.9;eor
       6305;20180903;-999;-999;-999;    3;   5.2;   4;-999;-999;  -999;  17.2;    -999;   17.1;   88.33;   20.0;   13.7;   13.1;eor
       6305;20180904;-999;-999;-999;    3;   0.0;   0;-999;-999;  -999;  15.3;    -999;   19.4;   70.83;   27.1;   13.2;   11.5;eor
       6305;20180905;-999;-999;-999;    3;   0.0;   0;-999;-999;  -999;  12.8;    -999;   18.1;   64.75;   26.4;    9.8;    8.6;eor
       6305;20180906;-999;-999;-999;    3;  18.7;   4;-999;-999;  -999;  14.1;    -999;   17.9;   70.54;   27.3;   11.7;   10.1;eor
       6305;20180907;-999;-999;-999;    3;   0.0;   0;-999;-999;  -999;  13.8;    -999;   16.9;   72.92;   21.7;    9.6;    8.0;eor
       6305;20180908;-999;-999;-999;    3;   0.0;   0;-999;-999;  -999;   9.8;    -999;   13.8;   65.54;   21.0;    5.4;    4.0;eor
       6305;20180909;-999;-999;-999;    3;   0.0;   0;-999;-999;  -999;  11.3;    -999;   16.0;   64.33;   24.5;    9.7;    8.2;eor
       6305;20180910;-999;-999;-999;    3;   0.0;   0;-999;-999;  -999;  11.6;    -999;   17.4;   61.54;   26.1;    7.6;    6.3;eor
       6305;20180911;-999;-999;-999;    3;   0.0;   0;-999;-999;  -999;  12.3;    -999;   19.1;   58.42;   26.7;   11.9;   10.6;eor
       6305;20180912;-999;-999;-999;    3;   0.0;   0;-999;-999;  -999;  12.6;    -999;   19.4;   60.04;   28.7;   10.5;    9.0;eor
       6305;20180913;-999;-999;-999;    3;   0.5;   4;-999;-999;  -999;  13.7;    -999;   15.1;   79.79;   16.2;   13.2;   13.3;eor
       6305;20180914;-999;-999;-999;    3;   0.9;   4;-999;-999;  -999;  13.2;    -999;   14.3;   81.04;   19.6;   10.7;    9.1;eor
       6305;20180915;-999;-999;-999;    3;   0.0;   0;-999;-999;  -999;  10.4;    -999;   14.3;   66.08;   19.8;    7.5;    6.0;eor
       6305;20180916;-999;-999;-999;    3;   0.0;   0;-999;-999;  -999;   9.8;    -999;   14.1;   65.08;   23.4;    6.0;    4.4;eor
       6305;20180917;-999;-999;-999;    3;   0.0;   0;-999;-999;  -999;   9.8;    -999;   15.3;   60.50;   26.3;    5.5;    3.9;eor
       6305;20180918;-999;-999;-999;    3;   0.0;   0;-999;-999;  -999;  11.1;    -999;   18.3;   57.08;   30.4;    6.3;    4.9;eor
       6305;20180919;-999;-999;-999;    3;   0.0;   0;-999;-999;  -999;  13.5;    -999;   20.3;   59.83;   29.4;   12.8;   11.6;eor
       6305;20180920;-999;-999;-999;    3;   0.0;   0;-999;-999;  -999;  12.4;    -999;   19.2;   59.46;   28.5;   11.9;   10.4;eor
       6305;20180921;-999;-999;-999;    3;   3.4;   4;-999;-999;  -999;  11.9;    -999;   15.2;   71.13;   26.3;    7.6;    6.1;eor
       6305;20180922;-999;-999;-999;    3;   0.5;   4;-999;-999;  -999;   9.1;    -999;   12.7;   63.38;   17.1;    8.3;    6.4;eor
       6305;20180923;-999;-999;-999;    3;  19.2;   4;-999;-999;  -999;  10.9;    -999;   10.3;   86.46;   12.1;    8.0;    6.6;eor
       6305;20180924;-999;-999;-999;    3;   0.8;   4;-999;-999;  -999;   8.2;    -999;    9.4;   70.33;   14.1;    6.1;    3.9;eor
       6305;20180925;-999;-999;-999;    3;   0.0;   0;-999;-999;  -999;   7.6;    -999;    8.0;   73.46;   14.6;    2.5;    1.1;eor
       6305;20180926;-999;-999;-999;    3;   0.0;   0;-999;-999;  -999;   7.0;    -999;    8.9;   65.21;   17.6;    1.0;    0.1;eor
       6305;20180927;-999;-999;-999;    3;   0.0;   0;-999;-999;  -999;   8.1;    -999;   13.4;   57.38;   23.6;    6.1;    4.8;eor
       6305;20180928;-999;-999;-999;    3;   0.0;   0;-999;-999;  -999;   8.4;    -999;    9.7;   70.50;   14.7;    4.7;    2.9;eor
       6305;20180929;-999;-999;-999;    3;   0.0;   0;-999;-999;  -999;   6.8;    -999;    7.4;   68.71;   14.2;    1.4;   -1.0;eor
       6305;20180930;-999;-999;-999;    3;   0.0;   0;-999;-999;  -999;   6.6;    -999;    8.3;   63.63;   18.3;   -0.9;   -2.1;eor
       6305;20181001;-999;-999;-999;    3;   0.0;   0;-999;   0;  -999;   7.5;    -999;    7.8;   71.25;   14.7;    1.6;    0.2;eor
       6305;20181002;-999;-999;-999;    3;   0.4;   4;-999;   0;  -999;   8.5;    -999;    7.7;   79.88;   11.0;    3.9;    2.6;eor
       6305;20181003;-999;-999;-999;    3;   0.0;   0;-999;   0;  -999;   7.9;    -999;   11.3;   59.88;   15.4;    5.1;    2.8;eor
       6305;20181004;-999;-999;-999;    3;   0.0;   0;-999;   0;  -999;   8.7;    -999;    8.6;   77.29;   15.0;    1.8;    0.4;eor
       6305;20181005;-999;-999;-999;    3;   0.0;   0;-999;   0;  -999;   8.8;    -999;    9.5;   76.04;   21.1;    1.3;   -0.2;eor
       6305;20181006;-999;-999;-999;    3;   0.0;   0;-999;   0;  -999;  10.5;    -999;   12.6;   73.54;   24.0;    2.7;    1.4;eor
       6305;20181007;-999;-999;-999;    3;   0.0;   0;-999;   0;  -999;  10.2;    -999;   10.4;   80.71;   14.6;    3.7;    1.6;eor
       6305;20181008;-999;-999;-999;    3;   0.0;   0;-999;   0;  -999;   9.0;    -999;    8.5;   80.63;   16.5;    3.0;    1.3;eor
       6305;20181009;-999;-999;-999;    3;   0.0;   0;-999;   0;  -999;  10.6;    -999;   10.4;   83.50;   20.9;    3.0;    1.9;eor
       6305;20181010;-999;-999;-999;    3;   0.0;   0;-999;   0;  -999;  10.9;    -999;   11.5;   80.79;   21.2;    4.0;    2.4;eor
       6305;20181011;-999;-999;-999;    3;   0.0;   0;-999;   0;  -999;  10.1;    -999;   12.4;   73.21;   23.7;    4.9;    3.3;eor
       6305;20181012;-999;-999;-999;    3;   0.0;   0;-999;   0;  -999;  11.5;    -999;   14.6;   71.46;   25.1;    6.2;    4.8;eor
       6305;20181013;-999;-999;-999;    3;   0.0;   0;-999;   0;  -999;  11.1;    -999;   14.0;   72.63;   24.8;    5.8;    4.6;eor
       6305;20181014;-999;-999;-999;    3;   0.0;   0;-999;   0;  -999;  10.0;    -999;   12.2;   72.29;   22.7;    3.2;    1.9;eor
       6305;20181015;-999;-999;-999;    3;   0.0;   0;-999;   0;  -999;   9.4;    -999;   12.1;   69.54;   24.1;    2.8;    2.0;eor
       6305;20181016;-999;-999;-999;    3;   0.0;   0;-999;   0;  -999;  11.0;    -999;   12.4;   76.25;   21.6;    6.0;    4.0;eor
       6305;20181017;-999;-999;-999;    3;   0.0;   4;-999;   0;  -999;  11.0;    -999;   12.0;   79.25;   21.9;    5.2;    3.8;eor
       6305;20181018;-999;-999;-999;    3;   0.0;   0;-999;   0;  -999;  11.1;    -999;   12.1;   78.75;   16.6;    4.9;    3.5;eor
       6305;20181019;-999;-999;-999;    3;   0.0;   0;-999;   0;  -999;   9.6;    -999;   11.6;   70.79;   14.2;    6.2;    4.1;eor
       6305;20181020;-999;-999;-999;    3;   0.0;   0;-999;   0;  -999;   7.5;    -999;    7.9;   71.71;   14.7;    0.3;   -1.4;eor
       6305;20181021;-999;-999;-999;    3;   0.0;   0;-999;   0;  -999;   8.2;    -999;    7.8;   77.71;   14.7;    3.0;    1.2;eor
       6305;20181022;-999;-999;-999;    3;   1.4;   4;-999;   0;  -999;   8.2;    -999;    6.3;   84.42;   11.9;   -0.7;   -1.5;eor
       6305;20181023;-999;-999;-999;    3;   0.4;   4;-999;   0;  -999;   8.5;    -999;    7.4;   81.04;   12.1;   -0.4;   -1.7;eor
       6305;20181024;-999;-999;-999;    3;   0.9;   4;-999;   0;  -999;  11.3;    -999;   11.8;   81.67;   13.0;   10.5;    9.8;eor
       6305;20181025;-999;-999;-999;    3;   0.0;   0;-999;   0;  -999;  10.4;    -999;   12.0;   74.13;   13.5;   10.3;   10.0;eor
       6305;20181026;-999;-999;-999;    3;   0.0;   0;-999;   0;  -999;   8.9;    -999;   10.0;   72.25;   11.3;    7.8;    7.2;eor
       6305;20181027;-999;-999;-999;    3;   0.0;   0;-999;   0;  -999;   6.9;    -999;    6.9;   70.08;    9.0;    3.5;    1.7;eor
       6305;20181028;-999;-999;-999;    3;   0.7;   4;-999;   0;  -999;   6.6;    -999;    4.4;   78.92;    5.6;    2.3;    0.2;eor
       6305;20181029;-999;-999;-999;    3;   0.3;   4;-999;   0;  -999;   7.1;    -999;    3.9;   87.63;    4.8;    3.3;    3.1;eor
       6305;20181030;-999;-999;-999;    3;   0.4;   4;-999;   0;  -999;   7.8;    -999;    6.4;   81.58;    9.8;    4.0;    4.2;eor
       6305;20181031;-999;-999;-999;    3;   0.0;   0;-999;   0;  -999;   7.3;    -999;    7.3;   72.50;   11.8;    2.0;    0.0;eor
       6305;20181101;-999;-999;-999;    3;   0.0;   0;-999;   0;  -999;   7.2;    -999;    4.5;   84.96;    9.4;   -1.0;   -2.3;eor
       6305;20181102;-999;-999;-999;    3;   0.0;   0;-999;   0;  -999;   8.3;    -999;    8.4;   75.67;   12.9;    2.4;    0.5;eor
       6305;20181103;-999;-999;-999;    3;   0.0;   0;-999;   0;  -999;   7.9;    -999;    7.3;   77.67;   10.4;    4.0;    1.7;eor
       6305;20181104;-999;-999;-999;    3;   0.0;   0;-999;   0;  -999;   9.7;    -999;    8.5;   87.46;   10.0;    7.0;    6.8;eor
       6305;20181105;-999;-999;-999;    3;   0.0;   0;-999;   0;  -999;  10.0;    -999;    8.6;   88.75;   11.2;    2.7;    1.5;eor
       6305;20181106;-999;-999;-999;    3;   0.0;   0;-999;   0;  -999;   8.4;    -999;    5.0;   95.54;    9.8;    1.7;    1.2;eor
       6305;20181107;-999;-999;-999;    3;   0.1;   4;-999;   0;  -999;   8.0;    -999;    5.9;   86.25;   15.6;    0.0;   -0.7;eor
       6305;20181108;-999;-999;-999;    3;   0.4;   4;-999;   0;  -999;  10.3;    -999;    9.7;   85.25;   13.9;    3.6;    2.7;eor
       6305;20181109;-999;-999;-999;    3;   0.0;   0;-999;   0;  -999;  10.2;    -999;    8.1;   94.04;   10.2;    5.0;    4.5;eor
       6305;20181110;-999;-999;-999;    3;   0.0;   0;-999;   0;  -999;   9.2;    -999;    7.4;   89.38;   11.2;    3.0;    3.4;eor
       6305;20181111;-999;-999;-999;    3;   1.9;   4;-999;   0;  -999;  10.3;    -999;   10.9;   78.79;   13.3;    6.8;    3.7;eor
       6305;20181112;-999;-999;-999;    3;   2.1;   4;-999;   0;  -999;  11.2;    -999;   12.1;   80.54;   18.0;    7.1;    5.5;eor
       6305;20181113;-999;-999;-999;    3;   1.4;   4;-999;   0;  -999;  10.8;    -999;   10.8;   82.54;   13.0;    3.4;    1.1;eor
       6305;20181114;-999;-999;-999;    3;   0.0;   0;-999;   0;  -999;   7.5;    -999;    4.5;   88.75;   10.7;   -0.4;   -1.0;eor
       6305;20181115;-999;-999;-999;    3;   0.0;   0;-999;   0;  -999;   6.7;    -999;    1.9;   94.58;    4.8;   -0.9;   -1.5;eor
       6305;20181116;-999;-999;-999;    3;   0.0;   0;-999;   0;  -999;   6.6;    -999;    1.9;   93.46;    3.9;   -1.3;   -3.3;eor
       6305;20181117;-999;-999;-999;    3;   0.0;   0;-999;   0;  -999;   5.2;    -999;   -1.0;   91.00;    1.9;   -4.8;   -5.6;eor
       6305;20181118;-999;-999;-999;    3;   0.4;   4;-999;   0;  -999;   4.5;    -999;   -2.1;   85.54;    3.5;   -6.6;   -7.9;eor
       6305;20181119;-999;-999;-999;    3;   1.5;   4;-999;   0;  -999;   6.1;    -999;    2.7;   81.50;    3.9;    0.6;    0.1;eor
       6305;20181120;-999;-999;-999;    3;   2.4;   4;-999;   0;  -999;   5.4;    -999;    0.9;   82.08;    1.3;    0.2;    0.1;eor
       6305;20181121;-999;-999;-999;    3;   1.0;   4;-999;   2;  -999;   5.7;    -999;    0.8;   88.33;    1.2;    0.3;    0.1;eor
       6305;20181122;-999;-999;-999;    3;   0.1;   4;-999;   1;  -999;   6.1;    -999;    1.1;   92.58;    2.1;    0.2;    0.1;eor
       6305;20181123;-999;-999;-999;    3;   0.0;   0;-999;   0;  -999;   6.3;    -999;    1.2;   94.50;    2.1;    0.2;    0.5;eor
       6305;20181124;-999;-999;-999;    3;   0.5;   4;-999;   0;  -999;   6.6;    -999;    1.9;   94.04;    3.5;    0.3;   -0.3;eor
       6305;20181125;-999;-999;-999;    3;   0.0;   0;-999;   0;  -999;   7.1;    -999;    3.1;   92.17;    5.7;   -0.5;   -1.4;eor
       6305;20181126;-999;-999;-999;    3;   0.0;   0;-999;   0;  -999;   6.9;    -999;    3.4;   88.17;    5.1;    1.9;    1.8;eor
       6305;20181127;-999;-999;-999;    3;   0.0;   0;-999;   0;  -999;   4.9;    -999;    0.6;   76.17;    2.0;   -1.1;   -1.1;eor
       6305;20181128;-999;-999;-999;    3;   0.0;   0;-999;   0;  -999;   4.8;    -999;   -0.3;   80.04;    2.8;   -2.1;   -3.0;eor
       6305;20181129;-999;-999;-999;    3;   0.1;   4;-999;   0;  -999;   5.7;    -999;    2.1;   79.54;    4.8;   -0.5;   -1.2;eor
       6305;20181130;-999;-999;-999;    3;   0.3;   4;-999;   0;  -999;   5.9;    -999;    3.6;   74.88;    4.7;    1.5;    0.4;eor
       6305;20181201;-999;-999;-999;    3;   0.0;   0;-999;   0;  -999;   7.5;    -999;    5.2;   85.29;    7.9;    2.5;    0.6;eor
       6305;20181202;-999;-999;-999;    3;   5.6;   4;-999;   0;  -999;   9.8;    -999;    9.0;   84.67;   12.0;    6.9;    6.0;eor
       6305;20181203;-999;-999;-999;    3;   3.8;   4;-999;   0;  -999;  11.4;    -999;   11.4;   84.50;   13.5;    9.0;    7.3;eor
       6305;20181204;-999;-999;-999;    3;   1.1;   4;-999;   0;  -999;   7.3;    -999;    5.3;   80.96;   10.5;   -1.4;   -3.3;eor
       6305;20181205;-999;-999;-999;    3;   0.3;   4;-999;   0;  -999;   5.1;    -999;   -1.6;   93.79;    0.4;   -3.6;   -5.8;eor
       6305;20181206;-999;-999;-999;    3;   0.0;   0;-999;   0;  -999;   8.1;    -999;    5.3;   89.17;   11.1;    0.1;   -0.1;eor
       6305;20181207;-999;-999;-999;    3;   3.4;   4;-999;   0;  -999;  10.4;    -999;   10.7;   80.17;   12.5;    6.0;    4.2;eor
       6305;20181208;-999;-999;-999;    3;   7.8;   4;-999;   0;  -999;   7.5;    -999;    6.5;   77.38;    8.7;    4.4;    1.8;eor
       6305;20181209;-999;-999;-999;    3;   3.4;   4;-999;   0;  -999;   7.7;    -999;    6.9;   77.21;    9.5;    3.8;    2.8;eor
       6305;20181210;-999;-999;-999;    3;   0.2;   4;-999;   0;  -999;   6.0;    -999;    4.1;   73.33;    5.5;    3.1;    1.9;eor
       6305;20181211;-999;-999;-999;    3;   0.0;   0;-999;   0;  -999;   6.2;    -999;    4.1;   75.63;    5.0;    3.4;    1.9;eor
       6305;20181212;-999;-999;-999;    3;   1.5;   4;-999;   0;  -999;   6.2;    -999;    2.6;   83.83;    3.7;    1.0;   -0.1;eor
       6305;20181213;-999;-999;-999;    3;   0.0;   4;-999;   0;  -999;   5.0;    -999;    0.3;   80.42;    1.0;   -0.7;   -1.0;eor
       6305;20181214;-999;-999;-999;    3;   0.0;   0;-999;   0;  -999;   4.8;    -999;    0.3;   77.29;    0.7;   -0.1;   -0.5;eor
       6305;20181215;-999;-999;-999;    3;   0.0;   0;-999;   0;  -999;   4.5;    -999;   -0.7;   77.63;    0.0;   -2.1;   -2.0;eor
       6305;20181216;-999;-999;-999;    3;   0.6;   4;-999;   0;  -999;   4.4;    -999;   -2.0;   83.42;    0.2;   -3.3;   -4.0;eor
       6305;20181217;-999;-999;-999;    3;   0.0;   4;-999;   2;  -999;   6.3;    -999;    2.3;   86.83;    4.3;    0.1;   -1.3;eor
       6305;20181218;-999;-999;-999;    3;   0.0;   0;-999;   0;  -999;   6.4;    -999;    2.8;   84.88;    6.9;   -2.9;   -4.7;eor
       6305;20181219;-999;-999;-999;    3;   0.1;   4;-999;   0;  -999;   5.5;    -999;   -0.4;   92.00;    2.4;   -3.7;   -4.8;eor
       6305;20181220;-999;-999;-999;    3;   3.1;   4;-999;   0;  -999;   7.0;    -999;    3.5;   88.38;    6.5;   -0.1;   -0.1;eor
       6305;20181221;-999;-999;-999;    3;   7.3;   4;-999;   0;  -999;   8.8;    -999;    8.4;   80.08;   11.9;    6.0;    5.0;eor
       6305;20181222;-999;-999;-999;    3;   5.0;   4;-999;   0;  -999;   8.6;    -999;    8.7;   76.71;   11.2;    6.7;    5.3;eor
       6305;20181223;-999;-999;-999;    3;  12.1;   4;-999;   0;  -999;   8.1;    -999;    6.4;   84.96;    8.5;    3.4;    1.9;eor
       6305;20181224;-999;-999;-999;    3;   0.0;   0;-999;   0;  -999;   6.1;    -999;    2.9;   80.79;    4.8;   -0.2;   -1.9;eor
       6305;20181225;-999;-999;-999;    3;   0.0;   0;-999;   0;  -999;   5.9;    -999;    3.6;   74.63;    5.3;   -0.3;   -1.9;eor
       6305;20181226;-999;-999;-999;    3;   0.0;   0;-999;   0;  -999;   6.1;    -999;    3.4;   77.67;    4.4;    2.5;    2.2;eor
       6305;20181227;-999;-999;-999;    3;   0.0;   0;-999;   0;  -999;   6.3;    -999;    3.3;   81.13;    6.9;   -0.5;   -1.7;eor
       6305;20181228;-999;-999;-999;    3;   0.0;   0;-999;   0;  -999;   5.8;    -999;    2.2;   81.50;    4.9;   -1.5;   -3.1;eor
       6305;20181229;-999;-999;-999;    3;   1.7;   4;-999;   0;  -999;   6.4;    -999;    2.7;   86.04;    6.5;    1.4;    1.2;eor
       6305;20181230;-999;-999;-999;    3;   0.1;   4;-999;   0;  -999;   7.5;    -999;    6.6;   77.04;    7.5;    5.9;    4.7;eor
       6305;20181231;-999;-999;-999;    3;   0.5;   4;-999;   0;  -999;   8.9;    -999;    6.6;   90.75;    8.9;    3.9;    2.2;eor
       6305;20190101;-999;-999;-999;    3;   3.1;   4;-999;   0;  -999;   7.5;    -999;    6.2;   78.25;    8.1;    0.5;    0.1;eor
       6305;20190102;-999;-999;-999;    3;   0.0;   0;-999;   1;  -999;   4.7;    -999;    2.3;   64.92;    3.6;   -0.5;   -1.9;eor
       6305;20190103;-999;-999;-999;    3;   0.0;   0;-999;   0;  -999;   4.6;    -999;   -0.1;   74.46;    1.6;   -3.4;   -5.3;eor
       6305;20190104;-999;-999;-999;    3;   0.3;   4;-999;   0;  -999;   5.7;    -999;    2.1;   80.00;    4.7;    0.1;   -1.0;eor
       6305;20190105;-999;-999;-999;    3;   0.6;   4;-999;   0;  -999;   8.3;    -999;    6.4;   85.46;    8.0;    4.6;    4.0;eor
       6305;20190106;-999;-999;-999;    3;   0.3;   4;-999;   0;  -999;   8.1;    -999;    5.7;   88.13;    6.6;    4.1;    3.9;eor
       6305;20190107;-999;-999;-999;    3;   1.8;   4;-999;   0;  -999;   7.2;    -999;    4.8;   83.46;    5.5;    4.1;    3.1;eor
       6305;20190108;-999;-999;-999;    3;   3.2;   4;-999;   0;  -999;   6.8;    -999;    5.1;   77.67;    6.6;    2.1;    1.5;eor
       6305;20190109;-999;-999;-999;    3;   0.0;   0;-999;   0;  -999;   5.4;    -999;    1.4;   79.08;    3.1;    0.7;    0.2;eor
       6305;20190110;-999;-999;-999;    3;   0.6;   4;-999;   0;  -999;   4.7;    -999;    0.2;   74.83;    0.9;   -0.8;   -1.6;eor
       6305;20190111;-999;-999;-999;    3;   0.7;   4;-999;   2;  -999;   5.8;    -999;    1.7;   84.17;    5.8;   -1.0;   -1.2;eor
       6305;20190112;-999;-999;-999;    3;   5.2;   4;-999;   0;  -999;   7.1;    -999;    4.8;   82.58;    5.6;    3.8;    3.3;eor
       6305;20190113;-999;-999;-999;    3;   3.0;   4;-999;   0;  -999;   7.8;    -999;    6.5;   80.83;    9.2;    4.8;    3.7;eor
       6305;20190114;-999;-999;-999;    3;   0.4;   4;-999;   0;  -999;   5.5;    -999;    2.9;   72.58;    6.1;    0.2;   -0.3;eor
       6305;20190115;-999;-999;-999;    3;   0.0;   0;-999;   0;  -999;   5.9;    -999;    4.0;   71.67;    5.8;    2.0;    0.7;eor
       6305;20190116;-999;-999;-999;    3;   0.0;   4;-999;   0;  -999;   6.4;    -999;    4.7;   74.92;    5.9;    3.4;    1.0;eor
       6305;20190117;-999;-999;-999;    3;   3.7;   4;-999;   0;  -999;   6.2;    -999;    4.1;   75.88;    6.6;   -0.1;   -1.6;eor
       6305;20190118;-999;-999;-999;    3;   0.0;   0;-999;   0;  -999;   4.1;    -999;   -1.1;   73.29;    2.0;   -6.4;   -8.3;eor
       6305;20190119;-999;-999;-999;    3;   0.0;   0;-999;   0;  -999;   3.4;    -999;   -5.4;   83.17;   -0.8;   -8.2;  -10.9;eor
       6305;20190120;-999;-999;-999;    3;   0.0;   0;-999;   0;  -999;   3.0;    -999;   -6.7;   80.92;    0.0;  -10.6;  -12.8;eor
       6305;20190121;-999;-999;-999;    3;   0.0;   0;-999;   0;  -999;   2.9;    -999;   -7.6;   81.67;   -1.3;  -11.7;  -14.2;eor
       6305;20190122;-999;-999;-999;    3;   0.0;   0;-999;   0;  -999;   2.7;    -999;   -8.1;   80.79;   -1.7;  -12.2;  -14.7;eor
       6305;20190123;-999;-999;-999;    3;   0.0;   0;-999;   0;  -999;   2.9;    -999;   -7.5;   81.58;   -3.8;  -12.6;  -15.2;eor
       6305;20190124;-999;-999;-999;    3;   0.4;   4;-999;   0;  -999;   3.5;    -999;   -4.7;   81.92;   -3.5;   -7.2;   -7.1;eor
       6305;20190125;-999;-999;-999;    3;   2.0;   4;-999;   2;  -999;   3.8;    -999;   -3.5;   78.92;   -0.2;   -4.9;   -7.6;eor
       6305;20190126;-999;-999;-999;    3;   1.9;   4;-999;   4;  -999;   6.5;    -999;    2.8;   86.42;    5.1;   -0.3;   -1.0;eor
       6305;20190127;-999;-999;-999;    3;   2.7;   4;-999;   0;  -999;   7.0;    -999;    4.4;   83.50;    6.3;    2.0;    0.9;eor
       6305;20190128;-999;-999;-999;    3;   1.1;   4;-999;   0;  -999;   5.9;    -999;    2.0;   82.75;    2.7;    0.7;    0.1;eor
       6305;20190129;-999;-999;-999;    3;   0.0;   4;-999;   0;  -999;   5.0;    -999;    0.6;   79.29;    3.4;   -4.0;   -5.4;eor
       6305;20190130;-999;-999;-999;    3;   0.0;   0;-999;   0;  -999;   4.4;    -999;   -1.6;   81.33;    1.6;   -5.7;   -7.2;eor
       6305;20190131;-999;-999;-999;    3;   0.0;   4;-999;   0;  -999;   4.5;    -999;    0.1;   73.17;    3.3;   -4.1;   -6.3;eor
       6305;20190201;-999;-999;-999;    3;   1.3;   4;-999;   0;  -999;   5.0;    -999;   -0.3;   83.63;    2.1;   -3.5;   -5.1;eor
       6305;20190202;-999;-999;-999;    3;   0.1;   4;-999;   1;  -999;   5.9;    -999;    0.8;   91.08;    2.1;    0.0;   -0.4;eor
       6305;20190203;-999;-999;-999;    3;   0.0;   0;-999;   0;  -999;   5.1;    -999;    1.1;   77.13;    2.0;   -0.3;   -2.5;eor
       6305;20190204;-999;-999;-999;    3;   0.0;   0;-999;   0;  -999;   4.6;    -999;    0.6;   73.83;    4.5;   -3.7;   -5.4;eor
       6305;20190205;-999;-999;-999;    3;   0.0;   0;-999;   0;  -999;   5.0;    -999;    1.0;   75.63;    3.4;   -3.5;   -5.2;eor
       6305;20190206;-999;-999;-999;    3;   0.0;   0;-999;   0;  -999;   4.7;    -999;   -0.4;   79.25;    4.2;   -4.6;   -5.9;eor
       6305;20190207;-999;-999;-999;    3;   0.2;   4;-999;   0;  -999;   5.2;    -999;    0.6;   80.88;    3.1;   -2.7;   -4.3;eor
       6305;20190208;-999;-999;-999;    3;   1.3;   4;-999;   0;  -999;   6.7;    -999;    5.4;   74.63;    7.2;    2.0;   -0.8;eor
       6305;20190209;-999;-999;-999;    3;   0.4;   4;-999;   0;  -999;   6.8;    -999;    7.3;   66.96;    9.8;    4.6;    2.2;eor
       6305;20190210;-999;-999;-999;    3;  10.5;   4;-999;   0;  -999;   7.8;    -999;    6.5;   79.88;    9.3;    3.5;    0.9;eor
       6305;20190211;-999;-999;-999;    3;   1.0;   4;-999;   0;  -999;   5.9;    -999;    4.0;   72.83;    6.2;    2.8;    1.2;eor
       6305;20190212;-999;-999;-999;    3;   1.4;   4;-999;   0;  -999;   5.7;    -999;    3.6;   72.50;    5.4;    0.7;    0.1;eor
       6305;20190213;-999;-999;-999;    3;   0.0;   0;-999;   0;  -999;   6.3;    -999;    4.8;   72.92;    8.6;   -1.0;   -2.3;eor
       6305;20190214;-999;-999;-999;    3;   0.0;   0;-999;   0;  -999;   5.6;    -999;    2.6;   77.79;   12.1;   -2.3;   -3.5;eor
       6305;20190215;-999;-999;-999;    3;   0.0;   0;-999;   0;  -999;   5.7;    -999;    2.3;   80.08;   12.0;   -3.1;   -4.8;eor
       6305;20190216;-999;-999;-999;    3;   0.0;   0;-999;   0;  -999;   5.5;    -999;    3.5;   73.04;   15.0;   -4.3;   -6.0;eor
       6305;20190217;-999;-999;-999;    3;   0.0;   0;-999;   0;  -999;   6.0;    -999;    3.4;   77.58;   13.9;   -2.9;   -4.7;eor
       6305;20190218;-999;-999;-999;    3;   0.0;   0;-999;   0;  -999;   5.6;    -999;    3.6;   73.54;   14.6;   -3.9;   -5.6;eor
       6305;20190219;-999;-999;-999;    3;   0.2;   4;-999;   0;  -999;   6.3;    -999;    5.3;   70.75;   10.2;   -1.2;   -3.2;eor
       6305;20190220;-999;-999;-999;    3;   0.0;   0;-999;   0;  -999;   6.3;    -999;    5.7;   69.54;   10.3;    1.0;   -0.9;eor
       6305;20190221;-999;-999;-999;    3;   0.1;   4;-999;   0;  -999;   7.4;    -999;    6.4;   76.96;   11.1;    0.8;   -0.9;eor
       6305;20190222;-999;-999;-999;    3;   0.0;   0;-999;   0;  -999;   7.9;    -999;    6.2;   81.33;    9.0;   -1.3;   -2.8;eor
       6305;20190223;-999;-999;-999;    3;   0.0;   0;-999;   0;  -999;   4.5;    -999;    0.0;   74.67;    5.5;   -4.3;   -6.0;eor
       6305;20190224;-999;-999;-999;    3;   0.0;   0;-999;   0;  -999;   4.3;    -999;    2.5;   63.00;   12.8;   -4.8;   -6.4;eor
       6305;20190225;-999;-999;-999;    3;   0.0;   0;-999;   0;  -999;   5.4;    -999;    4.8;   65.96;   16.7;   -3.4;   -5.1;eor
       6305;20190226;-999;-999;-999;    3;   0.0;   0;-999;   0;  -999;   4.4;    -999;    5.1;   58.54;   16.6;   -3.3;   -5.2;eor
       6305;20190227;-999;-999;-999;    3;   0.0;   0;-999;   0;  -999;   4.6;    -999;    5.1;   58.29;   18.4;   -4.4;   -6.1;eor
       6305;20190228;-999;-999;-999;    3;   1.0;   4;-999;   0;  -999;   6.8;    -999;    7.9;   62.96;   15.0;   -1.0;   -3.7;eor
       6305;20190301;-999;-999;-999;    3;   0.6;   4;-999;   0;  -999;   8.7;    -999;    7.8;   81.75;   11.0;    3.5;    3.0;eor
       6305;20190302;-999;-999;-999;    3;   0.0;   0;-999;   0;  -999;   7.2;    -999;    5.3;   80.29;    9.1;    3.4;    2.6;eor
       6305;20190303;-999;-999;-999;    3;   0.0;   4;-999;   0;  -999;   8.8;    -999;   10.0;   71.21;   11.1;    8.6;    7.4;eor
       6305;20190304;-999;-999;-999;    3;   3.3;   4;-999;   0;  -999;   7.6;    -999;    9.6;   63.79;   13.7;    5.0;    2.3;eor
       6305;20190305;-999;-999;-999;    3;   1.4;   4;-999;   0;  -999;   6.4;    -999;    5.1;   73.17;    8.2;   -0.5;   -2.4;eor
       6305;20190306;-999;-999;-999;    3;   0.0;   0;-999;   0;  -999;   7.2;    -999;    6.3;   75.79;   12.4;   -1.4;   -3.0;eor
       6305;20190307;-999;-999;-999;    3;   1.2;   4;-999;   0;  -999;   7.6;    -999;   10.2;   60.96;   13.4;    7.4;    4.3;eor
       6305;20190308;-999;-999;-999;    3;   2.4;   4;-999;   0;  -999;   6.6;    -999;    7.5;   64.08;   10.3;    5.0;    2.4;eor
       6305;20190309;-999;-999;-999;    3;   6.8;   4;-999;   0;  -999;   7.5;    -999;    8.1;   69.25;   12.1;    5.7;    4.0;eor
       6305;20190310;-999;-999;-999;    3;   6.8;   4;-999;   0;  -999;   7.1;    -999;    6.5;   73.75;   11.9;    2.4;    1.5;eor
       6305;20190311;-999;-999;-999;    3;   3.4;   4;-999;   0;  -999;   5.9;    -999;    3.1;   77.08;    4.6;    1.6;    0.1;eor
       6305;20190312;-999;-999;-999;    3;   0.1;   4;-999;   0;  -999;   5.5;    -999;    5.9;   60.58;    8.5;    2.2;    0.8;eor
       6305;20190313;-999;-999;-999;    3;   1.6;   4;-999;   0;  -999;   6.2;    -999;    6.1;   66.08;    8.5;    3.9;    2.0;eor
       6305;20190314;-999;-999;-999;    3;   5.9;   4;-999;   0;  -999;   7.0;    -999;    5.7;   77.04;    7.8;    4.6;    3.5;eor
       6305;20190315;-999;-999;-999;    3;  11.6;   4;-999;   0;  -999;   8.2;    -999;    7.7;   76.92;   11.7;    5.2;    4.2;eor
       6305;20190316;-999;-999;-999;    3;   0.4;   4;-999;   0;  -999;   7.9;    -999;    8.8;   69.54;   12.6;    5.7;    4.6;eor
       6305;20190317;-999;-999;-999;    3;   1.8;   4;-999;   0;  -999;   7.6;    -999;    7.8;   71.71;   11.3;    2.3;    1.1;eor
       6305;20190318;-999;-999;-999;    3;   0.1;   4;-999;   0;  -999;   5.7;    -999;    4.6;   68.04;    8.3;    1.3;   -0.6;eor
       6305;20190319;-999;-999;-999;    3;   0.0;   4;-999;   0;  -999;   5.2;    -999;    3.7;   66.71;    8.5;   -0.9;   -3.6;eor
       6305;20190320;-999;-999;-999;    3;   0.0;   0;-999;   0;  -999;   5.7;    -999;    5.3;   66.00;   13.0;   -3.7;   -5.5;eor
       6305;20190321;-999;-999;-999;    3;   0.0;   0;-999;   0;  -999;   7.1;    -999;    7.7;   70.58;   16.5;   -0.5;   -2.2;eor
       6305;20190322;-999;-999;-999;    3;   0.0;   0;-999;   0;  -999;   8.5;    -999;    9.1;   74.50;   18.3;    0.8;   -1.1;eor
       6305;20190323;-999;-999;-999;    3;   0.0;   4;-999;   0;  -999;   8.0;    -999;    8.1;   75.79;   17.0;    0.3;   -1.9;eor
       6305;20190324;-999;-999;-999;    3;   0.1;   4;-999;   0;  -999;   7.5;    -999;    6.3;   78.54;   10.0;   -0.8;   -3.0;eor
       6305;20190325;-999;-999;-999;    3;   2.3;   4;-999;   0;  -999;   6.2;    -999;    4.1;   75.83;    7.6;   -1.4;   -3.5;eor
       6305;20190326;-999;-999;-999;    3;   0.2;   4;-999;   0;  -999;   6.7;    -999;    5.5;   73.63;    7.9;    2.7;    0.0;eor
       6305;20190327;-999;-999;-999;    3;   0.5;   4;-999;   0;  -999;   6.9;    -999;    7.3;   68.29;   11.7;    0.8;   -1.1;eor
       6305;20190328;-999;-999;-999;    3;   0.3;   4;-999;   0;  -999;   8.6;    -999;    9.2;   74.67;   12.7;    6.5;    5.0;eor
       6305;20190329;-999;-999;-999;    3;   0.0;   0;-999;   0;  -999;   8.4;    -999;    9.0;   74.46;   14.1;    1.6;   -1.1;eor
       6305;20190330;-999;-999;-999;    3;   0.0;   0;-999;   0;  -999;   7.1;    -999;    9.2;   65.54;   19.5;   -1.0;   -3.2;eor
       6305;20190331;-999;-999;-999;    3;   0.0;   0;-999;   0;  -999;   7.4;    -999;    6.6;   76.38;   11.6;    1.4;   -0.9;eor
       6305;20190401;-999;-999;-999;    3;   0.0;   0;-999;   0;  -999;   5.1;    -999;    5.8;   56.17;   11.6;    0.6;   -2.2;eor
       6305;20190402;-999;-999;-999;    3;   0.0;   0;-999;   0;  -999;   6.8;    -999;    8.1;   62.79;   17.8;   -1.6;   -4.0;eor
       6305;20190403;-999;-999;-999;    3;   4.9;   4;-999;   0;  -999;   9.5;    -999;   10.2;   76.25;   14.7;    5.1;    3.8;eor
       6305;20190404;-999;-999;-999;    3;   0.0;   0;-999;   0;  -999;   8.5;    -999;    7.6;   81.75;   10.9;    4.1;    3.1;eor
       6305;20190405;-999;-999;-999;    3;   0.0;   0;-999;   0;  -999;   8.9;    -999;    7.4;   86.54;   10.7;    2.9;    0.3;eor
       6305;20190406;-999;-999;-999;    3;   0.0;   0;-999;   0;  -999;   9.5;    -999;   10.7;   75.38;   18.2;    3.0;    0.8;eor
       6305;20190407;-999;-999;-999;    3;   0.0;   0;-999;   0;  -999;   9.0;    -999;   11.1;   69.25;   18.2;    2.8;    0.0;eor
       6305;20190408;-999;-999;-999;    3;   0.0;   0;-999;   0;  -999;   8.7;    -999;   12.2;   62.67;   18.5;    4.6;    2.0;eor
       6305;20190409;-999;-999;-999;    3;   0.0;   0;-999;   0;  -999;   7.3;    -999;    6.9;   73.50;   10.9;    2.1;   -0.6;eor
       6305;20190410;-999;-999;-999;    3;   0.0;   0;-999;   0;  -999;   5.4;    -999;    5.4;   61.08;   10.6;    1.0;   -2.0;eor
       6305;20190411;-999;-999;-999;    3;   0.0;   0;-999;   0;  -999;   4.2;    -999;    3.7;   53.71;    8.3;   -1.6;   -4.6;eor
       6305;20190412;-999;-999;-999;    3;   0.0;   0;-999;   0;  -999;   4.7;    -999;    2.4;   65.63;    3.6;    0.7;    0.3;eor
       6305;20190413;-999;-999;-999;    3;   0.2;   4;-999;   0;  -999;   5.4;    -999;    2.2;   75.38;    4.7;    0.1;   -2.5;eor
       6305;20190414;-999;-999;-999;    3;   0.4;   4;-999;   0;  -999;   6.0;    -999;    2.4;   81.58;    4.3;   -2.5;   -4.9;eor
       6305;20190415;-999;-999;-999;    3;   0.0;   0;-999;   0;  -999;   5.9;    -999;    6.3;   66.58;   13.6;   -1.2;   -1.7;eor
       6305;20190416;-999;-999;-999;    3;   0.0;   0;-999;   0;  -999;   5.8;    -999;    8.1;   55.58;   16.3;   -1.6;   -4.3;eor
       6305;20190417;-999;-999;-999;    3;   0.0;   0;-999;   0;  -999;   6.0;    -999;    9.6;   53.75;   17.9;   -1.2;   -3.7;eor
       6305;20190418;-999;-999;-999;    3;   0.0;   0;-999;   0;  -999;   7.0;    -999;   11.6;   54.42;   19.4;    1.7;   -0.9;eor
       6305;20190419;-999;-999;-999;    3;   0.0;   0;-999;   0;  -999;   7.6;    -999;   12.9;   53.46;   21.6;    1.0;   -1.3;eor
       6305;20190420;-999;-999;-999;    3;   0.0;   0;-999;   0;  -999;   7.4;    -999;   12.4;   55.13;   21.9;    1.7;   -1.2;eor
       6305;20190421;-999;-999;-999;    3;   0.0;   0;-999;   0;  -999;   7.3;    -999;   12.2;   55.08;   21.2;    1.3;   -1.9;eor
       6305;20190422;-999;-999;-999;    3;   0.0;   0;-999;   0;  -999;   6.8;    -999;   12.1;   51.79;   19.8;    1.0;   -1.3;eor
       6305;20190423;-999;-999;-999;    3;   0.0;   0;-999;   0;  -999;   9.0;    -999;   13.5;   58.42;   19.6;    5.9;    1.7;eor
       6305;20190424;-999;-999;-999;    3;   0.6;   4;-999;   0;  -999;  10.8;    -999;   16.5;   59.88;   25.1;    8.6;    6.7;eor
       6305;20190425;-999;-999;-999;    3;   0.0;   0;-999;   0;  -999;   9.0;    -999;   14.8;   58.00;   24.1;    2.9;    0.5;eor
       6305;20190426;-999;-999;-999;    3;   6.1;   4;-999;   0;  -999;  10.0;    -999;   11.4;   74.75;   15.5;    8.1;    6.0;eor
       6305;20190427;-999;-999;-999;    3;   3.3;   4;-999;   0;  -999;   9.5;    -999;    9.9;   79.08;   16.3;    4.0;    3.1;eor
       6305;20190428;-999;-999;-999;    3;   0.1;   4;-999;   0;  -999;   8.1;    -999;    8.8;   73.00;   13.4;    2.7;    0.7;eor
       6305;20190429;-999;-999;-999;    3;   2.8;   4;-999;   0;  -999;   8.9;    -999;    7.9;   82.96;   10.8;    2.5;    0.1;eor
       6305;20190430;-999;-999;-999;    3;   0.0;   0;-999;   0;  -999;   8.6;    -999;   11.2;   66.08;   17.4;    4.2;    0.4;eor
       6305;20190501;-999;-999;-999;    3;   0.0;   0;-999;-999;  -999;   9.6;    -999;   13.5;   63.21;   18.9;    8.3;    5.2;eor
       6305;20190502;-999;-999;-999;    3;   0.0;   0;-999;-999;  -999;   9.0;    -999;   11.7;   67.38;   16.9;    2.5;    1.1;eor
       6305;20190503;-999;-999;-999;    3;   4.3;   4;-999;-999;  -999;   6.6;    -999;    8.7;   59.71;   11.3;    5.2;    3.8;eor
       6305;20190504;-999;-999;-999;    3;   1.4;   4;-999;-999;  -999;   6.5;    -999;    4.6;   77.21;    9.1;    2.5;    0.3;eor
       6305;20190505;-999;-999;-999;    3;   0.0;   0;-999;-999;  -999;   5.7;    -999;    5.9;   63.00;   10.6;    0.1;   -1.8;eor
       6305;20190506;-999;-999;-999;    3;   0.0;   4;-999;-999;  -999;   5.9;    -999;    6.1;   64.38;   10.5;    1.3;   -1.8;eor
       6305;20190507;-999;-999;-999;    3;   0.1;   4;-999;-999;  -999;   6.9;    -999;    7.5;   67.71;   11.4;    1.0;   -1.7;eor
       6305;20190508;-999;-999;-999;    3;   9.0;   4;-999;-999;  -999;   8.9;    -999;    8.0;   80.42;   12.9;   -0.4;   -2.3;eor
       6305;20190509;-999;-999;-999;    3;   0.0;   0;-999;-999;  -999;   9.7;    -999;   12.0;   69.75;   15.9;    7.9;    5.6;eor
       6305;20190510;-999;-999;-999;    3;   0.2;   4;-999;-999;  -999;   9.4;    -999;   11.0;   72.79;   15.9;    6.8;    4.9;eor
       6305;20190511;-999;-999;-999;    3;  11.6;   4;-999;-999;  -999;   9.9;    -999;    8.6;   88.13;   10.5;    6.8;    5.9;eor
       6305;20190512;-999;-999;-999;    3;   0.0;   0;-999;-999;  -999;   7.2;    -999;    9.0;   63.92;   14.1;    5.1;    3.2;eor
       6305;20190513;-999;-999;-999;    3;   0.0;   0;-999;-999;  -999;   6.2;    -999;    9.0;   56.17;   15.4;    2.3;   -1.5;eor
       6305;20190514;-999;-999;-999;    3;   0.0;   0;-999;-999;  -999;   6.3;    -999;    8.2;   59.58;   13.2;    1.5;   -1.3;eor
       6305;20190515;-999;-999;-999;    3;   0.0;   0;-999;-999;  -999;   6.0;    -999;    7.6;   58.00;   11.5;    0.0;   -2.9;eor
       6305;20190516;-999;-999;-999;    3;   1.7;   4;-999;-999;  -999;   8.4;    -999;    7.9;   79.13;    8.6;    6.9;    6.4;eor
       6305;20190517;-999;-999;-999;    3;   0.0;   0;-999;-999;  -999;   9.9;    -999;   10.7;   77.83;   16.1;    5.9;    2.9;eor
       6305;20190518;-999;-999;-999;    3;   0.0;   0;-999;-999;  -999;  10.4;    -999;   13.5;   68.83;   21.3;    3.4;    0.7;eor
       6305;20190519;-999;-999;-999;    3;   0.5;   4;-999;-999;  -999;  12.8;    -999;   15.2;   75.04;   22.5;    6.6;    4.7;eor
       6305;20190520;-999;-999;-999;    3;  25.1;   4;-999;-999;  -999;  14.4;    -999;   15.9;   79.67;   22.7;   10.4;    8.6;eor
       6305;20190521;-999;-999;-999;    3;   3.0;   4;-999;-999;  -999;  14.4;    -999;   15.5;   81.83;   19.1;   13.8;   13.2;eor
       6305;20190522;-999;-999;-999;    3;   0.0;   0;-999;-999;  -999;  11.2;    -999;   12.2;   78.92;   15.2;    4.9;    3.3;eor
       6305;20190523;-999;-999;-999;    3;   0.0;   0;-999;-999;  -999;  10.0;    -999;   12.6;   70.83;   19.8;    3.3;    1.2;eor
       6305;20190524;-999;-999;-999;    3;   0.0;   0;-999;-999;  -999;  10.8;    -999;   15.7;   63.88;   22.1;    6.2;    4.4;eor
       6305;20190525;-999;-999;-999;    3;   0.0;   0;-999;-999;  -999;  11.0;    -999;   13.6;   70.96;   17.1;    5.8;    4.3;eor
       6305;20190526;-999;-999;-999;    3;   0.0;   0;-999;-999;  -999;  10.2;    -999;   15.0;   62.79;   22.4;    3.8;    2.2;eor
       6305;20190527;-999;-999;-999;    3;   0.7;   4;-999;-999;  -999;  13.6;    -999;   15.3;   78.29;   17.5;   12.8;   12.0;eor
       6305;20190528;-999;-999;-999;    3;   3.8;   4;-999;-999;  -999;  11.8;    -999;   13.2;   79.04;   17.3;   10.3;    9.7;eor
       6305;20190529;-999;-999;-999;    3;   0.0;   0;-999;-999;  -999;   9.1;    -999;   11.5;   69.42;   17.2;    4.9;    2.6;eor
       6305;20190530;-999;-999;-999;    3;   0.0;   0;-999;-999;  -999;  10.3;    -999;   13.8;   66.71;   20.2;    2.4;    0.7;eor
       6305;20190531;-999;-999;-999;    3;   0.0;   0;-999;-999;  -999;  14.1;    -999;   17.6;   71.42;   24.3;    8.9;    7.2;eor
       6305;20190601;-999;-999;-999;    3;   0.0;   0;-999;-999;  -999;  14.5;    -999;   19.3;   67.46;   26.8;    9.3;    7.7;eor
       6305;20190602;-999;-999;-999;    3;   0.0;   0;-999;-999;  -999;  15.1;    -999;   21.1;   64.29;   29.9;   10.8;    9.1;eor
       6305;20190603;-999;-999;-999;    3;   1.9;   4;-999;-999;  -999;  15.7;    -999;   20.1;   70.75;   31.3;   11.3;    9.3;eor
       6305;20190604;-999;-999;-999;    3;   0.0;   0;-999;-999;  -999;  16.4;    -999;   20.6;   70.58;   28.5;   11.8;   10.9;eor
       6305;20190605;-999;-999;-999;    3;   0.0;   0;-999;-999;  -999;  16.4;    -999;   22.9;   62.58;   32.5;   13.2;   11.6;eor
       6305;20190606;-999;-999;-999;    3;   0.8;   4;-999;-999;  -999;  13.7;    -999;   16.1;   75.13;   21.4;    9.6;    7.3;eor
       6305;20190607;-999;-999;-999;    3;  10.6;   4;-999;-999;  -999;  13.4;    -999;   15.5;   76.29;   23.5;    5.6;    4.6;eor
       6305;20190608;-999;-999;-999;    3;   0.0;   0;-999;-999;  -999;  10.0;    -999;   14.8;   61.00;   19.2;    8.1;    6.0;eor
       6305;20190609;-999;-999;-999;    3;   0.1;   4;-999;-999;  -999;  11.0;    -999;   16.2;   61.79;   23.5;    5.4;    4.2;eor
       6305;20190610;-999;-999;-999;    3;   3.3;   4;-999;-999;  -999;  15.6;    -999;   18.3;   75.04;   25.2;   13.3;   12.7;eor
       6305;20190611;-999;-999;-999;    3;  38.6;   4;-999;-999;  -999;  16.1;    -999;   17.7;   80.25;   22.3;   13.5;   12.3;eor
       6305;20190612;-999;-999;-999;    3;   1.7;   4;-999;-999;  -999;  15.4;    -999;   15.1;   89.25;   19.8;   10.5;    9.5;eor
       6305;20190613;-999;-999;-999;    3;   2.2;   4;-999;-999;  -999;  13.4;    -999;   16.3;   75.21;   23.7;    9.3;    8.1;eor
       6305;20190614;-999;-999;-999;    3;   0.0;   0;-999;-999;  -999;  15.6;    -999;   18.6;   73.25;   26.9;    7.5;    6.5;eor
       6305;20190615;-999;-999;-999;    3;   0.0;   0;-999;-999;  -999;  15.7;    -999;   20.4;   66.96;   25.3;   13.4;   11.6;eor
       6305;20190616;-999;-999;-999;    3;   0.0;   4;-999;-999;  -999;  14.5;    -999;   16.0;   80.17;   21.3;   11.0;   10.2;eor
       6305;20190617;-999;-999;-999;    3;   0.0;   0;-999;-999;  -999;  14.3;    -999;   18.7;   68.88;   25.7;    9.5;    8.3;eor
       6305;20190618;-999;-999;-999;    3;   0.0;   0;-999;-999;  -999;  15.6;    -999;   21.2;   64.54;   28.8;   11.1;    9.9;eor
       6305;20190619;-999;-999;-999;    3;   1.4;   4;-999;-999;  -999;  16.8;    -999;   22.9;   63.17;   31.1;   13.9;   13.1;eor
       6305;20190620;-999;-999;-999;    3;   9.9;   4;-999;-999;  -999;  17.0;    -999;   19.1;   77.25;   24.8;   14.9;   13.9;eor
       6305;20190621;-999;-999;-999;    3;   0.0;   4;-999;-999;  -999;  14.6;    -999;   18.3;   70.71;   23.9;   13.1;   11.5;eor
       6305;20190622;-999;-999;-999;    3;   0.0;   0;-999;-999;  -999;  14.2;    -999;   18.8;   66.83;   24.8;   11.6;   10.9;eor
       6305;20190623;-999;-999;-999;    3;   0.0;   0;-999;-999;  -999;  13.6;    -999;   21.4;   55.38;   27.3;   15.5;   12.7;eor
       6305;20190624;-999;-999;-999;    3;   0.0;   0;-999;-999;  -999;  13.9;    -999;   21.8;   56.38;   28.6;   12.4;   11.2;eor
       6305;20190625;-999;-999;-999;    3;   0.0;   0;-999;-999;  -999;  16.8;    -999;   23.8;   59.38;   33.4;   13.1;   11.5;eor
       6305;20190626;-999;-999;-999;    3;   0.0;   0;-999;-999;  -999;  20.7;    -999;   26.2;   62.75;   33.5;   16.6;   15.6;eor
       6305;20190627;-999;-999;-999;    3;   0.0;   0;-999;-999;  -999;  12.5;    -999;   19.7;   56.25;   24.8;   13.7;   12.0;eor
       6305;20190628;-999;-999;-999;    3;   0.0;   0;-999;-999;  -999;  12.2;    -999;   17.5;   62.92;   25.2;   10.6;    9.3;eor
       6305;20190629;-999;-999;-999;    3;   0.0;   0;-999;-999;  -999;  11.8;    -999;   20.8;   54.00;   31.7;    8.7;    7.2;eor
       6305;20190630;-999;-999;-999;    3;   0.1;   4;-999;-999;  -999;  15.9;    -999;   25.2;   53.04;   35.7;   10.3;    9.0;eor
       6305;20190701;-999;-999;-999;    3;   0.0;   0;-999;-999;  -999;  14.0;    -999;   21.9;   53.79;   27.2;   15.8;   13.9;eor
       6305;20190702;-999;-999;-999;    3;   0.0;   0;-999;-999;  -999;  10.6;    -999;   16.4;   58.08;   21.5;    8.6;    7.5;eor
       6305;20190703;-999;-999;-999;    3;   0.0;   0;-999;-999;  -999;   9.3;    -999;   14.7;   58.04;   21.3;    6.2;    4.7;eor
       6305;20190704;-999;-999;-999;    3;   0.0;   0;-999;-999;  -999;   9.3;    -999;   15.4;   56.08;   23.1;    5.2;    3.7;eor
       6305;20190705;-999;-999;-999;    3;   0.0;   0;-999;-999;  -999;  11.6;    -999;   18.7;   56.54;   25.8;   11.3;    9.9;eor
       6305;20190706;-999;-999;-999;    3;   0.0;   0;-999;-999;  -999;  12.5;    -999;   19.4;   58.54;   27.6;    8.7;    7.3;eor
       6305;20190707;-999;-999;-999;    3;   0.0;   0;-999;-999;  -999;  10.0;    -999;   15.1;   58.83;   18.5;   11.3;    8.7;eor
       6305;20190708;-999;-999;-999;    3;   0.0;   0;-999;-999;  -999;   9.8;    -999;   13.6;   63.38;   18.1;    8.2;    6.5;eor
       6305;20190709;-999;-999;-999;    3;   0.0;   0;-999;-999;  -999;  10.0;    -999;   13.3;   66.71;   17.7;    8.4;    6.5;eor
       6305;20190710;-999;-999;-999;    3;   0.4;   4;-999;-999;  -999;  10.5;    -999;   15.5;   61.38;   22.0;    8.2;    5.8;eor
       6305;20190711;-999;-999;-999;    3;   6.3;   4;-999;-999;  -999;  14.8;    -999;   15.9;   81.92;   20.8;   13.0;   13.2;eor
       6305;20190712;-999;-999;-999;    3;   5.2;   4;-999;-999;  -999;  15.2;    -999;   16.3;   82.75;   23.3;   12.0;   11.5;eor
       6305;20190713;-999;-999;-999;    3;   0.0;   0;-999;-999;  -999;  14.7;    -999;   16.2;   79.71;   19.4;   13.9;   13.2;eor
       6305;20190714;-999;-999;-999;    3;   0.0;   0;-999;-999;  -999;  12.7;    -999;   15.3;   73.25;   18.2;   12.3;    9.7;eor
       6305;20190715;-999;-999;-999;    3;   0.0;   0;-999;-999;  -999;  11.9;    -999;   14.6;   71.88;   17.2;    8.2;    6.6;eor
       6305;20190716;-999;-999;-999;    3;   0.0;   0;-999;-999;  -999;  11.9;    -999;   13.5;   77.04;   16.4;    7.8;    6.7;eor
       6305;20190717;-999;-999;-999;    3;   0.0;   0;-999;-999;  -999;  12.8;    -999;   16.1;   71.21;   21.9;   10.1;    8.2;eor
       6305;20190718;-999;-999;-999;    3;   0.3;   4;-999;-999;  -999;  12.3;    -999;   17.9;   63.79;   26.1;    7.0;    5.8;eor
       6305;20190719;-999;-999;-999;    3;   0.7;   4;-999;-999;  -999;  16.1;    -999;   18.2;   77.46;   22.3;   12.7;   10.9;eor
       6305;20190720;-999;-999;-999;    3;  10.4;   4;-999;-999;  -999;  16.0;    -999;   20.3;   71.08;   31.0;   10.5;    8.9;eor
       6305;20190721;-999;-999;-999;    3;   0.0;   0;-999;-999;  -999;  15.4;    -999;   19.8;   69.25;   25.8;   13.0;   11.2;eor
       6305;20190722;-999;-999;-999;    3;   0.0;   0;-999;-999;  -999;  14.2;    -999;   19.5;   65.54;   27.0;   10.2;    9.0;eor
       6305;20190723;-999;-999;-999;    3;   0.0;   0;-999;-999;  -999;  15.4;    -999;   23.7;   57.54;   33.0;   12.7;   11.6;eor
       6305;20190724;-999;-999;-999;    3;   0.0;   0;-999;-999;  -999;  15.3;    -999;   26.2;   50.33;   35.8;   14.3;   12.7;eor
       6305;20190725;-999;-999;-999;    3;   0.0;   0;-999;-999;  -999;  14.3;    -999;   27.7;   43.75;   37.3;   15.8;   13.9;eor
       6305;20190726;-999;-999;-999;    3;   0.0;   0;-999;-999;  -999;  14.7;    -999;   25.6;   47.00;   32.9;   17.0;   15.2;eor
       6305;20190727;-999;-999;-999;    3;   0.0;   0;-999;-999;  -999;  12.8;    -999;   24.1;   44.38;   30.2;   14.4;   12.5;eor
       6305;20190728;-999;-999;-999;    3;   9.1;   4;-999;-999;  -999;  16.2;    -999;   23.4;   57.08;   30.3;   18.2;   15.9;eor
       6305;20190729;-999;-999;-999;    3;   0.3;   4;-999;-999;  -999;  18.9;    -999;   20.4;   79.50;   23.7;   18.1;   17.4;eor
       6305;20190730;-999;-999;-999;    3;   0.4;   4;-999;-999;  -999;  17.3;    -999;   23.1;   63.54;   29.0;   18.4;   17.4;eor
       6305;20190731;-999;-999;-999;    3;   0.5;   4;-999;-999;  -999;  14.9;    -999;   21.0;   61.42;   26.3;   15.5;   13.8;eor
       6305;20190801;-999;-999;-999;    3;   0.0;   0;-999;-999;  -999;  12.6;    -999;   19.3;   58.71;   25.1;   11.6;   10.1;eor
       6305;20190802;-999;-999;-999;    3;   1.0;   4;-999;-999;  -999;  14.2;    -999;   19.8;   63.25;   25.1;   15.6;   15.4;eor
       6305;20190803;-999;-999;-999;    3;   2.2;   4;-999;-999;  -999;  15.7;    -999;   18.7;   74.50;   25.2;   14.7;   13.5;eor
       6305;20190804;-999;-999;-999;    3;   0.0;   0;-999;-999;  -999;  14.4;    -999;   18.5;   70.46;   25.9;   10.9;   10.0;eor
       6305;20190805;-999;-999;-999;    3;   0.3;   4;-999;-999;  -999;  15.6;    -999;   19.1;   72.29;   26.8;   13.4;   12.0;eor
       6305;20190806;-999;-999;-999;    3;   0.3;   4;-999;-999;  -999;  16.1;    -999;   19.8;   71.58;   26.1;   11.8;   10.4;eor
       6305;20190807;-999;-999;-999;    3;   2.0;   4;-999;-999;  -999;  16.8;    -999;   18.9;   77.38;   22.3;   15.2;   12.8;eor
       6305;20190808;-999;-999;-999;    3;   0.0;   0;-999;-999;  -999;  13.8;    -999;   18.9;   66.58;   26.0;   11.5;    9.9;eor
       6305;20190809;-999;-999;-999;    3;   7.4;   4;-999;-999;  -999;  16.2;    -999;   20.7;   69.50;   29.7;   12.1;   10.9;eor
       6305;20190810;-999;-999;-999;    3;   0.0;   0;-999;-999;  -999;  16.4;    -999;   20.8;   67.83;   25.0;   12.6;   10.6;eor
       6305;20190811;-999;-999;-999;    3;   3.2;   4;-999;-999;  -999;  12.7;    -999;   19.2;   61.00;   27.2;   10.2;    8.7;eor
       6305;20190812;-999;-999;-999;    3;   0.0;   0;-999;-999;  -999;  12.8;    -999;   17.9;   65.04;   23.7;   12.7;   11.7;eor
       6305;20190813;-999;-999;-999;    3;   0.0;   0;-999;-999;  -999;  11.2;    -999;   16.0;   64.17;   21.1;    9.6;    8.3;eor
       6305;20190814;-999;-999;-999;    3;   0.1;   4;-999;-999;  -999;   9.9;    -999;   15.2;   60.04;   21.9;    7.9;    6.7;eor
       6305;20190815;-999;-999;-999;    3;  12.4;   4;-999;-999;  -999;  13.6;    -999;   15.4;   77.04;   21.5;   11.1;   10.7;eor
       6305;20190816;-999;-999;-999;    3;   0.0;   0;-999;-999;  -999;  13.1;    -999;   17.3;   68.67;   22.9;   10.9;    9.9;eor
       6305;20190817;-999;-999;-999;    3;   2.5;   4;-999;-999;  -999;  14.1;    -999;   18.1;   69.58;   23.3;   11.7;   11.1;eor
       6305;20190818;-999;-999;-999;    3;   0.4;   4;-999;-999;  -999;  17.9;    -999;   20.9;   74.17;   28.3;   16.6;   16.5;eor
       6305;20190819;-999;-999;-999;    3;   0.0;   0;-999;-999;  -999;  12.4;    -999;   18.4;   60.75;   24.4;   11.7;   10.1;eor
       6305;20190820;-999;-999;-999;    3;   0.0;   0;-999;-999;  -999;  11.3;    -999;   16.4;   63.13;   21.9;    8.7;    7.9;eor
       6305;20190821;-999;-999;-999;    3;   0.0;   0;-999;-999;  -999;  10.8;    -999;   15.8;   63.17;   23.2;    7.3;    5.5;eor
       6305;20190822;-999;-999;-999;    3;   0.0;   0;-999;-999;  -999;  10.2;    -999;   16.9;   57.33;   25.7;    7.2;    5.3;eor
       6305;20190823;-999;-999;-999;    3;   0.0;   0;-999;-999;  -999;  10.2;    -999;   18.5;   53.67;   28.6;    6.9;    5.5;eor
       6305;20190824;-999;-999;-999;    3;   0.0;   0;-999;-999;  -999;  13.0;    -999;   20.0;   57.63;   28.9;    8.7;    6.9;eor
       6305;20190825;-999;-999;-999;    3;   0.0;   0;-999;-999;  -999;  16.8;    -999;   23.2;   61.17;   32.5;   13.8;   13.0;eor
       6305;20190826;-999;-999;-999;    3;   1.6;   4;-999;-999;  -999;  17.3;    -999;   23.0;   65.17;   32.1;   14.8;   13.0;eor
       6305;20190827;-999;-999;-999;    3;   0.0;   0;-999;-999;  -999;  18.3;    -999;   21.5;   72.96;   29.3;   14.5;   13.8;eor
       6305;20190828;-999;-999;-999;    3;   0.0;   0;-999;-999;  -999;  16.9;    -999;   22.6;   65.58;   32.6;   13.6;   12.8;eor
       6305;20190829;-999;-999;-999;    3;   3.4;   4;-999;-999;  -999;  17.7;    -999;   21.2;   73.08;   30.9;   14.1;   13.5;eor
       6305;20190830;-999;-999;-999;    3;   0.0;   0;-999;-999;  -999;  18.3;    -999;   21.9;   72.38;   29.6;   15.4;   14.3;eor
       6305;20190831;-999;-999;-999;    3;   0.0;   0;-999;-999;  -999;  17.3;    -999;   23.3;   64.63;   32.2;   14.3;   13.1;eor
       6305;20190901;-999;-999;-999;    3;   0.0;   0;-999;-999;  -999;  14.8;    -999;   18.3;   70.25;   23.2;   11.2;    8.6;eor
       6305;20190902;-999;-999;-999;    3;   0.0;   0;-999;-999;  -999;   9.8;    -999;   14.5;   62.54;   21.0;    6.6;    5.1;eor
       6305;20190903;-999;-999;-999;    3;   0.0;   0;-999;-999;  -999;   9.7;    -999;   14.7;   61.75;   23.5;    6.0;    4.2;eor
       6305;20190904;-999;-999;-999;    3;   0.0;   0;-999;-999;  -999;  11.5;    -999;   17.2;   61.92;   25.5;    7.2;    5.4;eor
       6305;20190905;-999;-999;-999;    3;   0.0;   0;-999;-999;  -999;  10.9;    -999;   15.8;   61.71;   20.6;    7.1;    5.0;eor
       6305;20190906;-999;-999;-999;    3;   0.0;   0;-999;-999;  -999;   8.1;    -999;   12.0;   62.00;   20.3;    3.4;    1.9;eor
       6305;20190907;-999;-999;-999;    3;   0.0;   0;-999;-999;  -999;   9.2;    -999;   11.8;   66.88;   18.1;    6.0;    4.6;eor
       6305;20190908;-999;-999;-999;    3;   1.2;   4;-999;-999;  -999;  10.1;    -999;   12.8;   70.33;   19.0;    4.6;    3.6;eor
       6305;20190909;-999;-999;-999;    3;   1.5;   4;-999;-999;  -999;  11.8;    -999;   13.0;   78.96;   15.9;    6.9;    4.8;eor
       6305;20190910;-999;-999;-999;    3;   0.0;   0;-999;-999;  -999;   9.0;    -999;   12.1;   67.75;   19.7;    3.8;    2.2;eor
       6305;20190911;-999;-999;-999;    3;   0.0;   0;-999;-999;  -999;   9.2;    -999;   13.9;   60.83;   22.4;    2.8;    1.1;eor
       6305;20190912;-999;-999;-999;    3;   0.0;   0;-999;-999;  -999;  13.6;    -999;   17.4;   69.71;   23.4;   11.6;    8.9;eor
       6305;20190913;-999;-999;-999;    3;   0.0;   0;-999;-999;  -999;  14.0;    -999;   16.6;   74.08;   23.0;    9.6;    7.9;eor
       6305;20190914;-999;-999;-999;    3;   0.0;   0;-999;-999;  -999;   9.6;    -999;   13.8;   63.29;   20.7;    6.4;    4.3;eor
       6305;20190915;-999;-999;-999;    3;   0.0;   0;-999;-999;  -999;   9.3;    -999;   15.2;   58.21;   25.6;    3.9;    2.3;eor
       6305;20190916;-999;-999;-999;    3;   1.1;   4;-999;-999;  -999;  13.4;    -999;   14.2;   81.88;   16.9;   10.4;    8.5;eor
       6305;20190917;-999;-999;-999;    3;   0.0;   0;-999;-999;  -999;  10.0;    -999;   12.0;   72.00;   17.6;    6.5;    3.2;eor
       6305;20190918;-999;-999;-999;    3;   0.0;   4;-999;-999;  -999;   8.2;    -999;   10.7;   66.17;   17.5;    3.8;    1.1;eor
       6305;20190919;-999;-999;-999;    3;   0.0;   0;-999;-999;  -999;   7.4;    -999;    9.4;   65.17;   16.0;    3.1;    0.5;eor
       6305;20190920;-999;-999;-999;    3;   0.0;   0;-999;-999;  -999;   6.7;    -999;    9.0;   62.67;   18.8;   -0.1;   -1.5;eor
       6305;20190921;-999;-999;-999;    3;   0.0;   0;-999;-999;  -999;   7.8;    -999;   11.7;   60.58;   22.5;    0.6;   -1.4;eor
       6305;20190922;-999;-999;-999;    3;   0.0;   0;-999;-999;  -999;   9.1;    -999;   14.0;   60.88;   25.9;    3.4;    1.0;eor
       6305;20190923;-999;-999;-999;    3;   0.0;   0;-999;-999;  -999;  12.5;    -999;   14.0;   77.33;   18.1;    7.9;    5.9;eor
       6305;20190924;-999;-999;-999;    3;   0.4;   4;-999;-999;  -999;  12.3;    -999;   15.1;   73.63;   21.0;   11.2;    9.4;eor
       6305;20190925;-999;-999;-999;    3;  -999;-999;-999;-999;  -999;  13.5;    -999;   14.4;   82.54;   18.4;   11.5;    9.9;eor
       6305;20190926;-999;-999;-999;    3;   2.2;   4;-999;-999;  -999;  14.7;    -999;   15.7;   82.88;   19.8;   12.6;   10.5;eor
       6305;20190927;-999;-999;-999;    3;   2.6;   4;-999;-999;  -999;  14.4;    -999;   15.2;   83.33;   17.5;   12.8;   10.7;eor
       6305;20190928;-999;-999;-999;    3;   0.1;   4;-999;-999;  -999;  12.8;    -999;   15.1;   74.54;   18.0;   13.2;   11.8;eor
       6305;20190929;-999;-999;-999;    3;   2.9;   4;-999;-999;  -999;  12.6;    -999;   15.7;   71.04;   19.5;   12.8;   11.6;eor
       6305;20190930;-999;-999;-999;    3;   2.2;   4;-999;-999;  -999;  12.2;    -999;   13.8;   77.29;   16.2;    8.4;    6.9;eor
       6305;20191001;-999;-999;-999;    3;   6.3;   4;-999;   0;  -999;  13.5;    -999;   14.7;   80.25;   18.6;    8.6;    8.2;eor
       6305;20191002;-999;-999;-999;    3;   5.7;   4;-999;   0;  -999;  10.2;    -999;   10.6;   78.50;   15.0;    6.2;    4.1;eor
       6305;20191003;-999;-999;-999;    3;   1.0;   4;-999;   0;  -999;  10.0;    -999;    9.8;   83.38;   13.5;    7.0;    5.3;eor
       6305;20191004;-999;-999;-999;    3;  11.5;   4;-999;   0;  -999;  10.2;    -999;    9.0;   88.67;   11.6;    6.4;    6.2;eor
       6305;20191005;-999;-999;-999;    3;   0.0;   0;-999;   0;  -999;   9.0;    -999;    8.9;   78.92;   11.9;    3.9;    1.5;eor
       6305;20191006;-999;-999;-999;    3;   0.0;   0;-999;   0;  -999;   7.8;    -999;    6.4;   82.13;   10.1;    2.2;    0.9;eor
       6305;20191007;-999;-999;-999;    3;   0.0;   0;-999;   0;  -999;   7.7;    -999;    6.8;   78.71;   12.1;    1.0;   -1.3;eor
       6305;20191008;-999;-999;-999;    3;   5.3;   4;-999;   0;  -999;  12.0;    -999;   11.5;   87.83;   13.1;    7.8;    7.2;eor
       6305;20191009;-999;-999;-999;    3;   5.7;   4;-999;   0;  -999;  10.9;    -999;   11.3;   81.21;   14.3;    9.1;    7.4;eor
       6305;20191010;-999;-999;-999;    3;   0.0;   4;-999;   0;  -999;   9.7;    -999;   10.3;   77.92;   13.4;    7.5;    4.6;eor
       6305;20191011;-999;-999;-999;    3;   0.0;   0;-999;   0;  -999;  11.3;    -999;   12.9;   75.71;   15.5;    7.3;    4.5;eor
       6305;20191012;-999;-999;-999;    3;   0.0;   0;-999;   0;  -999;  12.6;    -999;   15.8;   71.21;   21.4;    9.7;    6.5;eor
       6305;20191013;-999;-999;-999;    3;   0.0;   0;-999;   0;  -999;  15.1;    -999;   18.0;   74.04;   24.3;   12.6;   10.5;eor
       6305;20191014;-999;-999;-999;    3;   0.0;   0;-999;   0;  -999;  13.6;    -999;   15.9;   77.67;   25.0;    9.8;    8.0;eor
       6305;20191015;-999;-999;-999;    3;  12.6;   4;-999;   0;  -999;  13.5;    -999;   14.7;   81.08;   22.9;    7.5;    5.7;eor
       6305;20191016;-999;-999;-999;    3;   0.2;   4;-999;   0;  -999;  12.2;    -999;   12.9;   81.88;   15.1;   11.1;   10.4;eor
       6305;20191017;-999;-999;-999;    3;   4.6;   4;-999;   0;  -999;  12.3;    -999;   14.0;   77.54;   16.9;   11.1;    9.7;eor
       6305;20191018;-999;-999;-999;    3;   2.4;   4;-999;   0;  -999;  12.4;    -999;   13.0;   82.13;   18.5;    8.2;    6.3;eor
       6305;20191019;-999;-999;-999;    3;   0.0;   0;-999;   0;  -999;  11.3;    -999;   11.8;   81.92;   16.7;    8.1;    7.2;eor
       6305;20191020;-999;-999;-999;    3;   0.0;   0;-999;   0;  -999;  13.8;    -999;   14.1;   85.50;   17.7;   11.3;    9.9;eor
       6305;20191021;-999;-999;-999;    3;   0.0;   0;-999;   0;  -999;  13.0;    -999;   14.0;   82.00;   18.7;    8.3;    7.4;eor
       6305;20191022;-999;-999;-999;    3;   0.0;   0;-999;   0;  -999;  11.1;    -999;   12.0;   80.08;   17.1;    7.7;    6.4;eor
       6305;20191023;-999;-999;-999;    1;   0.0;   0;-999;   0;  -999;  11.9;    -999;   10.8;   91.29;   12.8;    7.4;    6.3;eor
       6305;20191024;-999;-999;-999;    1;   0.0;   0;-999;   0;  -999;  13.1;    -999;   12.7;   89.38;   16.1;   10.4;    8.9;eor
       6305;20191025;-999;-999;-999;    1;   0.0;   0;-999;   0;  -999;  11.8;    -999;   13.0;   79.88;   16.8;    8.9;    6.0;eor
       6305;20191026;-999;-999;-999;    1;   0.0;   0;-999;   0;  -999;  11.7;    -999;   13.6;   75.75;   18.7;    8.9;    5.8;eor
       6305;20191027;-999;-999;-999;    1;   1.5;   4;-999;   0;  -999;   9.9;    -999;   10.2;   79.29;   15.7;    2.0;   -1.0;eor
       6305;20191028;-999;-999;-999;    1;   0.0;   0;-999;   0;  -999;   7.6;    -999;    4.7;   89.21;    9.7;   -0.4;   -2.1;eor
       6305;20191029;-999;-999;-999;    1;   0.0;   0;-999;   0;  -999;   7.1;    -999;    5.0;   82.63;    9.6;    0.7;   -1.9;eor
       6305;20191030;-999;-999;-999;    1;   0.0;   0;-999;   0;  -999;   6.6;    -999;    2.9;   87.33;    7.4;   -0.2;   -2.3;eor
       6305;20191031;-999;-999;-999;    1;   0.0;   0;-999;   0;  -999;   5.9;    -999;    1.1;   88.17;    4.8;   -2.8;   -5.4;eor
       6305;20191101;-999;-999;-999;    1;   0.6;   4;-999;   0;  -999;   6.3;    -999;    1.4;   92.71;    5.6;   -2.5;   -2.8;eor
       6305;20191102;-999;-999;-999;    1;   1.8;   4;-999;   0;  -999;  11.6;    -999;   11.1;   87.17;   16.4;    5.5;    5.4;eor
       6305;20191103;-999;-999;-999;    1;   2.2;   4;-999;   0;  -999;  11.4;    -999;   10.8;   88.00;   15.2;    8.5;    7.6;eor
       6305;20191104;-999;-999;-999;    1;   0.5;   4;-999;   0;  -999;  10.7;    -999;   10.1;   86.92;   12.6;    6.5;    4.1;eor
       6305;20191105;-999;-999;-999;    1;   0.3;   4;-999;   0;  -999;   9.5;    -999;    8.7;   84.33;   11.4;    6.3;    4.6;eor
       6305;20191106;-999;-999;-999;    1;   2.2;   4;-999;   0;  -999;   9.2;    -999;    7.3;   89.79;   10.1;    2.7;    0.7;eor
       6305;20191107;-999;-999;-999;    1;   0.1;   4;-999;   0;  -999;   9.1;    -999;    8.2;   83.92;   11.2;    5.5;    3.5;eor
       6305;20191108;-999;-999;-999;    1;   8.0;   4;-999;   0;  -999;   8.4;    -999;    5.6;   92.21;    7.8;    2.8;    1.2;eor
       6305;20191109;-999;-999;-999;    1;   0.1;   4;-999;   0;  -999;   7.7;    -999;    5.1;   87.25;    7.7;    0.2;   -1.9;eor
       6305;20191110;-999;-999;-999;    1;   0.0;   0;-999;   0;  -999;   6.5;    -999;    1.7;   93.71;    6.5;   -1.4;   -3.3;eor
       6305;20191111;-999;-999;-999;    1;   0.0;   0;-999;   0;  -999;   6.2;    -999;    2.7;   83.79;    5.5;    0.7;   -1.1;eor
       6305;20191112;-999;-999;-999;    1;   0.0;   0;-999;   0;  -999;   6.7;    -999;    5.4;   74.75;    8.2;    3.1;    1.8;eor
       6305;20191113;-999;-999;-999;    1;   0.0;   0;-999;   0;  -999;   6.6;    -999;    4.2;   80.83;    5.9;    1.3;   -0.2;eor
       6305;20191114;-999;-999;-999;    1;   0.0;   0;-999;   0;  -999;   6.6;    -999;    3.8;   82.50;    7.4;   -0.3;   -2.2;eor
       6305;20191115;-999;-999;-999;    1;   7.7;   4;-999;   0;  -999;   7.3;    -999;    3.8;   90.46;    6.0;    1.7;    0.9;eor
       6305;20191116;-999;-999;-999;    1;   0.0;   4;-999;   0;  -999;   6.9;    -999;    3.2;   89.21;    6.4;   -1.9;   -3.4;eor
       6305;20191117;-999;-999;-999;    1;   1.5;   4;-999;   0;  -999;   6.8;    -999;    1.8;   96.67;    4.9;   -2.0;   -3.0;eor
       6305;20191118;-999;-999;-999;    1;   1.9;   4;-999;   0;  -999;   7.8;    -999;    4.9;   89.67;    6.3;    3.6;    2.8;eor
       6305;20191119;-999;-999;-999;    1;   0.0;   0;-999;   0;  -999;   6.9;    -999;    4.4;   82.83;    7.3;    0.8;   -1.4;eor
       6305;20191120;-999;-999;-999;    1;   0.3;   4;-999;   0;  -999;   6.7;    -999;    2.5;   91.08;    4.6;   -0.4;   -2.2;eor
       6305;20191121;-999;-999;-999;    1;   0.1;   4;-999;   0;  -999;   8.1;    -999;    4.5;   96.08;    5.4;    3.6;    3.2;eor
       6305;20191122;-999;-999;-999;    1;   0.0;   0;-999;   0;  -999;   7.4;    -999;    3.2;   96.04;    5.8;    0.5;    0.4;eor
       6305;20191123;-999;-999;-999;    1;   0.0;   0;-999;   0;  -999;   7.1;    -999;    2.3;   97.96;    5.7;   -0.7;   -1.7;eor
       6305;20191124;-999;-999;-999;    1;   0.0;   0;-999;   0;  -999;   6.8;    -999;    1.6;   99.21;    3.4;   -0.8;   -2.2;eor
       6305;20191125;-999;-999;-999;    1;   0.0;   0;-999;   0;  -999;   7.2;    -999;    2.3;   98.92;    3.6;    1.2;    1.7;eor
       6305;20191126;-999;-999;-999;    1;   0.0;   0;-999;   0;  -999;   8.8;    -999;    6.4;   91.54;    9.2;    3.0;    0.7;eor
       6305;20191127;-999;-999;-999;    1;   0.3;   4;-999;   0;  -999;   9.0;    -999;    6.9;   90.50;   10.4;    3.5;    2.3;eor
       6305;20191128;-999;-999;-999;    1;   5.1;   4;-999;   0;  -999;   9.3;    -999;    9.9;   76.29;   11.6;    8.4;    7.2;eor
       6305;20191129;-999;-999;-999;    1;   1.7;   4;-999;   0;  -999;   7.0;    -999;    5.5;   76.58;    8.9;    1.5;    0.0;eor
       6305;20191130;-999;-999;-999;    1;   0.0;   0;-999;   0;  -999;   6.2;    -999;    2.6;   84.88;    6.1;   -2.5;   -5.0;eor
       6305;20191201;-999;-999;-999;    1;   0.0;   0;-999;   0;  -999;   5.1;    -999;   -1.9;   96.42;   -0.1;   -4.1;   -6.1;eor
       6305;20191202;-999;-999;-999;    1;   0.2;   4;-999;   0;  -999;   6.2;    -999;    2.3;   85.58;    4.7;   -1.3;   -1.5;eor
       6305;20191203;-999;-999;-999;    1;   0.0;   0;-999;   0;  -999;   7.0;    -999;    3.8;   87.67;    5.0;    1.4;   -0.5;eor
       6305;20191204;-999;-999;-999;    1;   0.0;   0;-999;   0;  -999;   5.7;    -999;    0.2;   91.29;    4.5;   -2.9;   -5.0;eor
       6305;20191205;-999;-999;-999;    1;   0.0;   0;-999;   0;  -999;   4.8;    -999;   -0.9;   84.63;    3.8;   -5.6;   -7.1;eor
       6305;20191206;-999;-999;-999;    1;   2.7;   4;-999;   0;  -999;   5.7;    -999;    1.9;   80.08;    5.5;   -0.7;   -3.2;eor
       6305;20191207;-999;-999;-999;    1;   0.3;   4;-999;   0;  -999;   8.2;    -999;    7.6;   78.63;    9.3;    5.1;    3.8;eor
       6305;20191208;-999;-999;-999;    1;   1.2;   4;-999;   0;  -999;   8.6;    -999;    8.8;   75.29;   10.4;    7.2;    5.0;eor
       6305;20191209;-999;-999;-999;    1;   3.6;   4;-999;   0;  -999;   7.7;    -999;    6.4;   79.88;    8.4;    4.1;    2.5;eor
       6305;20191210;-999;-999;-999;    1;   0.0;   0;-999;   0;  -999;   5.8;    -999;    2.4;   80.67;    5.0;   -1.6;   -4.0;eor
       6305;20191211;-999;-999;-999;    1;   1.4;   4;-999;   0;  -999;   5.2;    -999;    2.8;   70.54;    3.9;    0.2;    0.0;eor
       6305;20191212;-999;-999;-999;    1;   0.0;   0;-999;   0;  -999;   6.4;    -999;    2.3;   88.83;    4.6;    0.4;   -1.0;eor
       6305;20191213;-999;-999;-999;    1;   1.8;   4;-999;   0;  -999;   5.9;    -999;    1.0;   89.63;    3.8;   -1.5;   -3.7;eor
       6305;20191214;-999;-999;-999;    1;   6.4;   4;-999;   0;  -999;   6.8;    -999;    4.7;   80.00;    6.2;    2.4;    0.4;eor
       6305;20191215;-999;-999;-999;    1;   2.3;   4;-999;   0;  -999;   7.3;    -999;    6.0;   78.04;   10.3;    1.9;   -0.9;eor
       6305;20191216;-999;-999;-999;    1;   0.0;   0;-999;   0;  -999;   8.2;    -999;    5.1;   92.50;   10.2;    1.0;   -1.3;eor
       6305;20191217;-999;-999;-999;    1;   0.4;   4;-999;   0;  -999;   8.1;    -999;    6.2;   85.83;   12.8;    1.0;   -0.6;eor
       6305;20191218;-999;-999;-999;    1;   0.0;   0;-999;   0;  -999;   8.4;    -999;    6.5;   85.96;   12.0;   -0.7;   -2.6;eor
       6305;20191219;-999;-999;-999;    1;   0.0;   0;-999;   0;  -999;   6.8;    -999;    1.5;   99.71;    3.8;   -0.4;   -0.8;eor
       6305;20191220;-999;-999;-999;    1;   0.0;   0;-999;   0;  -999;   7.0;    -999;    2.2;   96.50;    9.6;   -1.4;   -0.9;eor
       6305;20191221;-999;-999;-999;    1;   0.0;   0;-999;   0;  -999;   7.3;    -999;    4.4;   87.79;    9.0;   -0.7;   -3.0;eor
       6305;20191222;-999;-999;-999;    1;   0.7;   4;-999;   0;  -999;   7.7;    -999;    4.3;   91.71;    7.9;   -0.7;   -2.6;eor
       6305;20191223;-999;-999;-999;    1;   0.7;   4;-999;   0;  -999;   7.9;    -999;    6.7;   80.71;    8.2;    4.6;    2.4;eor
       6305;20191224;-999;-999;-999;    1;   7.5;   4;-999;   0;  -999;   8.0;    -999;    5.9;   86.42;    7.6;    3.7;    1.1;eor
       6305;20191225;-999;-999;-999;    1;   3.5;   4;-999;   0;  -999;   8.0;    -999;    5.5;   88.17;    7.1;    0.8;   -1.7;eor
       6305;20191226;-999;-999;-999;    1;   0.0;   0;-999;   0;  -999;   6.9;    -999;    3.0;   91.29;    5.8;    0.9;   -0.6;eor
       6305;20191227;-999;-999;-999;    1;   0.0;   0;-999;   0;  -999;   5.8;    -999;    1.7;   84.04;    4.9;   -1.8;   -4.1;eor
       6305;20191228;-999;-999;-999;    1;   0.0;   0;-999;   0;  -999;   5.0;    -999;   -0.4;   84.21;    1.4;   -3.5;   -5.5;eor
       6305;20191229;-999;-999;-999;    1;   0.0;   0;-999;   0;  -999;   4.5;    -999;   -2.1;   84.92;    2.2;   -6.2;   -7.9;eor
       6305;20191230;-999;-999;-999;    1;   0.0;   0;-999;   0;  -999;   4.1;    -999;    2.6;   57.67;    6.7;   -1.4;   -4.6;eor
       6305;20191231;-999;-999;-999;    1;   0.0;   0;-999;   0;  -999;   5.5;    -999;    3.4;   70.79;    5.6;   -1.7;   -3.9;eor
       6305;20200101;-999;-999;-999;    1;   0.0;   0;-999;   0;  -999;   4.7;    -999;   -2.6;   92.96;    2.3;   -5.8;   -7.9;eor
       6305;20200102;-999;-999;-999;    1;   0.0;   0;-999;   0;  -999;   4.9;    -999;   -1.5;   86.88;    3.2;   -7.4;   -9.4;eor
       6305;20200103;-999;-999;-999;    1;   2.6;   4;-999;   0;  -999;   7.8;    -999;    5.4;   87.17;    8.1;    1.9;    1.3;eor
