STATIONS_ID;MESS_DATUM;QN_3;  FX;  FM;QN_4; RSK;RSKF; SDK;SHK_TAG;  NM; VPM;  PM; TMK; UPM; TXK; TNK; TGK;eor
       7341;20180630;   10;   9.8;   3.0;    3;   0.0;   0;   15.367;-999;   0.0;  12.0; 1000.50;   22.9;   44.38;   29.0;   16.1;   12.0;eor
       7341;20180701;   10;   9.3;   3.0;    3;   0.0;   0;   15.367;-999;   0.0;   8.2; 1002.35;   20.6;   35.63;   26.5;   12.2;    8.0;eor
       7341;20180702;   10;  12.3;   2.3;    3;   0.0;   6;   15.300;-999;   0.0;   8.5; 1001.49;   20.6;   37.50;   27.7;   10.8;    7.0;eor
       7341;20180703;   10;   5.7;   1.5;    3;   0.0;   0;   15.083;-999;   2.3;   8.4; 1001.77;   21.3;   37.63;   30.4;   10.6;    7.6;eor
       7341;20180704;   10;   8.9;   1.8;    3;   0.0;   0;    7.900;-999;   7.3;  13.7; 1000.20;   22.2;   53.33;   31.4;   14.4;   12.9;eor
       7341;20180705;   10;  11.2;   2.2;    3;   0.0;   0;    8.217;-999;   7.5;  16.7;  999.29;   21.9;   65.67;   27.2;   14.8;   12.9;eor
       7341;20180706;   10;  10.3;   2.4;    3;   0.0;   0;   12.700;-999;   4.6;  14.7; 1003.90;   22.7;   55.25;   28.9;   15.8;   12.9;eor
       7341;20180707;   10;   7.8;   1.7;    3;   0.0;   0;    7.667;-999;   5.8;  12.4; 1007.41;   21.4;   51.71;   28.6;   14.3;   11.7;eor
       7341;20180708;   10;  10.0;   2.4;    3;   0.0;   0;   15.017;-999;   0.8;  10.2; 1007.53;   21.5;   43.33;   28.3;   13.8;   11.0;eor
       7341;20180709;   10;   9.4;   2.6;    3;   0.0;   6;   12.817;-999;   4.3;  11.3; 1006.02;   21.4;   45.25;   26.9;   15.6;   12.0;eor
       7341;20180710;   10;  11.9;   2.7;    3;   5.6;   6;    0.750;-999;   7.7;  11.9; 1001.97;   18.3;   57.79;   22.3;   12.9;   12.5;eor
       7341;20180711;   10;   7.5;   1.7;    3;   5.1;   6;    1.767;-999;   7.1;  14.0; 1001.70;   16.0;   78.25;   21.2;   12.3;   11.5;eor
       7341;20180712;   10;  10.4;   1.5;    3;   0.0;   0;    8.550;-999;   6.5;  15.1; 1003.34;   19.0;   71.75;   26.0;   12.7;   11.5;eor
       7341;20180713;   10;   8.4;   1.4;    3;   0.0;   6;    7.750;-999;   4.7;  15.4; 1005.00;   20.8;   66.46;   27.8;   15.0;   14.0;eor
       7341;20180714;   10;   6.3;   1.7;    3;   0.0;   4;   11.967;-999;   4.4;  14.1; 1003.94;   23.2;   53.38;   30.3;   15.7;   14.1;eor
       7341;20180715;   10;   9.9;   2.1;    3;   6.0;   6;    9.817;-999;   4.6;  14.2; 1001.26;   22.8;   54.54;   30.2;   17.2;   15.8;eor
       7341;20180716;   10;   7.2;   1.5;    3;   1.9;   6;    7.517;-999;   6.3;  16.5;  999.10;   21.1;   71.04;   29.9;   16.1;   15.1;eor
       7341;20180717;   10;  12.2;   1.4;    3;   5.6;   6;    9.583;-999;   5.8;  17.1; 1000.10;   20.7;   74.33;   30.2;   13.9;   12.7;eor
       7341;20180718;   10;  11.1;   1.9;    3;   0.0;   0;   14.483;-999;   1.0;  12.9; 1002.99;   22.5;   51.75;   28.9;   15.0;   13.9;eor
       7341;20180719;   10;   6.1;   1.7;    3;   0.0;   0;   13.750;-999;   4.3;  12.0; 1003.04;   21.6;   49.71;   28.8;   14.3;   12.3;eor
       7341;20180720;   10;   6.1;   1.4;    3;   0.0;   0;   11.683;-999;   6.2;  12.3;  998.71;   22.8;   49.29;   31.6;   12.6;   11.2;eor
       7341;20180721;   10;   6.0;   1.6;    3;   0.0;   6;    2.000;-999;   7.8;  17.1;  997.34;   20.6;   71.00;   24.5;   16.6;   14.9;eor
       7341;20180722;   10;   8.3;   1.3;    3;   0.4;   6;    4.883;-999;   7.4;  18.4;  999.95;   20.5;   78.29;   28.3;   16.2;   14.4;eor
       7341;20180723;   10;   6.5;   1.4;    3;   0.0;   0;   11.567;-999;   3.6;  16.5; 1002.36;   23.1;   63.33;   31.1;   15.5;   13.9;eor
       7341;20180724;   10;   7.7;   1.4;    3;   0.0;   0;   12.467;-999;   0.6;  15.2; 1000.20;   24.8;   54.08;   33.2;   15.4;   13.5;eor
       7341;20180725;   10;   9.5;   1.7;    3;   0.1;   6;    9.883;-999;   4.1;  15.8;  999.98;   26.6;   50.50;   35.6;   17.0;   15.2;eor
       7341;20180726;   10;   8.0;   1.9;    3;   0.0;   0;   13.117;-999;   1.7;  15.2; 1000.28;   27.5;   45.00;   35.5;   18.5;   16.3;eor
       7341;20180727;   10;   7.8;   1.9;    3;   0.0;   0;   13.983;-999;   0.8;  13.9;  997.78;   27.2;   40.42;   34.7;   17.3;   14.9;eor
       7341;20180728;   10;  12.7;   2.1;    3;   5.7;   8;    8.867;-999;   4.3;  17.9;  995.45;   24.2;   61.04;   33.5;   18.0;   15.8;eor
       7341;20180729;   10;   9.5;   1.6;    3;   0.0;   0;   10.100;-999;   7.0;  16.5; 1000.13;   23.6;   60.92;   31.7;   16.1;   15.1;eor
       7341;20180730;   10;  14.0;   1.2;    3;   0.0;   0;   11.617;-999;   3.2;  15.9; 1000.96;   25.9;   53.33;   35.1;   15.9;   14.5;eor
       7341;20180731;   10;  11.1;   1.4;    3;   0.0;   4;   10.517;-999;   3.0;  17.9; 1001.50;   26.9;   55.38;   36.2;   17.1;   15.6;eor
       7341;20180801;   10;   8.5;   2.2;    3;   0.4;   6;    5.950;-999;   6.8;  18.8; 1005.20;   25.1;   60.33;   32.0;   20.2;   19.0;eor
       7341;20180802;   10;   5.3;   1.4;    3;   0.0;   0;   12.900;-999;   2.2;  19.2; 1006.58;   26.2;   60.54;   33.9;   17.8;   16.2;eor
       7341;20180803;   10;   6.3;   1.7;    3;   0.0;   0;   13.100;-999;   0.5;  17.3; 1005.23;   28.0;   49.71;   35.7;   19.9;   18.0;eor
       7341;20180804;   10;   6.8;   1.5;    3;   0.3;   6;    9.300;-999;   4.3;  16.8; 1002.70;   28.2;   45.79;   35.6;   19.4;   17.6;eor
       7341;20180805;   10;   9.7;   3.0;    3;   0.0;   0;   13.900;-999;   4.2;  15.2; 1005.21;   25.6;   47.63;   30.6;   18.7;   15.5;eor
       7341;20180806;   10;  11.7;   1.8;    3;   0.0;   0;   13.600;-999;   1.6;  14.4; 1001.78;   25.4;   46.58;   34.7;   14.8;   11.9;eor
       7341;20180807;   10;  10.1;   2.0;    3;   0.0;   0;   10.000;-999;   4.9;  16.2;  996.73;   27.2;   47.83;   37.0;   17.3;   15.1;eor
       7341;20180808;   10;  11.5;   2.6;    3;   0.0;   0;   10.700;-999;   5.8;  16.4;  998.29;   25.9;   50.71;   31.5;   19.9;   18.2;eor
       7341;20180809;   10;  25.4;   3.0;    3;   1.0;   6;    6.600;-999;   6.2;  17.2;  999.06;   23.8;   60.50;   34.9;   19.2;   17.5;eor
       7341;20180810;   10;  11.0;   2.7;    3;   0.0;   0;    8.350;-999;   5.9;  11.3; 1008.05;   19.3;   51.75;   25.2;   14.5;   11.9;eor
       7341;20180811;   10;  10.4;   2.6;    3;   0.1;   6;    9.067;-999;   6.2;   9.8; 1007.86;   19.2;   46.17;   25.4;   11.9;    9.0;eor
       7341;20180812;   10;   7.5;   1.3;    3;   0.0;   0;   12.633;-999;   5.6;  10.3; 1001.90;   19.2;   51.58;   29.4;    8.3;    6.1;eor
       7341;20180813;   10;  10.5;   2.1;    3;   4.3;   8;    4.000;-999;   5.6;  16.0;  995.47;   17.7;   78.13;   24.1;   12.4;   10.5;eor
       7341;20180814;   10;   8.7;   2.8;    3;   0.0;   6;    5.450;-999;   6.8;  15.9; 1000.56;   20.1;   68.92;   26.0;   14.4;   13.0;eor
       7341;20180815;   10;   6.2;   1.3;    3;   0.0;   0;    4.050;-999;   5.6;  16.0; 1005.49;   19.5;   72.42;   25.3;   14.4;   12.1;eor
       7341;20180816;   10;   7.1;   1.4;    3;   0.0;   0;   13.533;-999;   4.0;  14.6; 1001.90;   21.8;   61.71;   31.1;   12.6;   10.6;eor
       7341;20180817;   10;   9.4;   2.2;    3;   0.0;   0;   11.350;-999;   6.2;  15.9; 1001.25;   22.7;   60.83;   30.9;   15.0;   13.1;eor
       7341;20180818;   10;   8.0;   1.9;    3;   0.0;   0;   12.700;-999;   5.3;  12.5; 1006.79;   21.9;   50.00;   29.1;   14.9;   12.3;eor
       7341;20180819;   10;  10.4;   1.7;    3;   0.0;   0;   13.033;-999;   3.6;  11.6; 1006.03;   21.8;   48.88;   31.6;   11.9;   10.0;eor
       7341;20180820;   10;   6.8;   1.7;    3;   0.0;   0;    5.300;-999;   5.8;  15.6; 1004.97;   22.1;   59.92;   28.4;   14.5;   12.5;eor
       7341;20180821;   10;   5.7;   1.6;    3;   0.0;   0;    8.067;-999;   6.8;  15.7; 1005.20;   24.1;   54.79;   30.0;   17.6;   14.9;eor
       7341;20180822;   10;   7.0;   1.4;    3;   0.0;   0;   12.383;-999;   3.7;  15.0; 1002.09;   24.4;   54.00;   33.8;   15.7;   13.5;eor
       7341;20180823;   10;  12.2;   2.1;    3;   0.0;   6;   11.667;-999;   3.6;  15.7;  998.22;   24.2;   56.33;   33.0;   15.4;   13.5;eor
       7341;20180824;   10;  10.8;   2.4;    3;   0.9;   6;    3.550;-999;   7.7;  13.9;  997.82;   19.5;   61.92;   23.2;   15.8;   14.3;eor
       7341;20180825;   10;   9.4;   2.8;    3;   2.1;   6;    2.683;-999;   7.1;  10.0;  998.67;   15.8;   56.63;   19.8;   12.6;   10.9;eor
       7341;20180826;   10;   7.6;   2.0;    3;   0.0;   6;    8.450;-999;  -999;   9.1; 1002.52;   15.3;   55.88;   21.6;    7.2;    4.5;eor
       7341;20180827;   10;   9.9;   2.7;    3;   0.4;   6;    2.117;-999;  -999;  13.3; 1000.64;   16.8;   68.17;   21.5;   13.2;   12.3;eor
       7341;20180828;   10;   6.3;   1.2;    3;   0.0;   0;   11.850;-999;   2.3;  11.8; 1004.75;   17.8;   61.29;   25.3;   11.0;    7.9;eor
       7341;20180829;   10;   9.7;   1.7;    3;   0.1;   6;    8.817;-999;   5.2;  14.8;  999.38;   19.8;   67.21;   30.6;   10.0;    7.6;eor
       7341;20180830;   10;  10.0;   3.3;    3;   0.0;   6;    4.300;-999;   7.0;  12.7; 1005.03;   18.5;   60.54;   22.8;   13.6;   10.8;eor
       7341;20180831;   10;   7.1;   2.3;    3;   0.0;   0;    6.283;-999;   7.9;  10.3; 1007.03;   16.8;   56.17;   22.5;   12.2;   11.0;eor
       7341;20180901;   10;   8.3;   2.5;    3;   0.0;   0;   10.650;-999;  -999;   9.2; 1009.89;   16.6;   50.79;   23.3;   10.5;    9.0;eor
       7341;20180902;   10;  10.0;   3.1;    3;   0.4;   6;    0.017;-999;   7.3;  12.2; 1008.26;   16.4;   65.13;   19.8;   12.5;    9.5;eor
       7341;20180903;   10;   5.7;   1.5;    3;   2.2;   6;    0.000;-999;   7.9;  16.6; 1002.73;   17.9;   81.25;   21.3;   14.8;   14.4;eor
       7341;20180904;   10;   8.9;   1.2;    3;   0.0;   4;    5.917;-999;   7.7;  17.3; 1001.85;   20.2;   75.21;   27.3;   15.9;   14.5;eor
       7341;20180905;   10;   5.9;   1.3;    3;   0.0;   0;   10.983;-999;   1.6;  15.0; 1001.65;   20.7;   66.54;   29.4;   13.4;   11.2;eor
       7341;20180906;   10;   5.9;   1.4;    3;   0.6;   6;    4.367;-999;   7.2;  15.9;  997.42;   19.3;   71.75;   25.3;   12.8;   10.8;eor
       7341;20180907;   10;  11.7;   2.2;    3;   0.3;   6;    3.083;-999;   7.0;  14.7; 1000.29;   17.7;   73.92;   24.0;   12.5;    9.6;eor
       7341;20180908;   10;   7.6;   1.7;    3;   0.0;   0;   10.200;-999;  -999;  10.2; 1006.35;   16.0;   59.58;   22.5;    8.3;    4.6;eor
       7341;20180909;   10;   6.1;   1.4;    3;   0.0;   0;    6.517;-999;   7.2;  10.6; 1007.22;   16.7;   60.33;   25.6;    9.1;    6.7;eor
       7341;20180910;   10;   9.0;   1.7;    3;   0.0;   0;    5.533;-999;   7.0;  11.9; 1007.74;   18.4;   60.79;   28.3;    8.1;    5.9;eor
       7341;20180911;   10;   9.7;   2.0;    3;   0.0;   0;   11.867;-999;   2.7;  12.4; 1009.00;   19.6;   59.13;   28.5;   11.1;    8.3;eor
       7341;20180912;   10;   9.0;   2.3;    3;   0.0;   0;   11.900;-999;   1.2;  12.6; 1005.62;   21.4;   54.54;   31.6;   11.0;    8.0;eor
       7341;20180913;   10;   6.8;   2.1;    3;   0.4;   6;    0.233;-999;   7.8;  14.7; 1005.02;   17.5;   73.50;   20.6;   14.7;   14.2;eor
       7341;20180914;   10;   5.6;   1.6;    3;   0.0;   0;    3.700;-999;   7.6;  13.1; 1005.83;   17.6;   66.67;   23.1;   13.9;   11.6;eor
       7341;20180915;   10;   7.5;   1.4;    3;   0.0;   0;    6.717;-999;   6.7;  10.0; 1009.65;   15.6;   59.79;   22.7;    9.0;    5.9;eor
       7341;20180916;   10;   5.8;   1.2;    3;   0.0;   0;   11.233;-999;   6.7;  10.2; 1008.40;   15.6;   62.92;   25.3;    6.5;    4.2;eor
       7341;20180917;   10;   7.0;   1.0;    3;   0.0;   0;   10.283;-999;   5.3;  11.0; 1005.10;   17.0;   62.33;   28.5;    7.5;    4.9;eor
       7341;20180918;   10;   8.9;   1.6;    3;   0.0;   0;   11.300;-999;   2.9;  13.8; 1001.45;   20.5;   61.08;   30.8;    9.2;    6.6;eor
       7341;20180919;   10;   9.2;   1.8;    3;   0.0;   0;   10.900;-999;   4.1;  15.5; 1004.29;   22.5;   59.83;   30.2;   15.3;   12.3;eor
       7341;20180920;   10;   9.1;   1.9;    3;   0.0;   0;   10.000;-999;   7.3;  14.7; 1003.11;   21.3;   61.46;   29.5;   14.8;   12.7;eor
       7341;20180921;   10;  14.4;   2.4;    3;   3.7;   6;    1.500;-999;   7.7;  13.4;  998.07;   16.2;   73.58;   24.1;   10.1;    6.5;eor
       7341;20180922;   10;   9.9;   2.5;    3;   6.1;   6;    3.600;-999;   6.9;   9.9; 1006.60;   13.4;   65.42;   19.3;    9.6;    5.7;eor
       7341;20180923;   10;  18.9;   3.1;    3;  24.1;   6;    0.200;-999;   7.5;  13.6;  998.48;   13.1;   88.79;   22.3;    9.3;    8.2;eor
       7341;20180924;   10;  11.1;   2.9;    3;   0.0;   0;    8.400;-999;   2.8;   8.5; 1017.24;   11.1;   66.42;   16.2;    5.9;    3.4;eor
       7341;20180925;   10;  10.3;   1.4;    3;   0.0;   0;   10.517;-999;   2.7;   7.7; 1023.60;    8.7;   72.63;   15.9;    2.5;    0.5;eor
       7341;20180926;   10;   4.7;   1.0;    3;   0.0;   0;    9.233;-999;   5.9;   7.2; 1020.14;    9.2;   67.75;   18.4;    1.9;    0.2;eor
       7341;20180927;   10;   7.1;   1.1;    3;   0.0;   0;   11.233;-999;   0.0;   8.6; 1013.53;   12.4;   66.50;   24.3;    3.7;    2.1;eor
       7341;20180928;   10;  11.4;   1.9;    3;   0.0;   0;    5.400;-999;   3.0;   9.6; 1009.60;   11.2;   74.46;   19.7;    4.8;    2.9;eor
       7341;20180929;   10;   7.3;   1.7;    3;   0.0;   0;   10.717;-999;  -999;   7.5; 1012.45;    9.3;   67.63;   17.2;    2.5;    0.2;eor
       7341;20180930;   10;   4.5;   1.1;    3;   0.0;   0;   11.050;-999;   1.4;   7.6; 1003.11;    9.4;   68.25;   19.1;    0.7;   -1.6;eor
       7341;20181001;   10;  13.5;   2.2;    3;   0.0;   6;    2.700;-999;   7.1;   8.2; 1003.07;    9.7;   69.17;   16.6;    5.0;    1.3;eor
       7341;20181002;   10;  10.2;   2.8;    3;   1.6;   6;    0.000;-999;   6.9;   9.2; 1006.95;    7.6;   87.29;   10.8;    3.8;    1.0;eor
       7341;20181003;   10;  10.3;   2.9;    3;   0.0;   6;    5.950;-999;   7.1;  10.1; 1010.13;   12.1;   73.29;   17.1;    5.7;    3.1;eor
       7341;20181004;   10;   4.4;   1.0;    3;   0.0;   0;   10.617;-999;   1.5;   9.1; 1012.72;   10.0;   77.25;   18.7;    3.2;    0.9;eor
       7341;20181005;   10;   5.1;   1.3;    3;   0.0;   0;   10.350;-999;   0.9;  10.3; 1005.60;   11.9;   77.54;   21.9;    3.7;    0.9;eor
       7341;20181006;   10;   6.5;   1.1;    3;   0.0;   0;    7.183;-999;   7.1;  12.3;  997.47;   14.4;   77.17;   24.5;    6.1;    4.0;eor
       7341;20181007;   10;  10.5;   2.2;    3;   0.0;   0;    5.750;-999;   6.1;  11.8; 1001.73;   12.7;   81.33;   18.7;    8.6;    6.0;eor
       7341;20181008;   10;   4.4;   1.2;    3;   0.0;   0;    9.067;-999;   4.9;  11.2; 1007.08;   12.2;   80.17;   19.9;    5.8;    3.8;eor
       7341;20181009;   10;   3.9;   1.0;    3;   0.0;   0;    8.217;-999;   6.5;  12.6; 1007.74;   12.8;   86.67;   21.4;    6.8;    4.5;eor
       7341;20181010;   10;   7.2;   1.7;    3;   0.0;   0;   10.333;-999;   0.6;  12.2; 1003.61;   14.6;   76.50;   23.8;    6.7;    3.5;eor
       7341;20181011;   10;   4.7;   1.1;    3;   0.0;   6;    7.383;-999;   4.2;  12.9; 1000.68;   14.9;   78.13;   22.1;    7.4;    4.3;eor
       7341;20181012;   10;   5.8;   1.1;    3;   0.0;   0;    9.450;-999;   4.0;  13.9; 1007.29;   16.5;   76.92;   26.1;    9.1;    6.6;eor
       7341;20181013;   10;   7.0;   1.5;    3;   0.0;   0;   10.167;-999;   0.0;  12.6; 1006.14;   16.7;   70.67;   26.8;    9.2;    7.2;eor
       7341;20181014;   10;   6.9;   1.6;    3;   0.0;   0;   10.100;-999;   0.0;  11.8;  998.94;   15.7;   69.67;   25.2;    8.1;    5.5;eor
       7341;20181015;   10;   4.2;   0.9;    3;   0.0;   0;    8.683;-999;   3.7;  11.5;  999.94;   14.7;   73.29;   24.2;    8.6;    6.3;eor
       7341;20181016;   10;   6.8;   1.1;    3;   0.0;   0;    9.783;-999;   3.1;  11.6; 1004.33;   15.0;   71.50;   24.7;    6.4;    4.3;eor
       7341;20181017;   10;   3.2;   0.9;    3;   0.0;   0;    8.967;-999;   6.4;  12.2; 1004.78;   14.2;   78.38;   22.8;    7.9;    5.6;eor
       7341;20181018;   10;   9.2;   1.9;    3;   0.0;   0;    9.183;-999;   4.0;  12.1; 1006.81;   13.4;   79.92;   20.3;    7.7;    5.7;eor
       7341;20181019;   10;   5.8;   1.5;    3;   0.0;   0;    5.967;-999;   6.2;  11.6; 1009.16;   13.1;   77.67;   19.0;    8.7;    6.0;eor
       7341;20181020;   10;   6.7;   1.5;    3;   0.0;   0;    8.350;-999;   6.3;  10.2; 1014.14;   11.5;   77.04;   16.9;    5.0;    1.9;eor
       7341;20181021;   10;   5.3;   1.2;    3;   0.0;   0;    9.517;-999;   2.0;   8.4; 1014.13;    8.3;   79.08;   16.6;    1.9;   -0.4;eor
       7341;20181022;   10;   8.1;   1.2;    3;   0.0;   6;    3.467;-999;   4.1;   8.5; 1015.16;    7.4;   83.67;   13.8;    1.9;   -0.4;eor
       7341;20181023;   10;   9.5;   2.6;    3;   0.0;   6;    0.000;-999;   6.7;   8.3; 1011.44;    8.5;   76.58;   13.0;    1.6;   -1.1;eor
       7341;20181024;   10;  11.9;   4.0;    3;   0.1;   6;    0.183;-999;   7.8;  12.4; 1007.53;   13.9;   77.79;   16.5;   12.3;   12.0;eor
       7341;20181025;   10;   9.4;   2.6;    3;   0.0;   6;    2.483;-999;   7.8;  11.1; 1004.71;   13.1;   73.83;   16.1;   11.2;   10.5;eor
       7341;20181026;   10;   9.9;   2.4;    3;   1.2;   6;    0.667;-999;   7.9;   9.0;  995.60;   10.8;   70.13;   14.1;    7.7;    7.0;eor
       7341;20181027;   10;   5.7;   1.8;    3;   0.0;   0;    1.267;-999;   8.0;   7.8;  994.38;    7.2;   77.63;    9.8;    5.1;    3.7;eor
       7341;20181028;   10;  12.9;   4.1;    3;   0.1;   6;    0.000;-999;   8.0;   6.8;  995.96;    6.0;   72.29;    6.7;    5.3;    4.7;eor
       7341;20181029;   10;  10.0;   3.2;    3;   0.0;   6;    0.000;-999;  -999;   7.2;  985.47;    6.0;   77.13;    7.2;    5.4;    4.5;eor
       7341;20181030;   10;  14.6;   4.2;    3;   5.5;   6;    0.000;-999;  -999;   7.8;  981.83;    6.3;   81.88;    7.5;    4.5;    4.0;eor
       7341;20181031;   10;   5.8;   1.7;    3;   0.0;   6;    0.400;   0;   6.1;   7.7; 1000.46;    6.3;   81.33;   11.0;   -0.2;   -1.9;eor
       7341;20181101;   10;   6.4;   1.0;    3;   0.0;   6;    1.483;   0;   6.1;   8.1;  998.45;    5.4;   90.83;   10.6;    1.6;   -0.2;eor
       7341;20181102;   10;   6.5;   1.7;    3;   0.0;   0;    6.300;   0;   4.3;   9.1; 1008.09;    9.1;   79.50;   14.1;    3.9;    0.5;eor
       7341;20181103;   10;   5.7;   1.6;    3;   0.0;   6;    8.883;   0;   5.6;   8.0; 1012.57;    7.8;   76.21;   12.6;    3.0;   -0.1;eor
       7341;20181104;   10;   5.2;   1.3;    3;   0.0;   0;    0.000;   0;   8.0;  10.2; 1002.81;   10.1;   82.13;   12.2;    7.9;    7.7;eor
       7341;20181105;   10;   4.2;   1.5;    3;   0.0;   0;    3.217;   0;   6.3;  11.3;  995.28;   11.6;   82.67;   15.9;    6.0;    3.3;eor
       7341;20181106;   10;   5.2;   1.2;    3;   0.0;   0;    2.200;   0;   7.4;  10.4;  994.62;    8.6;   93.04;   14.0;    4.6;    2.1;eor
       7341;20181107;   10;   4.7;   1.1;    3;   0.2;   6;    7.350;   0;   5.1;   9.8;  997.99;    9.2;   84.79;   16.8;    2.8;    1.4;eor
       7341;20181108;   10;   6.2;   1.6;    3;   0.0;   6;    3.050;   0;   7.9;  10.9; 1005.71;   11.8;   79.63;   14.8;    9.7;    7.4;eor
       7341;20181109;   10;   7.3;   2.4;    3;   0.0;   6;    6.267;   0;   7.6;  10.8; 1001.01;   10.5;   85.08;   13.6;    8.7;    6.4;eor
       7341;20181110;   10;   7.9;   3.5;    3;   5.8;   6;    0.400;   0;   7.9;  10.6;  994.75;   10.6;   82.38;   13.5;    8.2;    6.5;eor
       7341;20181111;   10;  10.0;   3.1;    3;   4.1;   6;    5.433;   0;   5.5;  11.7;  996.99;   12.8;   80.50;   16.7;   10.0;    7.9;eor
       7341;20181112;   10;  10.0;   1.4;    3;   5.5;   6;    1.517;   0;   7.5;  12.6; 1001.96;   12.7;   86.21;   18.2;    8.5;    6.7;eor
       7341;20181113;   10;   9.0;   2.7;    3;   2.2;   6;    3.750;   0;   4.8;  11.7; 1011.26;   11.4;   86.46;   14.4;    5.4;    2.7;eor
       7341;20181114;   10;   6.8;   1.6;    3;   0.0;   0;    2.383;   0;   6.3;   8.6; 1015.53;    5.7;   93.29;    9.6;    2.1;    0.2;eor
       7341;20181115;   10;   5.7;   1.8;    3;   0.0;   0;    0.000;   0;   8.0;   8.2; 1013.65;    6.2;   86.21;    6.8;    5.7;    5.7;eor
       7341;20181116;   10;   5.2;   1.8;    3;   0.0;   0;    8.200;   0;   3.5;   7.1; 1015.00;    5.5;   79.63;   10.9;    0.7;   -2.3;eor
       7341;20181117;   10;   9.0;   2.5;    3;   0.0;   0;    8.283;   0;   0.5;   5.7; 1015.20;    4.2;   72.13;   11.5;   -1.4;   -3.8;eor
       7341;20181118;   10;   8.9;   2.8;    3;   0.0;   0;    7.683;   0;   1.3;   4.5; 1011.65;    2.4;   62.42;    6.9;   -1.2;   -3.8;eor
       7341;20181119;   10;  12.8;   3.5;    3;   0.0;   6;    0.000;   0;   7.2;   5.6; 1001.15;    3.0;   73.38;    5.6;   -2.7;   -5.4;eor
       7341;20181120;   10;  11.4;   3.2;    3;   0.0;   0;    0.000;   0;   7.9;   5.5;  994.90;    3.6;   69.00;    5.1;    2.6;    0.4;eor
       7341;20181121;   10;   6.6;   2.0;    3;   0.0;   0;    0.000;   0;   6.9;   5.9; 1001.76;    2.7;   79.71;    4.3;   -0.7;   -2.9;eor
       7341;20181122;   10;   4.4;   1.2;    3;   0.0;   0;    0.050;   0;   6.0;   5.9; 1005.88;    2.1;   83.08;    4.6;   -2.5;   -5.1;eor
       7341;20181123;   10;   6.8;   1.7;    3;   0.9;   6;    7.400;   0;   3.1;   5.7; 1004.44;    0.9;   86.63;    5.8;   -3.6;   -6.3;eor
       7341;20181124;   10;   3.6;   1.1;    3;   2.8;   6;    0.000;   0;   7.8;   8.0;  998.29;    4.3;   94.67;    6.7;    1.5;    1.5;eor
       7341;20181125;   10;   5.2;   1.5;    3;   0.0;   0;    0.917;   0;   8.0;   8.8;  995.28;    5.9;   94.54;    8.4;    3.3;    1.0;eor
       7341;20181126;   10;   6.7;   2.5;    3;   0.0;   0;    0.000;   0;   8.0;   7.3;  995.65;    5.7;   80.21;    7.5;    3.7;    3.1;eor
       7341;20181127;   10;   4.7;   1.5;    3;   0.0;   6;    0.000;   0;   7.8;   6.4; 1005.09;    3.2;   82.79;    3.7;    2.5;    2.1;eor
       7341;20181128;   10;   8.1;   2.5;    3;   0.9;   6;    1.683;   0;   7.7;   6.4; 1009.11;    3.0;   84.54;    5.3;   -1.3;   -3.1;eor
       7341;20181129;   10;   8.9;   3.3;    3;   0.0;   6;    0.350;   0;   7.9;   6.3; 1004.52;    4.0;   77.08;    6.1;    2.6;    1.7;eor
       7341;20181130;   10;   6.1;   1.9;    3;   0.9;   6;    0.000;   0;   7.9;   7.2; 1000.77;    4.3;   86.17;    5.6;    3.3;    1.6;eor
       7341;20181201;   10;   9.5;   2.3;    3;   2.4;   6;    0.500;   0;   7.9;   9.2; 1000.96;    7.3;   90.04;    9.7;    5.6;    4.8;eor
       7341;20181202;   10;  10.5;   4.2;    3;  26.9;   6;    0.000;   0;   7.7;  11.2;  990.89;   10.1;   90.08;   12.3;    7.9;    7.1;eor
       7341;20181203;   10;  11.1;   3.8;    3;   6.8;   6;    0.533;   0;   7.6;  12.7;  989.78;   11.5;   93.38;   13.5;   10.3;    8.6;eor
       7341;20181204;   10;  10.0;   2.3;    3;   0.0;   6;    2.250;   0;   6.4;   8.3; 1004.50;    6.9;   82.29;   10.9;   -0.2;   -1.9;eor
       7341;20181205;   10;   5.5;   1.7;    3;   1.1;   6;    1.233;   0;  -999;   6.8; 1010.01;    2.8;   90.83;    5.7;   -0.7;   -2.2;eor
       7341;20181206;   10;  10.3;   2.3;    3;   0.3;   6;    0.000;   0;  -999;  10.4; 1004.08;    8.5;   92.96;   12.1;    5.1;    4.6;eor
       7341;20181207;   10;  17.1;   5.2;    3;   4.2;   6;    0.000;   0;  -999;  10.9;  996.15;   10.9;   83.00;   12.4;    6.9;    4.5;eor
       7341;20181208;   10;  16.1;   5.9;    3;   3.4;   6;    0.350;   0;  -999;   8.4;  992.91;    7.6;   79.67;    9.0;    6.3;    4.7;eor
       7341;20181209;   10;  13.6;   5.1;    3;   4.9;   6;    0.000;   0;  -999;   8.4;  988.96;    7.8;   79.21;    9.3;    6.0;    3.8;eor
       7341;20181210;   10;  14.6;   3.4;    3;   0.5;   6;    1.483;   0;  -999;   7.0; 1005.42;    5.0;   79.46;    7.3;    2.9;   -0.1;eor
       7341;20181211;   10;   7.7;   2.8;    3;   0.0;   6;    1.517;   0;   7.7;   6.7; 1008.20;    4.1;   81.42;    6.1;    2.9;    0.8;eor
       7341;20181212;   10;   6.0;   1.9;    3;   0.0;   6;    2.200;   0;   7.3;   6.2; 1009.18;    3.5;   79.33;    5.5;    1.6;   -1.1;eor
       7341;20181213;   10;   9.7;   2.8;    3;   0.0;   0;    4.817;   0;   4.0;   4.6; 1005.44;    0.9;   71.00;    3.0;   -1.8;   -4.0;eor
       7341;20181214;   10;   6.8;   2.6;    3;   0.0;   0;    0.000;   0;   8.0;   3.9; 1007.63;    0.7;   61.17;    1.1;    0.1;   -0.8;eor
       7341;20181215;   10;   6.6;   2.0;    3;   0.0;   7;    0.000;   0;   8.0;   3.9; 1009.90;    0.2;   63.46;    1.0;   -1.9;   -3.9;eor
       7341;20181216;   10;   7.0;   1.9;    3;   0.8;   8;    0.000;   0;   7.9;   5.0; 1000.24;   -0.8;   85.38;    0.6;   -2.3;   -2.6;eor
       7341;20181217;   10;   6.7;   1.8;    3;   0.4;   6;    0.000;   0;   7.9;   7.3; 1007.05;    3.0;   95.67;    4.8;    0.4;    0.2;eor
       7341;20181218;   10;   9.1;   2.1;    3;   0.0;   6;    2.367;   0;   7.4;   7.2; 1009.36;    4.1;   88.08;    6.9;    0.8;   -2.2;eor
       7341;20181219;   10;   6.2;   1.6;    3;   1.0;   6;    0.000;   0;   8.0;   6.9; 1001.53;    3.4;   87.33;    5.3;    2.2;    1.0;eor
       7341;20181220;   10;  10.5;   2.9;    3;   2.6;   6;    0.000;   0;   8.0;   8.4; 1001.01;    6.0;   89.71;    7.8;    3.2;    1.7;eor
       7341;20181221;   10;  16.1;   5.5;    3;   8.6;   6;    0.000;   0;   7.7;   9.9;  995.16;    9.2;   84.83;   12.0;    7.0;    6.0;eor
       7341;20181222;   10;  14.1;   4.2;    3;   0.3;   6;    1.417;   0;   7.8;   9.4; 1000.11;   10.7;   72.71;   12.6;    8.0;    5.1;eor
       7341;20181223;   10;  14.2;   2.9;    3;  15.8;   6;    0.000;   0;   7.7;   9.9; 1004.36;    8.6;   88.75;   12.1;    6.5;    4.0;eor
       7341;20181224;   10;  11.3;   2.4;    3;   0.0;   6;    0.733;   0;   6.0;   7.0; 1012.49;    4.8;   80.67;    8.1;   -2.0;   -3.7;eor
       7341;20181225;   10;   6.1;   1.9;    3;   0.0;   0;    0.017;   0;  -999;   5.4; 1020.99;    0.8;   84.25;    2.9;   -2.4;   -4.2;eor
       7341;20181226;   10;   5.0;   1.6;    3;   0.0;   0;    0.000;   0;  -999;   5.3; 1018.80;   -1.4;   95.92;   -0.6;   -3.0;   -4.9;eor
       7341;20181227;   10;   4.1;   1.3;    3;   0.0;   0;    0.000;   0;  -999;   5.5; 1014.10;   -0.9;   95.42;    0.3;   -1.5;   -1.3;eor
       7341;20181228;   10;   4.4;   1.7;    3;   0.0;   8;    0.000;   0;   8.0;   5.6; 1015.36;   -0.4;   94.79;    0.3;   -0.9;   -0.7;eor
       7341;20181229;   10;  11.7;   3.3;    3;   0.1;   6;    0.000;   0;   7.9;   6.2; 1017.27;    1.3;   92.71;    4.6;   -0.5;   -0.4;eor
       7341;20181230;   10;   9.9;   3.1;    3;   0.4;   6;    0.000;   0;   7.8;   7.8; 1016.91;    7.1;   77.08;    8.4;    4.5;    3.7;eor
       7341;20181231;   10;   6.0;   2.1;    3;   0.1;   6;    0.000;   0;   8.0;   9.4; 1018.27;    6.9;   94.79;    8.5;    5.5;    4.9;eor
       7341;20190101;   10;  15.1;   3.9;    3;   0.4;   6;    0.217;   0;   7.5;   8.3; 1013.79;    6.8;   83.50;    8.0;    4.4;    2.8;eor
       7341;20190102;   10;  12.2;   3.6;    3;   0.8;   8;    3.367;   0;   4.1;   5.0; 1017.64;    3.5;   63.50;    6.5;   -2.7;   -6.3;eor
       7341;20190103;   10;   4.0;   1.0;    3;   0.3;   8;    0.817;   1;   6.8;   5.5; 1022.41;    0.2;   87.00;    3.4;   -3.0;   -6.1;eor
       7341;20190104;   10;   8.0;   2.2;    3;   4.7;   6;    2.133;   0;   7.9;   5.9; 1020.57;    1.3;   88.50;    4.1;   -2.3;   -3.8;eor
       7341;20190105;   10;  10.9;   4.1;    3;   1.1;   6;    0.000;   0;   7.7;   7.8; 1013.52;    5.7;   84.54;    8.5;    3.0;    2.7;eor
       7341;20190106;   10;   9.5;   2.8;    3;   0.0;   6;    0.000;   0;   7.8;   7.6; 1015.82;    6.7;   76.88;    7.8;    5.2;    4.2;eor
       7341;20190107;   10;  12.5;   2.5;    3;   4.1;   6;    0.317;   0;   7.7;   7.1; 1016.22;    5.1;   81.50;    6.9;    3.8;    2.9;eor
       7341;20190108;   10;  14.9;   5.5;    3;   2.5;   8;    0.000;   0;   7.2;   7.4; 1000.54;    5.4;   82.67;    7.1;    3.9;    2.7;eor
       7341;20190109;   10;  11.9;   3.8;    3;   0.0;   8;    0.333;   0;   7.8;   5.3; 1000.35;    3.4;   67.75;    4.9;    1.8;    0.6;eor
       7341;20190110;   10;   7.8;   2.4;    3;   0.1;   8;    0.000;   0;   8.0;   4.8; 1009.55;    1.4;   71.58;    2.6;   -1.2;   -3.2;eor
       7341;20190111;   10;   9.0;   2.7;    3;   1.3;   8;    0.000;   0;   7.6;   5.7; 1009.46;    0.4;   91.08;    2.4;   -1.0;   -1.7;eor
       7341;20190112;   10;  11.3;   3.8;    3;   3.6;   6;    0.017;   0;   7.8;   7.6; 1004.47;    4.1;   92.75;    5.4;    2.4;    1.6;eor
       7341;20190113;   10;  14.4;   4.3;    3;   3.1;   6;    0.000;   0;   7.5;   9.0;  992.17;    7.1;   89.17;    9.6;    5.3;    3.5;eor
       7341;20190114;   10;  15.6;   4.0;    3;   0.2;   6;    1.550;   0;   6.0;   6.4;  996.90;    5.4;   71.25;    7.8;    2.8;    0.9;eor
       7341;20190115;   10;   9.4;   3.6;    3;   0.2;   6;    0.000;   0;   7.9;   6.5; 1005.35;    4.5;   77.50;    6.4;    2.2;    0.7;eor
       7341;20190116;   10;  10.7;   3.6;    3;   0.1;   6;    0.017;   0;   8.0;   6.5;  997.91;    4.9;   74.54;    6.1;    2.2;   -0.7;eor
       7341;20190117;   10;  18.8;   4.2;    3;   3.7;   8;    0.083;   0;   7.3;   7.0;  991.65;    4.8;   81.42;    7.4;    0.9;   -1.9;eor
       7341;20190118;   10;   6.8;   1.4;    3;   0.0;   0;    5.467;   0;   6.6;   4.9; 1004.23;    0.7;   77.75;    4.6;   -3.6;   -5.7;eor
       7341;20190119;   10;   5.1;   1.2;    3;   0.0;   0;    7.883;   0;   5.1;   3.8; 1002.86;   -2.6;   77.67;    3.1;   -6.6;   -9.3;eor
       7341;20190120;   10;   4.8;   1.4;    3;   0.0;   0;    7.717;   0;   3.0;   3.5; 1002.51;   -4.4;   80.88;    0.9;   -8.4;  -10.3;eor
       7341;20190121;   10;   5.1;   1.2;    3;   0.0;   0;    7.750;   0;  -999;   3.5; 1007.25;   -5.1;   83.92;    0.3;   -8.5;  -10.6;eor
       7341;20190122;   10;   5.9;   1.6;    3;   0.0;   8;    0.000;   0;  -999;   3.4;  996.81;   -5.3;   82.08;   -1.6;  -10.4;  -11.6;eor
       7341;20190123;   10;   6.0;   2.1;    3;   0.0;   0;    0.000;   1;   8.0;   3.7;  986.39;   -2.1;   71.33;   -1.7;   -2.4;   -2.8;eor
       7341;20190124;   10;   5.5;   1.6;    3;   0.1;   7;    0.000;   1;   7.8;   3.8;  995.65;   -3.4;   79.79;   -2.2;   -4.4;   -4.6;eor
       7341;20190125;   10;  10.1;   2.2;    3;   0.2;   8;    0.000;   1;   7.8;   4.6; 1000.90;   -1.5;   83.33;    1.1;   -3.7;   -4.2;eor
       7341;20190126;   10;  12.3;   5.0;    3;   1.1;   6;    0.233;   0;   7.6;   6.8;  994.04;    2.9;   89.71;    5.1;    0.0;   -0.3;eor
       7341;20190127;   10;  12.2;   4.3;    3;   5.2;   6;    0.033;   0;   7.8;   7.6;  977.24;    5.4;   84.71;    7.2;    2.0;    0.7;eor
       7341;20190128;   10;  14.0;   5.1;    3;   3.2;   8;    0.000;   0;   7.8;   6.2;  981.83;    2.7;   83.54;    4.0;    1.4;    0.2;eor
       7341;20190129;   10;   7.1;   2.6;    3;   0.0;   7;    0.467;   0;   7.6;   5.5;  990.90;    1.5;   80.92;    4.2;   -0.8;   -2.6;eor
       7341;20190130;   10;  12.0;   3.3;    3;   1.2;   8;    0.000;   0;   7.7;   5.1;  980.66;    0.5;   80.33;    3.2;   -1.2;   -3.4;eor
       7341;20190131;   10;   7.3;   2.0;    3;   0.7;   8;    0.017;   1;   6.4;   5.0;  982.91;   -0.4;   84.96;    1.6;   -2.7;   -6.7;eor
       7341;20190201;   10;   6.4;   1.5;    3;   1.6;   6;    0.000;   1;   7.9;   6.2;  977.22;    2.2;   86.21;    4.7;   -0.6;   -1.4;eor
       7341;20190202;   10;   5.5;   1.4;    3;   0.0;   6;    0.000;   0;   7.8;   7.2;  982.89;    3.2;   93.33;    4.7;    1.4;   -0.1;eor
       7341;20190203;   10;  10.2;   2.6;    3;   0.0;   8;    0.000;   0;   7.7;   5.5; 1002.53;    2.8;   74.54;    4.1;   -0.7;   -3.0;eor
       7341;20190204;   10;   7.9;   1.7;    3;   0.0;   0;    7.117;   0;   5.3;   4.9; 1014.04;    1.1;   75.58;    6.3;   -3.6;   -6.8;eor
       7341;20190205;   10;   5.1;   1.5;    3;   0.0;   6;    0.967;   0;   7.8;   5.3; 1013.95;    2.3;   74.42;    5.6;   -1.7;   -3.7;eor
       7341;20190206;   10;   5.3;   1.7;    3;   0.0;   0;    7.117;   0;   7.8;   5.2; 1011.32;    1.3;   79.33;    7.8;   -2.3;   -4.5;eor
       7341;20190207;   10;   7.9;   2.0;    3;   1.0;   6;    0.167;   0;   6.9;   6.2; 1001.26;    1.9;   87.54;    5.1;   -0.6;   -2.4;eor
       7341;20190208;   10;  11.7;   4.2;    3;   2.9;   6;    0.733;   0;   7.4;   7.3; 1000.83;    7.0;   73.54;    9.4;    4.2;    1.4;eor
       7341;20190209;   10;  16.6;   5.3;    3;   1.2;   6;    2.150;   0;  -999;   7.9;  995.56;    7.9;   74.25;    9.9;    5.8;    3.0;eor
       7341;20190210;   10;  16.5;   5.1;    3;   8.4;   6;    0.000;   0;   8.0;   8.3;  986.25;    7.8;   78.46;   11.1;    4.9;    1.4;eor
       7341;20190211;   10;  13.0;   4.7;    3;   0.0;   6;    0.950;   0;   6.7;   6.3; 1002.88;    5.1;   72.71;    7.5;    1.1;   -2.5;eor
       7341;20190212;   10;   7.4;   2.7;    3;   0.0;   6;    0.000;   0;   7.5;   5.9; 1019.31;    3.8;   73.79;    6.5;    0.6;   -2.7;eor
       7341;20190213;   10;   5.3;   1.4;    3;   0.0;   0;    6.450;   0;   6.3;   5.4; 1022.47;    2.3;   77.42;    8.4;   -2.1;   -4.9;eor
       7341;20190214;   10;   3.3;   0.8;    3;   0.0;   0;    7.650;   0;   5.8;   5.4; 1022.15;    1.8;   79.42;   10.5;   -3.6;   -6.6;eor
       7341;20190215;   10;   5.4;   1.4;    3;   0.0;   0;    9.433;   0;  -999;   5.8; 1018.70;    4.7;   71.88;   15.1;   -2.7;   -6.2;eor
       7341;20190216;   10;   5.0;   1.3;    3;   0.0;   0;    9.433;   0;   0.7;   6.1; 1013.68;    4.4;   75.04;   14.3;   -2.8;   -5.9;eor
       7341;20190217;   10;   2.7;   0.9;    3;   0.0;   0;    9.533;   0;   7.4;   6.0; 1009.95;    4.2;   76.33;   16.0;   -2.7;   -6.0;eor
       7341;20190218;   10;   5.8;   1.2;    3;   0.0;   0;    9.083;   0;   2.6;   5.9; 1005.85;    4.5;   73.50;   15.1;   -3.2;   -6.8;eor
       7341;20190219;   10;   8.7;   2.2;    3;   1.7;   6;    3.500;   0;   5.8;   7.1; 1005.61;    5.6;   77.63;   11.1;    0.2;   -3.4;eor
       7341;20190220;   10;   7.2;   1.4;    3;   0.0;   0;    6.600;   0;   7.9;   6.8; 1009.97;    4.5;   81.79;   11.8;   -1.5;   -4.6;eor
       7341;20190221;   10;   5.4;   1.5;    3;   0.0;   6;    3.067;   0;   6.3;   7.9; 1013.50;    6.5;   82.17;   12.2;   -0.2;   -2.9;eor
       7341;20190222;   10;   6.4;   2.1;    3;   0.0;   0;    1.167;   0;   6.8;   9.0; 1020.14;    9.3;   77.29;   12.6;    3.1;   -1.1;eor
       7341;20190223;   10;   7.5;   2.1;    3;   0.0;   0;    8.583;   0;   7.2;   5.1; 1025.01;    3.9;   64.63;    8.9;   -1.0;   -4.8;eor
       7341;20190224;   10;   4.9;   1.2;    3;   0.0;   0;    9.967;   0;   2.9;   4.0; 1024.10;    3.4;   56.29;   12.5;   -3.2;   -6.7;eor
       7341;20190225;   10;   3.6;   1.0;    3;   0.0;   0;   10.000;   0;   4.8;   4.7; 1023.37;    5.3;   58.38;   16.5;   -3.0;   -6.2;eor
       7341;20190226;   10;   3.5;   0.9;    3;   0.0;   0;   10.000;   0;  -999;   6.0; 1019.64;    6.6;   66.21;   18.9;   -1.9;   -5.0;eor
       7341;20190227;   10;   3.0;   0.9;    3;   0.0;   0;   10.233;   0;   0.3;   5.3; 1012.49;    6.6;   61.92;   19.2;   -2.5;   -6.2;eor
       7341;20190228;   10;  15.7;   3.4;    3;   1.9;   6;    8.033;   0;   3.0;   7.5; 1002.78;    9.5;   63.88;   18.5;   -0.3;   -4.3;eor
       7341;20190301;   10;   9.2;   3.1;    3;   0.1;   6;    0.383;   0;   7.8;   9.4; 1000.35;    9.0;   82.13;   12.0;    6.5;    5.4;eor
       7341;20190302;   10;   9.5;   2.6;    3;   0.0;   6;    0.600;   0;   7.9;   8.4; 1002.31;    8.2;   77.42;   11.1;    5.6;    4.7;eor
       7341;20190303;   10;  16.7;   5.2;    3;   0.0;   6;    0.117;   0;   7.8;   9.1;  996.71;   10.8;   70.21;   12.6;    8.9;    6.6;eor
       7341;20190304;   10;  25.2;   5.8;    3;   7.1;   6;    1.050;   0;   7.6;   8.2;  985.65;    9.5;   69.08;   13.1;    5.4;    3.0;eor
       7341;20190305;   10;  13.9;   4.5;    3;   2.2;   6;    2.333;   0;   6.5;   7.3;  994.42;    6.1;   77.83;    9.1;    2.8;    0.0;eor
       7341;20190306;   10;  10.5;   2.9;    3;   1.0;   6;    6.067;   0;   8.0;   7.9;  991.27;    9.8;   69.17;   16.0;    3.5;    1.9;eor
       7341;20190307;   10;  19.9;   5.8;    3;   0.8;   6;    4.083;   0;   6.5;   8.2;  985.82;   10.7;   64.04;   14.0;    7.0;    4.7;eor
       7341;20190308;   10;  15.8;   4.7;    3;   2.4;   6;    3.367;   0;   6.1;   7.5;  998.49;    8.0;   70.46;   11.1;    6.4;    4.0;eor
       7341;20190309;   10;  17.8;   5.7;    3;   4.9;   6;    0.700;   0;   7.4;   8.5;  999.39;    9.5;   72.25;   12.5;    7.2;    4.6;eor
       7341;20190310;   10;  25.1;   6.0;    3;   6.1;   8;    2.083;   0;   7.1;   8.6;  994.85;    9.7;   71.63;   15.8;    2.5;    0.2;eor
       7341;20190311;   10;  15.7;   4.9;    3;   0.4;   8;    2.133;   0;   6.4;   5.7; 1004.21;    5.0;   66.08;    7.3;    1.9;   -0.3;eor
       7341;20190312;   10;  14.3;   4.2;    3;   0.0;   6;    5.000;   0;   7.5;   5.3; 1003.09;    6.9;   55.08;   11.3;    1.1;   -1.9;eor
       7341;20190313;   10;  17.6;   6.1;    3;   3.6;   6;    2.300;   0;   6.9;   6.8;  994.37;    6.5;   70.38;    9.3;    3.8;    2.0;eor
       7341;20190314;   10;  14.0;   4.9;    3;  12.7;   6;    0.050;   0;   7.4;   7.9;  991.71;    5.8;   85.63;    8.5;    3.6;    1.2;eor
       7341;20190315;   10;  14.9;   5.2;    3;  16.4;   6;    0.000;   0;   7.4;  10.0;  992.86;    9.7;   81.96;   13.6;    6.3;    4.2;eor
       7341;20190316;   10;  17.2;   4.3;    3;   0.5;   6;    0.017;   0;   7.3;   9.8;  995.77;   10.0;   79.67;   12.5;    8.0;    3.9;eor
       7341;20190317;   10;  15.1;   5.0;    3;   5.8;   6;    1.950;   0;   7.1;   8.1;  991.69;    8.2;   74.38;   11.8;    1.1;   -1.0;eor
       7341;20190318;   10;  11.2;   3.0;    3;   2.7;   8;    3.633;   0;   4.9;   6.5; 1003.90;    4.5;   77.83;    9.5;    0.8;   -2.6;eor
       7341;20190319;   10;   5.5;   1.2;    3;   0.0;   0;    9.767;   0;   0.6;   5.6; 1013.72;    3.5;   74.17;   10.4;   -2.3;   -4.5;eor
       7341;20190320;   10;   5.1;   1.1;    3;   0.0;   0;   11.367;   0;   3.2;   5.5; 1019.64;    4.8;   68.63;   13.6;   -2.8;   -5.2;eor
       7341;20190321;   10;   5.5;   1.3;    3;   0.0;   0;   11.433;   0;   5.5;   6.2; 1019.29;    7.3;   65.08;   16.6;   -1.3;   -3.6;eor
       7341;20190322;   10;   5.9;   1.4;    3;   0.0;   0;   11.533;   0;   4.8;   7.0; 1015.32;    9.5;   63.92;   19.3;    0.4;   -1.7;eor
       7341;20190323;   10;   9.8;   1.8;    3;   0.0;   0;   10.850;   0;   5.0;   7.9; 1013.20;    9.2;   69.88;   18.0;    0.5;   -1.9;eor
       7341;20190324;   10;   7.5;   2.2;    3;   0.0;   0;    2.983;   0;   4.3;   8.1; 1010.55;    8.8;   72.17;   13.4;    4.7;    1.0;eor
       7341;20190325;   10;  15.7;   3.5;    3;   0.5;   6;    3.433;   0;   5.8;   6.4; 1007.81;    5.4;   71.13;    9.5;    1.5;   -2.7;eor
       7341;20190326;   10;   7.9;   2.3;    3;   0.0;   0;    0.333;   0;   6.3;   6.2; 1015.38;    5.7;   69.83;    9.6;   -0.9;   -3.4;eor
       7341;20190327;   10;   4.6;   1.2;    3;   0.0;   0;    6.883;   0;   5.3;   6.5; 1017.99;    6.3;   70.08;   12.0;    0.1;   -2.6;eor
       7341;20190328;   10;   7.6;   1.7;    3;   0.0;   0;    4.450;   0;   6.0;   7.6; 1019.49;    7.9;   72.25;   15.0;   -1.0;   -3.0;eor
       7341;20190329;   10;   7.4;   1.7;    3;   0.0;   0;   10.000;   0;   0.8;   8.2; 1015.77;    9.9;   70.04;   17.4;    2.7;   -0.4;eor
       7341;20190330;   10;   8.8;   1.6;    3;   0.0;   0;   10.617;   0;   0.8;   7.5; 1008.50;   10.9;   62.96;   20.5;    0.8;   -1.9;eor
       7341;20190331;   10;  10.9;   2.4;    3;   0.0;   0;    9.367;   0;   1.6;   8.0; 1006.86;   10.4;   65.92;   19.2;    2.1;   -0.7;eor
       7341;20190401;   10;   7.5;   2.5;    3;   0.0;   0;   11.717;   0;   1.1;   7.4; 1005.41;   10.4;   60.79;   17.3;    3.9;    1.6;eor
       7341;20190402;   10;  14.6;   2.6;    3;   0.1;   6;    6.733;   0;   6.5;   8.3;  994.93;   11.9;   61.79;   20.7;    2.8;   -0.4;eor
       7341;20190403;   10;   9.3;   2.6;    3;   7.3;   6;    0.567;   0;   7.9;   9.1;  988.85;    9.2;   78.71;   12.6;    5.3;    5.2;eor
       7341;20190404;   10;   7.7;   1.8;    3;   2.9;   6;    0.000;   0;   7.7;   8.3;  986.44;    5.6;   90.67;    6.6;    4.8;    4.4;eor
       7341;20190405;   10;   4.7;   1.3;    3;   0.1;   6;    0.000;   0;   7.9;   8.9;  991.05;    6.8;   90.46;    8.7;    4.7;    4.3;eor
       7341;20190406;   10;   7.9;   1.5;    3;   0.0;   0;    5.633;   0;   7.6;   9.8;  990.10;   11.3;   75.79;   17.8;    4.3;    1.7;eor
       7341;20190407;   10;   8.8;   1.8;    3;   0.0;   0;    9.517;   0;   4.9;   8.7;  990.54;   13.2;   61.04;   20.0;    4.5;    1.7;eor
       7341;20190408;   10;   6.2;   2.0;    3;   0.0;   0;    2.967;   0;   7.8;  11.0;  995.02;   12.8;   74.96;   16.8;    9.9;    6.8;eor
       7341;20190409;   10;   7.6;   1.6;    3;   1.9;   6;    1.283;   0;   7.8;  10.4;  995.83;   11.0;   80.58;   18.3;    6.1;    4.1;eor
       7341;20190410;   10;  10.6;   3.3;    3;   0.0;   0;    7.850;   0;   5.8;   6.9;  998.69;    9.7;   58.21;   15.2;    4.3;    1.7;eor
       7341;20190411;   10;  11.3;   3.7;    3;   0.0;   0;   12.617;   0;   0.0;   4.7; 1005.80;    6.3;   51.08;   11.3;    1.1;   -2.4;eor
       7341;20190412;   10;   8.3;   2.9;    3;   0.0;   0;    1.183;   0;   6.3;   4.7; 1008.22;    4.0;   58.67;    7.5;   -1.4;   -4.4;eor
       7341;20190413;   10;   6.6;   2.5;    3;   2.2;   6;    0.817;   0;   7.7;   5.4; 1007.20;    4.0;   66.71;    6.9;    1.8;    1.5;eor
       7341;20190414;   10;  12.4;   3.6;    3;   0.0;   0;   11.183;   0;   6.8;   6.1; 1007.89;    6.0;   67.21;   11.3;    1.9;    1.3;eor
       7341;20190415;   10;   8.2;   2.7;    3;   0.0;   0;   12.050;   0;   1.7;   6.7; 1007.93;   10.6;   56.38;   18.6;    2.8;   -0.2;eor
       7341;20190416;   10;   9.3;   2.3;    3;   1.9;   4;    9.600;   0;   4.8;   6.8; 1003.75;   12.1;   50.08;   19.1;    2.7;   -1.4;eor
       7341;20190417;   10;   6.3;   1.8;    3;   0.2;   4;    6.000;   0;   7.1;   9.1; 1007.80;   13.2;   62.83;   19.1;    9.6;    4.3;eor
       7341;20190418;   10;  10.8;   2.9;    3;   0.0;   0;   12.317;   0;   4.0;   7.4; 1010.04;   15.0;   45.79;   22.1;    7.5;    3.5;eor
       7341;20190419;   10;   9.0;   2.2;    3;   0.0;   0;   13.317;   0;   0.4;   7.0; 1012.85;   15.7;   43.46;   24.0;    6.3;    1.7;eor
       7341;20190420;   10;   8.6;   2.0;    3;   0.0;   0;   13.267;   0;   0.0;   7.2; 1012.44;   16.7;   43.67;   25.0;    5.9;    2.3;eor
       7341;20190421;   10;  13.5;   1.9;    3;   0.0;   0;   13.333;   0;   0.0;   6.9; 1005.09;   16.2;   42.21;   24.8;    6.3;    2.1;eor
       7341;20190422;   10;   9.8;   2.7;    3;   0.0;   0;   12.933;   0;   4.5;   6.8;  994.87;   16.6;   42.33;   24.8;    5.1;    1.4;eor
       7341;20190423;   10;   9.9;   2.7;    3;   0.0;   0;    8.183;   0;   7.3;   8.8;  985.79;   16.2;   48.38;   22.6;    9.2;    7.1;eor
       7341;20190424;   10;  22.4;   2.8;    3;   1.2;   6;   10.433;   0;   5.8;  10.4;  988.89;   16.3;   59.21;   25.0;    6.8;    4.1;eor
       7341;20190425;   10;  12.5;   2.8;    3;   0.2;   6;    7.833;   0;   4.3;   8.9;  994.29;   15.3;   58.38;   26.0;    4.8;    2.0;eor
       7341;20190426;   10;   7.1;   2.2;    3;   4.5;   6;    0.000;   0;   7.0;  10.8;  999.76;   10.2;   86.67;   12.0;    8.4;    6.3;eor
       7341;20190427;   10;  13.7;   2.5;    3;   9.7;   8;    4.167;   0;   6.6;  10.2; 1000.91;    9.2;   87.58;   13.8;    6.1;    3.6;eor
       7341;20190428;   10;   7.6;   2.1;    3;   0.0;   6;    4.533;   0;   6.6;   7.9; 1005.10;    8.3;   73.92;   13.7;    3.4;    1.3;eor
       7341;20190429;   10;   9.9;   1.4;    3;   1.9;   6;    4.433;   0;   7.5;   8.7; 1007.61;    8.5;   79.79;   15.2;    1.1;   -0.2;eor
       7341;20190430;   10;   9.4;   2.7;    3;   0.0;   0;   13.167;   0;   2.3;   8.4; 1005.25;   12.8;   59.96;   18.6;    6.6;    3.9;eor
       7341;20190501;   10;   5.6;   1.2;    3;   0.0;   0;   10.600;-999;   1.9;   8.6; 1001.19;   12.5;   64.08;   21.2;    3.9;    1.9;eor
       7341;20190502;   10;  10.2;   2.1;    3;   0.0;   6;    8.533;-999;   6.4;   9.1;  995.58;   13.0;   63.58;   19.3;    5.7;    3.4;eor
       7341;20190503;   10;  11.5;   3.0;    3;   3.5;   6;    5.550;-999;   6.5;   7.3;  996.56;   11.3;   55.63;   14.9;    7.2;    4.0;eor
       7341;20190504;   10;  10.8;   2.1;    3;   2.9;   8;    2.133;-999;   6.7;   7.0;  995.25;    5.9;   75.38;    9.5;    2.1;    0.1;eor
       7341;20190505;   10;   7.5;   1.6;    3;   0.0;   6;    5.667;-999;   4.6;   6.1; 1003.92;    6.0;   67.54;   10.6;   -1.2;   -3.0;eor
       7341;20190506;   10;   8.4;   2.0;    3;   0.0;   6;    4.967;-999;   6.5;   6.2; 1006.10;    8.2;   58.17;   11.8;    3.1;    0.0;eor
       7341;20190507;   10;   6.0;   1.3;    3;   0.0;   6;    4.150;-999;   7.6;   6.9; 1003.11;    9.3;   61.25;   14.6;    5.3;    3.3;eor
       7341;20190508;   10;   9.1;   2.4;    3;   6.3;   6;    0.150;-999;   7.5;  10.3;  990.31;    9.3;   85.96;   12.9;    3.7;    1.6;eor
       7341;20190509;   10;   8.3;   2.5;    3;   7.4;   6;    1.283;-999;   7.1;  11.4;  986.95;   10.2;   91.00;   13.0;    6.4;    3.7;eor
       7341;20190510;   10;  10.5;   2.9;    3;  15.2;   6;    9.417;-999;   5.7;   9.2;  995.60;   13.2;   63.75;   18.7;    8.2;    6.3;eor
       7341;20190511;   10;  11.5;   2.4;    3;   4.5;   6;    0.000;-999;   7.7;  11.1;  998.10;    9.8;   91.08;   11.6;    6.0;    3.6;eor
       7341;20190512;   10;   9.7;   2.6;    3;   0.0;   0;    8.200;-999;   2.5;   7.2; 1016.21;    9.2;   64.67;   15.0;    4.1;    1.3;eor
       7341;20190513;   10;   9.6;   2.7;    3;   0.0;   0;   13.983;-999;   1.1;   6.1; 1020.98;   10.2;   52.58;   16.4;    4.3;    1.1;eor
       7341;20190514;   10;  11.4;   3.4;    3;   0.0;   0;   11.850;-999;   2.2;   6.0; 1016.04;   10.2;   50.79;   15.4;    4.1;    0.6;eor
       7341;20190515;   10;  13.3;   3.1;    3;   0.0;   6;   11.200;-999;   4.1;   5.6; 1010.08;    9.2;   52.33;   15.1;    0.9;   -1.8;eor
       7341;20190516;   10;   9.4;   2.5;    3;   0.7;   6;    3.633;-999;   7.8;   8.3; 1001.42;   10.2;   67.21;   14.8;    8.1;    7.3;eor
       7341;20190517;   10;   8.4;   2.3;    3;   0.0;   6;    6.633;-999;   6.7;  10.6;  993.38;   12.7;   74.33;   18.3;    8.1;    7.2;eor
       7341;20190518;   10;  10.4;   1.7;    3;   3.9;   6;    7.883;-999;   7.8;  12.3;  991.39;   15.1;   74.33;   22.7;    8.2;    5.3;eor
       7341;20190519;   10;   7.2;   1.4;    3;   0.0;   6;    7.333;-999;   7.2;  13.3;  989.79;   16.5;   73.29;   24.3;   11.3;    8.5;eor
       7341;20190520;   10;   9.9;   2.2;    3;  23.0;   6;    2.117;-999;   7.4;  13.5;  990.38;   14.5;   81.96;   19.7;    9.1;    6.8;eor
       7341;20190521;   10;  11.5;   4.0;    3;   4.8;   6;    0.017;-999;   7.8;  13.1;  995.48;   13.5;   84.71;   15.7;   11.9;   11.6;eor
       7341;20190522;   10;   8.0;   2.3;    3;   0.0;   0;    5.350;-999;   6.2;  11.1; 1004.19;   13.3;   73.46;   17.5;    7.3;    4.8;eor
       7341;20190523;   10;   7.1;   1.4;    3;   0.0;   0;   11.400;-999;   7.7;  10.1; 1004.45;   14.2;   67.08;   21.5;    6.1;    3.8;eor
       7341;20190524;   10;   4.2;   1.1;    3;   0.0;   6;    9.167;-999;   6.8;  11.3; 1000.57;   16.6;   64.38;   24.0;    8.5;    6.1;eor
       7341;20190525;   10;   7.2;   1.9;    3;   0.0;   0;   10.683;-999;   4.7;  10.9; 1001.06;   17.2;   58.54;   22.8;   11.2;    8.1;eor
       7341;20190526;   10;   8.4;   2.0;    3;   0.0;   6;   11.850;-999;   5.5;  11.1; 1000.44;   16.8;   61.67;   23.3;    8.0;    5.7;eor
       7341;20190527;   10;   7.1;   2.2;    3;   6.1;   6;    1.333;-999;   7.3;  14.0;  995.41;   15.5;   79.54;   19.9;   11.2;    9.2;eor
       7341;20190528;   10;  12.9;   1.6;    3;   2.3;   6;    3.183;-999;   7.7;  12.6;  994.48;   13.4;   82.25;   18.9;   10.0;    8.7;eor
       7341;20190529;   10;   6.8;   2.2;    3;   0.0;   0;    9.983;-999;   4.1;  10.2; 1006.26;   13.6;   67.21;   18.7;    9.7;    7.2;eor
       7341;20190530;   10;   8.9;   2.2;    3;   0.0;   6;    7.933;-999;   6.4;  11.7; 1010.51;   15.5;   68.75;   21.4;    7.4;    5.5;eor
       7341;20190531;   10;   8.0;   1.5;    3;   0.0;   0;    7.483;-999;   6.8;  14.3; 1010.31;   19.4;   65.79;   25.3;   13.4;    9.9;eor
       7341;20190601;   10;   6.5;   1.2;    3;   0.0;   0;   14.083;-999;   6.3;  14.4; 1007.37;   20.3;   65.00;   28.3;   11.6;    8.7;eor
       7341;20190602;   10;   8.7;   2.0;    3;   0.0;   0;   14.700;-999;   2.4;  13.7; 1001.89;   22.5;   56.63;   30.7;   12.6;    9.1;eor
       7341;20190603;   10;  17.4;   2.1;    3;   5.6;   6;   10.033;-999;   4.0;  16.8;  999.58;   20.7;   71.58;   30.8;   14.2;   10.7;eor
       7341;20190604;   10;  10.8;   2.3;    3;   0.0;   6;   13.617;-999;   4.0;  16.3;  996.26;   22.5;   63.83;   30.2;   13.0;   10.5;eor
       7341;20190605;   10;  12.4;   1.8;    3;   2.0;   6;   12.167;-999;   3.9;  17.0;  991.53;   23.4;   60.96;   30.0;   16.5;   13.4;eor
       7341;20190606;   10;  13.1;   2.6;    3;   1.3;   6;    0.817;-999;   6.5;  13.3;  998.59;   14.7;   80.13;   22.2;    8.7;    6.0;eor
       7341;20190607;   10;  19.5;   2.7;    3;   5.1;   6;    7.833;-999;   5.1;  13.0;  998.90;   15.2;   78.08;   25.7;    7.4;    4.9;eor
       7341;20190608;   10;  17.0;   3.9;    3;   0.0;   0;    8.517;-999;   5.8;  10.1; 1007.32;   15.6;   58.25;   21.0;    9.4;    6.3;eor
       7341;20190609;   10;   6.0;   1.7;    3;   0.0;   6;   10.633;-999;   6.5;  11.6; 1006.95;   17.2;   62.00;   24.2;    7.2;    4.5;eor
       7341;20190610;   10;   6.9;   2.1;    3;  12.6;   6;    3.800;-999;   7.9;  15.8;  999.13;   18.7;   74.25;   22.7;   14.7;   13.3;eor
       7341;20190611;   10;   5.6;   1.5;    3;   0.0;   0;    2.900;-999;   7.5;  15.2;  996.85;   17.8;   76.42;   21.8;   13.8;   13.3;eor
       7341;20190612;   10;  12.6;   2.1;    3;   9.8;   6;    5.700;-999;   6.1;  14.8;  996.12;   16.6;   79.38;   20.6;   12.9;   10.9;eor
       7341;20190613;   10;   9.0;   2.3;    3;   0.0;   0;   11.500;-999;   3.9;  12.5; 1000.32;   17.8;   64.29;   24.6;   11.4;    8.5;eor
       7341;20190614;   10;   9.7;   1.4;    3;   0.1;   6;    3.733;-999;   5.9;  15.7; 1000.50;   18.3;   75.25;   25.6;   10.4;    7.8;eor
       7341;20190615;   10;  11.8;   2.4;    3;   0.6;   6;    8.533;-999;   5.5;  15.4;  998.90;   19.7;   69.88;   25.9;   13.4;   11.0;eor
       7341;20190616;   10;   6.0;   1.6;    3;   1.3;   6;    4.933;-999;   5.5;  15.3; 1006.22;   17.9;   76.08;   23.5;   13.2;   10.0;eor
       7341;20190617;   10;   9.8;   1.6;    3;   0.0;   0;   14.183;-999;   1.5;  14.7; 1005.41;   19.8;   67.42;   26.7;   11.4;    8.7;eor
       7341;20190618;   10;   8.0;   1.8;    3;   0.0;   0;   10.933;-999;   6.0;  16.8; 1000.04;   22.4;   65.04;   29.5;   13.7;   10.6;eor
       7341;20190619;   10;  10.0;   2.1;    3;   3.0;   6;   12.350;-999;   5.1;  16.4;  995.15;   24.3;   58.58;   31.7;   15.9;   13.4;eor
       7341;20190620;   10;  11.4;   2.3;    3;  17.7;   8;    7.550;-999;   6.7;  18.1;  998.46;   19.8;   80.00;   26.2;   14.8;   13.1;eor
       7341;20190621;   10;   6.8;   1.7;    3;   0.0;   4;   11.417;-999;   4.4;  14.2; 1003.90;   18.9;   67.50;   25.0;   14.0;   11.6;eor
       7341;20190622;   10;  10.7;   2.2;    3;  19.4;   8;    9.767;-999;   5.8;  15.6; 1004.13;   18.9;   72.33;   26.6;   13.1;   10.1;eor
       7341;20190623;   10;   9.0;   2.1;    3;   0.0;   0;   12.417;-999;   4.6;  17.0; 1004.08;   22.0;   67.88;   28.6;   14.4;   12.7;eor
       7341;20190624;   10;   8.5;   2.3;    3;   0.0;   0;   15.333;-999;   5.7;  18.1; 1005.28;   24.0;   63.96;   30.7;   16.1;   13.6;eor
       7341;20190625;   10;   8.0;   1.8;    3;   0.0;   0;   13.600;-999;   5.1;  20.7; 1004.98;   25.6;   66.21;   34.0;   16.6;   14.2;eor
       7341;20190626;   10;   7.9;   1.6;    3;   0.0;   0;   14.650;-999;   0.0;  21.7; 1007.44;   28.4;   59.33;   35.4;   19.3;   16.8;eor
       7341;20190627;   10;   8.6;   3.2;    3;   0.0;   0;   14.333;-999;   0.3;  13.9; 1009.82;   24.2;   48.00;   29.4;   17.2;   12.6;eor
       7341;20190628;   10;   7.3;   2.3;    3;   0.0;   0;   15.400;-999;   0.0;  13.0; 1009.03;   20.8;   55.50;   27.9;   14.5;   11.1;eor
       7341;20190629;   10;   7.3;   1.7;    3;   0.0;   0;   15.400;-999;   0.0;  12.6; 1004.93;   23.0;   50.17;   32.2;   12.6;    8.8;eor
       7341;20190630;   10;   8.9;   2.1;    3;   0.2;   6;   14.550;-999;   1.1;  17.1; 1000.01;   27.4;   51.04;   37.7;   14.1;   10.8;eor
       7341;20190701;   10;   9.1;   2.3;    3;   0.4;   8;    6.500;-999;   6.4;  15.8; 1002.28;   24.1;   53.46;   28.4;   18.8;   16.4;eor
       7341;20190702;   10;   8.5;   2.3;    3;   0.0;   0;   14.283;-999;   1.3;  11.1; 1006.73;   20.0;   49.04;   25.1;   13.4;    9.6;eor
       7341;20190703;   10;   9.8;   2.4;    3;   0.0;   0;   15.033;-999;   1.6;   9.8; 1008.19;   18.7;   47.58;   24.6;   12.0;    8.7;eor
       7341;20190704;   10;   6.2;   1.8;    3;   0.0;   0;   14.783;-999;   2.1;   9.6; 1007.72;   18.7;   46.92;   26.1;   11.6;    8.3;eor
       7341;20190705;   10;   8.2;   1.4;    3;   0.0;   0;    7.550;-999;   7.0;  11.7; 1002.60;   20.9;   50.50;   29.1;   13.3;   10.4;eor
       7341;20190706;   10;  12.6;   2.8;    3;   0.0;   6;    9.467;-999;   5.5;  11.7;  996.61;   23.6;   45.04;   32.1;   14.5;   12.1;eor
       7341;20190707;   10;   9.2;   2.5;    3;   2.4;   6;    4.500;-999;   6.5;  12.0;  999.07;   18.3;   58.46;   22.9;   12.3;    8.1;eor
       7341;20190708;   10;   9.0;   2.1;    3;   0.0;   0;   11.200;-999;   4.1;   9.6; 1003.98;   15.6;   56.33;   20.7;    9.9;    6.2;eor
       7341;20190709;   10;   8.4;   2.0;    3;   0.0;   0;    9.050;-999;   5.5;   9.3; 1005.50;   14.4;   59.46;   20.2;    8.6;    5.1;eor
       7341;20190710;   10;   9.6;   1.6;    3;   0.0;   6;   13.900;-999;   6.3;   8.7; 1004.40;   17.6;   49.83;   26.2;    6.6;    3.4;eor
       7341;20190711;   10;   6.3;   1.5;    3;   4.6;   6;    0.117;-999;   7.8;  15.2; 1000.53;   16.9;   79.17;   19.1;   14.2;   12.3;eor
       7341;20190712;   10;  11.8;   1.7;    3;   4.3;   6;    3.317;-999;   6.8;  16.9;  998.03;   16.6;   89.29;   21.0;   12.8;   10.5;eor
       7341;20190713;   10;   9.1;   1.8;    3;   7.3;   6;    1.967;-999;   6.8;  16.7; 1002.15;   16.8;   87.63;   21.3;   14.3;   12.7;eor
       7341;20190714;   10;  10.1;   2.4;    3;   0.0;   0;    3.167;-999;   7.5;  13.5; 1003.66;   16.6;   72.75;   21.0;   12.9;   10.0;eor
       7341;20190715;   10;   7.8;   2.3;    3;   0.0;   0;    5.300;-999;   6.2;  12.7; 1003.73;   17.0;   66.58;   22.2;   11.5;    8.9;eor
       7341;20190716;   10;   6.0;   1.5;    3;   0.0;   0;   13.100;-999;   4.0;  12.3; 1003.16;   17.5;   64.54;   25.1;    8.7;    6.1;eor
       7341;20190717;   10;   6.6;   2.1;    3;   0.0;   0;   12.333;-999;   3.7;  13.4; 1000.30;   18.8;   64.54;   26.1;   11.6;    8.9;eor
       7341;20190718;   10;   7.1;   1.6;    3;   0.6;   6;    6.400;-999;   7.9;  14.0;  998.30;   20.3;   62.75;   28.7;   12.4;   10.5;eor
       7341;20190719;   10;   8.8;   1.8;    3;   1.1;   6;    3.567;-999;   7.8;  16.9; 1000.44;   20.5;   71.83;   26.4;   16.3;   13.6;eor
       7341;20190720;   10;  11.0;   2.4;    3;   0.0;   6;    9.850;-999;   7.3;  16.7;  999.08;   24.0;   60.33;   32.7;   14.5;   11.8;eor
       7341;20190721;   10;   9.9;   2.1;    3;   0.0;   0;    8.067;-999;   6.5;  15.3; 1005.67;   23.4;   56.25;   30.0;   16.7;   13.6;eor
       7341;20190722;   10;   8.8;   1.3;    3;   0.0;   0;   12.700;-999;   5.9;  14.0; 1008.87;   23.4;   53.42;   31.6;   14.3;   12.1;eor
       7341;20190723;   10;   8.2;   1.6;    3;   0.0;   0;   14.200;-999;  -999;  15.1; 1006.08;   25.7;   50.29;   34.6;   16.2;   13.8;eor
       7341;20190724;   10;   6.1;   1.4;    3;   0.0;   0;   14.400;-999;   1.0;  16.0; 1001.44;   28.1;   47.38;   37.9;   17.7;   14.9;eor
       7341;20190725;   10;   7.8;   1.7;    3;   0.0;   0;   13.917;-999;   1.1;  15.3; 1000.40;   29.9;   42.63;   39.9;   19.0;   16.3;eor
       7341;20190726;   10;   6.3;   1.7;    3;   0.0;   0;   10.617;-999;   3.9;  14.2;  994.60;   29.8;   36.38;   38.1;   19.9;   16.6;eor
       7341;20190727;   10;  10.3;   1.6;    3;   6.1;   6;    2.417;-999;   8.0;  21.1;  988.73;   23.6;   73.04;   26.6;   18.2;   18.0;eor
       7341;20190728;   10;   7.7;   1.3;    3;   7.8;   6;    1.833;-999;   7.9;  21.1;  988.63;   20.2;   89.33;   26.6;   17.7;   17.5;eor
       7341;20190729;   10;   4.4;   1.2;    3;   0.0;   0;    2.467;-999;   6.3;  18.2;  996.68;   21.0;   75.50;   26.1;   16.4;   15.8;eor
       7341;20190730;   10;   9.2;   1.8;    3;   0.0;   6;    9.850;-999;   3.1;  16.7;  998.51;   23.2;   63.08;   30.8;   15.9;   14.4;eor
       7341;20190731;   10;  11.3;   2.6;    3;   0.0;   6;    7.717;-999;   4.5;  13.4; 1002.06;   21.7;   53.17;   26.8;   13.8;   11.5;eor
       7341;20190801;    3;   7.3;   1.4;    3;   0.0;   0;    9.833;-999;   5.2;  12.5; 1003.12;   20.2;   56.67;   27.1;   12.5;   10.4;eor
       7341;20190802;    3;  11.2;   1.2;    3;  10.2;   6;    4.200;-999;   7.7;  16.0; 1000.75;   19.4;   72.08;   25.6;   15.4;   13.6;eor
       7341;20190803;    3;   7.2;   2.1;    3;   0.0;   6;    6.517;-999;   4.7;  15.7; 1001.32;   20.1;   69.13;   25.3;   15.8;   14.8;eor
       7341;20190804;    3;   6.2;   1.5;    3;   0.0;   0;   12.950;-999;   3.5;  14.4; 1001.59;   21.0;   61.83;   28.5;   13.1;   11.3;eor
       7341;20190805;    3;   8.1;   1.9;    3;   0.1;   6;    4.350;-999;   7.9;  16.5;  997.81;   22.4;   62.83;   28.8;   17.0;   15.8;eor
       7341;20190806;    3;   6.7;   1.5;    3;  20.7;   8;    1.700;-999;   7.5;  18.7;  997.23;   20.3;   78.75;   25.3;   16.8;   15.3;eor
       7341;20190807;    3;   6.1;   1.7;    3;   0.2;   6;    3.000;-999;   7.2;  19.0;  995.28;   19.5;   84.42;   22.8;   17.0;   15.2;eor
       7341;20190808;    3;   7.5;   1.8;    3;   0.0;   0;    8.500;-999;   6.5;  16.3;  998.49;   21.0;   68.54;   27.1;   15.7;   14.2;eor
       7341;20190809;    3;   6.3;   1.6;    3;   4.7;   6;    2.917;-999;   6.3;  19.3;  996.18;   21.7;   76.38;   28.6;   14.1;   12.7;eor
       7341;20190810;    3;  13.8;   2.9;    3;   0.0;   0;    4.317;-999;   6.2;  17.4;  999.89;   21.9;   67.75;   27.1;   16.3;   13.4;eor
       7341;20190811;    3;   9.2;   2.0;    3;   0.7;   6;    8.117;-999;   5.8;  14.2; 1001.87;   19.5;   66.13;   27.1;   13.2;   11.0;eor
       7341;20190812;    3;  13.4;   2.0;    3;   6.9;   8;    8.733;-999;   5.5;  14.6; 1002.48;   17.4;   76.25;   24.5;   12.8;   11.7;eor
       7341;20190813;    3;   9.8;   2.3;    3;   0.0;   6;    8.583;-999;   5.6;  12.1; 1004.02;   16.8;   66.25;   22.1;   11.8;   10.5;eor
       7341;20190814;    3;   9.0;   1.8;    3;   0.8;   6;    8.417;-999;   5.2;  12.2; 1003.97;   17.3;   63.83;   23.1;   11.4;   10.1;eor
       7341;20190815;    3;  14.6;   2.5;    3;   1.5;   6;    1.250;-999;   7.8;  16.0;  999.63;   17.2;   81.58;   21.5;   13.9;   13.8;eor
       7341;20190816;    3;   7.9;   2.1;    3;   0.1;   6;    9.317;-999;   6.6;  14.3; 1002.75;   18.6;   69.38;   24.2;   13.1;   10.3;eor
       7341;20190817;    3;  10.5;   1.9;    3;   3.4;   6;    0.017;-999;   7.9;  16.9;  998.01;   18.1;   81.54;   22.9;   15.1;   14.2;eor
       7341;20190818;    3;  15.8;   2.7;    3;   8.5;   8;    3.833;-999;   7.4;  20.0;  994.82;   21.2;   82.17;   29.5;   17.0;   16.3;eor
       7341;20190819;    3;   7.4;   1.6;    3;   0.0;   0;    7.433;-999;   6.3;  15.1; 1002.83;   19.1;   71.67;   25.4;   14.9;   13.0;eor
       7341;20190820;    3;   3.9;   1.1;    3;   0.0;   0;    0.017;-999;   7.9;  13.6; 1009.02;   16.5;   73.83;   20.2;   12.2;    9.9;eor
       7341;20190821;    3;   5.0;   1.1;    3;   0.0;   6;   11.267;-999;   3.0;  12.4; 1013.25;   16.8;   69.46;   24.4;    9.5;    7.3;eor
       7341;20190822;    3;   6.7;   1.4;    3;   0.0;   0;   13.250;-999;   0.8;  12.1; 1011.48;   18.0;   64.46;   26.9;    9.4;    7.2;eor
       7341;20190823;    3;   7.9;   1.4;    3;   0.0;   0;   13.167;-999;   0.0;  12.4; 1010.10;   19.7;   60.38;   29.2;   10.2;    7.8;eor
       7341;20190824;    3;   5.4;   1.4;    3;   0.0;   0;   12.950;-999;   1.0;  14.8; 1006.20;   21.5;   61.79;   30.0;   11.4;    8.9;eor
       7341;20190825;    3;   5.5;   1.1;    3;   0.0;   0;   11.050;-999;   0.9;  18.4; 1004.15;   23.9;   65.67;   32.0;   16.4;   14.4;eor
       7341;20190826;    3;   5.9;   1.3;    3;   0.0;   4;   11.567;-999;   1.0;  18.9; 1003.34;   24.4;   65.79;   33.3;   16.9;   15.0;eor
       7341;20190827;    3;   4.8;   1.2;    3;   0.0;   0;   11.000;-999;   1.6;  18.6; 1001.68;   24.8;   63.50;   33.3;   17.0;   15.0;eor
       7341;20190828;    3;   7.3;   1.5;    3;   0.0;   0;    7.883;-999;   6.8;  17.5; 1000.93;   24.7;   61.08;   33.9;   18.1;   16.6;eor
       7341;20190829;    3;  18.4;   1.3;    3;  28.4;   8;    8.300;-999;   5.2;  20.5; 1003.71;   22.9;   75.58;   32.0;   17.0;   15.0;eor
       7341;20190830;    3;   6.6;   1.3;    3;   0.0;   0;   11.983;-999;   0.6;  16.3; 1006.85;   22.6;   63.92;   30.0;   16.4;   14.1;eor
       7341;20190831;    3;   7.9;   1.9;    3;   0.2;   6;   12.467;-999;   0.8;  16.3;  999.96;   23.9;   58.21;   33.0;   14.5;   13.0;eor
       7341;20190901;    3;   8.9;   2.3;    3;   0.0;   0;    4.583;-999;   7.2;  15.6;  999.93;   20.0;   67.08;   24.6;   13.0;   10.2;eor
       7341;20190902;    3;   7.0;   1.5;    3;   0.0;   0;   10.717;-999;   1.0;  10.3; 1008.30;   15.6;   62.79;   22.8;    9.1;    7.0;eor
       7341;20190903;    3;   7.8;   1.7;    3;   0.0;   0;   12.483;-999;   2.5;  10.3; 1009.40;   16.5;   60.13;   25.6;    6.5;    4.8;eor
       7341;20190904;    3;   8.9;   1.9;    3;   0.4;   6;   12.117;-999;   2.3;  12.7; 1002.68;   18.4;   63.83;   26.5;    9.3;    7.2;eor
       7341;20190905;    3;  11.5;   2.5;    3;   0.0;   6;    4.633;-999;   7.1;  12.0; 1005.40;   16.5;   65.08;   20.8;   11.9;    8.9;eor
       7341;20190906;    3;  10.5;   1.5;    3;   0.0;   0;   12.033;-999;   4.8;   9.4; 1008.92;   13.8;   62.79;   21.4;    7.4;    4.5;eor
       7341;20190907;    3;   3.4;   1.0;    3;   3.8;   6;    0.317;-999;   7.9;  12.3; 1004.92;   11.8;   88.67;   15.4;    8.9;    6.8;eor
       7341;20190908;    3;   5.6;   1.3;    3;   2.1;   6;    0.000;-999;   7.9;  13.6; 1003.15;   12.7;   92.96;   14.7;   11.4;   10.6;eor
       7341;20190909;    3;   5.7;   1.4;    3;   0.3;   6;    1.017;-999;   7.8;  12.8; 1001.06;   12.9;   86.83;   17.5;    8.8;    6.7;eor
       7341;20190910;    3;   4.2;   1.1;    3;   0.0;   4;    5.733;-999;   3.3;  11.2; 1003.88;   12.8;   79.79;   20.7;    7.7;    5.2;eor
       7341;20190911;    3;  10.5;   1.6;    3;   0.0;   6;    8.500;-999;   3.3;  10.8; 1009.28;   15.0;   67.67;   23.1;    5.5;    3.4;eor
       7341;20190912;    3;   8.4;   2.0;    3;   0.0;   6;    4.517;-999;   5.4;  15.6; 1014.40;   18.7;   72.04;   24.5;   14.7;   11.2;eor
       7341;20190913;    3;   5.1;   1.5;    3;   0.0;   0;    1.533;-999;   5.5;  15.8; 1017.11;   17.7;   79.17;   23.2;   13.3;    9.4;eor
       7341;20190914;    3;   6.8;   1.7;    3;   0.0;   0;   11.650;-999;   3.0;  12.4; 1016.45;   16.5;   68.33;   24.2;   10.8;    7.6;eor
       7341;20190915;    3;   6.9;   1.2;    3;   0.0;   0;   11.800;-999;  -999;  12.5; 1009.10;   17.1;   68.25;   27.7;    8.3;    5.5;eor
       7341;20190916;    3;   5.4;   1.1;    3;   0.5;   6;    0.100;-999;   7.2;  13.4; 1005.43;   15.9;   75.71;   21.9;    8.7;    5.5;eor
       7341;20190917;    3;   9.5;   2.6;    3;   0.0;   0;    8.850;-999;   6.6;  10.9; 1006.15;   16.1;   59.88;   19.9;   10.8;    6.6;eor
       7341;20190918;    3;   7.3;   1.7;    3;   0.0;   0;   10.733;-999;   2.1;   8.2; 1011.28;   11.6;   63.08;   18.3;    4.8;    1.1;eor
       7341;20190919;    3;   7.5;   1.9;    3;   0.0;   0;   10.850;-999;   4.8;   7.8; 1014.65;   11.0;   62.88;   17.2;    4.7;    0.9;eor
       7341;20190920;    3;   5.5;   1.3;    3;   0.0;   0;   11.183;-999;   4.3;   7.8; 1013.53;   10.5;   65.58;   19.3;    2.7;    0.1;eor
       7341;20190921;    3;   7.3;   1.6;    3;   0.0;   0;   11.483;-999;   0.0;   8.3; 1005.80;   13.1;   62.25;   24.3;    3.1;    0.3;eor
       7341;20190922;    3;   5.3;   1.1;    3;   6.7;   6;    8.133;-999;   5.4;  10.8;  997.33;   15.3;   65.75;   24.9;    5.6;    2.8;eor
       7341;20190923;    3;   8.9;   1.6;    3;   7.6;   6;    0.483;-999;   6.9;  15.7; 1000.75;   15.2;   91.13;   18.8;   10.8;    8.6;eor
       7341;20190924;    3;   8.3;   1.5;    3;   2.3;   6;    1.017;-999;   7.1;  14.0;  998.25;   13.6;   90.38;   19.3;    8.0;    6.7;eor
       7341;20190925;    3;   9.4;   2.5;    3;   1.3;   6;    1.883;-999;   7.7;  14.9;  994.12;   15.5;   85.29;   19.1;   13.8;   13.1;eor
       7341;20190926;    3;   8.2;   2.4;    3;   2.3;   6;    0.033;-999;   7.6;  16.6;  997.72;   15.9;   91.58;   18.0;   13.4;   11.7;eor
       7341;20190927;    3;   8.9;   2.7;    3;   6.9;   6;    0.350;-999;   6.8;  15.7;  997.68;   15.1;   91.71;   17.3;   11.1;    9.1;eor
       7341;20190928;    3;  11.7;   3.0;    3;   0.0;   6;    2.450;-999;   7.2;  13.5; 1000.44;   15.0;   80.08;   18.8;   11.5;   10.4;eor
       7341;20190929;    3;  14.7;   3.7;    3;  11.7;   6;    1.017;-999;   7.9;  14.0;  992.45;   16.3;   75.33;   19.9;   13.9;   12.2;eor
       7341;20190930;    3;  15.0;   4.5;    3;   0.6;   6;    1.717;-999;   7.2;  12.5;  996.05;   15.3;   72.63;   18.3;   11.5;    9.4;eor
       7341;20191001;    3;  10.2;   2.7;    3;   5.1;   6;    0.217;-999;   8.0;  15.1;  991.08;   15.1;   87.42;   19.3;   11.5;   10.3;eor
       7341;20191002;    3;  11.6;   3.1;    3;   0.3;   6;    1.733;   0;   5.7;  11.0;  994.70;   12.7;   73.88;   15.6;    7.8;    4.7;eor
       7341;20191003;    3;   9.3;   2.3;    3;   0.6;   6;    4.067;   0;   6.5;  10.5; 1003.60;   10.2;   83.88;   14.0;    7.7;    6.0;eor
       7341;20191004;    3;   7.6;   1.9;    3;   5.4;   6;    0.000;   0;   7.8;  11.6;  994.67;    9.9;   94.58;   12.0;    7.7;    7.0;eor
       7341;20191005;    3;   9.6;   2.3;    3;   0.0;   0;    0.883;   0;   7.8;  10.3;  999.97;   10.6;   80.58;   13.8;    6.1;    3.7;eor
       7341;20191006;    3;   6.8;   1.9;    3;  13.5;   6;    0.000;   0;   7.8;  10.0; 1000.80;    8.1;   92.42;    8.9;    6.1;    4.5;eor
       7341;20191007;    3;   5.1;   1.6;    3;   0.7;   6;    0.017;   0;   7.9;  10.9; 1003.53;    9.9;   89.25;   11.8;    7.9;    7.7;eor
       7341;20191008;    3;  11.4;   3.0;    3;  15.1;   6;    0.000;   0;   7.3;  13.6;  996.79;   12.4;   94.38;   13.5;   11.0;    9.1;eor
       7341;20191009;    3;  11.1;   2.9;    3;   6.4;   6;    2.000;   0;   7.4;  12.2;  996.34;   11.6;   89.00;   14.9;    9.4;    7.6;eor
       7341;20191010;    3;  10.9;   3.3;    3;   0.1;   6;    4.133;   0;   6.0;  11.1; 1000.76;   11.9;   80.71;   16.4;    9.1;    7.6;eor
       7341;20191011;    3;   9.4;   2.3;    3;   0.0;   0;    0.467;   0;   7.5;  12.4; 1002.52;   12.3;   86.75;   17.9;    6.3;    3.9;eor
       7341;20191012;    3;  11.0;   2.3;    3;   0.2;   6;    6.650;   0;   3.3;  14.0;  999.44;   15.1;   82.25;   22.4;    7.5;    4.7;eor
       7341;20191013;    3;  10.6;   2.0;    3;   0.0;   0;    8.233;   0;   4.1;  15.9;  999.12;   18.0;   79.67;   25.4;   12.5;   10.2;eor
       7341;20191014;    3;   6.6;   1.5;    3;   0.0;   0;    9.717;   0;   3.4;  15.1;  998.56;   17.0;   80.63;   25.4;   11.4;    8.7;eor
       7341;20191015;    3;   9.9;   1.8;    3;   5.2;   6;    3.750;   0;   7.0;  14.8;  993.63;   15.1;   87.13;   21.6;   10.7;    8.5;eor
       7341;20191016;    3;   9.3;   2.7;    3;   1.0;   6;    1.433;   0;   7.5;  12.9;  998.65;   12.6;   88.04;   14.0;   11.3;   10.0;eor
       7341;20191017;    3;   8.3;   2.2;    3;   6.9;   6;    0.550;   0;   7.8;  14.0;  998.94;   14.5;   85.13;   17.9;   10.6;    9.5;eor
       7341;20191018;    3;  13.0;   2.7;    3;   3.1;   6;    2.867;   0;   6.3;  13.3;  996.88;   13.5;   85.83;   17.3;    9.1;    6.9;eor
       7341;20191019;    3;   9.9;   2.2;    3;   3.2;   6;    0.033;   0;   7.8;  13.1;  994.76;   12.9;   88.25;   16.3;    8.9;    7.7;eor
       7341;20191020;    1;   4.7;   1.4;    1;   0.8;   6;    0.533;   0;   7.8;  15.5;  994.53;   14.7;   93.13;   17.6;   12.7;   11.9;eor
       7341;20191021;    1;   7.4;   1.5;    1;   0.2;   6;    0.433;   0;   7.6;  14.4; 1003.75;   14.6;   87.33;   18.5;   12.0;    9.8;eor
       7341;20191022;    1;   3.3;   1.0;    1;   0.0;   0;    5.683;   0;   6.8;  12.3; 1009.32;   12.6;   85.25;   17.4;    9.0;    6.4;eor
       7341;20191023;    1;   6.2;   1.6;    1;   0.0;   0;    0.000;   0;   6.7;  12.7; 1001.68;   11.8;   91.83;   15.4;    8.0;    5.7;eor
       7341;20191024;    1;   5.2;   1.4;    1;   0.0;   0;    2.800;   0;   7.9;  14.0;  997.45;   13.3;   91.58;   18.6;    8.8;    6.3;eor
       7341;20191025;    1;   8.7;   2.5;    1;   0.0;   0;    5.483;   0;   7.0;  12.4; 1006.47;   13.7;   80.25;   17.5;    9.2;    6.4;eor
       7341;20191026;    1;   6.4;   1.5;    1;   0.0;   0;    8.250;   0;   8.0;  11.9; 1004.72;   11.6;   87.83;   18.5;    5.9;    3.3;eor
       7341;20191027;    1;   8.4;   1.8;    1;   6.5;   6;    0.367;   0;   7.8;  11.4; 1005.51;   10.1;   91.67;   15.6;    5.1;    2.2;eor
       7341;20191028;    1;   4.0;   1.3;    1;   0.0;   0;    0.050;   0;   8.0;   8.4; 1008.85;    4.6;   98.58;    6.6;    1.8;   -0.8;eor
       7341;20191029;    1;   6.5;   1.8;    1;   0.0;   0;    1.483;   0;   6.3;   8.5; 1009.38;    6.2;   90.33;   10.0;    1.6;   -1.3;eor
       7341;20191030;    1;   6.0;   2.0;    1;   0.0;   0;    4.750;   0;   4.0;   6.6; 1012.09;    4.6;   79.42;    9.0;    0.0;   -3.1;eor
       7341;20191031;    1;   6.1;   1.9;    1;   0.0;   0;    8.967;   0;   1.4;   6.0; 1008.53;    3.2;   79.58;    9.8;   -0.9;   -3.8;eor
       7341;20191101;    1;   6.2;   2.3;    1;   9.6;   6;    0.000;   0;   7.8;   9.1;  996.50;    5.8;   95.42;   12.0;   -1.1;   -3.6;eor
       7341;20191102;    1;  11.2;   3.4;    1;   8.0;   6;    0.600;   0;   7.8;  13.7;  981.09;   13.7;   86.92;   17.6;   10.5;    9.8;eor
       7341;20191103;    1;   8.4;   3.0;    1;   1.2;   6;    1.200;   0;  -999;  12.5;  974.67;   12.3;   87.67;   15.1;   10.2;    9.5;eor
       7341;20191104;    1;  10.0;   3.1;    1;  11.9;   6;    0.917;   0;  -999;  11.5;  977.92;   10.6;   89.58;   12.5;    9.1;    7.2;eor
       7341;20191105;    1;   7.8;   2.1;    1;   0.4;   6;    4.133;   0;  -999;   9.9;  983.72;    9.4;   84.21;   12.9;    7.1;    4.9;eor
       7341;20191106;    1;   6.4;   2.1;    1;   0.1;   6;    0.267;   0;   8.0;  10.4;  988.36;    9.2;   89.46;   11.3;    6.7;    4.2;eor
       7341;20191107;    1;   8.8;   2.9;    1;   1.1;   6;    1.900;   0;   7.7;   9.7;  988.09;    8.5;   87.29;   10.9;    5.3;    3.4;eor
       7341;20191108;    1;   4.6;   1.1;    1;   9.3;   4;    0.000;   0;   7.8;   8.8;  992.02;    5.8;   95.33;    7.2;    4.2;    3.0;eor
       7341;20191109;    1;   8.1;   1.8;    1;   0.0;   0;    3.517;   0;   6.0;   8.2;  995.26;    5.4;   91.38;    9.6;    0.8;   -1.9;eor
       7341;20191110;    1;   4.1;   1.3;    1;   0.1;   4;    0.000;   0;   7.3;   6.9;  998.99;    2.1;   97.13;    4.0;   -0.7;   -2.6;eor
       7341;20191111;    1;   5.7;   2.2;    1;   2.8;   4;    0.000;   0;   7.8;   6.8;  996.55;    2.6;   92.38;    4.3;    1.6;    0.5;eor
       7341;20191112;    1;  11.7;   2.9;    1;   3.5;   6;    0.417;   0;   6.7;   7.9;  991.00;    5.1;   89.83;    8.0;    3.4;    1.2;eor
       7341;20191113;    1;   8.0;   2.2;    1;   0.0;   4;    0.133;   0;   7.8;   7.4;  989.72;    4.3;   89.29;    5.6;    1.5;   -1.1;eor
       7341;20191114;    1;   8.8;   2.5;    1;   0.0;   0;    5.567;   0;   7.3;   6.8;  989.06;    5.1;   78.00;    8.6;    1.0;   -1.8;eor
       7341;20191115;    1;   6.6;   1.6;    1;   0.9;   6;    0.650;   0;   8.0;   7.0;  987.00;    4.5;   83.25;    7.6;    2.7;    1.6;eor
       7341;20191116;    1;   4.4;   1.2;    1;   0.0;   6;    2.267;   0;   5.0;   7.5;  995.06;    3.7;   93.46;    7.8;   -0.4;   -2.7;eor
       7341;20191117;    1;   8.5;   1.8;    1;   0.8;   6;    0.000;   0;   7.8;   7.5;  993.25;    3.6;   94.58;    5.9;   -0.3;   -2.3;eor
       7341;20191118;    1;  10.3;   2.9;    1;   0.3;   6;    0.000;   0;   7.8;   7.8;  993.59;    4.7;   90.92;    5.7;    3.5;    2.9;eor
       7341;20191119;    1;   8.8;   1.7;    1;   1.8;   6;    0.367;   0;   7.3;   7.8; 1002.63;    4.6;   92.29;    7.7;    0.7;   -1.7;eor
       7341;20191120;    1;   3.8;   1.1;    1;   0.0;   0;    0.333;   0;   7.2;   6.7; 1002.74;    2.1;   94.92;    5.1;    0.0;   -2.5;eor
       7341;20191121;    1;   3.1;   0.8;    1;   0.0;   6;    0.017;   0;   8.0;   6.8;  996.20;    2.4;   94.00;    6.0;   -1.0;   -2.3;eor
       7341;20191122;    1;   6.7;   2.0;    1;   0.0;   0;    0.000;   0;   7.8;   7.0;  993.85;    3.3;   90.83;    5.7;   -0.9;   -2.6;eor
       7341;20191123;    1;   5.5;   1.9;    1;   0.0;   0;    1.750;   0;   8.0;   7.8;  986.24;    5.9;   85.13;   11.2;    1.5;   -1.3;eor
       7341;20191124;    1;   3.0;   0.7;    1;   0.0;   0;    1.733;   0;   7.9;   7.7;  992.73;    3.9;   95.13;    9.1;    1.4;   -0.9;eor
       7341;20191125;    1;   2.8;   0.9;    1;   0.3;   6;    0.000;   0;   7.9;   8.2;  996.55;    4.1;   99.13;    5.7;    1.4;   -0.5;eor
       7341;20191126;    1;   5.8;   1.6;    1;   0.3;   6;    0.000;   0;   7.9;  10.3;  992.68;    8.2;   94.33;   10.8;    5.6;    5.0;eor
       7341;20191127;    1;  14.3;   4.0;    1;   3.7;   6;    0.017;   0;   7.9;  10.2;  981.75;   10.0;   83.08;   12.9;    7.1;    5.9;eor
       7341;20191128;    1;  14.4;   5.0;    1;   8.1;   6;    1.267;   0;   7.5;  10.3;  982.16;   10.2;   82.50;   11.9;    8.9;    7.4;eor
       7341;20191129;    1;   8.8;   2.9;    1;   1.5;   6;    0.883;   0;   6.9;   8.1;  995.41;    7.0;   79.33;    9.2;    4.6;    0.7;eor
       7341;20191130;    1;   5.2;   1.4;    1;   0.0;   0;    3.833;   0;   4.4;   6.5; 1008.57;    3.1;   85.04;    6.9;   -2.0;   -4.7;eor
       7341;20191201;    1;   6.5;   2.1;    1;   0.0;   0;    0.000;   0;   8.0;   5.5; 1005.02;    1.5;   81.79;    3.8;   -2.0;   -3.9;eor
       7341;20191202;    1;   6.5;   1.6;    1;   0.1;   6;    2.583;   0;   5.4;   5.9; 1010.92;    1.4;   87.54;    5.9;   -3.0;   -5.7;eor
       7341;20191203;    1;   3.3;   1.0;    1;   0.1;   6;    0.000;   0;   7.6;   7.2; 1014.09;    2.8;   96.13;    5.3;    0.7;   -2.3;eor
       7341;20191204;    1;   3.8;   1.0;    1;   0.0;   0;    6.683;   0;   3.7;   5.8; 1008.92;    0.8;   90.21;    6.5;   -3.0;   -5.7;eor
       7341;20191205;    1;   6.0;   1.4;    1;   0.0;   0;    0.000;   0;   5.3;   5.2; 1007.90;   -2.2;   98.63;   -0.5;   -4.5;   -7.2;eor
       7341;20191206;    1;  11.1;   3.5;    1;   7.5;   6;    0.000;   0;   7.7;   6.7; 1002.02;    2.0;   93.17;    5.8;   -1.0;   -1.0;eor
       7341;20191207;    1;  11.9;   3.8;    1;   0.7;   6;    1.867;   0;   7.2;   9.4; 1000.15;    8.1;   87.50;   10.5;    5.7;    4.5;eor
       7341;20191208;    1;  16.2;   5.0;    1;   3.8;   6;    0.000;   0;   7.7;   9.7;  993.65;    9.3;   82.29;   11.4;    8.0;    5.6;eor
       7341;20191209;    1;  13.5;   4.3;    1;   2.4;   6;    0.633;   0;   7.0;   8.4;  990.45;    7.3;   82.21;    8.6;    5.2;    2.5;eor
       7341;20191210;    1;   8.9;   2.6;    1;   0.0;   0;    5.783;   0;   3.3;   6.3; 1009.88;    3.4;   80.75;    6.3;    0.8;   -2.3;eor
       7341;20191211;    1;   5.7;   1.9;    1;   8.0;   8;    0.000;   0;   7.8;   6.1;  997.52;    2.1;   86.42;    3.8;    1.0;    0.2;eor
       7341;20191212;    1;   7.3;   2.2;    1;   0.9;   8;    0.350;   0;   6.5;   7.2;  987.68;    3.2;   92.92;    5.8;    0.7;   -1.0;eor
       7341;20191213;    1;  11.6;   3.7;    1;   9.7;   6;    0.000;   0;   7.4;   7.1;  968.80;    3.4;   90.42;    6.2;    0.7;   -0.9;eor
       7341;20191214;    1;  15.7;   5.1;    1;   7.0;   6;    2.050;   0;   6.9;   7.7;  980.25;    6.9;   77.25;    8.7;    4.1;    3.3;eor
       7341;20191215;    1;  10.7;   3.4;    1;   4.0;   6;    0.033;   0;   7.8;   9.5;  990.09;    8.5;   85.42;   10.9;    6.5;    3.4;eor
       7341;20191216;    1;   4.2;   0.9;    1;   0.2;   6;    0.000;   0;   8.0;  10.3;  993.75;    7.6;   98.33;   10.9;    4.4;    1.7;eor
       7341;20191217;    1;   6.8;   1.0;    1;   0.5;   6;    1.433;   0;   7.6;   9.8;  992.31;    8.1;   90.78;   11.5;    5.2;    3.9;eor
       7341;20191218;    1;   7.5;   1.7;    1;   0.0;   0;    1.250;   0;   6.3;   9.9; 1002.15;    8.7;   88.33;   11.8;    2.5;    0.1;eor
       7341;20191219;    1;   5.0;   1.2;    1;   0.0;   0;    2.833;   0;   4.8;   8.1;  998.60;    4.6;   95.21;   10.0;    0.8;   -1.9;eor
       7341;20191220;    1;   9.0;   2.3;    1;   7.4;   6;    0.000;   0;   6.8;   8.5;  981.02;    5.0;   96.50;    8.9;    0.5;   -2.0;eor
       7341;20191221;    1;   7.5;   2.2;    1;   2.0;   6;    5.367;   0;   5.0;   8.5;  979.17;    6.5;   88.71;    9.9;    2.3;   -1.2;eor
       7341;20191222;    1;  12.4;   3.3;    1;   3.3;   6;    0.283;   0;   7.8;   9.0;  974.53;    6.9;   89.92;    9.9;    4.6;    3.9;eor
       7341;20191223;    1;  10.3;   3.3;    1;   0.0;   6;    1.917;   0;   6.4;   8.4;  993.22;    7.6;   80.79;   10.7;    5.0;    0.6;eor
       7341;20191224;    1;  13.5;   3.5;    1;   2.5;   6;    0.000;   0;   6.6;   8.6;  998.90;    7.0;   85.71;    9.4;    5.0;    1.4;eor
       7341;20191225;    1;   9.3;   3.0;    1;   1.3;   6;    0.683;   0;   7.3;   8.7; 1004.38;    7.3;   84.13;    8.9;    4.2;    0.6;eor
       7341;20191226;    1;   3.4;   1.1;    1;   1.4;   6;    1.567;   0;   7.8;   7.9; 1010.24;    4.8;   92.08;    7.0;    3.2;    1.0;eor
       7341;20191227;    1;   5.4;   1.5;    1;   0.3;   6;    0.000;   0;   7.4;   7.5; 1013.39;    4.3;   90.29;    6.2;   -0.9;   -3.7;eor
       7341;20191228;    1;   3.7;   1.1;    1;   0.0;   0;    5.517;   0;   7.3;   5.3; 1025.69;    0.0;   87.96;    4.1;   -2.9;   -5.4;eor
       7341;20191229;    1;   4.6;   1.2;    1;   0.0;   0;    6.667;   0;   6.4;   4.7; 1024.80;   -1.6;   87.46;    2.9;   -5.2;   -7.4;eor
       7341;20191230;    1;   5.1;   1.0;    1;   0.0;   0;    6.833;   0;  -999;   4.8; 1019.63;   -1.1;   86.04;    4.9;   -4.9;   -6.7;eor
       7341;20191231;    1;   5.8;   1.5;    1;   0.0;   0;    0.083;   0;   7.8;   5.6; 1019.29;   -0.1;   92.29;    1.9;   -2.1;   -4.2;eor
