STATIONS_ID;MESS_DATUM;QN_3;  FX;  FM;QN_4; RSK;RSKF; SDK;SHK_TAG;  NM; VPM;  PM; TMK; UPM; TXK; TNK; TGK;eor
       7351;20180703;   10;   9.4;   3.3;    3;   0.0;   0;   15.500;-999;   1.3;  10.3; 1001.89;   19.7;   48.25;   27.3;    9.7;    7.7;eor
       7351;20180704;   10;   9.0;   2.4;    3;   0.0;   0;   15.700;-999;   0.9;  11.6;  999.99;   20.4;   53.88;   29.3;    7.9;    5.9;eor
       7351;20180705;   10;  11.1;   3.2;    3;   0.0;   0;   15.550;-999;   1.3;  14.0;  997.51;   20.1;   63.46;   28.2;   11.6;   10.6;eor
       7351;20180706;   10;  11.2;   4.2;    3;   0.0;   0;    7.550;-999;   4.8;  12.1; 1000.93;   18.7;   57.83;   25.2;   13.3;   11.7;eor
       7351;20180707;   10;  10.8;   4.3;    3;   0.0;   0;   11.167;-999;   2.9;  11.6; 1004.46;   17.7;   59.29;   24.7;    9.9;    8.6;eor
       7351;20180708;   10;  10.9;   3.9;    3;   0.0;   0;    7.233;-999;   4.5;  15.4; 1005.59;   19.5;   68.38;   25.9;   13.4;   11.6;eor
       7351;20180709;   10;  10.2;   4.0;    3;   0.0;   0;    7.133;-999;   4.3;  12.7; 1003.73;   17.3;   65.42;   23.8;   12.3;   11.8;eor
       7351;20180710;   10;   6.7;   1.9;    3;  16.8;   6;    2.533;-999;   5.6;  12.3; 1001.95;   16.0;   68.58;   21.2;   11.0;   10.5;eor
       7351;20180711;   10;   6.7;   2.2;    3;  21.6;   6;    1.733;-999;   7.0;  16.9; 1000.54;   16.3;   90.67;   19.9;   13.9;   13.9;eor
       7351;20180712;   10;  11.0;   4.1;    3;   1.8;   6;    0.000;-999;   7.2;  17.4;  999.41;   17.3;   88.46;   19.0;   15.7;   14.9;eor
       7351;20180713;   10;   9.7;   3.9;    3;   0.0;   0;   11.867;-999;   2.6;  15.9; 1002.48;   20.5;   68.13;   26.9;   15.4;   13.8;eor
       7351;20180714;   10;   9.2;   3.8;    3;   0.0;   0;    8.967;-999;   3.4;  14.0; 1004.64;   17.0;   73.25;   22.0;   11.4;    9.4;eor
       7351;20180715;   10;   7.0;   2.5;    3;   0.0;   0;   10.367;-999;   3.7;  13.6; 1003.42;   17.5;   70.38;   24.7;   10.5;    8.4;eor
       7351;20180716;   10;   7.2;   2.0;    3;   0.0;   6;   14.750;-999;   2.0;  14.3; 1000.46;   20.0;   64.83;   27.9;   10.7;    9.5;eor
       7351;20180717;   10;  10.6;   3.2;    3;   0.0;   6;    7.550;-999;   4.6;  16.8;  998.33;   21.2;   67.50;   27.0;   16.7;   15.8;eor
       7351;20180718;   10;  10.0;   4.3;    3;   1.4;   6;    7.167;-999;   4.0;  16.8; 1000.06;   21.1;   68.33;   25.5;   18.0;   17.1;eor
       7351;20180719;   10;  12.0;   3.7;    3;   0.0;   6;    4.883;-999;   4.4;  14.5; 1002.40;   18.7;   69.88;   24.8;   10.9;    9.0;eor
       7351;20180720;   10;  11.2;   3.0;    3;   0.0;   0;   14.200;-999;   1.5;  11.7; 1000.87;   18.5;   58.79;   25.4;   10.7;    8.4;eor
       7351;20180721;   10;   7.4;   1.8;    3;   0.0;   0;   11.367;-999;   2.3;  12.5;  999.09;   19.2;   59.67;   26.2;    9.9;    8.0;eor
       7351;20180722;   10;   6.9;   1.9;    3;   0.0;   0;    6.100;-999;   2.9;  14.3;  999.24;   20.9;   60.58;   27.6;   14.4;   13.0;eor
       7351;20180723;   10;   9.7;   2.8;    3;   0.0;   0;   13.517;-999;   1.3;  15.4; 1001.68;   20.9;   65.29;   27.1;   14.0;   12.9;eor
       7351;20180724;   10;   6.8;   1.8;    3;   0.0;   0;    9.300;-999;   2.0;  17.0; 1001.98;   22.5;   65.29;   29.4;   13.7;   12.3;eor
       7351;20180725;   10;   7.7;   2.0;    3;   0.0;   0;   12.750;-999;   1.2;  17.2; 1002.11;   23.8;   62.13;   32.0;   15.4;   14.0;eor
       7351;20180726;   10;   9.0;   3.0;    3;   0.0;   0;   14.367;-999;   1.0;  16.9; 1003.84;   24.0;   60.42;   32.0;   15.2;   13.2;eor
       7351;20180727;   10;  12.3;   3.8;    3;   0.0;   0;   12.067;-999;   1.1;  19.7; 1002.33;   24.4;   67.29;   31.5;   18.4;   16.8;eor
       7351;20180728;   10;  12.4;   3.2;    3;   5.5;   6;   12.250;-999;   2.2;  18.4;  996.77;   24.3;   64.38;   31.5;   18.2;   16.6;eor
       7351;20180729;   10;   6.6;   2.4;    3;   0.0;   0;   11.017;-999;   3.3;  16.6; 1001.60;   21.9;   66.79;   28.0;   16.0;   14.5;eor
       7351;20180730;   10;   8.2;   2.7;    3;   0.0;   0;    9.867;-999;   2.5;  15.7; 1003.66;   23.6;   57.29;   30.6;   15.4;   14.0;eor
       7351;20180731;   10;   8.7;   2.4;    3;   0.0;   0;   12.767;-999;   1.9;  15.5; 1003.40;   26.2;   48.88;   33.8;   16.5;   14.7;eor
       7351;20180801;   10;   9.9;   3.2;    3;   0.8;   6;    5.167;-999;   3.3;  18.9; 1005.93;   24.3;   63.13;   29.9;   20.4;   19.0;eor
       7351;20180802;   10;   8.6;   3.1;    3;   0.0;   0;    6.550;-999;   2.3;  18.2; 1009.00;   22.9;   67.13;   29.1;   16.7;   15.1;eor
       7351;20180803;   10;   7.1;   1.6;    3;   0.0;   0;   14.033;-999;   0.8;  15.2; 1007.94;   24.1;   55.50;   32.0;   15.0;   13.5;eor
       7351;20180804;   10;   8.0;   2.3;-999;-999;-999;-999;-999;   2.3;  16.8; 1003.79;   23.8;   58.50;   30.2;   16.7;   14.7;eor
       7351;20180805;   10;  11.8;   4.0;    3;   0.0;   6;    5.817;-999;   4.9;  14.7; 1005.28;   20.0;   63.75;   24.4;   15.3;   14.3;eor
       7351;20180806;   10;   6.1;   2.0;    3;   0.0;   0;   13.383;-999;   1.1;  13.8; 1004.24;   20.2;   62.63;   28.7;   12.7;   11.7;eor
       7351;20180807;   10;   8.1;   2.3;    3;   0.0;   0;   13.350;-999;   1.0;  12.7;  999.41;   25.1;   44.58;   34.5;   13.8;   10.9;eor
       7351;20180808;   10;  11.4;   3.3;    3;   0.2;   6;   10.617;-999;   1.7;  15.1;  996.93;   27.8;   42.63;   36.7;   19.4;   17.9;eor
       7351;20180809;   10;  15.6;   3.8;    3;   8.9;   8;   11.800;-999;   1.5;  20.2;  999.89;   24.8;   67.21;   32.1;   18.0;   16.9;eor
       7351;20180810;   10;  12.5;   4.6;    3;   0.0;   0;    6.250;-999;   3.3;  14.4; 1004.64;   18.6;   68.00;   23.0;   11.5;    9.4;eor
       7351;20180811;   10;  15.7;   4.9;    3;   0.0;   6;    5.217;-999;   4.3;  11.3; 1005.02;   16.5;   61.83;   22.0;   10.8;    9.5;eor
       7351;20180812;   10;  10.6;   3.3;    3;   0.0;   0;   11.617;-999;   3.2;  11.3; 1002.43;   17.5;   61.08;   25.2;    9.1;    7.6;eor
       7351;20180813;   10;  11.2;   2.6;    3;   0.0;   6;    9.650;-999;   2.9;  11.8;  994.36;   21.7;   50.00;   31.0;   12.8;    9.9;eor
       7351;20180814;   10;  11.7;   4.6;    3;   0.4;   6;    5.050;-999;   4.8;  16.4;  995.56;   19.3;   74.75;   24.8;   14.7;   13.5;eor
       7351;20180815;   10;   9.6;   3.6;    3;   0.0;   6;    4.733;-999;   5.6;  15.9; 1003.21;   18.7;   74.88;   23.8;   14.1;   12.4;eor
       7351;20180816;   10;   9.9;   2.4;    3;   0.0;   0;   13.233;-999;   2.9;  14.5; 1003.45;   21.4;   60.71;   28.6;   13.9;   11.9;eor
       7351;20180817;   10;  11.0;   2.8;    3;   0.0;   0;   11.483;-999;   1.4;  14.5; 1001.75;   22.0;   57.29;   30.6;   14.7;   12.7;eor
       7351;20180818;   10;   9.1;   2.5;    3;   0.0;   0;   11.650;-999;   1.4;  12.7; 1006.61;   19.4;   60.21;   25.9;   13.3;   11.0;eor
       7351;20180819;   10;   8.9;   2.6;    3;   0.0;   0;   12.817;-999;   0.9;  13.6; 1005.11;   19.9;   61.04;   28.1;   11.7;   10.0;eor
       7351;20180820;   10;  11.7;   4.2;    3;   0.0;   6;    1.717;-999;   5.0;  15.8; 1002.19;   19.6;   69.38;   24.0;   14.1;   13.0;eor
       7351;20180821;   10;   7.7;   2.7;    3;   0.0;   0;   13.150;-999;   2.2;  11.2; 1007.22;   17.4;   59.46;   23.2;   11.0;    8.9;eor
       7351;20180822;   10;   8.3;   2.0;    3;   0.0;   0;   13.383;-999;   1.3;  11.1; 1005.42;   18.6;   56.54;   27.0;   10.0;    7.5;eor
       7351;20180823;   10;  10.2;   2.4;    3;   4.1;   6;   11.817;-999;   1.5;  13.4;  997.44;   23.3;   50.83;   32.8;   11.5;    9.5;eor
       7351;20180824;   10;  13.0;   3.5;    3;   0.9;   6;    5.267;-999;   3.5;  14.6;  994.15;   18.2;   70.17;   22.6;   12.6;   12.0;eor
       7351;20180825;   10;  11.6;   3.5;    3;   0.2;   6;    3.417;-999;   3.5;  10.4;  995.15;   14.3;   65.63;   20.4;    8.1;    6.9;eor
       7351;20180826;   10;   9.6;   3.4;    3;   0.0;   0;    9.850;-999;   2.8;   9.8; 1000.29;   13.0;   68.79;   20.3;    7.8;    6.4;eor
       7351;20180827;   10;  15.6;   4.6;    3;   3.0;   6;    2.567;-999;   6.5;  11.3;  998.31;   15.4;   65.00;   20.8;    9.9;    9.3;eor
       7351;20180828;   10;   9.0;   2.8;    3;   0.0;   0;    5.783;-999;   4.2;  13.2; 1004.80;   15.3;   78.13;   21.2;   10.0;    7.9;eor
       7351;20180829;   10;  10.0;   2.6;    3;   0.0;   0;   11.900;-999;   1.3;  11.2; 1002.77;   17.9;   59.33;   25.3;    8.5;    6.4;eor
       7351;20180830;   10;  10.1;   3.4;    3;   3.7;   6;    0.200;-999;   6.3;  14.7;  999.17;   15.9;   80.88;   18.5;   12.7;   11.4;eor
       7351;20180831;   10;  10.2;   4.3;    3;   0.0;   6;    5.317;-999;   5.5;  13.5; 1005.25;   14.9;   80.29;   20.2;   10.2;    8.7;eor
       7351;20180901;   10;   8.0;   2.5;    3;   0.0;   0;    8.400;-999;   3.3;  12.4; 1010.87;   15.0;   75.21;   22.4;    8.8;    6.6;eor
       7351;20180902;   10;   9.9;   3.9;    3;   0.0;   6;    5.883;-999;   4.0;  15.0; 1011.77;   17.2;   77.67;   23.9;    8.9;    6.9;eor
       7351;20180903;   10;  11.0;   4.4;    3;   0.0;   0;    9.150;-999;   2.7;  16.3; 1006.05;   20.2;   70.75;   27.6;   15.5;   14.2;eor
       7351;20180904;   10;   9.6;   3.7;    3;   0.0;   0;    9.417;-999;   2.8;  15.2; 1003.75;   17.8;   76.67;   23.8;   14.1;   13.0;eor
       7351;20180905;   10;   8.0;   3.3;    3;   0.0;   0;    8.283;-999;   3.0;  15.8; 1005.09;   18.2;   77.75;   24.6;   14.6;   13.3;eor
       7351;20180906;   10;   7.7;   3.2;    3;   0.0;   0;    5.883;-999;   4.2;  15.8; 1000.83;   17.0;   83.67;   22.8;   14.0;   12.2;eor
       7351;20180907;   10;   8.7;   2.7;    3;   0.0;   6;    3.067;-999;   4.7;  14.5;  997.95;   16.8;   76.38;   22.8;   10.8;    8.3;eor
       7351;20180908;   10;  11.8;   3.1;    3;   0.0;   0;    8.817;-999;   3.4;  10.4; 1005.08;   13.9;   68.50;   21.4;    7.1;    3.2;eor
       7351;20180909;   10;   8.8;   2.0;    3;   0.0;   0;    8.600;-999;   5.1;  10.2; 1006.93;   17.4;   55.00;   24.8;   11.1;    9.2;eor
       7351;20180910;   10;   9.2;   2.7;    3;   0.0;   6;    3.050;-999;   4.7;  11.6; 1006.15;   17.9;   59.04;   25.2;    9.7;    7.6;eor
       7351;20180911;   10;  13.5;   4.4;    3;   0.1;   6;    3.533;-999;   6.2;  13.4; 1004.68;   19.6;   60.42;   25.8;   14.1;   13.4;eor
       7351;20180912;   10;  11.7;   3.3;    3;   0.0;   6;    2.850;-999;   6.7;  14.8; 1004.98;   16.8;   77.42;   22.8;   13.0;   12.8;eor
       7351;20180913;   10;   5.3;   1.5;    3;   0.0;   6;    0.100;-999;   7.2;  12.5; 1007.11;   13.9;   79.50;   17.6;   11.7;   10.2;eor
       7351;20180914;   10;   6.3;   1.6;    3;   0.0;   0;    4.267;-999;   5.3;  10.8; 1005.80;   14.7;   67.46;   21.1;    8.4;    5.9;eor
       7351;20180915;   10;  11.2;   3.5;    3;   0.3;   6;    4.867;-999;   4.3;  11.6; 1006.35;   13.2;   77.79;   19.8;    7.1;    5.5;eor
       7351;20180916;   10;   9.5;   2.6;    3;   0.0;   0;    9.800;-999;   3.3;  11.0; 1009.07;   14.0;   71.88;   21.6;    7.2;    5.7;eor
       7351;20180917;   10;   9.6;   2.3;    3;   0.0;   0;   10.833;-999;   3.2;  10.3; 1005.23;   16.8;   58.04;   26.0;    8.6;    6.6;eor
       7351;20180918;   10;  12.8;   2.3;    3;   0.0;   0;   11.100;-999;   1.2;  11.0; 1001.05;   19.2;   53.67;   29.5;    9.1;    6.8;eor
       7351;20180919;   10;  10.0;   3.2;    3;   0.0;   0;   11.050;-999;   1.3;  14.1; 1002.77;   19.9;   63.08;   27.1;   12.6;    9.9;eor
       7351;20180920;   10;  11.0;   2.8;    3;   0.0;   0;    8.200;-999;  -999;  13.8; 1001.91;   19.4;   63.75;   26.5;   12.6;   10.3;eor
       7351;20180921;   10;  25.4;   5.4;    3;   4.4;   6;    4.883;-999;   3.3;  13.2;  993.29;   17.2;   71.17;   28.8;    9.3;    7.9;eor
       7351;20180922;   10;  13.9;   5.6;    3;   0.6;   6;    4.150;-999;   5.2;   9.7; 1000.35;   11.7;   72.00;   17.4;    8.2;    7.0;eor
       7351;20180923;   10;   9.9;   3.7;    3;   1.3;   6;    1.433;-999;   5.1;  10.0;  997.54;   10.0;   81.75;   13.2;    7.7;    6.6;eor
       7351;20180924;   10;  15.8;   6.3;    3;   1.4;   6;    7.817;-999;   3.3;   8.2; 1007.33;    8.6;   74.83;   14.2;    3.9;    2.9;eor
       7351;20180925;   10;  10.3;   3.5;    3;   0.0;   0;    9.633;-999;   2.0;   7.3; 1020.58;    7.8;   71.96;   14.1;    3.3;    1.0;eor
       7351;20180926;   10;  15.8;   5.8;    3;   0.0;   6;    2.100;-999;   5.4;   7.6; 1015.56;   11.4;   58.50;   16.3;    2.9;    0.7;eor
       7351;20180927;   10;  11.4;   5.4;    3;   0.0;   6;    5.917;-999;   5.3;  13.3; 1009.27;   16.9;   69.38;   21.6;   12.6;   10.6;eor
       7351;20180928;   10;  13.1;   4.4;    3;   0.0;   6;    6.833;-999;   3.5;   8.7; 1007.59;   11.8;   62.71;   14.8;    6.0;    3.7;eor
       7351;20180929;   10;   8.7;   2.5;    3;   0.0;   0;    8.067;-999;   2.6;   7.6; 1012.77;    8.7;   69.29;   15.2;    2.7;    0.3;eor
       7351;20180930;   10;   9.6;   2.4;    3;   0.0;   0;    9.767;-999;   2.2;   6.8; 1003.00;    8.6;   65.21;   17.5;    1.7;   -1.5;eor
       7351;20181001;   10;   9.4;   2.6;    3;   1.2;   6;    0.367;-999;   5.7;   8.7;  997.87;    8.1;   80.13;   13.1;    1.8;   -1.6;eor
       7351;20181002;   10;  15.5;   6.2;    3;   5.0;   6;    0.850;-999;   5.9;   8.9;  997.39;    6.7;   90.42;    9.3;    3.8;    2.8;eor
       7351;20181003;   10;  19.8;   7.0;    3;   1.2;   6;    7.600;-999;   4.7;   8.7; 1000.90;    9.5;   73.88;   13.4;    6.7;    5.5;eor
       7351;20181004;   10;   8.3;   3.9;    3;   0.0;   6;    0.317;-999;   7.0;  11.2; 1009.91;   10.6;   86.71;   13.5;    6.0;    4.8;eor
       7351;20181005;   10;   9.8;   3.5;    3;   0.0;   0;    8.800;   0;   4.0;  11.0; 1006.58;   14.5;   68.38;   20.3;    9.9;    5.2;eor
       7351;20181006;   10;   8.1;   2.3;    3;   0.4;   6;    9.667;   0;   3.5;  11.0;  996.65;   13.1;   74.79;   20.5;    7.0;    3.3;eor
       7351;20181007;   10;  13.0;   3.6;    3;   0.0;   6;    2.000;   0;   5.0;   9.5; 1002.23;    9.1;   81.67;   14.3;    0.7;   -2.0;eor
       7351;20181008;   10;   7.1;   1.9;    3;   0.0;   0;    8.650;   0;   3.4;   7.6; 1008.77;    7.1;   77.67;   14.4;   -0.2;   -2.6;eor
       7351;20181009;   10;   7.0;   1.9;    3;   0.0;   0;    4.867;   0;   4.0;   9.5; 1008.50;   10.2;   77.42;   17.2;    2.9;    0.6;eor
       7351;20181010;   10;   6.9;   2.1;    3;   0.0;   0;    7.883;   0;   2.8;  12.0; 1009.36;   13.4;   79.38;   20.9;    5.7;    3.3;eor
       7351;20181011;   10;  10.4;   3.8;    3;   0.0;   0;    9.450;   0;   2.9;  11.8; 1005.29;   16.2;   66.67;   22.4;   10.6;    8.1;eor
       7351;20181012;   10;   6.3;   1.9;    3;   0.0;   0;    9.350;   0;   2.7;  11.7; 1008.22;   15.7;   68.00;   23.9;    9.9;    5.6;eor
       7351;20181013;   10;   7.0;   2.1;    3;   0.0;   0;    9.250;   0;   2.1;  11.9; 1009.50;   16.4;   66.67;   25.5;    8.2;    5.3;eor
       7351;20181014;   10;   9.6;   2.9;    3;   0.0;   0;    9.167;   0;   3.1;  10.6; 1002.55;   16.0;   59.92;   22.3;   10.9;    7.5;eor
       7351;20181015;   10;   8.5;   2.3;    3;   0.0;   0;    7.633;   0;   2.3;   9.1; 1001.92;   14.3;   56.96;   20.5;    8.6;    4.8;eor
       7351;20181016;   10;   4.6;   0.9;    3;   0.0;   0;    8.667;   0;   2.4;   9.3; 1004.54;   12.3;   67.83;   22.4;    5.4;    2.4;eor
       7351;20181017;   10;   4.4;   1.1;    3;   0.0;   0;    9.083;   0;   2.7;   9.9; 1005.52;   11.6;   75.46;   20.5;    5.2;    2.8;eor
       7351;20181018;   10;   9.7;   2.5;    3;   0.0;   6;    1.333;   0;   5.1;  11.2; 1007.29;    9.6;   92.25;   13.3;    5.2;    2.4;eor
       7351;20181019;   10;   5.5;   2.3;    3;   0.0;   0;    6.433;   0;   3.0;   8.3; 1011.15;    6.9;   84.75;   12.6;    1.5;   -1.3;eor
       7351;20181020;   10;   8.1;   2.9;    3;   0.0;   6;    2.583;   0;   6.3;   8.1; 1013.28;    7.7;   77.38;   11.5;    3.2;    1.9;eor
       7351;20181021;   10;   6.8;   2.1;    3;   0.0;   4;    7.650;   0;   3.9;   8.9; 1013.66;    8.3;   81.88;   14.6;    1.8;   -1.2;eor
       7351;20181022;   10;  11.6;   3.5;    3;   2.5;   6;    2.667;   0;   4.8;   8.4; 1011.90;    7.4;   81.63;   12.1;    3.4;    1.5;eor
       7351;20181023;   10;  19.4;   8.3;    3;   7.5;   6;    0.000;   0;   7.3;   9.7;  996.33;    8.8;   84.83;   11.1;    4.6;    4.0;eor
       7351;20181024;   10;  16.6;   5.3;    3;   0.5;   6;    6.033;   0;   4.8;   7.2;  998.41;    7.8;   67.96;   11.0;    4.1;    2.5;eor
       7351;20181025;   10;  18.2;   6.9;    3;   0.5;   6;    0.467;   0;   7.5;   9.6;  995.13;   10.3;   76.92;   12.3;    7.6;    7.4;eor
       7351;20181026;   10;  10.9;   4.6;    3;   0.5;   6;    0.117;   0;   7.4;   9.8;  990.55;    9.1;   84.67;   11.4;    7.5;    6.6;eor
       7351;20181027;   10;  14.8;   6.0;    3;   0.0;   6;    1.300;   0;   7.0;   7.3;  990.27;    6.4;   76.17;    8.5;    2.7;    1.5;eor
       7351;20181028;   10;   9.9;   4.0;    3;   0.0;   6;    0.833;   0;   6.5;   7.2; 1001.92;    4.9;   83.88;    7.3;    2.3;    1.1;eor
       7351;20181029;   10;  12.0;   5.9;    3;   0.0;   6;    0.000;   0;   7.9;   6.9;  995.30;    4.0;   85.33;    4.7;    3.1;    3.0;eor
       7351;20181030;   10;  17.5;   6.3;    3;   0.8;   6;    5.017;   0;   5.0;  10.1;  981.71;   11.6;   74.75;   20.3;    4.7;    4.7;eor
       7351;20181031;   10;  17.6;   5.6;    3;   0.0;   0;    7.850;   0;   5.6;   7.5; 1001.64;    8.3;   69.17;   11.8;    4.1;    1.4;eor
       7351;20181101;   10;   8.2;   2.4;    3;   0.0;   0;    2.150;   0;   3.5;   8.7; 1000.03;    7.0;   85.67;   10.3;    3.1;    0.6;eor
       7351;20181102;   10;  10.3;   3.1;    3;   0.0;   0;    6.233;   0;   3.9;   8.8; 1006.57;    7.4;   85.88;   13.2;    3.5;    0.9;eor
       7351;20181103;   10;   4.2;   1.3;    3;   0.0;   0;    2.900;   0;   5.7;   7.8; 1014.81;    5.3;   87.92;   10.1;    1.8;   -0.8;eor
       7351;20181104;   10;   7.9;   3.1;    3;   0.0;   6;    0.000;   0;   7.1;   9.5; 1007.52;    7.2;   92.71;    9.7;    2.4;   -0.6;eor
       7351;20181105;   10;   8.3;   3.4;    3;   0.0;   0;    1.017;   0;   5.4;  11.2;  999.87;    9.9;   92.04;   12.1;    8.8;    5.6;eor
       7351;20181106;   10;   7.0;   2.3;    3;   0.0;   0;    8.067;   0;   3.3;  10.3;  997.21;   10.5;   81.58;   16.0;    6.7;    3.3;eor
       7351;20181107;   10;   5.9;   1.8;    3;   0.0;   0;    7.517;   0;   2.4;  10.2;  998.12;    8.6;   91.83;   13.9;    3.7;    2.1;eor
       7351;20181108;   10;   6.8;   1.6;    3;   0.1;   6;    1.967;   0;   6.1;   9.9; 1005.72;    7.8;   92.67;   13.5;    3.2;    2.1;eor
       7351;20181109;   10;   5.8;   2.1;    3;   1.5;   6;    0.000;   0;   7.5;  10.2; 1003.95;    7.3;   99.42;    9.2;    4.3;    2.5;eor
       7351;20181110;   10;   7.5;   3.1;    3;   0.0;   6;    0.617;   0;   7.5;  10.2;  997.13;    8.0;   95.29;    9.8;    7.0;    7.0;eor
       7351;20181111;   10;   7.5;   3.0;    3;   7.5;   6;    0.017;   0;   6.8;  10.2;  997.72;    7.7;   96.54;    9.2;    6.7;    6.3;eor
       7351;20181112;   10;   7.9;   3.2;    3;   0.8;   6;    0.633;   0;   6.5;  11.2; 1002.25;   10.2;   89.63;   13.0;    8.3;    7.5;eor
       7351;20181113;   10;   8.9;   2.8;    3;   4.2;   6;    0.100;   0;   5.9;  11.1; 1006.75;    9.2;   95.13;   10.6;    6.8;    5.6;eor
       7351;20181114;   10;   7.4;   3.3;    3;   0.0;   0;    3.383;   0;   5.7;   9.6; 1014.02;    7.5;   92.21;    9.8;    4.8;    3.1;eor
       7351;20181115;   10;   7.1;   2.4;    3;   0.0;   0;    1.950;   0;   5.2;   8.8; 1016.59;    6.6;   90.58;   10.2;    4.5;    3.2;eor
       7351;20181116;   10;  10.4;   4.0;    3;   0.0;   0;    7.450;   0;   2.7;   6.9; 1021.40;    5.0;   78.75;    8.4;    2.4;    1.1;eor
       7351;20181117;   10;   8.2;   3.4;    3;   0.0;   0;    7.233;   0;   2.4;   5.6; 1024.45;    1.8;   80.67;    5.9;   -2.2;   -5.4;eor
       7351;20181118;   10;  11.8;   2.8;    3;   0.6;   6;    0.000;   0;   6.1;   6.2; 1017.25;    1.4;   89.42;    5.7;   -3.9;   -6.1;eor
       7351;20181119;   10;  11.9;   5.2;    3;   0.0;   6;    0.400;   0;   7.5;   6.7; 1010.72;    3.8;   83.38;    5.4;    2.6;    2.1;eor
       7351;20181120;   10;  14.0;   6.7;    3;   0.0;   8;    0.000;   0;   7.1;   5.4; 1006.72;    1.8;   77.21;    3.1;    0.3;    0.1;eor
       7351;20181121;   10;  10.9;   5.7;    3;   0.0;   0;    0.000;   0;   8.0;   4.9; 1009.20;   -0.3;   81.38;    0.4;   -1.0;   -1.3;eor
       7351;20181122;   10;   8.7;   4.3;    3;   0.0;   0;    0.000;   0;   8.0;   5.1; 1011.27;   -0.8;   89.08;   -0.1;   -1.3;   -1.1;eor
       7351;20181123;   10;   6.3;   2.6;    3;   0.0;   6;    0.000;   0;   7.9;   6.2; 1007.92;    0.4;   97.92;    1.6;   -1.2;   -1.0;eor
       7351;20181124;   10;   4.9;   1.8;    3;   0.3;   6;    0.000;   0;   7.1;   6.2; 1000.90;    0.9;   94.75;    2.5;   -3.1;   -4.6;eor
       7351;20181125;   10;   6.9;   2.7;    3;   2.9;   6;    0.000;   0;   6.9;   7.1;  999.40;    2.7;   96.17;    3.9;    0.5;   -1.2;eor
       7351;20181126;   10;   6.5;   2.9;    3;   0.0;   0;    0.767;   0;   5.5;   5.9; 1001.27;    0.3;   93.63;    2.8;   -2.9;   -6.0;eor
       7351;20181127;   10;   6.1;   1.5;    3;   0.0;   0;    0.000;   0;   7.5;   5.0; 1008.41;   -0.7;   86.96;    0.5;   -4.1;   -6.4;eor
       7351;20181128;   10;  11.8;   3.0;    3;   0.0;   0;    6.650;   0;   2.5;   4.5; 1013.93;   -1.2;   81.54;    2.3;   -5.2;   -7.6;eor
       7351;20181129;   10;  12.9;   5.5;    3;   0.0;   0;    0.683;   0;   6.3;   3.9; 1007.20;   -0.6;   66.46;    0.6;   -1.9;   -2.8;eor
       7351;20181130;   10;  10.2;   4.7;    3;   1.7;   6;    0.000;   0;   7.5;   4.5; 1000.75;    0.3;   72.13;    1.3;   -0.3;   -0.5;eor
       7351;20181201;   10;   7.9;   3.0;    3;   0.0;   0;    0.000;   0;   7.4;   6.9;  999.10;    1.7;   99.17;    4.3;   -0.3;   -0.3;eor
       7351;20181202;   10;   8.8;   3.9;    3;   2.5;   6;    0.000;   0;   7.8;   8.5;  987.92;    5.0;   95.92;   10.2;    2.9;    2.2;eor
       7351;20181203;   10;   9.0;   3.8;    3;   1.9;   6;    0.100;   0;   6.7;  11.4;  984.39;    9.4;   96.25;   11.3;    5.4;    1.5;eor
       7351;20181204;   10;  12.8;   5.7;    3;   0.0;   6;    4.550;   0;   4.7;   7.2;  997.50;    5.2;   80.42;    8.5;    2.0;    0.6;eor
       7351;20181205;   10;   8.7;   3.2;    3;   0.0;   6;    6.450;   0;   2.8;   6.0; 1011.05;    1.5;   88.92;    5.5;   -0.4;   -3.8;eor
       7351;20181206;   10;   9.1;   4.1;    3;   1.6;   6;    0.000;   0;   7.7;   6.8; 1001.23;    3.7;   82.79;    8.7;    1.2;    0.5;eor
       7351;20181207;   10;  12.6;   5.6;    3;  11.0;   6;    0.000;   0;   7.8;  11.8;  989.09;    9.8;   97.08;   10.5;    8.7;    8.2;eor
       7351;20181208;   10;  18.4;   7.7;    3;   3.3;   6;    0.000;   0;   7.0;   8.0;  982.70;    6.1;   84.50;    8.8;    4.5;    3.6;eor
       7351;20181209;   10;  15.7;   6.6;    3;   1.9;   6;    0.017;   0;   7.6;   8.4;  976.57;    5.9;   90.08;    6.9;    4.6;    2.8;eor
       7351;20181210;   10;  14.7;   7.2;    3;   5.5;   6;    0.033;   0;   7.2;   6.5;  991.75;    3.9;   81.17;    5.1;    2.5;    2.0;eor
       7351;20181211;   10;  14.6;   4.9;    3;   3.6;   8;    0.183;   0;   7.2;   6.7;  999.10;    2.7;   90.42;    4.0;    1.2;    0.1;eor
       7351;20181212;   10;   7.8;   3.2;    3;   1.4;   6;    0.200;   0;   7.4;   6.8; 1009.89;    2.3;   94.50;    3.2;    0.7;   -1.6;eor
       7351;20181213;   10;   7.2;   3.0;    3;   0.0;   6;    0.000;   0;   7.8;   6.2; 1010.61;    1.3;   91.92;    2.0;    0.4;   -0.3;eor
       7351;20181214;   10;   6.0;   2.7;    3;   0.0;   8;    0.000;   0;   7.9;   5.2; 1012.67;   -0.4;   87.67;    0.6;   -1.0;   -1.1;eor
       7351;20181215;   10;   6.7;   2.3;    3;   0.0;   7;    0.417;   0;   7.8;   5.0; 1014.16;   -0.8;   86.00;   -0.1;   -1.5;   -2.2;eor
       7351;20181216;   10;   8.3;   3.5;    3;   0.0;   0;    0.000;   0;   7.5;   4.6; 1003.18;   -1.4;   82.33;   -0.2;   -2.8;   -4.2;eor
       7351;20181217;   10;   3.7;   1.6;    3;   1.1;   8;    0.000;   0;   7.6;   5.2; 1005.93;   -1.2;   91.71;    0.2;   -3.0;   -4.2;eor
       7351;20181218;   10;   5.0;   1.8;    3;   0.1;   6;    0.000;   0;   7.8;   6.9; 1010.10;    1.6;   99.50;    3.2;    0.1;   -0.7;eor
       7351;20181219;   10;  10.3;   3.4;    3;   0.1;   6;    0.000;   0;   6.6;   6.1; 1003.29;    0.6;   94.58;    1.4;    0.0;   -0.5;eor
       7351;20181220;   10;   4.4;   2.0;    3;   0.4;   6;    0.000;   0;   7.9;   7.0;  999.90;    2.5;   96.25;    3.5;    1.3;    1.0;eor
       7351;20181221;   10;  15.2;   3.5;    3;   5.4;   6;    0.000;   0;   7.8;   8.6;  990.56;    5.1;   97.00;    9.1;    3.1;    2.2;eor
       7351;20181222;   10;  20.1;   5.4;    3;   1.1;   6;    0.000;   0;   7.8;   7.4;  991.95;    4.5;   87.83;    8.7;    2.9;    2.7;eor
       7351;20181223;   10;  11.0;   4.1;    3;   5.6;   8;    0.000;   0;   7.8;   8.2;  999.51;    4.7;   95.42;    6.5;    2.4;    2.2;eor
       7351;20181224;   10;  10.5;   4.5;    3;   0.4;   8;    0.000;   0;   7.8;   5.5; 1008.15;    0.8;   84.96;    3.1;   -0.9;   -0.8;eor
       7351;20181225;   10;  12.8;   6.4;    3;   0.2;   6;    0.000;   0;   7.9;   7.1; 1011.52;    4.5;   84.88;    5.5;    3.0;    2.8;eor
       7351;20181226;   10;  12.4;   5.1;    3;   0.3;   6;    0.000;   0;   7.8;   8.6; 1010.30;    6.3;   90.04;    7.8;    4.9;    4.5;eor
       7351;20181227;   10;  11.3;   5.9;    3;   0.6;   6;    0.000;   0;   7.9;   8.9; 1008.05;    5.7;   97.08;    7.4;    4.6;    4.5;eor
       7351;20181228;   10;  10.8;   4.0;    3;   0.6;   6;    0.000;   0;   7.8;   8.4; 1008.97;    5.7;   90.79;    6.6;    4.7;    4.3;eor
       7351;20181229;   10;  10.8;   5.0;    3;   6.0;   6;    0.000;   0;   7.7;   8.9; 1008.24;    5.9;   95.67;    6.4;    4.8;    4.7;eor
       7351;20181230;   10;  16.3;   5.4;    3;   0.3;   6;    0.133;   0;   7.3;   7.8; 1007.08;    5.3;   87.17;    7.4;    2.0;    0.8;eor
       7351;20181231;   10;  10.7;   3.7;    3;   1.0;   6;    0.083;   0;   7.8;   8.1; 1013.91;    4.7;   94.33;    7.4;    2.5;    2.0;eor
       7351;20190101;   10;  18.9;   8.7;    3;   2.8;   8;    1.883;   0;   6.4;   7.5;  999.95;    5.6;   81.54;    7.4;    2.6;    1.3;eor
       7351;20190102;   10;  18.4;   6.9;    3;   0.5;   8;    2.633;   0;   4.3;   4.1; 1008.64;    1.2;   61.50;    4.0;   -1.7;   -3.2;eor
       7351;20190103;   10;   9.0;   3.4;    3;   0.5;   8;    2.900;   0;   4.6;   4.7; 1017.56;   -0.6;   80.54;    2.0;   -4.8;   -6.9;eor
       7351;20190104;   10;   9.8;   4.7;    3;   0.8;   6;    0.000;   0;   7.7;   6.6; 1011.14;    1.7;   95.21;    5.2;   -2.2;   -3.3;eor
       7351;20190105;   10;   9.0;   4.0;    3;   0.3;   8;    0.133;   0;   7.3;   7.9; 1005.44;    4.5;   92.75;    6.3;    1.0;   -0.1;eor
       7351;20190106;   10;   5.0;   2.0;    3;   0.1;   8;    2.950;   0;   6.5;   5.5; 1013.07;    0.3;   88.67;    2.1;   -1.7;   -3.1;eor
       7351;20190107;   10;  11.5;   3.5;    3;   5.5;   6;    0.000;   0;   7.7;   7.1; 1009.02;    2.4;   97.38;    5.3;   -0.6;   -1.0;eor
       7351;20190108;   10;  16.0;   7.3;    3;   8.9;   8;    0.000;   0;   7.8;   7.6;  984.70;    4.1;   91.63;    5.9;    1.3;    0.8;eor
       7351;20190109;   10;  12.5;   6.6;    3;   5.8;   8;    0.000;   0;   7.5;   6.2;  993.24;    1.0;   94.54;    2.0;    0.2;    0.0;eor
       7351;20190110;   10;   9.5;   3.7;    3;   0.3;   8;    2.517;   0;   7.3;   5.1; 1007.71;   -0.1;   84.21;    0.9;   -0.8;   -1.2;eor
       7351;20190111;   10;   9.5;   4.9;    3;   0.3;   8;    0.000;   0;   7.8;   6.7; 1000.45;    2.0;   93.79;    5.3;   -0.7;   -0.9;eor
       7351;20190112;   10;  10.9;   5.3;    3;   5.0;   6;    0.000;   0;   7.6;   7.4;  993.70;    3.8;   92.08;    5.0;    2.5;    2.3;eor
       7351;20190113;   10;  17.5;   7.0;    3;   7.0;   8;    0.000;   0;   7.5;   8.3;  978.80;    5.4;   92.38;    7.5;    3.4;    2.7;eor
       7351;20190114;   10;  21.7;   7.9;    3;   0.7;   8;    4.067;   0;   5.3;   4.5;  984.72;    1.6;   65.50;    4.0;    0.2;   -0.9;eor
       7351;20190115;   10;  16.5;   7.5;    3;   5.3;   8;    0.000;   0;   7.3;   7.1;  992.00;    3.5;   88.50;    6.5;    0.2;   -0.7;eor
       7351;20190116;   10;  13.9;   6.1;    3;   0.8;   6;    0.000;   0;   7.9;   8.3;  989.91;    5.8;   89.21;    7.0;    3.4;    3.0;eor
       7351;20190117;   10;  12.7;   6.1;    3;   2.4;   8;    0.033;   0;   7.3;   6.5;  983.38;    3.4;   83.67;    5.0;    0.0;   -0.8;eor
       7351;20190118;   10;  10.4;   4.7;    3;   0.0;   0;    5.933;   0;   4.3;   4.7;  999.56;   -0.7;   80.38;    0.7;   -2.1;   -3.1;eor
       7351;20190119;   10;   6.9;   2.3;    3;   0.0;   0;    0.000;   0;   7.3;   5.1; 1005.42;   -1.5;   94.13;   -0.7;   -3.1;   -6.0;eor
       7351;20190120;   10;   3.9;   1.4;    3;   0.0;   0;    0.000;   0;   7.9;   4.5; 1005.90;   -3.2;   93.04;   -2.1;   -4.0;   -4.8;eor
       7351;20190121;   10;   8.2;   4.0;    3;   0.0;   8;    0.000;   0;   7.7;   4.3; 1005.88;   -3.5;   90.21;   -2.1;   -5.6;   -5.1;eor
       7351;20190122;   10;   8.3;   3.4;    3;   0.0;   0;    1.467;   0;   5.2;   4.5;  997.34;   -2.9;   90.25;   -1.8;   -6.0;   -6.5;eor
       7351;20190123;   10;  10.1;   5.0;    3;   0.0;   0;    2.950;   0;   7.0;   3.3;  992.35;   -6.0;   85.29;   -3.8;   -7.7;   -8.3;eor
       7351;20190124;   10;   8.1;   3.6;    3;   0.0;   7;    0.950;   0;   7.8;   3.3;  998.81;   -5.3;   78.96;   -4.2;   -6.5;   -6.0;eor
       7351;20190125;   10;   6.2;   2.2;    3;   0.9;   8;    0.000;   0;   8.0;   3.4;  999.34;   -5.1;   81.04;   -4.3;   -5.9;   -5.6;eor
       7351;20190126;   10;   5.5;   2.4;    3;   2.4;   8;    0.000;   0;   7.8;   5.3;  987.38;   -1.5;   95.96;    1.2;   -4.6;   -4.5;eor
       7351;20190127;   10;   8.7;   3.8;    3;   5.2;   6;    0.000;   0;   7.6;   7.2;  975.17;    2.6;   97.67;    3.5;    1.2;    0.6;eor
       7351;20190128;   10;   8.2;   2.5;    3;   1.3;   8;    1.800;-999;   7.7;   6.7;  976.78;    2.1;   93.83;    3.7;    0.4;   -0.6;eor
       7351;20190129;   10;  11.3;   4.2;    3;   0.0;   7;    0.333;   0;   7.3;   5.7;  987.30;    0.0;   93.04;    1.4;   -2.6;   -4.1;eor
       7351;20190130;   10;  11.9;   4.1;    3;   0.0;   0;    3.633;-999;   3.5;   5.0;  987.13;   -0.2;   83.00;    2.2;   -1.8;   -3.7;eor
       7351;20190131;   10;   8.3;   3.2;    3;   0.0;   0;    2.167;-999;   4.6;   4.9;  986.48;   -1.2;   88.13;    0.8;   -3.0;   -4.2;eor
       7351;20190201;   10;  10.1;   3.8;    3;   2.0;   8;    0.000;   0;   6.1;   4.9;  983.55;   -1.7;   90.33;    0.1;   -3.6;   -4.8;eor
       7351;20190202;   10;   7.5;   3.0;    3;   3.2;   8;    0.000;   1;   7.5;   5.8;  983.27;   -0.1;   96.21;    0.4;   -0.9;   -0.9;eor
       7351;20190203;   10;   7.1;   3.2;    3;   0.0;   8;    0.000;   3;   7.5;   6.0;  998.90;    0.5;   93.75;    1.1;   -1.2;   -3.1;eor
       7351;20190204;   10;   9.4;   4.1;    3;   0.1;   8;    2.467;   1;   4.6;   5.4; 1010.81;   -0.1;   89.00;    2.9;   -3.8;   -7.1;eor
       7351;20190205;   10;  10.4;   5.3;    3;   0.0;   8;    0.050;   1;   7.8;   5.8; 1009.75;    1.6;   84.08;    2.7;    0.2;   -0.3;eor
       7351;20190206;   10;  10.6;   4.3;    3;   0.1;   6;    0.367;-999;   7.4;   6.1; 1008.85;    2.5;   83.88;    4.8;    0.6;   -0.2;eor
       7351;20190207;   10;  10.5;   4.0;    3;   0.3;   6;    1.017;   0;   6.1;   5.6;  997.16;    2.7;   75.54;    5.7;    0.7;    0.3;eor
       7351;20190208;   10;  12.0;   6.0;    3;   0.1;   6;    1.850;   0;   6.1;   6.8;  996.93;    4.7;   79.67;    6.7;    2.2;    1.0;eor
       7351;20190209;   10;  20.0;   7.2;    3;   1.5;   6;    2.150;   0;   6.3;   7.1;  988.35;    6.0;   75.42;    9.6;    3.9;    3.2;eor
       7351;20190210;   10;  13.1;   6.0;    3;  13.3;   8;    0.000;   0;   5.3;   8.0;  982.10;    5.6;   87.67;    7.1;    3.7;    2.7;eor
       7351;20190211;   10;  16.7;   6.4;    3;   0.6;   6;    0.400;   0;   5.5;   6.3;  990.45;    3.2;   81.17;    5.3;    0.6;    0.0;eor
       7351;20190212;   10;  13.5;   4.8;    3;   0.5;   6;    7.667;   0;   4.4;   5.1; 1011.29;    2.0;   72.71;    4.7;   -0.4;   -2.6;eor
       7351;20190213;   10;  12.7;   6.2;    3;   0.0;   6;    0.000;   0;   7.9;   8.6; 1015.15;    5.7;   93.17;    8.0;    1.5;    1.0;eor
       7351;20190214;   10;   8.6;   3.9;    3;   0.0;   0;    5.750;   0;   4.2;   8.0; 1019.45;    5.8;   87.13;    9.4;    1.2;   -1.7;eor
       7351;20190215;   10;   6.6;   2.5;    3;   0.0;   0;    8.850;   0;   0.3;   6.0; 1018.10;    5.4;   69.13;   12.9;    1.0;   -2.4;eor
       7351;20190216;   10;   8.6;   3.1;    3;   0.0;   0;    8.917;   0;   0.3;   6.1; 1010.97;    6.4;   65.58;   14.2;    0.7;   -2.5;eor
       7351;20190217;   10;   3.8;   1.8;    3;   0.0;   0;    4.333;   0;   2.8;   7.5; 1009.58;    5.8;   81.42;   12.5;    1.5;   -2.1;eor
       7351;20190218;   10;   4.8;   1.4;    3;   0.0;   0;    8.950;   0;   0.8;   6.7; 1004.26;    4.8;   79.42;   13.8;   -0.8;   -4.0;eor
       7351;20190219;   10;  14.6;   4.6;    3;   1.5;   6;    0.650;   0;   5.0;   7.1;  999.20;    4.8;   82.04;    8.6;    1.6;   -1.9;eor
       7351;20190220;   10;  11.5;   4.5;    3;   0.3;   6;    2.150;   0;   6.6;   7.9; 1005.08;    6.4;   82.33;    9.6;    3.4;    1.8;eor
       7351;20190221;   10;  10.7;   4.9;    3;   6.1;   6;    1.467;   0;   6.9;   9.0; 1007.64;    7.2;   88.58;    9.5;    5.8;    4.9;eor
       7351;20190222;   10;  10.5;   4.1;    3;   0.0;   0;    7.083;   0;   3.6;   5.1; 1023.21;    1.1;   75.25;    6.9;   -2.7;   -6.4;eor
       7351;20190223;   10;   6.4;   2.7;    3;   0.0;   0;    8.217;   0;   1.9;   3.1; 1028.70;   -0.2;   52.08;    4.6;   -4.0;   -5.3;eor
       7351;20190224;   10;   6.3;   2.7;    3;   0.0;   0;    8.767;   0;   1.9;   4.2; 1023.82;    4.6;   52.21;   12.7;   -1.8;   -3.7;eor
       7351;20190225;   10;   9.9;   2.8;    3;   0.0;   0;    8.417;   0;   2.5;   7.0; 1021.30;    6.3;   73.21;   12.9;   -1.0;   -3.6;eor
       7351;20190226;   10;   7.9;   3.1;    3;   0.0;   0;    2.550;   0;   3.6;   8.1; 1017.90;    6.1;   85.88;    9.8;    1.9;   -0.5;eor
       7351;20190227;   10;   9.4;   3.9;    3;   0.0;   0;    9.633;   0;   0.8;   5.9; 1009.75;    7.2;   63.58;   15.7;    1.5;   -1.2;eor
       7351;20190228;   10;  10.8;   4.8;    3;   0.0;   0;    5.983;   0;   3.0;   7.1;  996.40;    5.5;   79.17;    7.8;    1.7;    0.0;eor
       7351;20190301;   10;   6.9;   2.4;    3;   0.1;   8;    0.017;   0;   7.3;   6.3;  997.74;    2.5;   86.17;    4.5;    0.0;   -1.2;eor
       7351;20190302;   10;   7.3;   2.9;    3;   0.4;   6;    0.033;   0;   7.5;   5.9;  999.57;    2.2;   83.21;    4.9;   -0.4;   -0.3;eor
       7351;20190303;   10;  11.4;   5.3;    3;   4.1;   6;    0.000;   0;   7.7;   9.6;  989.58;    7.1;   93.88;    9.4;    1.7;   -0.1;eor
       7351;20190304;   10;  18.6;   7.8;    3;   4.0;   8;    1.300;   0;   5.4;   8.7;  976.78;    8.2;   79.54;   12.9;    5.4;    4.4;eor
       7351;20190305;   10;  17.8;   8.1;    3;   0.2;   6;    1.383;   0;   5.7;   6.9;  985.64;    5.2;   78.46;    7.6;    0.3;   -1.3;eor
       7351;20190306;   10;  11.1;   4.0;    3;   1.1;   6;    4.217;   0;   2.8;   6.7;  992.74;    5.4;   75.75;   10.1;   -0.8;   -2.3;eor
       7351;20190307;   10;  18.7;   6.1;    3;   0.9;   6;    1.533;   0;   4.2;   8.6;  981.64;    9.1;   75.46;   14.4;    6.6;    4.4;eor
       7351;20190308;   10;  21.0;   8.3;    3;   2.4;   6;    3.517;   0;   4.3;   6.6;  988.83;    6.4;   68.50;    8.9;    1.7;   -1.1;eor
       7351;20190309;   10;  19.8;   7.0;    3;   5.6;   6;    1.717;   0;   5.7;   7.2;  988.84;    5.5;   79.96;    8.6;    2.2;    1.7;eor
       7351;20190310;   10;  13.8;   5.5;    3;   3.1;   8;    2.983;   0;   4.6;   6.7;  987.41;    4.2;   81.38;    7.6;    2.0;    0.9;eor
       7351;20190311;   10;  12.4;   4.6;    3;   4.2;   8;    1.150;   0;   5.9;   6.5;  994.63;    1.9;   92.92;    4.0;    0.1;   -1.2;eor
       7351;20190312;   10;  12.3;   5.2;    3;   0.0;   6;    1.583;   0;   6.1;   6.1;  999.31;    3.6;   78.75;    7.4;   -0.5;   -1.9;eor
       7351;20190313;   10;  18.5;   8.0;    3;   4.2;   6;    1.117;   0;   7.0;   6.5;  984.79;    5.9;   70.96;    8.4;    3.9;    3.3;eor
       7351;20190314;   10;  13.4;   6.0;    3;   4.4;   6;    0.083;   0;   7.3;   7.7;  981.61;    4.6;   90.92;    7.2;    3.2;    2.4;eor
       7351;20190315;   10;  22.5;   8.0;    3;   2.3;   6;    0.233;   0;   6.8;   7.8;  981.26;    5.9;   83.54;    8.1;    4.4;    3.1;eor
       7351;20190316;   10;  15.7;   6.7;    3;   4.1;   6;    1.533;   0;   6.5;   7.5;  988.21;    5.7;   82.21;    8.0;    3.7;    3.0;eor
       7351;20190317;   10;  14.8;   6.0;    3;   1.9;   6;    0.667;   0;   5.6;   8.1;  984.86;    6.9;   81.75;   11.0;    2.7;    1.1;eor
       7351;20190318;   10;  19.0;   8.2;    3;   0.9;   6;    3.083;   0;   5.7;   6.5;  994.30;    4.7;   76.21;    8.0;    2.5;    1.1;eor
       7351;20190319;   10;  10.1;   3.8;    3;   0.0;   6;    6.067;   0;   4.0;   6.1; 1009.60;    3.9;   76.67;    8.5;   -1.9;   -4.2;eor
       7351;20190320;   10;  11.6;   4.3;    3;   0.0;   6;    5.500;   0;   4.9;   7.3; 1016.83;    5.8;   78.29;   11.9;   -2.4;   -5.1;eor
       7351;20190321;   10;   9.3;   4.3;    3;   0.1;   6;    2.417;   0;   7.4;  10.2; 1018.17;   10.1;   82.50;   14.0;    7.6;    7.0;eor
       7351;20190322;   10;   7.8;   2.4;    3;   0.0;   6;    0.000;   0;   7.3;  10.2; 1017.57;    8.9;   89.17;   10.7;    5.9;    4.1;eor
       7351;20190323;   10;   9.8;   3.2;    3;   0.0;   0;    1.717;   0;   6.1;   9.2; 1012.65;    7.7;   87.42;   12.3;    4.6;    0.9;eor
       7351;20190324;   10;   6.7;   2.4;    3;   1.7;   8;    5.117;   0;   5.5;   6.2; 1010.36;    4.9;   72.67;    9.4;    0.7;   -1.2;eor
       7351;20190325;   10;  12.3;   4.4;    3;   0.5;   8;    4.217;   0;   4.7;   6.4; 1000.61;    3.9;   80.29;    8.0;    0.4;   -1.3;eor
       7351;20190326;   10;  15.4;   5.3;    3;   0.5;   6;    1.533;   0;   4.2;   6.2; 1008.30;    4.0;   77.46;    7.3;    0.2;   -2.3;eor
       7351;20190327;   10;   9.2;   4.1;    3;   1.5;   6;    0.083;   0;   7.1;   8.7; 1013.54;    5.7;   93.08;    8.1;   -0.4;   -2.1;eor
       7351;20190328;   10;   7.3;   3.0;    3;   0.2;   6;    0.000;   0;   7.8;  10.2; 1017.50;    7.9;   95.71;    9.1;    7.1;    6.4;eor
       7351;20190329;   10;   7.0;   2.9;    3;   0.0;   0;    0.000;   0;   6.3;   9.9; 1016.67;    8.5;   89.00;   11.5;    4.9;    0.9;eor
       7351;20190330;   10;   8.5;   2.9;    3;   0.0;   0;   11.300;   0;   2.5;   9.0; 1007.55;    9.8;   76.42;   16.9;    2.6;   -0.4;eor
       7351;20190331;   10;  10.6;   4.1;    3;   0.0;   0;    9.033;   0;   2.5;   6.2; 1008.74;    6.1;   66.79;   10.7;   -3.2;   -5.9;eor
       7351;20190401;   10;   8.6;   2.7;    3;   0.0;   0;   12.067;   0;   0.9;   4.5; 1012.70;    3.8;   59.96;    9.7;   -4.1;   -7.4;eor
       7351;20190402;   10;  11.0;   4.9;    3;   0.0;   6;    9.867;   0;   1.3;   5.1; 1000.03;    7.5;   49.75;   13.3;    1.2;   -0.4;eor
       7351;20190403;   10;   9.4;   3.6;    3;   0.0;   0;    7.167;   0;   2.1;   7.8;  990.57;   11.8;   56.88;   17.7;    6.5;    4.0;eor
       7351;20190404;   10;   9.9;   4.0;    3;   0.0;   0;   11.700;   0;   1.3;   8.1;  986.44;   13.2;   54.88;   19.0;    6.7;    4.2;eor
       7351;20190405;   10;   9.0;   3.3;    3;   0.0;   6;    9.900;   0;   2.3;   9.1;  991.65;   11.5;   68.08;   18.7;    6.5;    4.2;eor
       7351;20190406;   10;   7.7;   3.4;    3;   0.0;   0;   10.800;   0;   2.4;   8.9;  994.77;   14.2;   56.00;   20.1;    6.5;    3.4;eor
       7351;20190407;   10;   8.9;   2.9;    3;   0.0;   0;   12.400;   0;   1.7;   7.0;  995.31;   11.4;   55.58;   18.5;    2.9;    0.4;eor
       7351;20190408;   10;  11.4;   4.3;    3;   0.0;   0;   11.883;   0;   3.7;   7.2;  997.75;    8.0;   68.96;   16.3;    1.5;   -1.0;eor
       7351;20190409;   10;  10.4;   4.2;    3;   0.0;   0;    6.967;   0;   4.0;   6.0; 1002.06;    4.3;   73.92;    9.5;   -0.7;   -4.2;eor
       7351;20190410;   10;   9.1;   3.4;    3;   0.0;   0;    7.683;   0;   5.0;   5.0; 1005.02;    2.7;   70.63;    8.3;   -4.1;   -6.8;eor
       7351;20190411;   10;  10.3;   3.6;    3;   0.3;   8;    0.783;   0;   6.9;   5.4; 1011.35;    1.7;   77.83;    4.2;   -1.9;   -4.2;eor
       7351;20190412;   10;   9.5;   3.8;    3;   0.3;   8;    1.417;   0;   7.0;   5.5; 1012.65;    2.2;   77.00;    4.4;    1.2;    0.7;eor
       7351;20190413;   10;  10.3;   4.4;    3;   0.2;   8;    3.033;   0;   7.3;   5.1; 1011.27;    3.2;   66.88;    7.2;    0.4;    0.1;eor
       7351;20190414;   10;  10.2;   4.7;    3;   0.1;   6;    0.117;   0;   6.4;   6.2; 1012.63;    4.7;   74.00;    9.8;    1.1;    0.6;eor
       7351;20190415;   10;  10.6;   4.3;    3;   0.0;   0;   13.050;   0;   2.6;   5.5; 1014.58;    5.5;   63.46;   12.2;    0.1;   -2.7;eor
       7351;20190416;   10;  11.6;   3.9;    3;   0.0;   0;   12.633;   0;   2.7;   5.0; 1010.90;    7.3;   53.33;   15.0;   -0.1;   -1.8;eor
       7351;20190417;   10;   8.7;   3.6;    3;   0.0;   0;   12.017;   0;   3.2;   6.4; 1014.60;    9.2;   55.33;   16.6;    0.1;   -3.3;eor
       7351;20190418;   10;   9.5;   3.7;    3;   0.0;   0;   13.217;   0;   2.3;   7.0; 1017.53;   11.7;   54.13;   19.9;    3.6;   -0.3;eor
       7351;20190419;   10;   9.4;   3.4;    3;   0.0;   0;   13.317;   0;   1.5;   6.1; 1019.88;   11.2;   48.54;   20.2;   -1.5;   -3.6;eor
       7351;20190420;   10;   8.5;   2.9;    3;   0.0;   0;   13.433;   0;   1.7;   6.0; 1017.11;    9.3;   56.25;   18.5;   -2.0;   -5.2;eor
       7351;20190421;   10;   7.0;   2.3;    3;   0.0;   0;   13.467;   0;   1.5;   6.1; 1010.11;   12.1;   44.92;   19.8;    2.3;   -1.6;eor
       7351;20190422;   10;  14.6;   4.9;    3;   0.0;   0;   13.517;   0;   2.4;   6.8; 1004.83;   11.6;   51.58;   17.9;    2.3;   -1.8;eor
       7351;20190423;   10;  18.3;   7.4;    3;   1.3;   4;    9.550;   0;   3.2;   8.5;  998.11;   13.2;   56.96;   18.7;    8.4;    6.8;eor
       7351;20190424;   10;  11.8;   5.1;    3;   0.1;   4;   10.783;   0;   3.1;  10.9;  993.83;   15.7;   62.04;   21.1;   11.8;    9.3;eor
       7351;20190425;   10;   8.7;   2.9;    3;   0.0;   0;   11.567;   0;   2.8;  10.8;  996.94;   17.0;   60.33;   24.5;   10.7;    8.4;eor
       7351;20190426;   10;  12.4;   4.2;    3;   8.5;   8;    8.500;   0;   2.8;  13.5;  994.78;   17.1;   71.25;   26.0;   11.0;    8.5;eor
       7351;20190427;   10;  12.7;   3.5;    3;   0.0;   6;    1.167;   0;   6.4;  10.8;  997.32;   11.9;   78.75;   17.4;    8.9;    8.6;eor
       7351;20190428;   10;   8.3;   3.7;    3;   1.9;   6;    0.383;   0;   7.0;  10.4; 1002.46;    9.3;   88.79;   11.8;    6.6;    5.5;eor
       7351;20190429;   10;  12.3;   5.7;    3;   0.0;   6;    7.500;   0;   4.8;   9.3; 1004.60;    9.3;   78.88;   14.5;    3.2;    1.0;eor
       7351;20190430;   10;   9.5;   3.8;    3;   0.0;   6;   13.333;   0;   3.1;   6.5; 1003.98;   10.2;   55.63;   17.1;    1.8;   -0.8;eor
       7351;20190501;   10;  12.8;   5.5;    3;   0.0;   0;    8.533;-999;   5.0;   9.8;  997.44;   11.3;   73.33;   15.0;    7.5;    7.3;eor
       7351;20190502;   10;  14.0;   6.3;    3;   2.4;   6;    0.267;-999;   7.5;   9.0;  990.15;    9.1;   77.88;   12.4;    5.3;    3.5;eor
       7351;20190503;   10;  13.1;   5.0;    3;   0.1;   6;    6.417;-999;   6.0;   6.4;  992.15;    6.5;   67.46;   11.0;    2.2;    1.0;eor
       7351;20190504;   10;  11.3;   3.7;    3;   0.6;   8;    6.517;-999;   3.8;   6.1;  992.35;    4.9;   71.92;    9.4;    1.5;   -0.9;eor
       7351;20190505;   10;  10.3;   2.8;    3;   0.0;   6;    9.600;-999;   5.1;   5.6; 1001.09;    6.6;   59.83;   12.5;   -0.1;   -2.0;eor
       7351;20190506;   10;  13.0;   4.3;    3;   0.0;   6;    5.667;-999;   5.5;   6.9; 1001.93;    6.2;   74.29;   12.1;   -1.2;   -3.0;eor
       7351;20190507;   10;  11.0;   3.2;    3;   0.0;   0;    7.917;-999;   5.3;   5.9; 1002.45;    6.4;   65.08;   12.6;   -0.4;   -3.4;eor
       7351;20190508;   10;  12.4;   3.2;    3;   0.7;   6;    6.933;-999;   4.5;   6.3;  993.80;   10.3;   53.67;   16.9;   -1.4;   -4.4;eor
       7351;20190509;   10;   8.2;   2.6;    3;   3.1;   6;    3.067;-999;   5.6;  11.4;  986.12;   11.3;   85.33;   14.5;    5.4;    3.0;eor
       7351;20190510;   10;  12.0;   2.7;    3;   1.7;   6;    3.050;-999;   5.2;  10.3;  992.80;   10.1;   84.00;   16.8;    3.5;    1.4;eor
       7351;20190511;   10;   9.2;   2.5;    3;   0.0;   0;    7.967;-999;   3.8;   7.8; 1000.67;    8.8;   70.29;   14.0;    1.7;   -0.8;eor
       7351;20190512;   10;  11.6;   4.2;    3;   0.0;   0;   12.850;-999;   3.4;   7.1; 1013.46;    9.5;   62.00;   14.8;    4.3;    0.7;eor
       7351;20190513;   10;  12.1;   3.9;    3;   0.1;   6;    9.950;-999;   4.1;   6.7; 1020.35;    9.0;   60.08;   15.1;    4.0;    2.4;eor
       7351;20190514;   10;  13.2;   5.0;    3;   0.0;   0;    9.183;-999;   3.3;   6.1; 1018.80;    7.3;   61.79;   13.3;    2.5;    0.0;eor
       7351;20190515;   10;  12.2;   5.4;    3;   2.7;   6;    6.350;-999;   5.3;   6.2; 1012.37;    8.1;   58.58;   12.9;    1.8;   -0.6;eor
       7351;20190516;   10;  12.4;   4.8;    3;  19.0;   6;    0.000;-999;   7.6;  10.8; 1002.71;    8.8;   94.63;   10.6;    6.5;    6.4;eor
       7351;20190517;   10;   7.2;   2.2;    3;   0.0;   0;    4.433;-999;   5.9;  12.9;  998.00;   13.2;   85.50;   18.2;    7.5;    6.5;eor
       7351;20190518;   10;   9.3;   3.4;    3;   0.0;   0;   12.883;-999;   2.9;  14.3;  995.02;   16.4;   78.00;   22.6;   10.2;    8.8;eor
       7351;20190519;   10;   8.5;   2.9;    3;   0.0;   0;    8.983;-999;   2.9;  13.9;  993.07;   16.8;   74.21;   22.5;   10.6;    8.0;eor
       7351;20190520;   10;  10.8;   3.5;    3;   2.3;   6;    5.783;-999;   4.4;  15.8;  990.12;   15.6;   89.42;   23.7;    8.9;    7.6;eor
       7351;20190521;   10;   7.1;   2.2;    3;   9.5;   6;    7.867;-999;   5.5;  15.7;  991.91;   17.3;   81.42;   23.0;   11.9;   12.3;eor
       7351;20190522;   10;  12.4;   4.8;    3;   0.0;   6;    0.000;-999;   7.7;  13.1;  998.50;   12.5;   89.75;   14.9;   10.2;    9.8;eor
       7351;20190523;   10;   9.2;   3.1;    3;   0.0;   0;   12.100;-999;   3.8;  10.4; 1003.65;   12.3;   74.29;   18.4;    7.7;    4.9;eor
       7351;20190524;   10;   8.9;   2.9;    3;   0.0;   0;   11.667;-999;   2.8;  10.8;  999.28;   15.5;   63.83;   22.3;    6.4;    3.6;eor
       7351;20190525;   10;   8.6;   3.5;    3;   0.0;   0;    0.717;-999;   6.9;  10.5; 1000.15;   12.0;   75.21;   15.2;    7.2;    5.3;eor
       7351;20190526;   10;  16.1;   4.8;    3;   0.8;   6;    0.817;-999;   5.9;  11.2;  996.74;   14.0;   70.67;   18.6;    6.1;    4.5;eor
       7351;20190527;   10;   9.5;   3.2;    3;   0.2;   6;    1.967;-999;   6.3;  13.5;  992.59;   15.7;   75.71;   20.5;   11.4;   10.1;eor
       7351;20190528;   10;   9.4;   3.1;    3;   0.0;   0;    8.783;-999;   3.2;  10.3;  993.70;   12.8;   70.33;   18.0;    5.8;    3.8;eor
       7351;20190529;   10;  10.8;   3.0;    3;   0.0;   0;   11.283;-999;   4.3;   7.3; 1006.40;    9.8;   62.96;   15.6;    2.6;   -0.2;eor
       7351;20190530;   10;  12.1;   3.8;    3;   0.0;   6;    9.483;-999;   5.1;   9.8; 1008.96;   13.9;   63.08;   21.3;    1.9;   -0.6;eor
       7351;20190531;   10;   9.7;   2.8;    3;   0.0;   6;    3.633;-999;   5.1;  16.0; 1007.97;   17.5;   80.38;   22.6;   12.1;   11.3;eor
       7351;20190601;   10;   9.4;   3.0;    3;   0.0;   0;   10.300;-999;   3.0;  15.8; 1006.65;   19.0;   74.58;   25.5;   12.0;   10.4;eor
       7351;20190602;   10;   8.4;   2.0;    3;   0.0;   0;   12.267;-999;   2.6;  14.9; 1003.57;   20.4;   64.71;   28.5;    9.3;    7.4;eor
       7351;20190603;   10;  16.4;   3.8;    3;   0.0;   0;   12.317;-999;   1.7;  14.6;  999.46;   24.0;   52.58;   32.5;   15.7;   12.3;eor
       7351;20190604;   10;   8.3;   3.2;    3;   0.0;   0;   11.233;-999;   2.2;  17.2;  998.87;   20.7;   71.58;   26.6;   15.7;   14.8;eor
       7351;20190605;   10;   9.4;   3.2;    3;   0.0;   0;   15.250;-999;   1.5;  16.2;  995.72;   24.7;   56.50;   31.6;   13.6;   11.4;eor
       7351;20190606;   10;  16.5;   3.9;    3;  20.6;   6;    7.367;-999;   3.5;  17.7;  995.25;   20.2;   76.67;   29.5;   13.9;   13.7;eor
       7351;20190607;   10;   6.7;   2.6;    3;   0.0;   6;   11.967;-999;   3.2;  14.5; 1000.41;   17.8;   72.54;   23.1;   11.9;   11.2;eor
       7351;20190608;   10;  13.3;   4.6;    3;   0.0;   0;    7.233;-999;   4.0;  12.3; 1004.20;   17.0;   64.71;   21.2;    8.8;    7.2;eor
       7351;20190609;   10;   9.7;   2.8;    3;   1.4;   6;   13.800;-999;   3.0;  10.8; 1009.56;   17.0;   58.46;   23.9;    6.7;    5.3;eor
       7351;20190610;   10;   6.5;   2.7;    3;   1.9;   6;    5.383;-999;   4.0;  17.1; 1000.74;   18.3;   80.88;   23.9;   14.3;   13.5;eor
       7351;20190611;   10;  13.8;   3.1;    3;  15.9;   8;    8.467;-999;   3.4;  21.1;  996.35;   22.0;   81.08;   27.4;   16.6;   16.1;eor
       7351;20190612;   10;  22.9;   4.1;    3;  11.0;   8;    9.433;-999;   3.5;  20.2;  995.00;   20.9;   82.71;   29.4;   16.6;   16.3;eor
       7351;20190613;   10;  15.5;   2.7;    3;   1.2;   6;    8.617;-999;   3.5;  15.1; 1000.91;   18.3;   73.50;   23.2;   13.3;   12.7;eor
       7351;20190614;   10;   7.2;   2.8;    3;   0.0;   6;   11.133;-999;   2.8;  15.9; 1004.23;   20.9;   66.50;   27.0;   12.0;   10.8;eor
       7351;20190615;   10;  16.8;   4.4;    3;   3.1;   8;    5.917;-999;   2.9;  20.1;  997.91;   22.3;   74.88;   29.7;   17.5;   16.8;eor
       7351;20190616;   10;  10.7;   3.3;    3;   0.0;   0;   10.467;-999;   4.4;  14.4; 1005.22;   17.4;   73.67;   21.6;   11.9;   10.5;eor
       7351;20190617;   10;   6.8;   1.9;    3;   0.0;   0;   12.000;-999;   2.9;  15.2; 1007.86;   19.1;   70.46;   24.7;   11.2;   10.2;eor
       7351;20190618;   10;   8.6;   2.7;    3;   0.0;   0;   12.667;-999;   1.7;  14.6; 1003.66;   21.1;   61.13;   27.1;   13.5;   11.4;eor
       7351;20190619;   10;   9.1;   2.3;    3;   0.5;   6;   14.033;-999;   2.0;  17.0;  996.34;   22.7;   63.58;   29.0;   14.1;   12.0;eor
       7351;20190620;   10;  10.2;   3.0;    3;  23.6;   8;    6.433;-999;   3.5;  17.2;  996.41;   20.6;   71.21;   24.4;   16.2;   15.5;eor
       7351;20190621;   10;  15.0;   2.9;    3;   0.2;   6;    6.567;-999;   4.9;  16.2; 1003.03;   18.4;   78.42;   23.0;   12.7;   11.1;eor
       7351;20190622;   10;   8.6;   3.0;    3;   0.0;   0;   14.417;-999;   3.5;  13.1; 1009.31;   17.3;   67.54;   22.3;   12.8;   11.1;eor
       7351;20190623;   10;   7.3;   2.8;    3;   0.0;   0;   15.533;-999;   2.4;  13.1; 1009.96;   18.1;   64.25;   24.7;   11.8;   10.5;eor
       7351;20190624;   10;   7.6;   3.0;    3;   0.0;   0;   15.717;-999;   1.8;  13.8; 1011.17;   20.1;   61.75;   25.6;   13.2;   11.4;eor
       7351;20190625;   10;   8.7;   2.6;    3;   0.0;   0;   14.667;-999;   1.4;  16.8; 1008.67;   23.3;   61.38;   30.7;   13.5;   12.3;eor
       7351;20190626;   10;  12.4;   3.6;    3;   0.0;   0;   14.300;-999;   1.3;  19.6; 1005.76;   25.4;   63.08;   34.3;   16.4;   14.9;eor
       7351;20190627;   10;  12.3;   4.8;    3;   0.0;   0;   13.800;-999;   3.5;  12.9; 1009.16;   17.3;   66.58;   22.5;   13.1;   12.0;eor
       7351;20190628;   10;   8.3;   3.5;    3;   0.0;   0;    9.850;-999;   4.1;  14.0; 1009.80;   17.5;   72.21;   23.7;   10.5;    8.9;eor
       7351;20190629;   10;   8.5;   2.2;    3;   0.0;   0;   15.533;-999;   2.6;  14.0; 1006.63;   20.2;   63.63;   29.1;    9.9;    7.5;eor
       7351;20190630;   10;  13.2;   4.1;    3;   0.0;   6;   15.033;-999;   2.5;  13.9;  998.65;   25.7;   48.17;   36.5;   12.4;   10.3;eor
       7351;20190701;   10;  12.9;   4.3;    3;   0.0;   6;    9.100;-999;   2.6;  12.9;  999.85;   19.9;   57.63;   27.0;   13.5;   12.4;eor
       7351;20190702;   10;  14.6;   5.6;    3;   0.0;   6;    4.450;-999;   5.5;  10.4; 1003.97;   15.5;   59.17;   18.8;   10.9;    9.6;eor
       7351;20190703;   10;  12.4;   4.0;    3;   0.0;   6;    7.517;-999;   5.2;   9.7; 1007.47;   13.8;   63.33;   19.0;    7.1;    5.9;eor
       7351;20190704;   10;  12.0;   4.6;    3;   0.5;   6;    6.450;-999;   5.0;  10.5; 1006.26;   15.0;   62.75;   19.6;    6.8;    5.7;eor
       7351;20190705;   10;  11.9;   4.3;    3;   4.8;   6;    0.100;-999;   6.7;  14.6;  999.44;   14.6;   88.13;   17.0;   12.0;   11.1;eor
       7351;20190706;   10;   9.4;   3.4;    3;   2.1;   6;    0.050;-999;   5.8;  15.0;  994.55;   14.5;   90.38;   18.0;   10.8;    9.4;eor
       7351;20190707;   10;  11.4;   4.6;    3;   0.0;   6;    0.000;-999;   6.7;  11.0;  995.58;   12.5;   76.58;   14.7;    7.3;    5.6;eor
       7351;20190708;   10;  12.2;   4.4;    3;   0.0;   6;    2.800;-999;   6.3;  11.0;  999.80;   13.2;   73.54;   19.4;    8.6;    7.3;eor
       7351;20190709;   10;  11.6;   4.0;    3;   0.0;   6;    5.467;-999;   5.5;  11.2; 1002.00;   14.0;   71.04;   18.9;    9.0;    8.1;eor
       7351;20190710;   10;  11.0;   4.0;    3;   0.1;   6;    7.950;-999;   4.7;  12.1; 1002.10;   16.2;   67.04;   22.4;   11.4;    8.4;eor
       7351;20190711;   10;   6.9;   2.1;    3;   0.2;   6;   10.750;-999;   4.2;  11.5;  999.11;   17.3;   61.33;   24.0;   11.0;    9.1;eor
       7351;20190712;   10;   6.7;   1.6;    3;   0.6;   6;    1.100;-999;   5.6;  15.0;  996.39;   16.7;   79.42;   22.7;   11.6;   10.4;eor
       7351;20190713;   10;   9.2;   2.9;    3;   0.0;   6;    7.133;-999;   4.3;  13.3;  998.29;   18.4;   67.08;   25.9;   10.4;    8.9;eor
       7351;20190714;   10;  10.0;   3.8;    3;   0.0;   6;    7.300;-999;   5.8;  14.7; 1002.10;   17.4;   75.04;   23.2;   14.6;   13.8;eor
       7351;20190715;   10;   9.4;   3.6;    3;   0.0;   6;    0.150;-999;   7.8;  12.4; 1001.80;   14.8;   73.83;   17.0;   13.2;   13.6;eor
       7351;20190716;   10;  11.6;   4.3;    3;   0.0;   6;    1.933;-999;   6.8;  13.1;  999.42;   15.8;   73.67;   21.9;   13.3;   11.9;eor
       7351;20190717;   10;   8.4;   2.9;    3;   0.0;   0;    4.617;-999;   5.8;  13.0; 1000.14;   16.9;   69.71;   22.4;    9.9;    8.2;eor
       7351;20190718;   10;   9.7;   1.9;    3;   0.0;   0;   12.533;-999;   3.1;  11.4;  999.16;   18.5;   57.58;   26.1;    7.6;    5.3;eor
       7351;20190719;   10;  12.7;   2.1;    3;   8.1;   6;    4.317;-999;   4.6;  15.4;  999.19;   18.8;   72.21;   25.9;   13.3;   11.8;eor
       7351;20190720;   10;  13.9;   2.6;    3;   8.9;   6;   11.500;-999;   3.2;  15.7; 1000.40;   20.9;   68.33;   28.8;   12.0;   10.8;eor
       7351;20190721;   10;  13.8;   4.0;    3;   0.0;   0;    9.033;-999;   4.3;  16.8; 1003.51;   20.1;   74.04;   25.4;   14.3;   11.7;eor
       7351;20190722;   10;   9.4;   2.6;    3;   1.8;   6;    3.550;-999;   5.1;  15.4; 1008.47;   17.0;   81.00;   22.1;   10.5;    9.2;eor
       7351;20190723;   10;   9.8;   2.9;    3;   0.0;   0;   10.500;-999;   3.4;  17.7; 1007.01;   21.3;   73.58;   28.9;   14.4;   13.0;eor
       7351;20190724;   10;   6.9;   2.0;    3;   0.0;   0;   13.850;-999;   2.0;  17.4; 1005.22;   22.5;   67.21;   30.3;   13.3;   11.5;eor
       7351;20190725;   10;   8.2;   3.1;    3;   0.0;   0;   14.383;-999;   1.4;  17.2; 1005.27;   22.5;   67.00;   29.6;   15.8;   14.4;eor
       7351;20190726;   10;  11.9;   4.2;    3;   0.0;   0;   14.450;-999;   1.9;  16.4; 1001.50;   21.8;   65.46;   28.5;   15.1;   13.3;eor
       7351;20190727;   10;  11.4;   4.0;    3;   7.0;   6;    8.317;-999;   2.7;  16.7;  995.01;   20.6;   69.42;   27.2;   16.0;   14.8;eor
       7351;20190728;   10;  10.2;   3.7;    3;   0.0;   0;   12.383;-999;   2.0;  18.7;  990.55;   22.7;   69.50;   29.4;   16.0;   14.9;eor
       7351;20190729;   10;  12.3;   2.5;    3;   0.0;   6;    6.517;-999;   2.8;  20.9;  994.10;   24.8;   67.75;   31.4;   19.4;   18.3;eor
       7351;20190730;   10;   8.7;   3.1;    3;   0.1;   6;    1.917;-999;   5.1;  20.6;  997.04;   21.4;   81.63;   26.2;   17.5;   17.5;eor
       7351;20190731;   10;   8.1;   2.0;    3;  12.3;   6;    2.100;-999;   5.7;  18.6; 1000.99;   19.1;   85.25;   24.3;   15.6;   15.7;eor
       7351;20190801;    3;   9.4;   2.4;    3;   2.3;   6;    6.050;-999;   5.2;  16.7; 1002.74;   17.5;   84.00;   22.6;   12.9;   11.7;eor
       7351;20190802;    3;   5.7;   1.6;    3;   0.0;   0;    4.600;-999;   4.8;  15.9; 1001.25;   17.3;   81.54;   21.9;   12.5;   11.1;eor
       7351;20190803;    3;  13.8;   1.7;    3;   1.9;   6;    8.350;-999;   3.9;  14.6; 1000.90;   17.8;   74.38;   25.1;   11.5;   10.0;eor
       7351;20190804;    3;   9.6;   3.0;    3;   0.0;   6;    3.400;-999;   6.1;  15.6; 1001.48;   18.3;   75.58;   22.8;   13.6;   11.5;eor
       7351;20190805;    3;   6.9;   2.2;    3;   0.2;   6;    2.783;-999;   4.8;  16.0;  997.93;   19.3;   73.54;   24.6;   13.0;   11.0;eor
       7351;20190806;    3;  19.4;   2.5;    3;  13.1;   8;    7.417;-999;   3.7;  17.9;  995.26;   19.4;   80.71;   26.1;   14.7;   13.4;eor
       7351;20190807;    3;   8.4;   2.2;    3;   0.0;   6;    1.533;-999;   3.9;  16.7;  992.76;   18.8;   78.04;   24.3;   13.6;   11.9;eor
       7351;20190808;    3;  13.7;   3.6;    3;   1.1;   6;    8.383;-999;   3.8;  15.1;  995.70;   17.7;   76.79;   25.6;   12.4;   11.3;eor
       7351;20190809;    3;   7.5;   2.6;    3;   0.3;   6;   10.433;-999;   3.5;  14.5;  998.23;   18.9;   69.21;   25.7;   11.3;   10.3;eor
       7351;20190810;    3;  12.8;   4.4;    3;   0.1;   6;    8.150;-999;   3.6;  16.0;  995.98;   22.4;   60.13;   28.3;   15.9;   13.4;eor
       7351;20190811;    3;  12.0;   3.5;    3;   3.1;   6;    9.350;-999;   3.6;  13.2; 1000.15;   20.7;   57.13;   27.6;   13.4;   11.5;eor
       7351;20190812;    3;  10.2;   3.4;    3;   0.0;   0;    7.700;-999;   4.5;  14.4;  999.63;   19.2;   66.50;   23.9;   15.2;   14.9;eor
       7351;20190813;    3;  12.7;   4.7;    3;   0.6;   6;    5.550;-999;   5.4;  13.4; 1000.38;   15.7;   75.88;   20.0;   10.0;    8.4;eor
       7351;20190814;    3;  11.4;   3.3;    3;   0.0;   0;   10.767;-999;   4.0;  11.1; 1002.54;   14.3;   71.29;   20.8;    8.2;    5.6;eor
       7351;20190815;    3;  11.3;   3.1;    3;   0.0;   6;    0.117;-999;   5.5;  12.3;  998.33;   16.2;   67.92;   20.9;    7.9;    5.5;eor
       7351;20190816;    3;   8.9;   3.4;    3;   0.0;   6;    1.733;-999;   6.6;  15.0; 1000.57;   16.8;   79.83;   21.9;   11.2;    8.5;eor
       7351;20190817;    3;   8.9;   2.6;    3;   0.1;   6;    0.467;-999;   5.4;  14.2;  996.58;   18.3;   68.92;   25.2;   10.8;    8.2;eor
       7351;20190818;    3;   9.3;   2.9;    3;   4.5;   6;    0.350;-999;   6.1;  18.3;  993.35;   19.1;   82.63;   23.3;   15.0;   14.0;eor
       7351;20190819;    3;  11.7;   3.2;    3;   0.0;   0;    4.883;-999;   4.5;  14.4; 1001.17;   16.7;   78.08;   23.2;   10.1;    7.6;eor
       7351;20190820;    3;  10.2;   2.2;    3;   1.3;   6;    6.167;-999;   2.7;  12.0; 1007.67;   17.2;   64.08;   24.3;    9.0;    6.2;eor
       7351;20190821;    3;   9.7;   2.5;    3;   0.0;   0;   11.050;-999;   3.8;  12.2; 1013.03;   16.3;   69.54;   22.6;   10.4;    7.9;eor
       7351;20190822;    3;   8.5;   1.9;    3;   0.0;   0;   13.067;-999;   3.4;  11.5; 1013.59;   17.7;   62.33;   26.1;    8.8;    5.8;eor
       7351;20190823;    3;   6.5;   1.8;    3;   0.0;   0;   13.100;-999;   2.0;  13.0; 1012.45;   20.0;   60.21;   28.4;   10.3;    7.7;eor
       7351;20190824;    3;   9.3;   2.5;    3;   0.0;   0;   13.217;-999;   2.3;  14.1; 1010.87;   20.7;   61.88;   28.9;   11.5;    8.9;eor
       7351;20190825;    3;   9.0;   3.3;    3;   0.0;   0;   12.567;-999;   2.0;  14.2; 1008.55;   22.9;   52.96;   29.9;   15.6;   13.7;eor
       7351;20190826;    3;   8.3;   2.7;    3;   0.2;   6;   10.900;-999;   2.8;  16.2; 1007.12;   23.0;   59.46;   31.1;   14.4;   11.9;eor
       7351;20190827;    3;   9.4;   2.6;    3;   0.1;   6;   10.233;-999;   1.9;  18.8; 1004.47;   24.9;   62.08;   32.3;   17.3;   15.9;eor
       7351;20190828;    3;  10.2;   2.4;    3;   0.6;   6;    8.000;-999;   2.7;  19.0; 1001.13;   24.5;   65.92;   33.5;   17.4;   15.9;eor
       7351;20190829;    3;  10.0;   2.9;    3;   0.0;   0;   11.433;-999;   2.8;  17.9; 1003.47;   22.6;   67.92;   29.0;   16.2;   14.6;eor
       7351;20190830;    3;   5.5;   1.6;    3;   0.0;   0;    3.333;-999;   3.8;  17.2; 1008.45;   21.5;   68.67;   26.9;   16.2;   15.3;eor
       7351;20190831;    3;   9.7;   2.7;    3;   0.0;   0;   11.400;-999;   1.9;  17.7; 1002.17;   25.0;   59.96;   32.9;   16.6;   14.1;eor
       7351;20190901;    3;  11.6;   3.4;    3;   0.0;   6;    6.567;-999;   4.0;  17.1;  996.85;   21.8;   66.00;   28.3;   15.3;   14.2;eor
       7351;20190902;    3;  10.7;   3.8;    3;   0.0;   6;    9.650;-999;   4.5;  10.5; 1005.90;   14.9;   64.96;   21.5;    8.5;    6.0;eor
       7351;20190903;    3;  15.2;   3.7;    3;   0.6;   6;    0.900;-999;   6.0;  12.2; 1007.25;   13.8;   77.63;   19.4;    6.8;    4.1;eor
       7351;20190904;    3;  11.3;   3.2;    3;   0.3;   6;    5.883;-999;   5.0;  13.1; 1001.57;   17.1;   70.46;   24.4;    9.6;    7.7;eor
       7351;20190905;    3;  16.0;   5.4;    3;   0.5;   6;    6.917;-999;   4.9;  12.4; 1000.43;   15.7;   71.29;   21.8;   10.1;    8.4;eor
       7351;20190906;    3;  10.7;   3.7;    3;   0.0;   0;   10.783;-999;   3.4;   9.2; 1007.84;   12.9;   65.21;   20.1;    7.1;    4.3;eor
       7351;20190907;    3;   6.8;   1.8;    3;   3.2;   6;    2.933;-999;   6.0;  10.7; 1004.32;   13.9;   69.04;   19.9;    9.2;    6.7;eor
       7351;20190908;    3;   5.8;   1.7;    3;   0.7;   6;    4.183;-999;   5.5;  12.6; 1004.08;   14.1;   79.58;   20.0;   10.5;    8.7;eor
       7351;20190909;    3;   7.8;   2.2;    3;   7.8;   4;    0.000;-999;   7.5;  14.7;  997.79;   13.3;   96.33;   15.0;   11.6;   11.2;eor
       7351;20190910;    3;  14.8;   6.1;    3;   0.6;   6;    0.567;-999;   7.3;  12.8;  999.00;   14.0;   80.96;   17.9;   11.6;   10.9;eor
       7351;20190911;    3;  12.1;   4.0;    3;   0.7;   6;    8.167;-999;   4.6;  11.0; 1006.85;   15.2;   66.13;   21.3;    7.6;    5.5;eor
       7351;20190912;    3;  11.5;   4.1;    3;   0.0;   6;    6.000;-999;   5.5;  14.6; 1011.13;   16.2;   81.13;   21.9;   11.9;   10.0;eor
       7351;20190913;    3;  12.0;   4.2;    3;   2.1;   6;    4.117;-999;   5.9;  13.3; 1013.97;   15.2;   76.79;   19.3;   10.6;    8.2;eor
       7351;20190914;    3;   7.9;   2.2;    3;   0.0;   0;    9.267;-999;   4.4;  10.0; 1017.99;   11.8;   74.83;   18.2;    6.8;    3.8;eor
       7351;20190915;    3;  14.6;   5.4;    3;   0.2;   6;    5.950;-999;   4.0;  10.9; 1005.42;   14.5;   67.54;   22.2;    7.7;    6.0;eor
       7351;20190916;    3;  12.6;   4.9;    3;   0.1;   6;    5.283;-999;   5.5;  10.3; 1003.20;   12.4;   72.50;   17.9;    8.9;    6.8;eor
       7351;20190917;    3;  16.0;   5.9;    3;  11.1;   4;    5.000;-999;  -999;  10.3;  998.66;   10.0;   83.75;   14.7;    6.0;    5.3;eor
       7351;20190918;    3;  15.7;   5.3;    3;   0.2;   6;    4.017;-999;   3.3;   9.3; 1005.87;    9.6;   79.08;   14.1;    6.1;    5.0;eor
       7351;20190919;    3;   8.3;   3.2;    3;   0.0;   6;    6.133;-999;   5.5;   9.7; 1012.04;   10.0;   80.54;   15.5;    5.6;    3.0;eor
       7351;20190920;    3;   9.4;   3.3;    3;   0.0;   6;    0.317;-999;   7.0;  11.0; 1012.57;   10.7;   85.25;   15.2;    4.6;    2.7;eor
       7351;20190921;    3;   9.3;   2.7;    3;   0.0;   0;    7.800;-999;   5.0;  12.4; 1007.84;   14.4;   77.04;   20.7;    8.0;    5.3;eor
       7351;20190922;    3;   6.4;   2.2;    3;   0.0;   0;   11.333;-999;   1.0;  11.0; 1001.24;   15.2;   67.50;   23.6;    6.2;    3.5;eor
       7351;20190923;    3;   8.9;   3.2;    3;   0.0;   0;   10.867;-999;   4.4;  11.5; 1000.52;   15.5;   68.13;   22.4;    9.8;    7.7;eor
       7351;20190924;    3;   4.6;   1.5;    3;   0.0;   0;    0.283;-999;   7.7;  14.0;  998.52;   14.3;   86.50;   18.5;   11.0;    8.5;eor
       7351;20190925;    3;   5.1;   1.8;    3;   1.3;   6;    0.867;-999;   7.9;  14.7;  992.85;   14.2;   90.75;   17.4;   11.8;    9.7;eor
       7351;20190926;    3;   5.6;   2.2;    3;   1.8;   6;    0.950;-999;   7.6;  15.0;  996.78;   14.3;   91.92;   17.2;   11.5;   10.1;eor
       7351;20190927;    3;   7.4;   3.0;    3;   8.4;   6;    0.000;-999;   7.5;  15.6;  995.15;   14.2;   95.96;   15.7;   12.0;   11.1;eor
       7351;20190928;    3;  12.9;   4.0;    3;   1.2;   6;    5.367;-999;   6.6;  13.9;  995.27;   13.6;   89.04;   17.4;   11.1;   10.2;eor
       7351;20190929;    3;  11.4;   5.5;    3;  11.9;   6;    0.067;-999;   7.8;  14.0;  987.64;   13.5;   90.50;   14.4;   12.7;   12.0;eor
       7351;20190930;    3;  22.7;   6.7;    3;  14.6;   6;    0.817;-999;   7.1;  13.8;  983.70;   12.9;   92.00;   15.8;    9.9;    9.1;eor
       7351;20191001;    3;  11.1;   4.2;    3;  18.9;   6;    0.000;-999;   7.7;  13.2;  986.71;   11.4;   97.25;   15.3;    8.6;    8.2;eor
       7351;20191002;    3;  10.9;   3.3;    3;   5.2;   6;    5.567;   0;   4.8;   9.6;  990.09;    9.1;   83.54;   13.5;    5.9;    4.1;eor
       7351;20191003;    3;   8.4;   3.7;    3;   0.2;   6;    1.000;   0;   7.3;   9.9;  997.42;    8.6;   88.79;   11.3;    5.2;    3.6;eor
       7351;20191004;    3;   8.7;   2.5;    3;   4.8;   6;    5.533;   0;   7.6;   9.2;  996.78;    8.0;   86.21;   11.2;    2.8;    0.6;eor
       7351;20191005;    3;  11.7;   4.2;    3;   0.0;   6;    5.967;   0;   4.3;   9.1; 1001.19;    7.9;   85.63;   12.4;    4.0;    2.0;eor
       7351;20191006;    3;   6.6;   2.2;    3;   0.0;   0;    9.083;   0;   1.3;   7.5; 1006.89;    5.6;   83.83;   11.0;    0.9;   -1.7;eor
       7351;20191007;    3;   5.0;   1.2;    3;   0.2;   6;    4.400;   0;   6.0;   7.5; 1005.50;    5.2;   84.96;   10.9;   -0.2;   -2.5;eor
       7351;20191008;    3;   9.6;   4.1;    3;   3.2;   6;    0.000;   0;   7.8;  10.7;  992.42;    8.8;   92.04;   12.0;    4.4;    3.4;eor
       7351;20191009;    3;   9.9;   4.2;    3;   2.0;   6;    1.217;   0;   7.5;  11.8;  991.25;   11.2;   89.21;   14.0;    8.7;    6.6;eor
       7351;20191010;    3;  11.7;   5.2;    3;   0.0;   6;    1.950;   0;   6.1;  10.6;  994.26;    9.9;   87.04;   13.4;    7.8;    6.4;eor
       7351;20191011;    3;  15.7;   6.7;    3;   2.7;   6;    0.117;   0;   7.8;  11.8;  996.30;   11.9;   84.67;   14.6;    7.6;    6.3;eor
       7351;20191012;    3;  15.0;   4.8;    3;   0.0;   6;    0.850;   0;   7.9;  13.5;  994.75;   14.4;   82.46;   17.5;   11.5;   11.0;eor
       7351;20191013;    3;  10.8;   3.2;    3;   0.4;   6;    3.383;   0;   6.3;  15.5;  997.46;   16.0;   84.92;   21.3;    9.0;    7.3;eor
       7351;20191014;    3;  11.2;   4.0;    3;   0.0;   0;    8.450;   0;   6.5;  13.6;  999.95;   16.2;   73.83;   19.5;   11.1;    9.9;eor
       7351;20191015;    3;   5.2;   2.0;    3;   0.0;   0;    8.683;   0;   6.9;  13.7;  994.13;   13.9;   87.04;   21.2;    9.6;    7.4;eor
       7351;20191016;    3;  13.0;   3.7;    3;  14.8;   6;    0.000;   0;   6.9;  13.4;  993.00;   11.4;   99.00;   13.3;    8.9;    7.3;eor
       7351;20191017;    3;   9.0;   2.8;    3;   4.1;   6;    0.633;   0;   7.4;  13.3;  997.92;   12.7;   90.79;   16.3;    8.8;    7.2;eor
       7351;20191018;    3;  17.3;   3.6;    3;   0.1;   6;    2.033;   0;   6.8;  13.5;  995.59;   13.0;   89.83;   17.5;    7.9;    5.4;eor
       7351;20191019;    3;   7.8;   2.9;    3;   0.0;   0;    1.550;   0;   7.9;  11.4;  995.92;   10.9;   87.17;   14.6;    6.8;    4.1;eor
       7351;20191020;    3;   5.0;   1.8;    3;   0.0;   6;    1.433;   0;   7.5;  13.3;  997.24;   13.0;   88.96;   18.1;    9.0;    7.1;eor
       7351;20191021;    3;   8.0;   2.0;    3;   0.0;   0;    0.450;   0;   7.6;  14.3; 1003.43;   13.1;   94.71;   16.2;    9.8;    7.9;eor
       7351;20191022;    3;   7.6;   2.4;    3;   0.0;   0;    2.300;   0;   5.8;  11.8; 1009.01;   10.7;   91.54;   14.7;    4.3;    2.6;eor
       7351;20191023;    1;   5.6;   1.6;    1;   0.0;   4;    7.400;   0;   4.4;  10.9; 1006.07;    9.3;   92.54;   14.6;    3.5;    1.9;eor
       7351;20191024;    1;   8.0;   2.9;    1;   0.0;   6;    0.000;   0;   7.4;  14.0;  997.16;   12.1;   98.54;   13.3;   10.6;    9.6;eor
       7351;20191025;    1;  12.2;   3.5;    1;   0.0;   0;    3.150;   0;   7.0;  12.0; 1003.06;   12.0;   85.96;   16.1;    8.5;    5.5;eor
       7351;20191026;    1;  13.2;   6.3;    1;   0.1;   6;    7.350;   0;  -999;  12.2;  999.72;   13.4;   79.54;   17.1;   10.2;    8.8;eor
       7351;20191027;    1;  13.4;   5.9;    1;   0.9;   6;    0.183;   0;   6.0;   9.9;  999.72;   10.7;   76.33;   15.3;    5.5;    4.0;eor
       7351;20191028;    1;  10.6;   4.4;    1;   2.9;   6;    5.017;   0;   2.9;   8.8; 1004.23;    6.8;   88.75;   11.2;    2.7;    1.1;eor
       7351;20191029;    1;   7.3;   2.7;    1;   0.0;   6;    6.267;   0;   1.1;   7.2; 1010.38;    3.8;   90.08;    9.1;   -1.3;   -3.8;eor
       7351;20191030;    1;   3.3;   1.1;    1;   0.0;   0;    7.033;   0;   2.2;   6.1; 1015.92;    2.2;   87.00;    9.1;   -2.2;   -4.7;eor
       7351;20191031;    1;   4.2;   1.0;    1;   0.0;   0;    8.233;   0;   6.5;   5.6; 1012.91;    0.9;   86.96;    7.4;   -3.1;   -5.4;eor
       7351;20191101;    1;  11.6;   3.3;    1;   2.4;   6;    4.967;   0;   5.7;   6.1;  999.08;    2.1;   86.25;    6.1;   -3.0;   -5.9;eor
       7351;20191102;    1;   8.7;   4.1;    1;   6.5;   6;    0.067;-999;   7.9;  11.7;  979.59;    9.1;   99.17;   12.9;    4.6;    4.5;eor
       7351;20191103;    1;   7.6;   2.8;    1;   1.5;   6;    0.017;-999;   8.0;  12.5;  976.57;   10.6;   97.50;   12.3;    8.7;    8.8;eor
       7351;20191104;    1;   8.7;   2.4;    1;  12.3;   6;    0.000;-999;   7.8;  11.5;  976.05;    9.1;   99.58;   10.2;    8.4;    8.4;eor
       7351;20191105;    1;   5.1;   2.5;    1;   6.8;   6;    0.000;   0;   7.9;  11.0;  980.83;    8.6;   98.33;    9.8;    8.0;    7.2;eor
       7351;20191106;    1;   6.2;   2.4;    1;   0.1;   6;    0.000;   0;   7.8;   9.7;  985.45;    6.9;   97.13;    8.2;    5.8;    5.0;eor
       7351;20191107;    1;   4.9;   2.1;    1;   0.1;   6;    0.000;   0;   7.8;   9.5;  989.55;    6.7;   96.96;    8.2;    5.2;    4.2;eor
       7351;20191108;    1;   7.4;   2.1;    1;   3.3;   6;    0.017;   0;   7.5;   9.0;  993.36;    6.1;   94.88;    8.6;    1.5;   -0.6;eor
       7351;20191109;    1;   7.2;   3.3;    1;   2.2;   6;    0.000;   0;   7.8;   9.5;  992.01;    6.5;   98.21;    7.9;    3.5;    2.3;eor
       7351;20191110;    1;   4.3;   2.0;    1;   0.0;   0;    2.900;   0;   7.1;   7.6;  999.22;    3.4;   97.75;    6.4;    1.2;    1.2;eor
       7351;20191111;    1;   9.7;   3.7;    1;   0.0;   0;    2.900;   0;   6.2;   7.0;  996.94;    2.9;   93.88;    5.2;    1.5;    0.7;eor
       7351;20191112;    1;   7.7;   3.4;    1;   0.0;   0;    2.583;   0;   7.6;   6.8;  991.24;    3.1;   88.92;    6.0;    0.6;   -0.2;eor
       7351;20191113;    1;   6.4;   2.2;    1;   0.0;   6;    0.000;   0;   8.0;   7.3;  988.69;    3.6;   92.00;    5.8;    1.1;   -1.1;eor
       7351;20191114;    1;  11.5;   3.1;    1;   0.0;   0;    6.067;   0;   5.5;   7.4;  995.16;    4.2;   89.50;    8.4;    2.5;    1.7;eor
       7351;20191115;    1;  14.6;   6.2;    1;   0.0;   0;    0.000;   0;   8.0;   8.5;  994.08;    5.6;   92.13;    8.2;    3.0;    2.8;eor
       7351;20191116;    1;  12.8;   4.6;    1;   1.2;   6;    0.000;   0;   6.3;   9.2;  992.87;    6.3;   95.17;    8.7;    0.7;   -2.2;eor
       7351;20191117;    1;  10.2;   3.0;    1;   1.4;   6;    0.000;   0;   6.4;   7.5;  999.16;    3.1;   96.96;    6.4;   -2.0;   -3.7;eor
       7351;20191118;    1;  12.4;   3.8;    1;   0.2;   6;    0.217;   0;   5.5;   9.4;  992.41;    7.0;   93.79;    9.7;    3.9;    2.2;eor
       7351;20191119;    1;  15.0;   5.2;    1;   3.4;   6;    0.317;   0;   7.0;   7.5; 1000.30;    5.3;   84.04;    7.2;    3.5;    2.2;eor
       7351;20191120;    1;   4.8;   1.5;    1;   0.1;   6;    0.000;   0;   7.9;   8.5; 1004.23;    4.7;   99.00;    5.4;    4.1;    3.9;eor
       7351;20191121;    1;   7.4;   3.0;    1;  14.4;   6;    0.000;   0;   7.8;  10.3;  998.52;    7.5;   99.08;    9.1;    5.2;    5.2;eor
       7351;20191122;    1;   8.4;   3.2;    1;   0.8;   6;    0.000;   0;   7.8;  10.8;  996.88;    8.3;   97.88;    8.8;    6.2;    6.2;eor
       7351;20191123;    1;  10.8;   5.3;    1;   0.0;   0;    0.000;   0;   7.4;   7.6;  996.42;    4.0;   93.00;    6.1;    2.2;    1.3;eor
       7351;20191124;    1;  11.9;   4.7;    1;   0.0;   0;    0.000;   0;   8.0;   7.3;  998.06;    3.4;   93.92;    4.2;    2.7;    2.6;eor
       7351;20191125;    1;   6.9;   3.5;    1;   0.0;   6;    0.000;   0;   8.0;   7.4;  998.75;    2.7;   99.46;    3.4;    1.8;    2.1;eor
       7351;20191126;    1;   7.9;   2.7;    1;   0.0;   6;    0.000;   0;   8.0;   8.3;  993.28;    4.4;   99.58;    6.2;    3.2;    3.1;eor
       7351;20191127;    1;   9.0;   3.4;    1;   1.3;   6;    0.000;   0;   7.6;   9.0;  983.31;    6.1;   95.54;    7.4;    4.9;    4.6;eor
       7351;20191128;    1;  14.7;   6.6;    1;   6.4;   6;    0.517;   0;   7.8;   9.8;  975.59;    8.8;   87.13;   10.8;    6.7;    5.8;eor
       7351;20191129;    1;  18.7;   7.0;    1;   0.0;   6;    0.550;   0;   5.1;   6.8;  986.59;    4.1;   81.54;    8.3;   -0.1;   -1.6;eor
       7351;20191130;    1;   8.6;   3.9;    1;   0.0;   0;    6.400;   0;   1.6;   5.8; 1004.90;    0.5;   91.38;    4.2;   -2.6;   -3.8;eor
       7351;20191201;    1;   5.8;   2.8;    1;   0.1;   6;    0.000;   0;   8.0;   6.5; 1007.02;    1.0;   99.88;    1.8;   -0.6;   -0.5;eor
       7351;20191202;    1;  12.4;   4.5;    1;   1.1;   6;    0.533;   0;   6.7;   6.7; 1004.36;    2.3;   93.21;    4.7;    0.2;   -1.5;eor
       7351;20191203;    1;   9.3;   3.5;    1;   0.2;   6;    1.983;   0;   6.3;   6.5; 1010.06;    1.0;   97.67;    5.0;   -2.4;   -3.9;eor
       7351;20191204;    1;  10.0;   4.3;    1;   0.0;   0;    0.000;   0;   7.7;   7.6; 1007.60;    4.1;   92.67;    4.8;    0.6;   -1.0;eor
       7351;20191205;    1;  10.9;   3.4;    1;   0.0;   6;    6.200;   0;   2.9;   5.9; 1003.60;    0.5;   93.25;    3.0;   -1.7;   -3.6;eor
       7351;20191206;    1;  13.0;   7.2;    1;   8.0;   6;    0.000;   0;   7.7;   6.5;  993.13;    1.8;   92.50;    4.3;   -0.3;   -1.5;eor
       7351;20191207;    1;  14.3;   6.3;    1;   1.2;   6;    0.050;   0;   7.7;   9.3;  990.10;    6.5;   95.25;    8.3;    4.2;    3.9;eor
       7351;20191208;    1;  16.1;   7.2;    1;   1.0;   6;    0.000;   0;   7.3;   8.8;  985.90;    7.4;   85.13;    9.2;    5.4;    3.6;eor
       7351;20191209;    1;  15.5;   5.2;    1;   2.5;   6;    2.900;   0;   5.5;   7.8;  984.43;    5.4;   86.88;    7.6;    3.3;    1.8;eor
       7351;20191210;    1;  10.7;   4.3;    1;   0.0;   0;    6.050;   0;   1.6;   6.2; 1004.30;    1.9;   88.33;    4.5;   -0.3;   -2.0;eor
       7351;20191211;    1;  12.5;   4.5;    1;   2.1;   8;    0.000;   0;   8.0;   5.7;  995.95;    1.8;   81.96;    3.0;    0.4;   -1.1;eor
       7351;20191212;    1;   8.4;   3.7;    1;   0.0;   8;    0.000;   0;   7.9;   6.7;  986.86;    1.6;   97.42;    2.8;    0.1;    0.0;eor
       7351;20191213;    1;   9.9;   4.1;    1;   1.6;   8;    0.567;   0;   7.0;   5.9;  972.77;    0.2;   94.75;    1.1;   -0.8;   -1.4;eor
       7351;20191214;    1;  12.5;   4.4;    1;   3.1;   6;    0.000;   0;   7.5;   6.8;  973.59;    2.0;   96.08;    4.0;    0.1;   -0.2;eor
       7351;20191215;    1;  13.8;   6.5;    1;   3.1;   6;    2.550;   0;   5.3;   7.0;  984.83;    4.3;   84.46;    7.9;    0.8;   -0.6;eor
       7351;20191216;    1;   8.1;   2.9;    1;   0.0;   6;    0.000;   0;   7.8;   7.7;  994.15;    4.6;   90.38;    6.9;    2.4;    0.6;eor
       7351;20191217;    1;   9.6;   3.1;    1;   0.1;   6;    2.500;   0;   8.0;   8.6;  991.28;    7.3;   84.63;   12.2;    3.6;    1.3;eor
       7351;20191218;    1;  16.7;   4.6;    1;   0.0;   0;    2.767;   0;   6.4;   8.4; 1000.37;    7.1;   82.83;   13.9;   -0.6;   -3.0;eor
       7351;20191219;    1;   7.7;   2.8;    1;   0.0;   0;    0.000;   0;   6.5;   7.8; 1002.25;    3.4;   99.58;    5.7;   -1.1;   -3.9;eor
       7351;20191220;    1;   6.5;   2.6;    1;   1.0;   6;    0.933;   0;   7.8;   8.9;  982.98;    5.3;   99.50;    6.4;    4.5;    1.1;eor
       7351;20191221;    1;   6.0;   2.3;    1;   0.0;   0;    2.150;   0;   5.3;   8.7;  978.67;    5.4;   96.08;    7.8;    0.5;   -2.5;eor
       7351;20191222;    1;   7.3;   2.9;    1;   0.1;   6;    0.000;   0;   6.8;   7.0;  976.21;    2.0;   99.96;    3.5;    0.0;   -3.5;eor
       7351;20191223;    1;   9.8;   3.6;    1;   1.4;   6;    0.350;   0;   7.8;   8.5;  986.35;    5.3;   94.88;    6.9;    3.4;    2.8;eor
       7351;20191224;    1;   8.3;   3.4;    1;   1.5;   6;    0.050;   0;   7.8;   8.3;  994.58;    5.0;   95.13;    5.9;    3.4;    2.3;eor
       7351;20191225;    1;   8.2;   2.9;    1;   1.2;   6;    0.000;   0;   7.9;   8.0;  999.30;    4.2;   97.08;    5.2;    2.9;    1.7;eor
       7351;20191226;    1;   8.5;   3.5;    1;   1.5;   6;    0.083;   0;   7.5;   7.7; 1007.23;    3.9;   95.38;    5.3;    2.4;    1.7;eor
       7351;20191227;    1;   9.5;   3.1;    1;   0.4;   8;    0.000;   0;   7.2;   6.5; 1015.18;    1.6;   94.00;    3.4;    0.1;   -1.2;eor
       7351;20191228;    1;   6.1;   2.1;    1;   0.0;   0;    1.183;   0;   7.9;   5.0; 1026.75;    0.0;   83.08;    1.5;   -2.6;   -4.7;eor
       7351;20191229;    1;   8.4;   3.6;    1;   0.0;   0;    0.567;   0;   7.5;   4.6; 1023.20;   -1.2;   83.25;    1.0;   -4.0;   -5.7;eor
       7351;20191230;    1;  12.7;   5.8;    1;   0.0;   6;    0.467;   0;   5.5;   3.9; 1011.43;    4.3;   48.25;    6.9;    0.7;    0.3;eor
       7351;20191231;    1;  13.8;   6.2;    1;   0.0;   6;    1.467;   0;   5.3;   7.0; 1011.79;    4.8;   81.00;    6.9;    0.9;   -0.6;eor
       7351;20200101;    1;   9.2;   4.0;    1;   0.0;   0;    0.833;   0;   5.7;   6.3; 1017.19;    1.2;   95.17;    3.2;   -1.8;   -3.5;eor
       7351;20200102;    1;   9.2;   3.0;    1;   0.0;   6;    6.000;   0;   4.6;   5.1; 1010.80;   -0.2;   85.46;    4.0;   -2.9;   -5.9;eor
       7351;20200103;    1;  11.2;   5.4;    1;   4.6;   6;    0.000;   0;   7.8;   7.5; 1001.38;    3.4;   95.71;    6.3;    0.4;    0.2;eor
