STATIONS_ID;MESS_DATUM;QN_3;  FX;  FM;QN_4; RSK;RSKF; SDK;SHK_TAG;  NM; VPM;  PM; TMK; UPM; TXK; TNK; TGK;eor
       7368;20180630;   10;  12.7;   5.6;    3;   0.0;   0;   14.283;-999;   0.8;   9.2;  980.91;   17.8;   48.08;   23.1;   10.7;    7.4;eor
       7368;20180701;   10;  12.8;   4.5;    3;   0.0;   0;   15.217;-999;   0.0;   7.6;  982.40;   15.8;   45.25;   22.4;    8.6;    5.3;eor
       7368;20180702;   10;   9.8;   2.8;    3;   0.0;   0;   15.183;-999;   0.0;   7.4;  980.89;   16.7;   41.92;   23.4;    7.7;    3.9;eor
       7368;20180703;   10;   7.2;   1.7;    3;   0.0;   0;   15.150;-999;   0.7;   7.3;  980.31;   18.9;   37.63;   27.5;    6.7;    3.8;eor
       7368;20180704;   10;   7.8;   1.7;    3;   0.0;   6;    9.433;-999;   6.3;  10.2;  977.91;   22.0;   40.63;   29.1;   10.2;    6.8;eor
       7368;20180705;   10;   9.2;   2.9;    3;   3.4;   6;    9.650;-999;   4.8;  16.5;  976.12;   21.6;   65.96;   29.1;   16.7;   14.7;eor
       7368;20180706;   10;   9.1;   2.7;    3;   0.0;   0;    9.800;-999;   4.5;  13.0;  981.41;   18.4;   63.08;   23.0;   14.2;   11.4;eor
       7368;20180707;   10;   9.4;   2.8;    3;   0.0;   0;   14.550;-999;   2.7;   9.2;  984.87;   18.2;   46.46;   25.3;    9.9;    7.1;eor
       7368;20180708;   10;   7.2;   2.2;    3;   0.0;   0;   13.033;-999;   2.2;  11.9;  984.97;   18.5;   57.04;   25.7;   11.1;    8.2;eor
       7368;20180709;   10;   9.6;   2.6;    3;   0.1;   6;   10.400;-999;   4.4;  11.7;  983.52;   18.2;   57.42;   24.2;   12.5;    9.6;eor
       7368;20180710;   10;-999;   2.4;    3;   5.4;   6;    1.567;-999;   7.8;  12.0;  979.04;   14.9;   71.67;   18.7;   12.1;   11.9;eor
       7368;20180711;   10;   8.5;   1.8;    3;   9.2;   6;    2.100;-999;   7.7;  13.5;  978.30;   14.7;   81.92;   20.1;   12.2;   12.1;eor
       7368;20180712;   10;   9.9;   2.6;    3;   0.9;   6;    4.067;-999;   7.2;  15.4;  980.14;   16.5;   82.88;   23.6;   12.6;   12.5;eor
       7368;20180713;   10;   8.9;   2.3;    3;   0.0;   0;   13.200;-999;   3.0;  13.6;  982.54;   19.9;   63.08;   26.3;   12.9;   11.5;eor
       7368;20180714;   10;   6.4;   1.4;    3;   0.0;   0;   12.783;-999;   2.3;  13.1;  982.29;   20.5;   58.29;   27.1;   11.5;    9.1;eor
       7368;20180715;   10;   7.0;   2.5;    3;   0.0;   0;   11.783;-999;   3.1;  12.9;  979.90;   20.4;   56.21;   26.8;   13.1;   11.5;eor
       7368;20180716;   10;   9.1;   2.6;    3;   0.0;   0;   12.450;-999;   5.4;  12.7;  977.30;   20.7;   53.58;   27.4;   13.2;   11.1;eor
       7368;20180717;   10;  10.2;   2.8;    3;   0.0;   0;   13.050;-999;   5.9;  12.6;  977.19;   22.5;   51.00;   29.8;   13.9;   11.3;eor
       7368;20180718;   10;  11.1;   2.9;    3;   0.0;   0;   13.867;-999;   2.2;  12.4;  980.52;   21.2;   50.92;   26.1;   15.9;   11.5;eor
       7368;20180719;   10;  10.3;   1.7;    3;   0.0;   0;   14.583;-999;   2.1;  10.3;  981.12;   20.1;   47.46;   27.1;   11.8;    8.7;eor
       7368;20180720;   10;   8.7;   1.9;    3;   0.0;   0;   13.367;-999;   5.6;  10.6;  977.42;   21.6;   44.58;   29.6;   11.6;    8.8;eor
       7368;20180721;   10;   6.2;   2.3;    3;   8.2;   6;    3.083;-999;   7.3;  15.0;  975.51;   18.8;   69.75;   24.1;   15.2;   13.4;eor
       7368;20180722;   10;   5.3;   1.6;    3;   0.5;   6;    4.000;-999;   7.5;  17.3;  977.99;   19.0;   80.75;   24.8;   15.8;   15.0;eor
       7368;20180723;   10;   9.7;   1.7;    3;   0.0;   0;   12.817;-999;   2.1;  14.6;  980.10;   22.2;   58.75;   29.0;   15.4;   13.9;eor
       7368;20180724;   10;   7.9;   1.9;    3;   0.0;   0;   14.567;-999;   0.0;  14.0;  979.02;   23.6;   51.88;   31.5;   14.1;   11.9;eor
       7368;20180725;   10;  10.3;   2.0;    3;   0.0;   0;   11.217;-999;   2.3;  15.4;  978.90;   25.4;   50.04;   32.8;   16.5;   14.2;eor
       7368;20180726;   10;  10.3;   3.1;    3;   0.0;   0;   14.350;-999;   1.4;  13.6;  979.78;   25.3;   46.25;   32.5;   16.3;   14.1;eor
       7368;20180727;   10;  11.1;   3.5;    3;   0.0;   0;   12.750;-999;   3.0;  14.5;  977.58;   24.4;   49.50;   31.6;   15.1;   13.5;eor
       7368;20180728;   10;  13.7;   3.1;    3;   0.0;   6;    7.733;-999;   4.4;  16.3;  973.55;   23.3;   59.79;   31.9;   16.8;   14.8;eor
       7368;20180729;   10;   8.4;   2.6;    3;   0.0;   0;    5.750;-999;   7.1;  15.4;  978.70;   23.0;   58.50;   29.7;   14.5;   13.8;eor
       7368;20180730;   10;   6.3;   1.3;    3;   0.0;   0;   10.383;-999;   2.6;  13.6;  979.43;   25.9;   44.92;   33.5;   16.7;   13.9;eor
       7368;20180731;   10;  10.0;   1.9;    3;   0.0;   0;   11.133;-999;   2.6;  13.9;  979.57;   27.5;   41.25;   36.1;   16.9;   14.0;eor
       7368;20180801;   10;   9.3;   2.7;    3;   4.0;   6;    8.167;-999;   6.0;  16.4;  983.29;   25.5;   52.13;   30.8;   19.1;   17.3;eor
       7368;20180802;   10;   9.2;   3.7;    3;   0.0;   0;   10.450;-999;   4.2;  19.8;  985.62;   23.3;   70.92;   28.9;   19.3;   17.1;eor
       7368;20180803;   10;   8.6;   2.5;    3;   0.0;   0;   13.883;-999;   0.1;  18.4;  984.55;   24.9;   61.58;   32.0;   17.9;   15.9;eor
       7368;20180804;   10;   7.8;   1.8;    3;   0.0;   6;   11.650;-999;   2.7;  16.6;  981.25;   26.6;   51.54;   33.8;   18.7;   16.3;eor
       7368;20180805;   10;   8.0;   2.2;    3;   0.0;   0;    8.650;-999;   3.4;  14.2;  983.80;   22.0;   54.88;   27.3;   15.4;   12.7;eor
       7368;20180806;   10;   9.8;   2.8;    3;   0.0;   0;   13.983;-999;   0.9;  11.7;  981.17;   21.9;   48.67;   30.5;   12.0;    9.1;eor
       7368;20180807;   10;  10.8;   2.6;    3;   0.0;   0;    8.583;-999;   4.1;  13.3;  975.56;   26.3;   41.83;   35.0;   15.6;   13.3;eor
       7368;20180808;   10;  12.0;   3.6;    3;   0.0;   0;    8.267;-999;   6.0;  15.3;  975.85;   26.1;   46.08;   32.0;   20.1;   17.4;eor
       7368;20180809;   10;  20.8;   4.6;    3;   0.0;   6;    7.633;-999;   5.3;  16.5;  977.06;   23.4;   59.92;   34.3;   16.7;   15.2;eor
       7368;20180810;   10;  12.7;   4.8;    3;   0.0;   0;    8.117;-999;   5.4;  10.7;  984.41;   18.7;   50.33;   23.0;   14.5;   10.4;eor
       7368;20180811;   10;  12.5;   3.6;    3;   0.0;   6;    8.450;-999;   4.8;   8.8;  984.57;   17.3;   46.08;   23.0;   11.1;    7.9;eor
       7368;20180812;   10;   9.5;   2.0;    3;   0.0;   0;   12.783;-999;   7.3;   8.2;  979.86;   18.8;   41.42;   27.1;    8.0;    5.1;eor
       7368;20180813;   10;  13.3;   2.6;    3;   7.0;   6;    4.150;-999;   5.9;  13.7;  972.99;   17.0;   69.92;   22.5;   11.8;    8.3;eor
       7368;20180814;   10;  10.9;   3.8;    3;   0.0;   6;    1.633;-999;   5.8;  15.1;  976.82;   17.6;   75.75;   21.4;   14.4;   12.3;eor
       7368;20180815;   10;   8.5;   2.2;    3;   0.0;   6;    2.900;-999;   5.5;  13.2;  982.78;   17.7;   67.38;   22.6;   13.0;    9.6;eor
       7368;20180816;   10;   9.1;   1.6;    3;   0.0;   0;   13.283;-999;   3.0;  13.2;  980.15;   21.1;   57.50;   30.1;   10.2;    8.0;eor
       7368;20180817;   10;   9.6;   2.5;    3;   0.0;   0;   12.100;-999;   5.5;  14.9;  979.20;   21.9;   59.04;   29.2;   14.8;   12.5;eor
       7368;20180818;   10;   5.8;   1.6;    3;   0.0;   0;    4.767;-999;   6.6;  14.2;  984.34;   20.7;   59.63;   26.9;   15.8;   12.0;eor
       7368;20180819;   10;   9.4;   2.3;    3;   0.0;   0;   13.250;-999;   2.2;  10.5;  983.42;   21.6;   44.63;   29.9;   12.3;    9.0;eor
       7368;20180820;   10;   6.4;   2.1;    3;   0.0;   0;    0.817;-999;   6.2;  14.5;  982.41;   19.9;   62.38;   23.8;   13.2;   11.5;eor
       7368;20180821;   10;   7.8;   2.4;    3;   0.0;   0;    1.933;-999;  -999;  15.8;  984.06;   20.2;   67.50;   24.8;   15.5;   12.8;eor
       7368;20180822;   10;   7.0;   2.5;    3;   0.0;   0;    8.800;-999;   4.3;  14.1;  981.00;   21.9;   56.96;   30.2;   14.6;   14.1;eor
       7368;20180823;   10;  12.2;   2.9;    3;   0.0;   0;   11.433;-999;   4.0;  14.6;  975.65;   23.9;   51.83;   31.6;   15.8;   12.8;eor
       7368;20180824;   10;  20.7;   3.4;    3;   0.3;   6;    2.333;-999;   7.7;  12.9;  974.34;   18.2;   61.29;   21.4;   14.9;   13.8;eor
       7368;20180825;   10;  13.0;   3.8;    3;   2.4;   6;    3.683;-999;   5.7;   9.7;  974.79;   13.5;   63.13;   16.8;    8.9;    6.3;eor
       7368;20180826;   10;   9.0;   2.8;    3;   0.0;   6;    9.883;-999;   3.7;   8.2;  979.43;   13.1;   57.71;   19.5;    7.3;    5.1;eor
       7368;20180827;   10;  12.7;   4.3;    3;   0.1;   6;    1.217;-999;   7.0;  11.6;  977.17;   15.9;   62.71;   18.9;   12.1;    7.1;eor
       7368;20180828;   10;   5.7;   2.2;    3;   0.0;   0;   10.483;-999;   3.0;  11.2;  982.47;   17.5;   57.63;   23.2;   12.1;    8.5;eor
       7368;20180829;   10;  10.9;   2.7;    3;   1.4;   6;   10.833;-999;   3.7;  12.5;  977.56;   19.5;   59.13;   29.1;    9.4;    6.0;eor
       7368;20180830;   10;  12.0;   3.8;    3;   0.4;   6;    3.033;-999;   5.9;  14.2;  980.71;   16.2;   77.79;   19.8;   10.6;    7.7;eor
       7368;20180831;   10;   6.3;   1.6;    3;   0.0;   0;    5.233;-999;   5.8;  10.2;  984.90;   13.8;   67.71;   19.0;    9.0;    5.0;eor
       7368;20180901;   10;   9.4;   2.3;    3;   0.0;   6;   11.250;-999;   2.0;   8.9;  987.68;   14.0;   59.67;   21.2;    6.2;    2.9;eor
       7368;20180902;   10;  11.2;   3.1;    3;   2.8;   6;    0.000;-999;   6.8;  13.5;  986.63;   13.9;   84.63;   16.0;   11.6;    8.1;eor
       7368;20180903;   10;   6.1;   2.0;    3;   2.6;   6;    0.000;-999;   7.7;  17.2;  980.65;   15.7;   96.00;   17.9;   14.0;   13.0;eor
       7368;20180904;   10;   9.2;   1.8;    3;   0.0;   0;    7.550;-999;   6.9;  15.8;  979.70;   18.9;   75.50;   25.5;   13.8;   10.7;eor
       7368;20180905;   10;   6.9;   2.4;    3;   0.0;   0;   10.650;-999;   1.8;  13.6;  980.49;   18.2;   68.25;   25.8;   11.4;    8.6;eor
       7368;20180906;   10;   9.8;   2.3;    3;   2.2;   6;    5.650;-999;   5.1;  14.8;  975.63;   17.9;   74.21;   26.2;   12.5;   10.2;eor
       7368;20180907;   10;  10.0;   2.8;    3;   0.1;   6;    3.500;-999;   5.3;  14.5;  977.05;   15.8;   81.00;   20.2;   11.3;    7.9;eor
       7368;20180908;   10;   8.4;   2.6;    3;   0.0;   0;   10.767;-999;   4.2;   9.7;  983.47;   14.2;   63.46;   19.9;    7.2;    4.8;eor
       7368;20180909;   10;   7.9;   1.8;    3;   0.0;   0;    3.183;-999;   7.6;  10.8;  984.65;   16.4;   60.00;   24.0;    9.5;    6.9;eor
       7368;20180910;   10;  11.1;   2.5;    3;   0.0;   0;    3.967;-999;   6.9;  11.7;  984.96;   17.7;   61.33;   26.1;    9.2;    5.3;eor
       7368;20180911;   10;  14.0;   4.0;    3;   0.0;   0;   11.750;-999;  -999;  12.1;  985.39;   19.6;   55.96;   26.0;   13.1;   10.0;eor
       7368;20180912;   10;  14.7;   3.7;    3;   0.0;   0;   11.600;-999;   1.0;  12.4;  983.35;   20.9;   53.42;   28.4;   13.7;   12.3;eor
       7368;20180913;   10;   9.2;   3.5;    3;   0.6;   6;    0.000;-999;   7.9;  14.1;  983.06;   14.3;   86.38;   15.4;   12.9;   13.0;eor
       7368;20180914;   10;   6.0;   1.5;    3;   0.2;   4;    2.917;-999;   6.8;  13.2;  983.26;   14.5;   81.25;   20.2;   11.0;    7.7;eor
       7368;20180915;   10;   8.2;   2.5;    3;   0.0;   0;    6.700;-999;   5.8;  10.0;  986.32;   14.2;   63.63;   19.4;    8.2;    5.7;eor
       7368;20180916;   10;   6.2;   1.3;    3;   0.0;   0;   10.600;-999;   6.0;   9.4;  986.28;   15.0;   59.75;   23.6;    6.7;    3.5;eor
       7368;20180917;   10;   6.9;   1.6;    3;   0.0;   0;    9.967;-999;   5.8;   9.6;  983.05;   16.7;   54.75;   25.7;    7.5;    4.0;eor
       7368;20180918;   10;  11.1;   2.5;    3;   0.0;   0;   11.383;-999;   1.0;  11.4;  979.28;   20.3;   52.04;   29.8;    8.7;    5.1;eor
       7368;20180919;   10;  13.5;   3.2;    3;   0.0;   0;    9.950;-999;   4.6;  13.6;  981.76;   22.3;   52.08;   28.2;   14.1;   11.9;eor
       7368;20180920;   10;  12.0;   3.1;    3;   0.0;   0;    9.667;-999;   7.3;  12.9;  980.61;   21.8;   51.63;   27.6;   15.3;   12.1;eor
       7368;20180921;   10;  18.8;   4.9;    3;   4.2;   6;    2.167;-999;   6.4;  12.5;  974.13;   17.4;   64.42;   24.6;   10.1;    8.1;eor
       7368;20180922;   10;  12.4;   4.7;    3;   2.2;   6;    4.267;-999;   6.2;   9.3;  982.19;   11.7;   68.33;   15.9;    9.3;    7.4;eor
       7368;20180923;   10;  12.4;   3.0;    3;  48.4;   6;    0.000;-999;   7.4;  11.2;  975.16;    9.6;   93.50;   11.9;    6.4;    5.3;eor
       7368;20180924;   10;  14.5;   4.5;    3;   2.1;   6;    4.317;-999;   6.0;   8.6;  991.66;    8.4;   78.46;   12.6;    4.6;    2.8;eor
       7368;20180925;   10;   5.2;   1.8;    3;   0.0;   6;    5.983;-999;   5.7;   7.8; 1000.02;    7.3;   78.21;   13.1;    2.9;    0.2;eor
       7368;20180926;   10;   9.5;   3.2;    3;   0.0;   0;    9.267;-999;   6.1;   6.6;  996.43;    9.6;   59.33;   16.2;    1.9;   -1.0;eor
       7368;20180927;   10;   7.4;   3.0;    3;   0.0;   0;   10.283;-999;   0.2;   7.1;  990.12;   14.5;   45.79;   22.4;    6.5;    5.1;eor
       7368;20180928;   10;   7.4;   2.3;    3;   0.0;   6;    2.150;-999;   4.0;   8.4;  986.72;   10.2;   67.08;   13.5;    5.1;    1.4;eor
       7368;20180929;   10;   7.1;   2.1;    3;   0.0;   0;   10.817;-999;  -999;   7.2;  990.21;    7.4;   71.71;   13.2;    1.7;   -2.1;eor
       7368;20180930;   10;   4.4;   1.5;    3;   0.0;   0;   10.767;-999;   1.0;   6.8;  980.19;    9.6;   61.08;   18.4;    1.8;   -1.3;eor
       7368;20181001;   10;  13.4;   3.1;    3;   0.2;   6;    2.117;-999;   6.1;   7.6;  978.45;    7.1;   76.33;   13.0;    3.2;    0.8;eor
       7368;20181002;   10;  13.6;   5.2;    3;   1.8;   6;    0.000;-999;   7.4;   8.7;  980.96;    6.5;   89.04;   10.2;    3.8;    2.5;eor
       7368;20181003;   10;  11.9;   4.5;    3;   0.0;   6;    3.450;-999;   7.0;   8.4;  985.23;   10.5;   66.96;   13.5;    4.7;    0.8;eor
       7368;20181004;   10;   6.4;   2.1;    3;   0.0;   0;    0.167;-999;   6.2;   9.4;  989.52;    9.4;   79.50;   14.6;    4.5;    0.8;eor
       7368;20181005;   10;   4.4;   1.2;    3;   0.0;   0;   10.000;   0;   2.6;   9.4;  983.51;   11.6;   72.71;   21.0;    2.4;    0.7;eor
       7368;20181006;   10;   8.0;   2.2;    3;   0.0;   0;    6.683;   0;   6.1;  11.5;  974.82;   15.9;   64.42;   22.3;    7.9;    3.9;eor
       7368;20181007;   10;   7.1;   2.8;    3;   0.0;   6;    0.000;   0;   7.3;  11.4;  979.90;   10.9;   87.67;   15.3;    6.5;    5.1;eor
       7368;20181008;   10;   4.8;   1.5;    3;   0.1;   4;    4.517;   0;   7.0;  10.7;  984.75;    9.8;   88.75;   16.9;    5.2;    2.0;eor
       7368;20181009;   10;   4.4;   1.0;    3;   0.2;   4;    6.083;   0;   6.8;  12.4;  985.64;   11.9;   89.75;   20.0;    6.3;    4.3;eor
       7368;20181010;   10;   8.8;   2.9;    3;   0.1;   4;    8.067;   0;   3.0;  12.3;  982.96;   12.7;   84.17;   20.3;    6.3;    4.7;eor
       7368;20181011;   10;   6.3;   1.7;    3;   0.0;   0;    9.950;   0;   0.9;  10.7;  979.09;   14.7;   68.54;   23.9;    6.5;    4.0;eor
       7368;20181012;   10;   7.1;   2.0;    3;   0.0;   0;    9.950;   0;   1.8;  12.2;  985.07;   17.2;   63.08;   24.1;   10.0;    6.6;eor
       7368;20181013;   10;   5.1;   1.5;    3;   0.0;   0;    9.900;   0;   0.1;  12.3;  984.84;   16.1;   70.50;   24.7;    8.4;    5.7;eor
       7368;20181014;   10;   5.9;   1.3;    3;   0.0;   0;    9.850;   0;   0.0;  11.1;  977.62;   14.7;   68.17;   23.4;    6.9;    3.4;eor
       7368;20181015;   10;   4.7;   1.2;    3;   0.0;   0;    9.817;   0;   0.0;  10.4;  978.02;   14.4;   67.71;   23.5;    5.9;    3.5;eor
       7368;20181016;   10;   5.4;   1.7;    3;   0.0;   4;    0.783;   0;   5.6;  11.5;  981.87;   12.9;   77.50;   18.5;    8.3;    6.0;eor
       7368;20181017;   10;   3.4;   1.3;    3;   0.0;   4;    7.950;   0;  -999;  12.1;  982.47;   13.0;   82.75;   21.1;    6.5;    5.5;eor
       7368;20181018;   10;   5.7;   1.5;    3;   0.4;   6;    0.500;   0;   6.2;  11.6;  984.78;   11.5;   86.33;   16.4;    6.5;    4.1;eor
       7368;20181019;   10;   7.4;   3.2;    3;   0.0;   0;    0.450;   0;   7.8;  10.5;  987.29;   11.0;   79.96;   13.7;    7.9;    5.6;eor
       7368;20181020;   10;   6.2;   1.5;    3;   0.0;   0;    8.817;   0;   3.8;   8.2;  991.24;    8.2;   77.00;   13.9;    3.7;   -0.7;eor
       7368;20181021;   10;   3.3;   1.1;    3;   0.0;   0;    4.067;   0;   5.9;   8.5;  991.23;    7.9;   81.58;   14.4;    3.2;    0.2;eor
       7368;20181022;   10;   5.8;   1.8;    3;   1.9;   6;    0.183;   0;   5.2;   8.9;  991.55;    6.1;   93.67;    9.6;    2.3;   -0.5;eor
       7368;20181023;   10;  15.0;   6.0;    3;   3.1;   6;    0.000;   0;   7.9;   9.1;  984.34;    7.0;   89.96;   11.0;    2.5;    1.7;eor
       7368;20181024;   10;  14.5;   4.5;    3;   3.6;   6;    0.017;   0;   7.6;  11.9;  981.38;   10.8;   92.21;   12.1;    9.8;    9.5;eor
       7368;20181025;   10;  11.4;   4.8;    3;   0.0;   6;    0.033;   0;   7.8;  10.7;  979.49;   10.8;   82.83;   12.3;    9.2;    8.8;eor
       7368;20181026;   10;  11.6;   4.2;    3;   0.1;   6;    0.017;   0;   7.9;   9.0;  971.31;    9.0;   78.33;   10.2;    6.7;    5.7;eor
       7368;20181027;   10;   9.3;   3.2;    3;   0.0;   0;    0.533;   0;   7.9;   7.3;  970.59;    5.9;   78.71;    7.4;    3.8;    2.0;eor
       7368;20181028;   10;  14.2;   6.8;    3;   0.7;   6;    0.000;   0;   7.9;   7.0;  974.53;    3.4;   89.13;    4.2;    2.3;    1.9;eor
       7368;20181029;   10;  13.6;   7.7;    3;   0.3;   6;    0.000;   0;   7.7;   7.3;  965.58;    2.9;   97.29;    3.7;    2.4;    2.4;eor
       7368;20181030;   10;  20.6;   7.7;    3;   0.7;   6;    1.017;   0;   7.6;   7.7;  958.16;    5.5;   86.08;    8.6;    3.3;    3.3;eor
       7368;20181031;   10;  15.1;   3.3;    3;   0.0;   0;    4.617;   0;   5.6;   7.6;  978.30;    7.2;   75.21;   11.1;    2.8;   -0.5;eor
       7368;20181101;   10;   7.6;   2.2;    3;   0.0;   6;    0.267;   0;   5.4;   7.8;  975.78;    5.2;   88.63;    9.6;    0.6;   -2.1;eor
       7368;20181102;   10;   9.7;   2.8;    3;   0.0;   0;    2.550;   0;   5.9;   8.9;  984.55;    8.6;   79.63;   11.6;    5.4;    2.0;eor
       7368;20181103;   10;   8.5;   3.0;    3;   0.0;   0;    2.050;   0;   7.1;   8.6;  990.20;    6.9;   86.17;    9.4;    4.9;    3.6;eor
       7368;20181104;   10;   5.8;   2.5;    3;   0.0;   0;    0.000;   0;   7.9;  10.2;  981.11;    8.0;   95.25;    9.1;    6.5;    6.4;eor
       7368;20181105;   10;   6.8;   2.6;    3;   0.1;   4;    0.983;   0;   6.5;  10.8;  973.66;    8.3;   98.29;   10.3;    3.9;    2.4;eor
       7368;20181106;   10;   5.3;   1.7;    3;   0.0;   0;    4.217;   0;   6.1;   9.9;  972.63;    7.5;   94.13;   13.9;    1.4;    0.4;eor
       7368;20181107;   10;   5.6;   2.1;    3;   0.0;   6;    7.933;   0;   4.1;   9.9;  975.10;   10.0;   82.00;   15.3;    4.1;    1.4;eor
       7368;20181108;   10;   6.0;   2.0;    3;   0.5;   6;    0.767;   0;   7.8;  10.7;  983.16;    9.6;   89.92;   13.1;    7.3;    6.0;eor
       7368;20181109;   10;   5.9;   2.2;    3;   0.0;   0;    1.967;   0;   7.6;  10.3;  978.90;    8.4;   93.88;   11.5;    5.3;    2.5;eor
       7368;20181110;   10;  10.0;   2.4;    3;   0.0;   6;    0.950;   0;   7.7;   9.6;  972.63;    8.7;   85.38;   12.4;    1.8;    0.5;eor
       7368;20181111;   10;  13.5;   4.8;    3;   2.8;   6;    4.850;   0;   7.0;  10.4;  974.48;   11.0;   79.29;   13.8;    7.5;    5.3;eor
       7368;20181112;   10;  10.1;   3.2;    3;   2.9;   6;    1.833;   0;   7.0;  11.2;  979.55;   13.1;   74.96;   17.4;    8.4;    5.4;eor
       7368;20181113;   10;  10.6;   3.5;    3;   5.6;   6;    0.867;   0;   5.6;  11.0;  986.59;   10.2;   88.17;   12.9;    6.6;    4.4;eor
       7368;20181114;   10;   4.9;   1.9;    3;   0.0;   0;    7.633;   0;   4.6;   8.2;  992.25;    5.1;   93.38;    8.7;   -0.7;   -2.1;eor
       7368;20181115;   10;   5.6;   1.9;    3;   0.0;   0;    0.967;   0;   7.4;   6.7;  990.57;    1.2;   99.58;    5.3;   -1.8;   -2.8;eor
       7368;20181116;   10;   5.7;   2.8;    3;   0.0;   0;    1.583;   0;   4.9;   6.5;  993.25;    1.0;   99.13;    3.9;   -1.0;   -4.0;eor
       7368;20181117;   10;  11.8;   5.3;    3;   0.0;   0;    0.000;   0;   4.4;   5.7;  995.08;   -0.7;   97.42;    0.6;   -2.9;   -3.8;eor
       7368;20181118;   10;  10.1;   4.8;    3;   1.9;   8;    1.133;   0;   4.7;   4.7;  990.61;   -2.2;   91.00;   -0.3;   -3.3;   -5.6;eor
       7368;20181119;   10;  16.8;   7.7;    3;   1.0;   8;    0.000;   0;   7.5;   6.2;  980.41;    1.2;   92.08;    2.6;   -1.0;   -0.7;eor
       7368;20181120;   10;  16.4;   8.2;    3;   2.5;   8;    0.000;   0;   7.7;   5.5;  974.70;   -0.2;   91.38;    0.3;   -0.5;   -0.6;eor
       7368;20181121;   10;   8.0;   4.7;    3;   0.2;   8;    0.000;   1;   7.8;   5.9;  979.81;   -0.1;   97.17;    0.3;   -0.5;   -0.5;eor
       7368;20181122;   10;   7.5;   3.3;    3;   0.0;   8;    0.000;   0;   7.8;   6.2;  983.31;    0.2;   99.58;    1.1;   -0.5;   -0.5;eor
       7368;20181123;   10;   5.8;   2.1;    3;   0.0;   0;    0.000;   0;   8.0;   6.0;  981.87;   -0.4;  100.00;    0.8;   -2.1;   -1.6;eor
       7368;20181124;   10;   6.5;   2.3;    3;   0.2;   6;    0.000;   0;   7.7;   7.1;  975.30;    2.3;   97.33;    5.9;    0.0;    0.2;eor
       7368;20181125;   10;   9.4;   2.5;    3;   0.0;   6;    0.733;   0;   7.3;   8.2;  973.25;    4.7;   95.33;    6.5;    2.7;    0.8;eor
       7368;20181126;   10;  11.3;   5.3;    3;   0.0;   6;    0.000;   0;   7.9;   7.2;  973.96;    2.3;   98.92;    4.1;    0.9;    0.7;eor
       7368;20181127;   10;   9.0;   3.8;    3;   0.0;   0;    0.000;   0;   7.9;   5.1;  982.37;   -0.4;   86.13;    0.9;   -1.8;   -2.0;eor
       7368;20181128;   10;   8.4;   3.5;    3;   0.2;   6;    4.117;   0;   7.9;   5.1;  986.41;    0.5;   81.04;    2.9;   -1.6;   -1.6;eor
       7368;20181129;   10;  13.2;   2.8;    3;   0.0;   0;    2.050;   0;   7.9;   5.0;  981.38;    3.1;   66.46;    7.7;    0.4;   -1.0;eor
       7368;20181130;   10;   7.9;   3.1;    3;   0.0;   6;    0.000;   0;   7.8;   5.7;  976.94;    2.9;   76.21;    3.8;    1.9;    0.9;eor
       7368;20181201;   10;  13.7;   3.9;    3;   0.1;   6;    0.267;   0;   7.7;   7.8;  977.15;    5.3;   87.63;    7.2;    2.7;    2.5;eor
       7368;20181202;   10;  12.7;   5.7;    3;  10.9;   6;    0.133;   0;   7.6;  10.1;  966.60;    8.5;   89.75;   11.6;    6.4;    5.3;eor
       7368;20181203;   10;  10.3;   4.9;    3;   7.8;   6;    1.050;   0;   7.3;  11.7;  965.19;   10.7;   90.67;   11.9;    9.6;    8.5;eor
       7368;20181204;   10;  11.6;   3.7;    3;   0.4;   6;    2.500;   0;   5.1;   7.5;  979.79;    5.2;   83.63;   10.1;   -0.8;   -4.4;eor
       7368;20181205;   10;   9.8;   1.7;    3;   0.2;   6;    3.750;   0;   7.7;   5.7;  987.25;    0.6;   88.50;    5.0;   -3.9;   -5.4;eor
       7368;20181206;   10;  12.4;   4.0;    3;   0.1;   6;    0.117;   0;   7.9;   8.4;  979.74;    6.1;   88.29;   10.5;    3.0;    2.5;eor
       7368;20181207;   10;  21.9;   7.0;    3;   6.9;   6;    0.000;   0;   7.7;  10.7;  970.63;    9.7;   88.38;   11.0;    5.0;    3.4;eor
       7368;20181208;   10;  17.0;   7.3;    3;   6.0;   6;    0.033;   0;   7.2;   7.8;  966.55;    5.6;   84.67;    8.1;    3.7;    2.3;eor
       7368;20181209;   10;  16.8;   7.0;    3;  11.1;   8;    0.233;   0;   7.6;   7.9;  962.01;    5.7;   85.88;    8.3;    3.5;    2.7;eor
       7368;20181210;   10;  13.0;   5.3;    3;   2.4;   8;    1.100;   0;   7.3;   6.4;  978.07;    2.7;   86.25;    4.2;    0.2;    0.0;eor
       7368;20181211;   10;  12.1;   4.7;    3;   0.3;   8;    0.167;   0;   7.7;   6.3;  981.66;    2.9;   83.96;    3.5;    2.2;    1.3;eor
       7368;20181212;   10;   9.0;   2.2;    3;   1.1;   8;    0.200;   0;   7.7;   6.2;  985.60;    1.6;   90.25;    3.0;    0.0;    0.0;eor
       7368;20181213;   10;  10.2;   5.4;    3;   0.0;   8;    0.550;   0;   7.6;   5.0;  983.64;   -0.8;   87.67;    0.4;   -1.6;   -1.9;eor
       7368;20181214;   10;  10.6;   5.5;    3;   0.0;   0;    1.217;   0;   7.7;   4.5;  984.70;   -1.0;   78.29;   -0.6;   -1.7;   -2.7;eor
       7368;20181215;   10;   7.8;   3.9;    3;   0.0;   0;    0.000;   0;   8.0;   4.1;  986.89;   -1.5;   74.25;   -1.1;   -2.0;   -2.2;eor
       7368;20181216;   10;   8.0;   2.7;    3;   0.5;   8;    0.000;   0;   7.7;   4.3;  976.55;   -2.2;   81.96;   -0.7;   -3.9;   -5.8;eor
       7368;20181217;   10;   7.2;   3.1;    3;   0.1;   6;    0.617;   1;   7.9;   6.5;  982.44;    2.1;   91.46;    3.9;   -0.9;   -0.9;eor
       7368;20181218;   10;   7.8;   2.5;    3;   0.0;   6;    0.317;   0;   7.8;   6.7;  986.22;    3.0;   88.33;    5.3;   -1.1;   -4.1;eor
       7368;20181219;   10;   9.0;   2.3;    3;   0.0;   6;    0.000;   0;   7.9;   6.1;  978.15;    1.9;   86.54;    3.6;   -1.8;   -3.7;eor
       7368;20181220;   10;  11.4;   3.2;    3;   1.9;   6;    0.217;   0;   7.8;   7.5;  976.98;    4.3;   90.38;    6.1;    0.4;    0.2;eor
       7368;20181221;   10;  18.1;   7.2;    3;  10.5;   6;    0.000;   0;   7.5;   9.0;  969.83;    7.8;   84.67;   11.2;    5.5;    4.5;eor
       7368;20181222;   10;  16.2;   6.5;    3;   1.7;   6;    0.400;   0;   7.6;   8.5;  973.98;    8.2;   78.75;   10.2;    5.8;    4.0;eor
       7368;20181223;   10;   9.0;   3.3;    3;  12.3;   6;    0.000;   0;   7.7;   8.5;  979.89;    6.0;   90.67;    7.7;    3.5;    3.3;eor
       7368;20181224;   10;   8.3;   3.1;    3;   0.6;   8;    0.017;   0;   7.5;   6.4;  987.49;    2.2;   88.92;    3.9;   -0.3;   -1.9;eor
       7368;20181225;   10;   8.1;   3.9;    3;   0.0;   8;    0.000;   0;   7.8;   5.8;  994.79;    1.9;   83.50;    3.0;    0.2;   -0.4;eor
       7368;20181226;   10;   8.4;   4.1;    3;   0.0;   6;    0.000;   0;   7.9;   5.9;  992.96;    1.4;   88.00;    2.3;    0.3;   -0.2;eor
       7368;20181227;   10;   7.9;   3.7;    3;   0.0;   0;    5.333;   0;   7.7;   6.5;  988.85;    2.9;   86.21;    5.2;    1.6;    0.5;eor
       7368;20181228;   10;   6.4;   2.8;    3;   0.0;   6;    6.367;   0;   4.6;   5.8;  989.83;    1.3;   86.50;    3.7;   -0.8;   -3.3;eor
       7368;20181229;   10;  13.7;   4.8;    3;   1.8;   8;    0.000;   0;   7.8;   6.5;  990.45;    1.4;   95.63;    4.4;   -0.3;   -0.4;eor
       7368;20181230;   10;  15.0;   4.9;    3;   0.3;   6;    0.017;   0;   7.8;   7.7;  990.36;    5.4;   85.92;    6.3;    4.4;    3.7;eor
       7368;20181231;   10;   6.3;   2.6;    3;   1.0;   6;    0.000;   0;   7.8;   9.2;  993.35;    6.0;   98.67;    7.3;    4.7;    4.3;eor
       7368;20190101;   10;  17.5;   5.6;    3;   3.3;   8;    0.000;   0;   7.8;   7.9;  986.48;    5.2;   87.79;    6.8;    1.6;    0.9;eor
       7368;20190102;   10;  13.8;   4.8;    3;   0.1;   8;    3.400;   0;   5.9;   4.6;  991.04;    1.6;   67.13;    3.1;   -1.3;   -2.9;eor
       7368;20190103;   10;   6.1;   2.4;    3;   0.0;   8;    2.283;   0;   5.1;   4.5;  996.97;   -1.5;   82.54;    0.4;   -4.0;   -7.3;eor
       7368;20190104;   10;   9.5;   3.8;    3;   1.8;   8;    0.000;   0;   7.7;   5.8;  993.87;    0.6;   91.04;    2.6;   -1.2;   -1.9;eor
       7368;20190105;   10;  10.7;   4.5;    3;   2.3;   6;    0.000;   0;   7.4;   8.4;  986.30;    4.9;   96.67;    6.5;    2.5;    2.1;eor
       7368;20190106;   10;   7.3;   2.4;    3;   3.0;   8;    0.000;   0;   7.7;   8.4;  990.16;    5.1;   96.04;    6.1;    3.8;    3.7;eor
       7368;20190107;   10;  17.0;   4.3;    3;   5.0;   6;    0.000;   0;   7.8;   7.5;  990.10;    3.7;   93.13;    4.5;    2.9;    2.5;eor
       7368;20190108;   10;  16.6;   7.1;    3;   5.1;   8;    0.000;   0;   7.6;   7.0;  971.77;    3.7;   88.33;    4.9;    0.5;    0.1;eor
       7368;20190109;   10;  13.3;   4.9;    3;   0.2;   8;    0.000;   1;   7.3;   5.4;  974.15;    0.5;   84.88;    1.8;    0.0;   -0.5;eor
       7368;20190110;   10;   9.0;   2.6;    3;   0.5;   8;    0.067;   0;   7.7;   4.6;  984.95;   -0.7;   79.42;    0.2;   -1.8;   -3.3;eor
       7368;20190111;   10;   9.9;   4.5;    3;   1.2;   8;    0.000;   1;   7.7;   5.7;  983.06;   -0.3;   94.88;    3.5;   -2.2;   -2.1;eor
       7368;20190112;   10;  13.6;   5.2;    3;   4.5;   6;    0.000;   0;   7.8;   7.4;  977.49;    3.5;   94.04;    4.1;    2.9;    1.8;eor
       7368;20190113;   10;  17.1;   6.2;    3;  10.5;   6;    0.000;   0;   7.7;   8.2;  965.14;    5.2;   91.92;    7.7;    3.3;    2.5;eor
       7368;20190114;   10;  16.0;   5.4;    3;   0.1;   8;    0.717;   0;   6.6;   5.5;  970.47;    2.5;   75.13;    5.3;    0.1;   -1.2;eor
       7368;20190115;   10;  15.6;   6.6;    3;   0.0;   6;    0.067;   0;   7.8;   6.0;  978.27;    2.8;   79.29;    4.6;    0.9;    0.3;eor
       7368;20190116;   10;  14.8;   5.9;    3;   0.1;   6;    0.000;   0;   7.9;   6.5;  972.35;    3.6;   82.00;    4.5;    2.6;    1.1;eor
       7368;20190117;   10;  16.9;   6.1;    3;   3.5;   8;    0.083;   0;   7.6;   6.5;  965.78;    3.2;   84.58;    5.2;    0.0;   -0.6;eor
       7368;20190118;   10;   9.8;   2.6;    3;   0.0;   0;    7.483;   1;   4.5;   4.2;  979.73;   -1.2;   75.67;    1.4;   -5.8;   -9.5;eor
       7368;20190119;   10;   5.8;   2.4;    3;   0.0;   0;    7.067;   0;   7.6;   3.6;  980.29;   -4.9;   85.38;   -1.6;   -7.4;  -10.4;eor
       7368;20190120;   10;   5.4;   2.0;    3;   0.0;   0;    7.533;   0;   0.7;   3.2;  979.70;   -6.5;   85.88;   -2.0;  -10.0;  -13.1;eor
       7368;20190121;   10;   5.6;   1.4;    3;   0.0;   0;    4.683;   0;  -999;   3.3;  983.16;   -5.8;   83.88;   -1.8;   -9.5;  -12.5;eor
       7368;20190122;   10;   6.9;   2.8;    3;   0.0;   0;    7.550;   0;   2.0;   3.1;  972.68;   -6.7;   83.21;   -2.1;  -10.3;  -13.8;eor
       7368;20190123;   10;   9.1;   3.2;    3;   0.0;   7;    0.067;   0;   7.0;   3.1;  964.00;   -7.6;   88.63;   -5.2;  -11.0;  -14.5;eor
       7368;20190124;   10;   8.6;   2.8;    3;   0.0;   7;    0.000;   0;   7.7;   3.5;  971.91;   -5.9;   89.50;   -4.5;   -8.1;   -7.6;eor
       7368;20190125;   10;  12.3;   3.5;    3;   1.2;   8;    0.350;   3;   7.5;   3.8;  975.83;   -4.1;   83.13;   -1.4;   -5.6;   -5.6;eor
       7368;20190126;   10;  12.8;   5.8;    3;   0.8;   8;    0.000;   3;   7.9;   6.6;  967.64;    1.7;   94.75;    3.6;   -1.5;   -1.8;eor
       7368;20190127;   10;  11.3;   4.9;    3;   3.8;   8;    0.050;   3;   7.7;   7.1;  953.14;    3.7;   89.25;    4.9;    0.9;    0.4;eor
       7368;20190128;   10;  11.8;   5.2;    3;   2.3;   8;    0.000;   2;   7.5;   6.1;  955.70;    1.1;   91.79;    1.9;   -0.3;   -0.7;eor
       7368;20190129;   10;   8.0;   3.3;    3;   0.0;   8;    1.367;   3;   7.4;   5.1;  966.75;   -0.1;   83.54;    1.9;   -2.7;   -6.4;eor
       7368;20190130;   10;  13.0;   4.1;    3;   0.0;   7;    0.000;   2;   7.6;   4.6;  958.64;   -1.4;   82.63;    1.5;   -4.3;   -7.7;eor
       7368;20190131;   10;   9.7;   3.4;    3;   0.0;   7;    6.217;   2;   4.7;   4.5;  960.53;   -0.2;   74.75;    2.3;   -2.9;   -8.4;eor
       7368;20190201;   10;   7.2;   2.7;    3;   0.8;   8;    0.000;   2;   7.7;   5.4;  955.54;    0.2;   86.00;    3.0;   -3.2;   -4.4;eor
       7368;20190202;   10;   5.0;   1.9;    3;   0.3;   8;    0.000;   2;   7.4;   6.1;  960.05;    0.2;   98.96;    1.0;   -0.6;   -0.8;eor
       7368;20190203;   10;   9.6;   2.9;    3;   0.0;   7;    0.000;   2;   7.8;   5.1;  977.79;    0.5;   80.33;    1.2;   -0.6;   -3.1;eor
       7368;20190204;   10;  11.6;   3.9;    3;   0.0;   0;    6.683;   2;   5.2;   4.8;  989.29;    0.8;   74.58;    3.6;   -1.8;   -5.3;eor
       7368;20190205;   10;  10.8;   4.0;    3;   0.0;   8;    0.000;   2;   6.6;   5.1;  989.24;    0.4;   81.00;    2.0;   -1.1;   -5.2;eor
       7368;20190206;   10;   9.3;   3.3;    3;   0.0;   0;    5.817;   2;   7.9;   5.0;  986.86;    1.0;   77.29;    3.9;   -1.3;   -5.1;eor
       7368;20190207;   10;  11.9;   4.1;    3;   0.2;   6;    0.033;   2;   7.6;   5.0;  976.43;    0.7;   78.13;    3.0;   -0.5;   -2.2;eor
       7368;20190208;   10;  15.2;   6.0;    3;   0.9;   6;    0.233;   2;   7.2;   6.7;  976.25;    4.7;   79.04;    6.5;    2.4;    0.4;eor
       7368;20190209;   10;  19.6;   7.4;    3;   0.9;   6;    3.133;   1;   7.2;   7.0;  969.98;    6.4;   73.25;    8.9;    3.7;    2.3;eor
       7368;20190210;   10;  20.1;   7.6;    3;  19.3;   8;    0.000;   0;   7.6;   7.9;  961.54;    6.0;   83.83;    8.5;    3.5;    2.8;eor
       7368;20190211;   10;  12.9;   5.3;    3;   2.9;   8;    0.883;   0;   6.9;   6.3;  975.86;    2.7;   84.46;    3.9;    1.4;    0.2;eor
       7368;20190212;   10;  10.8;   4.1;    3;   0.3;   8;    0.217;   0;   7.7;   5.7;  992.96;    2.6;   77.63;    4.1;    1.3;    0.4;eor
       7368;20190213;   10;   9.2;   4.1;    3;   0.0;   0;    1.767;   0;   7.6;   6.1;  997.25;    3.7;   76.96;    7.1;    1.2;   -0.7;eor
       7368;20190214;   10;   5.7;   2.3;    3;   0.0;   0;    5.233;   0;   4.2;   5.7;  998.10;    3.9;   72.67;   10.4;   -1.5;   -3.7;eor
       7368;20190215;   10;   4.2;   1.6;    3;   0.0;   0;    9.067;   0;   0.0;   6.3;  995.70;    4.6;   75.25;   13.7;   -1.6;   -3.7;eor
       7368;20190216;   10;   9.8;   3.5;    3;   0.0;   0;    9.183;   0;   0.5;   5.6;  989.60;    8.3;   52.25;   14.2;    1.8;   -3.7;eor
       7368;20190217;   10;   6.2;   2.1;    3;   0.0;   0;    8.883;   0;   7.8;   6.1;  986.55;    7.0;   63.83;   14.7;   -0.4;   -3.8;eor
       7368;20190218;   10;   6.8;   2.6;    3;   0.0;   0;    9.250;   0;   1.7;   6.2;  982.19;    7.1;   63.54;   14.4;    0.9;   -3.8;eor
       7368;20190219;   10;  10.7;   4.1;    3;   0.1;   6;    3.067;   0;   5.8;   6.7;  980.73;    6.0;   71.29;    8.7;    3.3;   -1.5;eor
       7368;20190220;   10;   8.9;   3.2;    3;   0.0;   0;    2.183;   0;   7.6;   6.6;  985.54;    5.2;   74.71;    8.9;    1.7;   -2.1;eor
       7368;20190221;   10;   9.2;   3.7;    3;   0.0;   6;    1.267;   0;   7.7;   7.8;  988.70;    7.0;   77.58;   10.0;    3.5;    2.1;eor
       7368;20190222;   10;  11.0;   4.0;    3;   0.0;   6;    0.000;   0;   7.8;   8.2;  997.19;    5.6;   88.83;    8.3;   -0.3;   -0.9;eor
       7368;20190223;   10;   7.9;   2.5;    3;   0.0;   0;    6.483;   0;   6.5;   4.9; 1002.46;    0.5;   78.58;    5.3;   -3.6;   -6.7;eor
       7368;20190224;   10;   5.4;   1.4;    3;   0.0;   0;    9.733;   0;   3.2;   3.9; 1000.69;    3.3;   56.71;   12.5;   -4.3;   -6.2;eor
       7368;20190225;   10;   4.7;   1.6;    3;   0.0;   0;    9.550;   0;   3.9;   5.0;  999.95;    6.4;   53.79;   15.5;   -1.5;   -3.9;eor
       7368;20190226;   10;   5.7;   2.2;    3;   0.0;   0;    8.933;   0;   4.1;   4.7;  996.30;    6.8;   53.58;   15.9;   -0.3;   -3.6;eor
       7368;20190227;   10;   6.0;   2.2;    3;   0.0;   0;    9.900;   0;   0.0;   4.1;  989.05;    7.7;   43.67;   17.2;   -1.6;   -5.3;eor
       7368;20190228;   10;  12.4;   4.7;    3;   1.8;   6;    8.883;   0;   3.3;   6.8;  977.62;    9.5;   56.67;   14.0;    3.7;    1.6;eor
       7368;20190301;   10;   9.1;   3.5;    3;   2.4;   6;    0.117;   0;   7.7;   9.0;  975.77;    7.2;   87.92;    9.5;    3.5;    3.3;eor
       7368;20190302;   10;  10.8;   3.2;    3;   0.0;   6;    0.000;   0;   7.8;   7.6;  977.93;    4.8;   88.46;    8.2;    2.4;    2.3;eor
       7368;20190303;   10;  16.3;   7.4;    3;   0.1;   6;    0.000;   0;   7.9;   8.9;  971.58;    9.0;   77.54;   10.3;    7.7;    6.6;eor
       7368;20190304;   10;  27.0;   8.3;    3;   5.4;   6;    2.267;   0;   6.7;   7.9;  959.95;    8.3;   72.13;   12.2;    3.8;    2.6;eor
       7368;20190305;   10;  16.6;   6.0;    3;   2.3;   6;    2.633;   0;   5.9;   6.9;  968.88;    4.4;   81.96;    6.6;    2.7;    0.3;eor
       7368;20190306;   10;  11.8;   4.1;    3;   0.0;   6;    2.600;   0;   7.8;   7.6;  969.14;    7.6;   73.71;   12.1;    1.3;   -0.7;eor
       7368;20190307;   10;  21.8;   7.8;    3;   0.5;   6;    3.917;   0;   5.7;   7.6;  961.36;    9.9;   62.50;   11.9;    6.7;    5.4;eor
       7368;20190308;   10;  17.6;   7.3;    3;   2.0;   6;    4.117;   0;   6.5;   6.7;  972.50;    6.8;   67.83;    9.3;    5.1;    4.4;eor
       7368;20190309;   10;  26.6;   8.1;    3;   4.4;   6;    0.683;   0;   7.5;   7.7;  972.88;    7.1;   76.04;   10.6;    4.6;    3.0;eor
       7368;20190310;   10;  26.4;   6.3;    3;  10.3;   8;    0.850;   0;   6.8;   7.6;  968.82;    6.2;   80.17;   10.6;    1.2;    0.3;eor
       7368;20190311;   10;  15.2;   6.0;    3;   3.4;   8;    0.900;   0;   7.3;   6.1;  977.08;    2.1;   85.92;    3.8;    0.2;    0.1;eor
       7368;20190312;   10;  17.8;   6.3;    3;   0.1;   8;    4.433;   0;   7.4;   5.5;  978.27;    4.9;   65.88;    7.5;    1.7;    0.8;eor
       7368;20190313;   10;  18.9;   8.2;    3;   0.5;   6;    1.583;   0;   7.4;   6.3;  967.75;    4.9;   73.38;    6.9;    2.9;    1.6;eor
       7368;20190314;   10;  17.8;   7.3;    3;   4.4;   6;    0.000;   0;   7.5;   6.9;  964.85;    4.7;   81.29;    6.3;    3.7;    2.8;eor
       7368;20190315;   10;  16.0;   6.3;    3;  15.2;   6;    0.117;   0;   7.5;   8.1;  966.47;    6.9;   80.54;   10.9;    4.9;    3.6;eor
       7368;20190316;   10;  18.0;   6.3;    3;   0.8;   6;    0.033;   0;   7.2;   8.0;  970.32;    7.6;   76.67;   11.0;    5.0;    4.3;eor
       7368;20190317;   10;  17.0;   6.3;    3;   2.7;   6;    1.033;   0;   7.3;   7.3;  966.48;    6.9;   73.13;    9.4;    3.0;    1.9;eor
       7368;20190318;   10;  17.3;   5.4;    3;   0.3;   8;    5.267;   0;   4.2;   5.6;  978.13;    3.8;   70.58;    7.2;    1.3;   -3.3;eor
       7368;20190319;   10;   8.9;   2.3;    3;   0.0;   0;    4.333;   0;   3.4;   4.8;  989.55;    2.9;   65.83;    7.1;   -0.6;   -5.1;eor
       7368;20190320;   10;   6.9;   1.9;    3;   0.0;   0;   11.183;   0;   3.3;   5.2;  995.65;    4.8;   62.96;   11.7;   -3.2;   -6.1;eor
       7368;20190321;   10;   3.8;   1.5;    3;   0.0;   0;   11.233;   0;   2.6;   6.8;  996.20;    8.0;   64.58;   15.3;    0.9;   -2.6;eor
       7368;20190322;   10;   7.4;   2.3;    3;   0.0;   0;   10.883;   0;   3.3;   8.9;  992.85;    9.6;   75.46;   17.1;    1.7;   -0.7;eor
       7368;20190323;   10;  10.3;   2.1;    3;   0.0;   0;   10.883;   0;   5.3;   8.3;  990.04;    8.9;   75.13;   16.9;    2.8;   -1.0;eor
       7368;20190324;   10;   6.8;   2.5;    3;   0.0;   8;    0.883;   0;   6.2;   7.5;  987.23;    6.7;   75.75;    9.9;    2.8;   -1.1;eor
       7368;20190325;   10;  13.8;   4.2;    3;   2.7;   8;    4.133;   0;   5.7;   6.1;  981.74;    3.4;   77.67;    6.1;    1.7;   -1.1;eor
       7368;20190326;   10;  11.2;   3.7;    3;   0.8;   6;    0.533;   0;   7.1;   6.4;  990.06;    4.3;   77.67;    6.6;    2.1;   -0.8;eor
       7368;20190327;   10;   6.5;   2.3;    3;   0.1;   6;    2.667;   0;   7.3;   6.6;  993.75;    6.3;   70.29;   10.4;    1.6;   -1.2;eor
       7368;20190328;   10;   5.3;   1.8;    3;   0.0;   6;    0.617;   0;   7.7;   8.2;  996.09;    8.5;   74.13;   11.9;    5.6;    4.5;eor
       7368;20190329;   10;   7.1;   2.5;    3;   0.0;   0;    7.117;   0;   4.0;   8.4;  993.48;    9.1;   73.42;   13.2;    3.7;   -0.8;eor
       7368;20190330;   10;  10.0;   2.2;    3;   0.0;   0;   11.167;   0;   3.8;   7.1;  985.58;   10.1;   62.33;   18.0;    0.6;   -3.0;eor
       7368;20190331;   10;   8.1;   2.7;    3;   0.0;   0;    2.817;   0;   4.2;   7.6;  985.21;    7.2;   74.46;   12.0;    3.0;   -0.6;eor
       7368;20190401;   10;  12.2;   5.1;    3;   0.0;   0;   11.950;   0;   1.6;   5.6;  984.84;    5.2;   64.46;   10.8;   -0.2;   -2.4;eor
       7368;20190402;   10;   8.4;   2.9;    3;   0.0;   6;    7.983;   0;   4.8;   6.9;  973.07;    9.1;   60.58;   16.5;   -1.2;   -4.4;eor
       7368;20190403;   10;  15.5;   3.1;    3;   7.3;   6;    0.517;   0;   7.6;   8.7;  965.80;   10.2;   70.33;   13.8;    3.8;    2.8;eor
       7368;20190404;   10;   7.1;   2.7;    3;   0.0;   6;    0.000;   0;   7.8;   8.4;  962.53;    6.5;   86.25;    9.7;    4.3;    4.1;eor
       7368;20190405;   10;   6.7;   2.6;    3;   0.0;   6;    0.000;   0;   7.7;   8.9;  968.03;    6.8;   89.71;    9.2;    4.8;    4.8;eor
       7368;20190406;   10;  10.1;   4.4;    3;   0.0;   0;    9.317;   0;   2.8;   9.7;  968.81;   10.9;   75.75;   16.7;    6.8;    2.9;eor
       7368;20190407;   10;  13.6;   3.7;    3;   0.0;   0;    9.417;   0;   3.0;   9.2;  969.63;   11.4;   69.33;   16.8;    4.1;    1.0;eor
       7368;20190408;   10;   8.2;   2.7;    3;   0.0;   0;    5.617;   0;   6.5;   8.7;  972.46;   12.7;   59.42;   17.5;    6.7;    3.0;eor
       7368;20190409;   10;  11.5;   5.0;    3;   0.0;   0;    1.033;   0;   7.5;   7.5;  975.30;    6.3;   78.92;    8.4;    4.0;    2.9;eor
       7368;20190410;   10;  12.8;   6.3;    3;   0.0;   0;   10.350;   0;   4.5;   5.5;  977.89;    4.9;   64.46;    9.8;    0.8;   -0.3;eor
       7368;20190411;   10;  13.7;   5.9;    3;   0.0;   0;    7.333;   0;   4.0;   4.3;  984.18;    3.2;   56.25;    7.7;   -1.4;   -3.3;eor
       7368;20190412;   10;   9.0;   4.0;    3;   0.2;   8;    0.000;   0;   7.4;   4.8;  986.05;    1.1;   73.29;    2.7;   -0.4;   -0.9;eor
       7368;20190413;   10;   7.6;   3.0;    3;   0.0;   8;    2.817;   0;   4.8;   5.1;  984.51;    0.8;   79.33;    4.5;   -1.1;   -3.9;eor
       7368;20190414;   10;   7.9;   3.3;    3;   0.8;   6;    2.650;   0;   6.1;   5.9;  985.96;    1.4;   86.96;    3.5;   -2.0;   -5.5;eor
       7368;20190415;   10;  12.7;   4.8;    3;   0.0;   0;   10.250;   0;   2.7;   6.4;  987.20;    6.5;   69.63;   12.3;    1.5;   -0.7;eor
       7368;20190416;   10;  10.7;   4.3;    3;   0.0;   0;   12.683;   0;   1.8;   6.0;  982.69;    7.8;   58.13;   15.5;   -0.3;   -3.7;eor
       7368;20190417;   10;  10.2;   4.0;    3;   0.0;   0;   12.367;   0;   2.3;   6.2;  986.60;    9.5;   54.88;   17.1;    0.2;   -3.2;eor
       7368;20190418;   10;  14.8;   4.9;    3;   0.0;   0;   12.867;   0;   0.5;   7.3;  989.88;   11.7;   55.71;   18.5;    3.9;   -0.6;eor
       7368;20190419;   10;  12.8;   4.2;    3;   0.0;   0;   13.033;   0;   0.0;   7.8;  992.46;   13.1;   53.67;   20.8;    4.2;   -0.9;eor
       7368;20190420;   10;   8.1;   3.6;    3;   0.0;   0;   13.050;   0;   0.4;   7.5;  991.57;   13.1;   51.79;   20.3;    5.1;    0.0;eor
       7368;20190421;   10;   8.8;   3.5;    3;   0.0;   0;   13.083;   0;   0.2;   7.6;  984.35;   12.6;   53.50;   20.7;    3.8;   -0.9;eor
       7368;20190422;   10;  15.5;   5.9;    3;   0.0;   0;   13.100;   0;   1.3;   6.9;  975.90;   11.9;   51.58;   19.1;    5.0;    1.5;eor
       7368;20190423;   10;  14.1;   6.2;    3;   0.0;   0;   10.383;   0;   3.7;   8.8;  966.48;   12.4;   61.50;   19.0;    3.1;    0.0;eor
       7368;20190424;   10;  16.0;   3.4;    3;   3.1;   6;   10.350;   0;   6.2;  10.6;  967.05;   15.6;   62.25;   24.1;    8.4;    6.9;eor
       7368;20190425;   10;  10.5;   3.3;    3;   0.0;   0;   11.700;   0;   3.9;   9.1;  972.45;   15.3;   55.79;   23.9;    6.0;    1.8;eor
       7368;20190426;   10;   9.9;   3.7;    3;   7.4;   6;    2.683;   0;   7.1;   9.9;  975.30;   10.3;   79.63;   13.7;    8.0;    6.7;eor
       7368;20190427;   10;  14.4;   3.8;    3;   1.9;   6;    6.017;   0;   5.5;   9.3;  976.77;    8.8;   82.50;   14.1;    5.7;    3.8;eor
       7368;20190428;   10;   7.5;   2.8;    3;   0.0;   6;    5.067;   0;   5.4;   7.8;  981.28;    8.0;   74.13;   12.2;    3.9;    0.3;eor
       7368;20190429;   10;   9.9;   2.8;    3;   5.3;   6;    0.817;   0;   7.0;   8.6;  983.48;    6.7;   87.04;   10.7;    2.0;   -0.4;eor
       7368;20190430;   10;   9.7;   2.5;    3;   0.0;   0;   11.650;   0;   1.2;   8.1;  981.98;   10.5;   65.79;   16.4;    4.1;   -0.7;eor
       7368;20190501;   10;  10.0;   2.5;    3;   0.0;   0;    4.967;-999;   5.4;   9.5;  978.00;   12.3;   68.13;   18.3;    6.4;    3.1;eor
       7368;20190502;   10;   9.6;   3.1;    3;   0.0;   6;    7.783;-999;   5.3;   8.8;  971.85;   11.2;   68.00;   16.1;    6.0;    2.7;eor
       7368;20190503;   10;  10.8;   3.3;    3;   7.0;   8;    3.183;-999;   7.5;   6.5;  972.68;    7.8;   61.88;   10.2;    5.7;    2.7;eor
       7368;20190504;   10;  11.6;   2.0;    3;   4.7;   8;    3.283;-999;   6.1;   6.2;  971.37;    3.3;   80.92;    8.4;    0.3;   -2.0;eor
       7368;20190505;   10;   7.3;   2.2;    3;   0.0;   6;    3.883;-999;   6.0;   5.5;  979.77;    4.7;   66.29;    8.8;   -0.2;   -2.5;eor
       7368;20190506;   10;   7.8;   2.8;    3;   0.0;   6;    3.250;-999;   6.3;   5.9;  981.79;    5.7;   66.17;    9.5;    1.7;    0.0;eor
       7368;20190507;   10;   5.7;   2.1;    3;   0.0;   6;    0.533;-999;   7.3;   6.6;  980.15;    6.8;   67.38;   10.1;    3.7;   -1.0;eor
       7368;20190508;   10;  15.5;   3.2;    3;   3.9;   6;    1.217;-999;   7.3;   8.8;  968.19;    8.1;   80.71;   12.2;    1.3;   -1.7;eor
       7368;20190509;   10;  11.0;   3.7;    3;   0.4;   6;    1.717;-999;   7.5;   9.5;  963.93;   10.6;   74.50;   14.4;    8.0;    6.3;eor
       7368;20190510;   10;  11.2;   3.8;    3;   2.1;   6;    6.133;-999;   6.3;   9.3;  972.28;   10.5;   73.58;   14.7;    6.9;    3.6;eor
       7368;20190511;   10;  10.4;   2.7;    3;  16.3;   6;    0.000;-999;   6.8;   9.7;  975.91;    7.8;   90.92;    9.6;    6.1;    5.4;eor
       7368;20190512;   10;   9.2;   3.1;    3;   0.0;   0;    9.667;-999;   2.3;   6.8;  992.11;    8.1;   64.96;   13.5;    4.0;    0.1;eor
       7368;20190513;   10;  10.7;   2.5;    3;   0.0;   0;   12.433;-999;   1.5;   5.7;  997.95;    8.4;   54.25;   14.8;    1.4;   -2.9;eor
       7368;20190514;   10;  11.1;   3.9;    3;   0.0;   6;    8.267;-999;   3.8;   6.2;  993.61;    7.7;   60.08;   13.0;    1.7;   -2.1;eor
       7368;20190515;   10;  12.6;   3.5;    3;   0.0;   6;    6.000;-999;   6.3;   5.7;  987.75;    6.9;   58.21;   10.1;    0.5;   -2.9;eor
       7368;20190516;   10;   4.7;   2.0;    3;   1.2;   6;    0.000;-999;   7.8;   8.0;  978.93;    6.9;   80.75;    8.3;    6.2;    5.7;eor
       7368;20190517;   10;   8.0;   3.5;    3;   0.0;   0;    3.267;-999;   5.5;   9.8;  972.27;   10.3;   79.25;   15.3;    6.1;    2.9;eor
       7368;20190518;   10;   7.0;   2.6;    3;   0.2;   6;   14.417;-999;   3.4;  10.5;  969.70;   13.2;   71.29;   20.2;    4.8;    0.8;eor
       7368;20190519;   10;   8.3;   2.1;    3;   0.2;   6;    8.967;-999;   6.0;  12.6;  968.01;   14.6;   76.63;   20.8;    7.7;    6.4;eor
       7368;20190520;   10;-999;-999;    3;  -999;-999;    4.000;-999;  -999;  -999;    -999;   14.3;-999;   22.5;    9.9;    8.0;eor
       7368;20190521;   10;-999;-999;    3;  -999;-999;    1.500;-999;  -999;  -999;    -999;   14.0;-999;   18.8;   12.6;   12.4;eor
       7368;20190522;   10;-999;-999;    3;  -999;-999;    2.183;-999;  -999;  -999;    -999;   12.1;-999;   14.5;    5.1;    2.7;eor
       7368;20190523;   10;-999;-999;    3;   0.0;   0;   11.133;-999;   7.2;   9.8;  981.59;   12.9;   69.13;   19.3;    4.9;    2.1;eor
       7368;20190524;   10;-999;-999;    3;   0.0;   6;   10.517;-999;   7.3;  10.4;  978.04;   15.4;   62.92;   21.2;    8.1;    5.1;eor
       7368;20190525;   10;-999;-999;    3;   0.0;   0;   13.633;-999;   4.3;  10.9;  978.77;   13.7;   70.38;   18.2;    7.9;    4.8;eor
       7368;20190526;   10;-999;-999;    3;   0.0;   0;   12.417;-999;   5.9;  10.2;  977.14;   14.9;   63.54;   20.8;    6.2;    2.9;eor
       7368;20190527;   10;-999;-999;    3;   8.3;   6;    0.783;-999;   7.6;  13.1;  972.20;   14.6;   79.46;   18.3;   12.3;   12.0;eor
       7368;20190528;   10;-999;-999;    3;  11.8;   6;    0.233;-999;   7.5;  12.1;  971.63;   11.9;   87.21;   16.2;    9.3;    9.0;eor
       7368;20190529;   10;-999;-999;    3;   0.0;   0;    6.750;-999;   4.5;   9.2;  983.66;   10.9;   71.50;   15.6;    5.8;    2.8;eor
       7368;20190530;   10;-999;-999;    3;   0.0;   0;    7.900;-999;   5.4;  10.1;  987.21;   13.7;   65.58;   19.3;    4.2;    1.4;eor
       7368;20190531;   10;-999;-999;    3;   0.0;   0;    7.667;-999;   6.0;  13.7;  987.32;   18.2;   66.46;   23.3;   12.9;    9.9;eor
       7368;20190601;   10;-999;-999;    3;   0.0;   0;   10.650;-999;   6.3;  14.5;  985.15;   19.0;   68.67;   25.5;   11.9;    7.9;eor
       7368;20190602;   10;-999;-999;    3;   0.0;   0;   15.067;-999;   1.9;  14.6;  980.52;   21.2;   60.96;   27.8;   12.0;    9.1;eor
       7368;20190603;   10;-999;-999;    3;   0.9;   6;   10.383;-999;   4.3;  15.5;  977.50;   21.2;   64.42;   30.1;   14.1;   11.9;eor
       7368;20190604;   10;-999;-999;    3;   0.0;   0;   12.367;-999;   4.6;  17.2;  975.23;   20.0;   74.96;   26.8;   12.5;   10.4;eor
       7368;20190605;   10;   6.3;   2.0;    3;   0.0;   0;   12.100;-999;   4.5;  16.6;  970.91;   22.8;   61.75;   30.6;   15.2;   13.5;eor
       7368;20190606;   10;  11.4;   3.5;    3;   0.5;   6;    2.017;-999;   6.0;  13.6;  974.62;   15.2;   78.42;   19.7;    9.4;    6.8;eor
       7368;20190607;   10;  16.5;   3.3;    3;   2.8;   6;    8.600;-999;   4.6;  13.8;  976.72;   15.0;   80.92;   22.3;    7.3;    5.4;eor
       7368;20190608;   10;  17.8;   5.4;    3;   0.0;   0;    7.100;-999;   4.6;   9.4;  983.72;   14.3;   58.29;   18.0;   10.9;    5.5;eor
       7368;20190609;   10;   7.7;   2.6;    3;   0.2;   6;   10.033;-999;   6.7;  11.1;  985.34;   15.9;   62.17;   22.6;    6.2;    3.5;eor
       7368;20190610;   10;   7.3;   1.9;    3;   6.8;   6;    2.250;-999;   7.8;  15.7;  976.65;   17.7;   78.38;   23.8;   13.5;   12.3;eor
       7368;20190611;   10;  14.4;   2.3;    3;  26.2;   8;    2.217;-999;   7.3;  15.6;  974.17;   16.8;   82.42;   20.8;   13.6;   12.6;eor
       7368;20190612;   10;  12.1;   2.7;    3;   3.6;   6;    2.500;-999;   6.0;  15.3;  973.64;   14.6;   92.00;   17.8;   11.1;    9.0;eor
       7368;20190613;   10;  13.1;   2.0;    3;   6.8;   8;    7.200;-999;   5.0;  13.6;  978.17;   15.8;   77.38;   22.7;   10.1;    8.5;eor
       7368;20190614;   10;   7.6;   2.2;    3;   0.0;   6;    6.467;-999;   4.9;  14.4;  979.29;   18.8;   68.83;   26.3;    8.6;    6.4;eor
       7368;20190615;   10;  14.0;   3.4;    3;   0.0;   0;    9.367;-999;   5.9;  15.1;  975.89;   19.7;   66.58;   24.0;   13.7;   10.5;eor
       7368;20190616;   10;   5.5;   1.6;    3;   0.3;   6;    0.417;-999;   6.5;  15.1;  983.73;   15.5;   85.75;   20.4;   11.5;    9.9;eor
       7368;20190617;   10;   7.4;   2.3;    3;   0.0;   0;   12.117;-999;   1.5;  14.7;  984.07;   17.9;   73.88;   24.3;   10.2;    8.5;eor
       7368;20190618;   10;   5.7;   1.7;    3;   0.0;   0;   13.300;-999;   5.1;  15.8;  979.00;   20.6;   66.96;   27.0;   12.4;    9.9;eor
       7368;20190619;   10;  19.3;   1.9;    3;  12.1;   8;   12.317;-999;   4.8;  16.9;  973.48;   21.8;   67.63;   29.7;   15.1;   12.9;eor
       7368;20190620;   10;  11.2;   3.0;    3;   0.0;   6;    8.217;-999;   6.5;  16.1;  975.48;   19.1;   74.21;   24.5;   14.6;   12.3;eor
       7368;20190621;   10;   6.4;   1.9;    3;   0.0;   0;    9.067;-999;   4.7;  14.3;  981.36;   18.2;   70.25;   23.1;   14.4;   11.9;eor
       7368;20190622;   10;  11.4;   3.8;    3;   0.0;   0;    9.583;-999;   3.9;  14.5;  983.28;   18.3;   69.79;   24.2;   11.0;    9.1;eor
       7368;20190623;   10;  11.4;   4.2;    3;   0.0;   0;   14.283;-999;   3.1;  14.2;  983.71;   20.1;   62.33;   25.8;   14.6;   13.2;eor
       7368;20190624;   10;   8.9;   3.8;    3;   0.0;   0;   15.233;-999;   4.0;  15.2;  985.20;   21.3;   61.63;   27.7;   14.2;   12.8;eor
       7368;20190625;   10;   5.6;   1.9;    3;   0.0;   0;   14.967;-999;   4.3;  16.3;  984.19;   24.2;   55.71;   32.6;   14.6;   11.8;eor
       7368;20190626;   10;   7.1;   2.1;    3;   0.0;   0;   14.917;-999;   0.3;  20.1;  985.80;   26.3;   60.25;   33.0;   18.7;   15.9;eor
       7368;20190627;   10;   8.3;   2.5;    3;   0.0;   0;   15.233;-999;   0.0;  12.4;  988.27;   19.8;   55.71;   24.9;   13.0;   11.6;eor
       7368;20190628;   10;   8.4;   1.9;    3;   0.0;   0;   11.200;-999;   1.9;  11.9;  987.63;   17.3;   62.50;   24.2;   10.7;    8.7;eor
       7368;20190629;   10;   5.3;   1.7;    3;   0.0;   0;   15.283;-999;   0.0;  12.1;  983.95;   20.7;   53.96;   29.4;    9.8;    7.1;eor
       7368;20190630;   10;  11.7;   2.8;    3;   0.0;   6;   14.900;-999;   0.8;  15.1;  978.22;   26.0;   48.13;   34.7;   12.9;    9.7;eor
       7368;20190701;   10;  10.1;   2.9;    3;   0.0;   6;    7.717;-999;   5.0;  14.1;  979.58;   21.7;   55.17;   26.4;   14.7;   11.9;eor
       7368;20190702;   10;   9.0;   2.4;    3;   0.0;   0;    9.883;-999;   2.1;  10.5;  984.36;   16.3;   57.50;   21.0;   10.1;    6.0;eor
       7368;20190703;   10;   7.9;   1.8;    3;   0.0;   0;   10.017;-999;   2.2;   9.3;  986.33;   14.7;   57.71;   20.6;    7.5;    4.3;eor
       7368;20190704;   10;  11.5;   1.5;    3;   0.0;   0;   14.667;-999;   3.9;   8.9;  985.67;   15.6;   53.58;   22.6;    6.8;    3.7;eor
       7368;20190705;   10;  10.6;   2.9;    3;   0.0;   0;    7.200;-999;   5.2;  10.8;  979.67;   18.6;   52.13;   25.7;   11.9;   10.1;eor
       7368;20190706;   10;  12.0;   3.4;    3;   0.4;   6;    9.467;-999;   5.9;  11.8;  974.01;   19.8;   54.71;   27.5;   11.8;    8.4;eor
       7368;20190707;   10;  10.4;   3.0;    3;   0.0;   0;    2.967;-999;   6.8;   9.8;  976.48;   14.6;   60.13;   18.6;    9.2;    5.2;eor
       7368;20190708;   10;   9.1;   2.8;    3;   0.0;   6;    2.717;-999;   6.7;   9.5;  980.71;   12.7;   65.54;   16.9;    8.4;    4.9;eor
       7368;20190709;   10;   8.5;   2.5;    3;   0.0;   6;    2.033;-999;   6.1;   9.8;  982.29;   12.6;   67.75;   17.0;    9.4;    6.1;eor
       7368;20190710;   10;   7.1;   1.6;    3;   1.1;   6;    9.350;-999;   5.5;  10.1;  981.88;   15.0;   61.96;   21.5;    7.4;    3.6;eor
       7368;20190711;   10;   7.1;   2.0;    3;   6.4;   6;    1.667;-999;   7.8;  14.7;  977.63;   15.3;   84.88;   19.4;   12.5;   12.5;eor
       7368;20190712;   10;  11.9;   2.7;    3;  17.6;   8;    3.667;-999;   7.0;  15.1;  975.00;   16.0;   84.04;   22.9;   13.0;   12.5;eor
       7368;20190713;   10;   8.2;   2.9;    3;   0.9;   6;    0.200;-999;   7.7;  14.9;  978.60;   14.7;   88.88;   17.2;   13.0;   12.6;eor
       7368;20190714;   10;   5.9;   2.0;    3;   0.0;   0;    0.000;-999;   6.8;  12.6;  981.10;   13.8;   79.75;   16.3;   11.0;    7.8;eor
       7368;20190715;   10;   7.3;   2.1;    3;   0.0;   0;    1.900;-999;   6.8;  12.0;  981.30;   13.5;   77.79;   16.9;   10.0;    7.2;eor
       7368;20190716;   10;   7.5;   2.4;    3;   0.0;   0;    3.433;-999;   6.8;  12.0;  980.77;   13.2;   79.21;   18.3;    8.4;    5.3;eor
       7368;20190717;   10;   4.8;   1.2;    3;   0.0;   0;    3.450;-999;   5.3;  12.9;  978.50;   15.4;   74.50;   20.1;   10.8;    7.1;eor
       7368;20190718;   10;   9.7;   2.0;    3;   1.3;   6;    8.500;-999;   6.3;  12.4;  975.96;   18.2;   64.00;   25.7;    8.9;    6.3;eor
       7368;20190719;   10;   6.9;   2.2;    3;   0.9;   6;    2.550;-999;   7.7;  15.8;  978.05;   18.3;   75.79;   23.1;   14.1;   11.0;eor
       7368;20190720;   10;  16.5;   2.3;    3;   8.4;   8;    9.133;-999;   7.3;  16.4;  977.47;   20.6;   72.17;   30.5;   12.7;    9.8;eor
       7368;20190721;   10;   9.6;   2.8;    3;   0.0;   0;   10.733;-999;   5.5;  15.5;  983.23;   19.8;   69.79;   25.6;   14.5;   11.1;eor
       7368;20190722;   10;   8.5;   1.9;    3;   0.0;   6;    6.400;-999;   6.5;  14.4;  986.80;   19.6;   66.08;   26.3;   11.9;    9.1;eor
       7368;20190723;   10;   5.3;   1.2;    3;   0.0;   0;   14.650;-999;   0.7;  15.4;  984.99;   23.6;   57.25;   31.6;   14.3;   11.3;eor
       7368;20190724;   10;   6.6;   1.7;    3;   0.0;   0;   14.567;-999;   0.3;  15.4;  980.85;   26.0;   50.25;   34.8;   15.4;   12.6;eor
       7368;20190725;   10;   7.3;   2.3;    3;   0.0;   0;   14.200;-999;   0.9;  14.0;  980.21;   27.4;   42.96;   36.2;   17.1;   14.1;eor
       7368;20190726;   10;   9.9;   3.9;    3;   0.0;   0;   13.883;-999;   3.4;  13.9;  975.38;   25.2;   45.33;   32.8;   16.6;   14.0;eor
       7368;20190727;   10;  11.4;   4.7;    3;   0.0;   6;   12.683;-999;   4.8;  12.6;  967.83;   23.5;   45.50;   29.9;   15.2;   12.7;eor
       7368;20190728;   10;   8.2;   2.2;    3;   6.7;   6;    1.733;-999;   7.6;  16.3;  966.05;   21.3;   65.58;   28.3;   17.2;   14.7;eor
       7368;20190729;   10;   7.0;   2.7;    3;   0.1;   6;    0.250;-999;   6.7;  18.8;  974.11;   18.6;   88.21;   20.9;   16.7;   14.3;eor
       7368;20190730;   10;   7.3;   2.3;    3;   0.6;   6;    9.900;-999;   3.3;  16.5;  976.11;   22.1;   65.50;   28.3;   15.9;   14.5;eor
       7368;20190731;   10;  12.8;   2.9;    3;   0.8;   6;    8.100;-999;   4.5;  14.2;  979.06;   20.4;   61.08;   25.5;   16.5;   14.4;eor
       7368;20190801;    3;   8.8;   2.0;    3;   0.0;   0;    9.967;-999;   4.5;  12.4;  980.63;   18.9;   59.13;   24.2;   12.3;    9.3;eor
       7368;20190802;    3;   8.7;   1.7;    3;   1.7;   6;    2.817;-999;   7.7;  14.5;  978.34;   18.1;   71.00;   25.0;   14.7;   13.8;eor
       7368;20190803;    3;   8.6;   1.6;    3;   0.5;   6;    2.650;-999;   6.1;  15.5;  978.98;   17.6;   78.54;   24.0;   13.3;   11.5;eor
       7368;20190804;    3;   6.1;   1.5;    3;   0.0;   6;    8.033;-999;   5.2;  14.5;  979.75;   18.1;   73.08;   25.6;   12.0;    9.6;eor
       7368;20190805;    3;   8.1;   2.1;    3;   1.2;   6;    2.433;-999;   7.4;  15.4;  975.69;   19.7;   68.25;   26.2;   14.3;   12.4;eor
       7368;20190806;    3;  11.5;   2.8;    3;   2.0;   6;    4.567;-999;   7.0;  16.1;  974.55;   19.5;   72.00;   25.1;   13.2;   10.5;eor
       7368;20190807;    3;   7.4;   3.0;    3;   4.7;   6;    0.550;-999;   7.5;  17.0;  972.28;   18.4;   80.38;   20.6;   16.3;   14.0;eor
       7368;20190808;    3;  13.3;   3.5;    3;   0.4;   6;    9.600;-999;   4.0;  14.6;  975.93;   18.6;   69.88;   24.9;   13.8;   11.2;eor
       7368;20190809;    3;   9.0;   1.9;    3;  11.3;   6;    5.417;-999;   6.5;  16.5;  975.07;   20.6;   71.29;   27.7;   12.6;   10.5;eor
       7368;20190810;    3;  14.9;   4.6;    3;   0.0;   0;    4.567;-999;   5.6;  16.2;  976.50;   20.6;   67.38;   24.0;   16.7;   12.9;eor
       7368;20190811;    3;  11.7;   3.3;    3;   0.7;   6;    8.300;-999;   4.7;  12.3;  979.00;   19.8;   55.04;   26.8;   13.8;   10.4;eor
       7368;20190812;    3;  15.4;   3.1;    3;   0.8;   6;    8.550;-999;   6.4;  12.4;  979.24;   17.0;   66.33;   22.5;   12.2;   10.3;eor
       7368;20190813;    3;  11.6;   3.5;    3;   0.0;   6;    5.417;-999;   5.3;  11.1;  980.44;   15.3;   66.08;   20.0;   11.9;   10.1;eor
       7368;20190814;    3;   8.5;   2.4;    3;   0.2;   6;    9.800;-999;   2.8;   9.4;  981.25;   15.1;   57.17;   20.7;    9.9;    7.0;eor
       7368;20190815;    3;   9.7;   3.4;    3;   6.5;   6;    1.167;-999;   7.7;  13.3;  976.59;   15.7;   74.50;   21.0;   11.7;   11.3;eor
       7368;20190816;    3;   8.0;   2.8;    3;   0.0;   6;    8.217;-999;   6.3;  13.1;  979.87;   16.8;   70.92;   22.1;   13.1;    9.9;eor
       7368;20190817;    3;  13.3;   4.1;    3;   1.6;   6;    0.217;-999;   7.8;  13.8;  975.05;   18.2;   66.21;   21.3;   12.5;   11.7;eor
       7368;20190818;    3;  17.3;   4.2;    3;   0.6;   6;    3.817;-999;   7.4;  17.7;  972.20;   20.4;   75.54;   27.5;   15.9;   15.7;eor
       7368;20190819;    3;  11.3;   2.9;    3;   0.0;   0;    7.783;-999;   5.8;  12.6;  980.06;   18.3;   61.71;   23.0;   13.1;   10.2;eor
       7368;20190820;    3;   5.2;   1.8;    3;   0.0;   0;    1.183;-999;   7.6;  11.6;  985.85;   16.0;   65.42;   20.1;   10.7;    7.7;eor
       7368;20190821;    3;   5.6;   1.7;    3;   0.0;   0;   10.833;-999;   2.9;  10.2;  990.91;   15.9;   58.75;   22.5;    8.7;    5.6;eor
       7368;20190822;    3;   8.4;   1.7;    3;   0.0;   0;   13.017;-999;   0.8;   9.8;  989.69;   17.1;   55.08;   25.5;    8.3;    5.2;eor
       7368;20190823;    3;   8.1;   2.1;    3;   0.0;   0;   13.050;-999;   0.0;  10.0;  988.60;   19.0;   50.04;   27.5;    9.1;    6.2;eor
       7368;20190824;    3;   8.8;   2.8;    3;   0.0;   0;   12.050;-999;   0.4;  13.4;  985.35;   20.0;   57.83;   28.1;   10.4;    6.3;eor
       7368;20190825;    3;   7.8;   1.9;    3;   0.0;   0;   10.383;-999;   0.9;  17.6;  982.99;   22.6;   66.08;   30.7;   14.6;   12.9;eor
       7368;20190826;    3;   8.9;   2.5;    3;   0.0;   0;   10.600;-999;   1.1;  17.1;  982.37;   23.1;   64.63;   30.8;   15.3;   12.8;eor
       7368;20190827;    3;   6.2;   1.3;    3;   0.8;   6;    4.700;-999;   3.7;  18.6;  980.84;   20.2;   79.42;   29.1;   15.6;   13.5;eor
       7368;20190828;    3;  12.0;   2.0;    3;   0.0;   6;    7.633;-999;   6.4;  17.0;  979.10;   22.9;   65.33;   31.4;   15.3;   13.2;eor
       7368;20190829;    3;  12.0;   1.7;    3;   2.3;   6;    6.967;-999;   5.5;  17.4;  981.91;   21.3;   70.58;   30.0;   16.2;   13.9;eor
       7368;20190830;    3;   8.1;   1.7;    3;   0.0;   0;    9.100;-999;   3.3;  18.0;  985.00;   21.6;   72.79;   28.7;   14.7;   13.6;eor
       7368;20190831;    3;   7.7;   1.8;    3;   0.0;   0;   12.000;-999;   0.1;  16.9;  978.74;   23.4;   63.58;   31.5;   15.2;   13.2;eor
       7368;20190901;    3;  10.8;   2.8;    3;   0.0;   0;    2.200;-999;   6.3;  14.9;  976.86;   18.8;   67.96;   22.6;   12.4;    9.6;eor
       7368;20190902;    3;  11.6;   2.1;    3;   0.0;   0;    8.917;-999;   1.3;   9.7;  985.30;   14.0;   63.54;   19.8;    9.0;    5.3;eor
       7368;20190903;    3;  10.5;   2.6;    3;   0.0;   0;    9.200;-999;   4.5;   9.6;  986.45;   15.0;   60.13;   23.1;    6.4;    3.6;eor
       7368;20190904;    3;  12.6;   3.0;    3;   0.2;   6;   12.367;-999;   3.7;  11.4;  979.83;   17.4;   60.96;   24.8;    8.6;    5.7;eor
       7368;20190905;    3;  11.8;   3.8;    3;   0.0;   0;    6.500;-999;   5.6;  11.0;  981.50;   15.1;   65.04;   19.3;    9.1;    5.9;eor
       7368;20190906;    3;   6.7;   1.6;    3;   0.0;   0;   11.917;-999;   2.7;   8.4;  986.02;   12.6;   61.13;   19.7;    4.9;    1.9;eor
       7368;20190907;    3;   6.7;   1.6;    3;   0.0;   6;    2.167;-999;   6.7;   9.5;  981.72;   11.6;   70.54;   16.7;    6.2;    4.0;eor
       7368;20190908;    3;   7.0;   1.8;    3;   1.5;   6;    2.200;-999;   7.5;  10.5;  980.37;   12.3;   75.33;   17.3;    5.9;    3.8;eor
       7368;20190909;    3;   7.9;   2.3;    3;   0.1;   6;    0.000;-999;   7.1;  11.9;  977.31;   12.3;   83.79;   15.1;   10.4;    8.4;eor
       7368;20190910;    3;   7.9;   2.4;    3;   0.0;   0;    7.700;-999;   3.9;   9.8;  980.89;   12.9;   69.17;   19.8;    7.7;    3.9;eor
       7368;20190911;    3;  11.8;   3.2;    3;   0.2;   6;   10.067;-999;   3.3;   9.6;  985.88;   14.2;   63.50;   21.6;    5.4;    1.6;eor
       7368;20190912;    3;  10.3;   3.4;    3;   0.0;   6;    4.717;-999;   5.1;  14.1;  990.90;   17.0;   73.58;   21.6;   12.8;   12.0;eor
       7368;20190913;    3;   9.5;   2.9;    3;   0.0;   6;    2.333;-999;   6.4;  14.5;  993.85;   17.2;   74.17;   22.5;   13.6;   11.3;eor
       7368;20190914;    3;   7.8;   2.8;    3;   0.0;   0;   11.367;-999;   3.3;  10.0;  994.75;   14.3;   62.67;   20.2;    9.0;    4.9;eor
       7368;20190915;    3;   9.8;   2.9;    3;   0.0;   0;   11.017;-999;  -999;   9.4;  985.85;   16.6;   55.46;   25.9;    6.9;    3.6;eor
       7368;20190916;    3;   7.1;   2.0;    3;   2.0;   6;    0.000;-999;   7.7;  12.3;  982.57;   14.1;   76.25;   17.6;   11.4;   10.6;eor
       7368;20190917;    3;  15.8;   4.2;    3;   0.0;   6;    5.183;-999;   6.8;  10.0;  982.25;   11.8;   73.46;   16.6;    8.4;    6.1;eor
       7368;20190918;    3;  10.4;   2.8;    3;   0.0;   0;    7.133;-999;   5.9;   7.8;  987.60;   10.4;   64.25;   16.2;    4.9;    1.8;eor
       7368;20190919;    3;   5.7;   1.5;    3;   0.0;   0;    7.217;-999;   6.5;   7.4;  991.59;    8.9;   67.38;   15.3;    3.6;    0.6;eor
       7368;20190920;    3;   5.7;   1.6;    3;   0.0;   0;   10.917;-999;   3.7;   6.9;  991.11;    9.3;   62.50;   17.7;    2.0;   -0.8;eor
       7368;20190921;    3;   7.3;   2.0;    3;   0.0;   0;   11.317;-999;   0.0;   8.0;  984.49;   12.6;   58.63;   22.6;    2.9;   -0.6;eor
       7368;20190922;    3;   6.7;   1.5;    3;   0.0;   0;   11.233;-999;   3.2;   9.5;  975.77;   15.0;   60.00;   24.1;    5.0;    1.8;eor
       7368;20190923;    3;   8.1;   2.5;    3;   0.7;   4;    0.083;-999;   7.9;  12.8;  977.25;   14.4;   77.92;   17.7;   11.5;    8.0;eor
       7368;20190924;    3;   9.2;   2.2;    3;   0.7;   6;    5.700;-999;   7.0;  13.0;  975.74;   15.0;   77.13;   20.2;   12.3;    9.7;eor
       7368;20190925;    3;  11.5;   3.6;    3;   3.9;   6;    3.783;-999;   7.3;  13.6;  970.72;   14.3;   83.29;   17.6;   13.0;   11.6;eor
       7368;20190926;    3;  10.6;   3.7;    3;   4.0;   6;    1.117;-999;   7.5;  14.6;  974.67;   15.0;   85.71;   17.4;   12.8;   12.2;eor
       7368;20190927;    3;   9.3;   4.2;    3;   5.7;   6;    1.817;-999;   6.2;  14.2;  974.17;   14.3;   86.75;   16.5;   12.5;   11.2;eor
       7368;20190928;    3;  14.9;   5.2;    3;   0.7;   6;    1.900;-999;   6.3;  12.6;  976.14;   14.3;   77.42;   17.0;   12.3;   10.7;eor
       7368;20190929;    3;  16.5;   6.7;    3;   3.8;   6;    2.150;-999;   7.7;  12.3;  968.37;   15.1;   71.67;   18.7;   12.7;   11.0;eor
       7368;20190930;    3;  17.8;   6.1;    3;   2.4;   6;    1.333;-999;   7.0;  12.0;  970.23;   13.1;   79.46;   15.4;   11.2;    9.2;eor
       7368;20191001;    3;  16.0;   5.2;    3;   3.6;   6;    0.667;-999;   7.7;  13.3;  967.07;   14.1;   82.54;   17.2;   11.4;   10.1;eor
       7368;20191002;    3;  11.4;   3.4;    3;   4.1;   6;    2.200;   0;   5.7;  10.1;  970.35;    9.8;   81.46;   14.4;    5.9;    3.9;eor
       7368;20191003;    3;  11.4;   3.9;    3;   2.1;   6;    0.883;   0;   7.5;  10.0;  978.41;    9.0;   87.08;   11.9;    7.2;    6.6;eor
       7368;20191004;    3;  11.7;   3.2;    3;   8.9;   6;    0.000;   0;   7.6;  10.1;  971.25;    8.9;   88.04;   10.5;    7.4;    5.9;eor
       7368;20191005;    3;  12.8;   3.2;    3;   0.0;   6;    0.883;   0;   7.5;   9.0;  976.52;    8.1;   83.13;   10.8;    4.5;    0.9;eor
       7368;20191006;    3;   8.8;   3.5;    3;   0.1;   6;    0.117;   0;   7.2;   8.1;  979.93;    5.7;   88.13;    9.3;    1.1;   -0.4;eor
       7368;20191007;    3;   7.9;   2.9;    3;   0.0;   6;    4.533;   0;   6.9;   8.3;  980.97;    7.0;   82.58;   11.5;    1.9;    1.0;eor
       7368;20191008;    3;  13.0;   4.7;    3;   9.2;   6;    0.000;   0;   7.6;  12.0;  972.38;   11.0;   91.21;   11.9;    9.2;    8.8;eor
       7368;20191009;    3;  11.9;   4.8;    3;   5.4;   6;    0.833;   0;   6.3;  10.9;  971.78;   10.8;   84.13;   13.4;    9.2;    8.0;eor
       7368;20191010;    3;  13.1;   4.5;    3;   1.0;   6;    1.150;   0;   5.6;   9.8;  976.05;    9.8;   81.08;   12.2;    7.9;    7.2;eor
       7368;20191011;    3;  12.7;   5.2;    3;   0.0;   0;    0.867;   0;   7.1;  11.2;  978.35;   12.4;   77.71;   15.6;    9.3;    7.2;eor
       7368;20191012;    3;  12.8;   4.8;    3;   0.0;   0;    8.400;   0;   3.5;  12.6;  975.68;   16.5;   67.38;   20.3;   12.0;    8.8;eor
       7368;20191013;    3;  11.4;   4.5;    3;   0.0;   0;    8.983;   0;   3.6;  15.1;  976.47;   19.7;   65.96;   23.2;   16.2;   14.0;eor
       7368;20191014;    3;   7.8;   2.0;    3;   0.0;   0;    9.400;   0;   1.8;  13.8;  976.79;   18.5;   65.63;   24.0;   12.8;    8.5;eor
       7368;20191015;    3;  11.7;   1.9;    3;   5.0;   6;    6.600;   0;   6.8;  14.2;  970.68;   16.7;   75.54;   22.9;   11.1;    7.9;eor
       7368;20191016;    3;  13.4;   5.0;    3;   0.0;   6;    0.933;   0;   7.3;  11.7;  974.62;   12.1;   82.54;   14.2;   10.1;    9.6;eor
       7368;20191017;    3;  11.6;   4.3;    3;   3.5;   6;    1.833;   0;   7.5;  11.9;  975.97;   13.8;   75.17;   15.8;   12.6;   10.7;eor
       7368;20191018;    3;  16.9;   4.2;    3;   3.4;   6;    3.950;   0;   6.1;  12.2;  973.89;   12.9;   80.88;   16.9;    9.4;    5.7;eor
       7368;20191019;    3;  11.3;   3.5;    3;   0.0;   6;    1.017;   0;   7.8;  11.4;  972.46;   12.6;   77.83;   15.0;    9.6;    7.7;eor
       7368;20191020;    1;   7.6;   1.8;    1;   0.0;   6;    0.550;   0;   7.8;  13.9;  972.86;   14.5;   84.08;   18.5;   11.9;   10.1;eor
       7368;20191021;    1;   8.8;   2.9;    1;   0.0;   0;    0.933;   0;   6.9;  12.9;  980.92;   14.6;   78.33;   18.3;    9.7;    7.2;eor
       7368;20191022;    1;   7.2;   2.0;    1;   0.0;   0;    4.700;   0;   6.6;  11.4;  986.59;   12.4;   79.67;   16.7;    8.3;    6.0;eor
       7368;20191023;    1;   9.1;   3.8;    1;   0.0;   6;    0.000;   0;   7.7;  12.2;  980.62;   10.5;   95.79;   13.2;    8.4;    7.0;eor
       7368;20191024;    1;   9.7;   3.5;    1;   0.0;   0;    4.183;   0;   6.8;  12.7;  974.50;   12.3;   89.00;   15.0;    8.8;    9.1;eor
       7368;20191025;    1;   9.8;   3.9;    1;   0.0;   0;    4.200;   0;   6.8;  11.6;  982.73;   13.3;   75.50;   15.5;   11.7;    8.2;eor
       7368;20191026;    1;  11.5;   4.3;    1;   0.0;   0;    7.617;   0;   7.7;  11.4;  980.75;   14.1;   71.54;   17.8;   10.3;    8.1;eor
       7368;20191027;    1;  12.5;   3.5;    1;   5.2;   6;    0.000;   0;   7.3;  10.0;  981.34;    9.9;   82.71;   15.4;    4.2;    1.3;eor
       7368;20191028;    1;   6.0;   2.1;    1;   0.0;   0;    2.000;   0;   6.6;   7.9;  985.05;    4.7;   92.88;    9.2;    2.3;   -0.1;eor
       7368;20191029;    1;   6.4;   1.7;    1;   0.0;   0;    3.633;   0;   5.3;   7.3;  986.88;    4.4;   87.04;    8.4;    0.9;   -2.7;eor
       7368;20191030;    1;  10.0;   3.5;    1;   0.0;   0;    1.700;   0;   3.4;   6.4;  990.34;    2.1;   90.17;    5.9;   -0.4;   -3.0;eor
       7368;20191031;    1;   8.1;   4.2;    1;   0.0;   0;    5.367;   0;   4.9;   5.9;  986.93;    0.9;   90.42;    5.2;   -3.2;   -5.5;eor
       7368;20191101;    1;  10.5;   2.2;    1;   0.3;   6;    0.000;   0;   7.7;   6.6;  973.95;    2.1;   90.42;    9.6;   -4.2;   -5.2;eor
       7368;20191102;    1;  13.9;   5.4;    1;   2.8;   6;    1.667;   0;   7.5;  11.8;  957.90;   12.8;   80.08;   15.9;    9.6;    8.3;eor
       7368;20191103;    1;  14.8;   3.7;    1;   2.1;   6;    2.567;   0;   6.8;  11.0;  952.84;   11.5;   81.08;   13.8;    9.6;    8.4;eor
       7368;20191104;    1;  10.6;   3.7;    1;   1.3;   6;    0.500;   0;   7.3;  10.4;  954.71;    9.6;   86.71;   10.9;    8.0;    5.9;eor
       7368;20191105;    1;   9.6;   3.6;    1;   0.0;   6;    0.750;   0;   6.7;   8.9;  960.30;    8.2;   82.25;   10.0;    6.1;    3.1;eor
       7368;20191106;    1;   9.1;   3.2;    1;   2.5;   6;    0.300;   0;   7.7;   9.1;  964.68;    7.3;   89.08;    9.4;    5.9;    3.9;eor
       7368;20191107;    1;  13.2;   3.3;    1;   0.6;   6;    0.917;   0;   7.4;   8.9;  965.32;    8.1;   82.17;   10.4;    5.9;    3.6;eor
       7368;20191108;    1;   7.1;   1.8;    1;   9.2;   6;    0.000;   0;   7.8;   8.1;  969.10;    5.1;   91.63;    6.9;    3.2;    0.8;eor
       7368;20191109;    1;   7.6;   2.9;    1;   0.4;   6;    0.483;   0;   6.5;   7.4;  971.28;    4.6;   87.08;    6.7;    1.1;   -2.7;eor
       7368;20191110;    1;   7.0;   1.5;    1;   0.0;   0;    3.617;   0;   3.4;   6.6;  975.69;    2.4;   90.38;    6.5;   -0.5;   -3.4;eor
       7368;20191111;    1;  10.0;   3.2;    1;   0.0;   6;    5.183;   0;   6.2;   5.8;  972.79;    2.0;   82.71;    4.0;   -1.3;   -3.2;eor
       7368;20191112;    1;  10.9;   3.7;    1;   0.0;   6;    4.333;   0;   7.3;   6.3;  967.57;    4.8;   73.54;    7.6;    2.3;    1.6;eor
       7368;20191113;    1;   9.8;   3.4;    1;   0.0;   0;    0.667;   0;   8.0;   6.4;  965.88;    3.9;   79.00;    5.4;    2.8;    0.1;eor
       7368;20191114;    1;   9.4;   3.4;    1;   0.0;   0;    6.267;   0;   5.8;   6.4;  967.98;    3.5;   81.21;    7.2;    0.2;   -3.0;eor
       7368;20191115;    1;  11.0;   4.7;    1;   4.7;   6;    0.000;   0;   7.8;   7.0;  965.40;    2.7;   93.42;    4.6;    0.6;    0.4;eor
       7368;20191116;    1;   8.3;   2.8;    1;   0.0;   6;    2.967;   0;   5.2;   6.9;  971.40;    3.3;   89.42;    6.1;   -0.2;   -2.9;eor
       7368;20191117;    1;   7.8;   3.2;    1;   1.0;   6;    0.000;   0;   7.8;   6.8;  971.93;    1.7;   98.04;    3.6;   -0.8;   -3.1;eor
       7368;20191118;    1;  10.6;   3.8;    1;   1.6;   6;    0.000;   0;   7.7;   7.3;  969.32;    4.2;   88.92;    5.2;    2.9;    2.1;eor
       7368;20191119;    1;  14.5;   3.4;    1;   0.0;   6;    0.300;   0;   7.6;   6.8;  978.42;    4.1;   82.33;    6.4;    0.9;   -3.6;eor
       7368;20191120;    1;   5.5;   1.8;    1;   0.0;   6;    0.000;   0;   7.2;   6.5;  979.76;    1.2;   97.04;    3.0;   -1.1;   -4.4;eor
       7368;20191121;    1;   5.0;   2.4;    1;   0.0;   6;    0.000;   0;   8.0;   7.9;  973.22;    3.9;   98.21;    4.8;    2.8;    0.9;eor
       7368;20191122;    1;   6.9;   2.2;    1;   0.0;   0;    0.017;   0;   7.0;   7.1;  971.58;    2.8;   94.25;    5.5;   -1.1;   -2.3;eor
       7368;20191123;    1;   9.0;   4.9;    1;   0.0;   0;    0.000;   0;   8.0;   7.3;  966.85;    2.4;   99.54;    4.6;    0.7;    1.0;eor
       7368;20191124;    1;   5.8;   3.4;    1;   0.0;   0;    0.000;   0;   8.0;   6.9;  970.81;    1.6;   99.88;    2.8;    0.9;    1.2;eor
       7368;20191125;    1;   6.5;   1.6;    1;   0.0;   6;    0.000;   0;   8.0;   6.9;  973.27;    2.2;   96.71;    4.2;    0.2;    0.5;eor
       7368;20191126;    1;   7.1;   3.1;    1;   0.0;   6;    0.700;   0;   7.7;   8.6;  969.80;    6.9;   85.79;    9.0;    4.0;    3.4;eor
       7368;20191127;    1;  14.8;   4.0;    1;   1.0;   6;    0.100;   0;   7.7;   9.0;  959.26;    7.8;   84.67;   10.1;    4.8;    2.5;eor
       7368;20191128;    1;  16.3;   7.3;    1;   7.8;   6;    0.817;   0;   6.7;   9.0;  957.08;    9.1;   78.08;   10.4;    7.4;    6.7;eor
       7368;20191129;    1;  11.7;   4.3;    1;   1.5;   8;    3.883;   0;   6.8;   7.0;  970.15;    4.8;   80.83;    7.9;    2.1;    1.0;eor
       7368;20191130;    1;   6.9;   2.4;    1;   0.0;   0;    3.900;   0;   4.2;   5.9;  984.52;    2.2;   82.83;    5.3;   -2.5;   -6.5;eor
       7368;20191201;    1;   5.8;   1.8;    1;   0.0;   0;    1.033;   0;   7.4;   5.2;  983.05;   -1.6;   95.29;    0.0;   -3.8;   -6.9;eor
       7368;20191202;    1;   8.0;   2.9;    1;   0.6;   8;    0.833;   0;   7.5;   5.9;  985.63;    1.2;   88.46;    3.4;   -0.9;   -2.4;eor
       7368;20191203;    1;   6.4;   2.8;    1;   0.7;   6;    0.517;   0;   7.7;   6.8;  989.65;    3.1;   88.50;    4.2;    1.8;    0.6;eor
       7368;20191204;    1;   5.3;   2.1;    1;   0.0;   0;    7.050;   0;   3.2;   5.9;  985.78;    1.7;   85.38;    4.8;   -1.7;   -5.4;eor
       7368;20191205;    1;  10.9;   4.0;    1;   0.0;   0;    7.067;   0;   1.1;   4.9;  982.68;   -0.1;   81.63;    3.0;   -3.6;   -6.3;eor
       7368;20191206;    1;  14.2;   6.3;    1;   4.4;   6;    0.517;   0;   6.7;   5.5;  975.69;    1.5;   79.58;    4.7;   -1.0;   -2.7;eor
       7368;20191207;    1;  16.0;   6.1;    1;   0.9;   6;    0.200;   0;   7.6;   8.1;  974.22;    6.6;   83.00;    8.0;    4.5;    3.7;eor
       7368;20191208;    1;  18.5;   7.5;    1;   3.4;   6;    0.000;   0;   7.8;   8.3;  968.19;    8.0;   77.38;    9.6;    6.8;    5.3;eor
       7368;20191209;    1;  15.9;   5.5;    1;   3.1;   6;    0.900;   0;   7.1;   7.5;  965.57;    5.7;   82.04;    7.3;    3.6;    2.0;eor
       7368;20191210;    1;  11.5;   4.3;    1;   0.0;   0;    6.667;   0;   3.6;   5.6;  984.71;    2.5;   77.04;    4.1;    0.8;   -1.5;eor
       7368;20191211;    1;  14.8;   4.5;    1;   1.1;   8;    0.000;   0;   7.3;   4.9;  973.27;    1.9;   70.21;    3.2;   -0.2;   -0.3;eor
       7368;20191212;    1;   8.6;   3.6;    1;   0.0;   6;    0.717;   0;   7.2;   6.2;  964.32;    2.0;   87.25;    3.8;    0.2;   -1.1;eor
       7368;20191213;    1;  12.6;   3.8;    1;   2.2;   8;    0.000;   0;   6.4;   5.8;  946.12;    1.9;   82.75;    3.5;    0.3;   -3.5;eor
       7368;20191214;    1;  17.0;   6.8;    1;   5.7;   8;    0.050;   0;   7.3;   6.7;  954.81;    4.2;   80.67;    5.8;    2.5;    1.5;eor
       7368;20191215;    1;  18.4;   5.6;    1;   1.1;   6;    0.850;   0;   7.7;   7.5;  965.74;    6.6;   76.71;    9.7;    4.6;    2.1;eor
       7368;20191216;    1;   9.8;   2.7;    1;   0.0;   6;    0.217;   0;   7.7;   8.8;  971.19;    8.2;   81.13;   10.2;    5.4;    2.3;eor
       7368;20191217;    1;  12.7;   3.0;    1;   0.1;   6;    4.050;   0;   7.6;   7.9;  969.34;   10.9;   60.33;   13.9;    6.7;    4.1;eor
       7368;20191218;    1;  11.6;   3.1;    1;   0.2;   6;    1.683;   0;   5.9;   8.9;  978.87;    7.7;   84.63;   12.6;    1.3;   -1.9;eor
       7368;20191219;    1;   4.0;   1.4;    1;   0.0;   0;    1.250;   0;   4.3;   6.9;  976.50;    2.1;   96.88;    5.0;   -0.3;   -2.3;eor
       7368;20191220;    1;  10.5;   2.6;    1;   0.1;   6;    2.617;   0;   5.9;   7.3;  958.67;    5.3;   82.71;   11.4;   -1.2;   -2.8;eor
       7368;20191221;    1;   9.5;   3.5;    1;   0.0;   6;    6.333;   0;   3.1;   7.6;  956.61;    6.1;   80.33;    8.9;    3.1;   -1.1;eor
       7368;20191222;    1;  10.3;   3.5;    1;   0.6;   6;    1.217;   0;   7.7;   7.9;  951.58;    5.7;   85.71;    7.9;    2.3;   -0.2;eor
       7368;20191223;    1;  11.3;   4.7;    1;   0.3;   6;    1.300;   0;   7.1;   7.8;  967.87;    5.9;   83.79;    7.1;    5.1;    3.3;eor
       7368;20191224;    1;  12.3;   4.6;    1;  12.7;   8;    0.067;   0;   7.4;   7.8;  973.77;    5.6;   85.67;    6.8;    4.3;    2.7;eor
       7368;20191225;    1;  10.0;   3.3;    1;   3.3;   6;    0.000;   0;   6.8;   7.9;  979.06;    4.9;   91.29;    6.4;    3.0;    1.2;eor
       7368;20191226;    1;   4.3;   1.8;    1;   0.0;   6;    0.350;   0;   7.7;   6.5;  986.57;    3.2;   84.92;    5.1;    1.3;   -0.1;eor
       7368;20191227;    1;   7.5;   2.4;    1;   0.0;   8;    6.433;   0;   5.5;   5.7;  990.67;    1.7;   83.83;    4.0;   -0.1;   -3.1;eor
       7368;20191228;    1;   5.0;   1.5;    1;   0.0;   0;    0.000;   0;   7.2;   4.9; 1002.08;   -0.9;   85.63;    0.4;   -4.0;   -7.3;eor
       7368;20191229;    1;   7.4;   2.4;    1;   0.0;   0;    6.250;   0;   6.8;   4.2; 1000.25;   -1.5;   77.79;    1.6;   -5.6;   -8.7;eor
       7368;20191230;    1;   8.4;   4.4;    1;   0.0;   0;    6.467;   0;   5.8;   3.9;  993.88;    3.0;   52.08;    5.7;   -0.6;   -2.0;eor
       7368;20191231;    1;   9.6;   3.4;    1;   0.0;   0;    0.000;   0;   6.1;   5.2;  993.88;    2.4;   71.42;    3.9;    0.3;   -2.2;eor
