STATIONS_ID;MESS_DATUM;QN_3;  FX;  FM;QN_4; RSK;RSKF; SDK;SHK_TAG;  NM; VPM;  PM; TMK; UPM; TXK; TNK; TGK;eor
       7394;20180627;   10;  14.4;   4.0;    3;   1.5;   6;    9.950;-999;   3.3;  11.9;  950.26;   14.5;   72.63;   19.3;   11.4;    7.9;eor
       7394;20180628;   10;  14.5;   4.3;    3;   1.8;   6;    3.267;-999;   7.3;  13.1;  947.33;   15.1;   76.17;   19.0;   10.6;    8.0;eor
       7394;20180629;   10;  11.1;   3.8;    3;   0.0;   0;   11.983;-999;   4.8;  13.4;  944.11;   19.2;   61.79;   24.9;   14.1;   11.9;eor
       7394;20180630;   10;  11.0;   4.5;    3;   0.0;   0;   13.717;-999;   0.9;   9.7;  944.53;   16.0;   55.75;   20.9;    9.6;    4.4;eor
       7394;20180701;   10;   9.0;   2.7;    3;   0.0;   0;   15.533;-999;   0.4;   8.0;  946.29;   13.7;   53.08;   20.1;    6.4;    2.7;eor
       7394;20180702;   10;   8.5;   2.5;    3;   0.0;   0;   15.883;-999;   0.0;   7.6;  945.09;   14.8;   47.88;   21.8;    4.9;    2.0;eor
       7394;20180703;   10;   6.9;   1.8;    3;   0.0;   0;   15.800;-999;   0.4;   7.6;  945.35;   17.5;   40.46;   24.8;    7.7;    3.7;eor
       7394;20180704;   10;   9.8;   2.0;    3;   0.0;   6;   13.933;-999;   6.0;   9.0;  943.92;   20.4;   39.38;   27.1;   10.6;    5.8;eor
       7394;20180705;   10;  12.4;   3.3;    3;   6.7;   6;    8.583;-999;   5.0;  14.1;  941.88;   19.8;   64.46;   27.6;   15.1;   13.0;eor
       7394;20180706;   10;   9.7;   3.2;    3;   0.0;   6;    5.867;-999;   5.3;  14.3;  945.34;   17.0;   74.96;   22.4;   12.1;    9.7;eor
       7394;20180707;   10;  10.3;   3.4;    3;   0.0;   0;   15.500;-999;   1.3;   8.0;  948.85;   17.1;   45.42;   23.6;    9.3;    7.0;eor
       7394;20180708;   10;  11.0;   3.4;    3;   0.0;   0;   13.483;-999;   3.5;  11.2;  948.97;   16.9;   59.00;   22.8;   10.0;    7.9;eor
       7394;20180709;   10;  10.0;   2.8;    3;   0.0;   0;    9.133;-999;   4.8;  12.2;  947.35;   17.9;   60.75;   24.6;   12.8;    9.8;eor
       7394;20180710;   10;   9.8;   2.1;    3;   2.1;   6;    1.100;-999;   7.6;  12.2;  943.32;   13.7;   77.88;   16.7;   10.7;    9.3;eor
       7394;20180711;   10;   8.4;   2.0;    3;  12.2;   8;    1.333;-999;   7.6;  11.7;  942.98;   12.0;   83.79;   15.3;    9.9;    9.0;eor
       7394;20180712;   10;   9.9;   2.8;    3;   0.9;   6;    2.117;-999;   7.5;  12.9;  944.63;   14.8;   77.71;   20.1;   10.7;   10.2;eor
       7394;20180713;   10;   8.7;   2.5;    3;   0.0;   6;    8.967;-999;   4.8;  13.3;  947.24;   18.2;   65.13;   23.8;   12.1;    9.7;eor
       7394;20180714;   10;   9.9;   2.2;    3;   0.0;   0;   11.483;-999;   2.1;  12.1;  947.02;   19.0;   57.17;   25.1;   12.9;   10.4;eor
       7394;20180715;   10;  12.8;   1.9;    3;   0.1;   6;    7.517;-999;   5.2;  12.9;  944.69;   17.9;   64.17;   25.5;   12.3;    8.8;eor
       7394;20180716;   10;   7.2;   1.6;    3;   1.5;   6;    3.633;-999;   6.0;  13.8;  942.75;   16.8;   73.17;   23.6;   12.5;    9.9;eor
       7394;20180717;   10;  15.8;   3.7;    3;   0.0;   6;   11.767;-999;   2.4;  11.5;  942.39;   20.0;   51.29;   26.0;   12.7;   10.8;eor
       7394;20180718;   10;  10.8;   4.3;    3;   0.0;   0;   12.033;-999;   2.6;  11.7;  944.61;   20.4;   49.67;   26.0;   13.3;    8.1;eor
       7394;20180719;   10;   9.2;   2.8;    3;   0.0;   0;   14.850;-999;   0.4;  10.4;  945.63;   18.6;   51.29;   25.1;   11.1;    8.1;eor
       7394;20180720;   10;   7.1;   1.6;    3;   0.0;   0;   12.233;-999;   4.1;  11.4;  943.02;   20.1;   51.17;   27.5;   11.7;    7.1;eor
       7394;20180721;   10;   9.2;   2.4;    3;   3.6;   6;    0.033;-999;   8.0;  14.1;  940.82;   17.9;   68.75;   22.1;   14.9;   12.1;eor
       7394;20180722;   10;   7.7;   2.4;    3;   0.0;   6;    4.217;-999;   7.0;  15.0;  942.69;   17.6;   75.88;   23.1;   14.6;   13.7;eor
       7394;20180723;   10;   8.9;   2.2;    3;   0.0;   6;    7.550;-999;   5.2;  14.2;  945.25;   20.3;   60.67;   25.5;   14.9;   12.7;eor
       7394;20180724;   10;   8.5;   2.0;    3;   0.0;   0;   14.683;-999;   0.3;  12.9;  944.49;   22.4;   50.17;   28.9;   14.1;   10.6;eor
       7394;20180725;   10;  11.7;   2.9;    3;   0.0;   6;   13.600;-999;   1.6;  13.7;  944.34;   23.2;   49.92;   29.0;   16.0;   11.8;eor
       7394;20180726;   10;   9.1;   2.6;    3;   0.0;   0;   13.500;-999;   1.7;  13.1;  945.10;   23.3;   47.79;   29.2;   16.4;   12.5;eor
       7394;20180727;   10;  13.0;   2.2;    3;   0.0;   6;   10.967;-999;   2.1;  14.2;  943.30;   21.9;   55.21;   28.0;   15.8;   12.4;eor
       7394;20180728;   10;  15.1;   2.5;    3;  10.9;   8;    8.600;-999;   4.5;  16.3;  940.24;   20.5;   70.58;   29.7;   14.7;   11.6;eor
       7394;20180729;   10;   7.6;   1.8;    3;   0.0;   6;    9.183;-999;   6.8;  15.0;  944.46;   22.4;   58.50;   28.3;   15.7;   13.6;eor
       7394;20180730;   10;   6.0;   1.4;    3;   0.0;   0;   10.700;-999;   2.9;  13.9;  945.65;   24.4;   48.08;   30.9;   17.3;   14.6;eor
       7394;20180731;   10;   7.4;   1.8;    3;   0.0;   0;   11.650;-999;   2.0;  14.6;  946.03;   25.7;   47.58;   32.9;   17.4;   13.5;eor
       7394;20180801;   10;  12.0;   3.8;    3;   0.0;   0;   12.383;-999;   4.4;  16.6;  947.84;   24.4;   55.46;   29.9;   18.7;   15.5;eor
       7394;20180802;   10;  13.5;   3.6;    3;   0.0;   0;    8.483;-999;   4.7;  17.5;  949.94;   23.4;   62.04;   29.6;   18.8;   16.7;eor
       7394;20180803;   10;   9.6;   2.4;    3;   0.5;   6;   11.333;-999;   2.5;  17.5;  949.55;   24.5;   58.79;   31.3;   17.7;   15.4;eor
       7394;20180804;   10;  10.0;   2.0;    3;   1.0;   6;    6.633;-999;   5.1;  18.4;  946.86;   23.0;   68.21;   30.3;   18.2;   17.2;eor
       7394;20180805;   10;   9.9;   3.7;    3;   0.0;   0;    9.483;-999;   3.3;  16.0;  948.06;   20.3;   67.92;   24.8;   14.0;   11.1;eor
       7394;20180806;   10;   7.5;   2.0;    3;   0.0;   0;   14.500;-999;   0.1;  11.1;  946.93;   20.8;   49.63;   28.9;   11.8;    8.8;eor
       7394;20180807;   10;   8.3;   2.3;    3;   0.0;   0;   11.233;-999;   4.3;  12.2;  943.24;   24.0;   43.08;   31.6;   14.7;   10.8;eor
       7394;20180808;   10;  10.5;   3.0;    3;   1.3;   6;    8.850;-999;   5.6;  15.0;  942.85;   24.3;   50.42;   29.5;   17.4;   14.8;eor
       7394;20180809;   10;  18.2;   3.5;    3;   0.0;   6;   10.933;-999;   2.6;  14.6;  943.33;   24.0;   51.00;   31.8;   17.8;   14.2;eor
       7394;20180810;   10;  12.0;   3.8;    3;   0.2;   6;    4.233;-999;   5.9;  11.3;  950.27;   17.3;   58.13;   21.7;   14.3;   11.7;eor
       7394;20180811;   10;  11.6;   4.2;    3;   0.0;   0;    7.517;-999;   6.3;  10.1;  950.08;   16.5;   56.25;   21.7;   11.9;    8.1;eor
       7394;20180812;   10;   8.9;   2.1;    3;   0.0;   0;   12.450;-999;   6.0;   8.4;  945.72;   18.1;   42.75;   25.5;    7.8;    4.2;eor
       7394;20180813;   10;  15.2;   3.3;    3;   1.9;   6;    8.683;-999;   4.5;  12.6;  939.49;   19.5;   57.58;   27.8;   12.3;    9.0;eor
       7394;20180814;   10;   9.6;   3.4;    3;   0.0;   6;    2.550;-999;   6.5;  14.5;  942.64;   16.4;   78.46;   20.1;   14.3;   11.7;eor
       7394;20180815;   10;  11.8;   2.4;    3;   0.0;   0;    2.300;-999;   5.3;  13.2;  947.90;   16.8;   69.46;   22.0;   11.7;    9.3;eor
       7394;20180816;   10;   7.4;   1.6;    3;   0.0;   0;   13.217;-999;   0.9;  11.9;  946.17;   19.5;   56.42;   27.7;   10.3;    7.0;eor
       7394;20180817;   10;  11.0;   2.0;    3;   0.0;   0;   12.200;-999;   4.7;  12.0;  944.59;   21.6;   50.08;   29.2;   12.9;    9.9;eor
       7394;20180818;   10;   8.0;   2.6;    3;   0.0;   0;   10.800;-999;   4.1;  15.2;  948.80;   20.1;   66.29;   26.1;   15.1;   13.5;eor
       7394;20180819;   10;   8.0;   2.1;    3;   0.0;   0;   11.083;-999;   2.6;  14.0;  948.77;   22.0;   55.88;   28.8;   15.0;   12.5;eor
       7394;20180820;   10;  11.5;   3.4;    3;   0.0;   0;   12.200;-999;   1.9;  13.2;  947.26;   21.5;   51.88;   26.6;   16.0;   12.8;eor
       7394;20180821;   10;  10.2;   2.1;    3;   0.0;   6;    6.400;-999;   4.9;  14.3;  948.70;   19.4;   65.38;   26.2;   14.4;   11.4;eor
       7394;20180822;   10;   6.9;   1.7;    3;   0.0;   0;   10.667;-999;   2.6;  12.8;  946.65;   21.3;   54.71;   29.6;   13.5;   10.4;eor
       7394;20180823;   10;  14.6;   2.4;    3;   1.9;   6;    8.683;-999;   4.3;  14.2;  942.64;   21.8;   55.50;   30.6;   15.6;   12.3;eor
       7394;20180824;   10;  11.8;   4.2;    3;   0.0;   6;    4.900;-999;   7.7;  14.4;  940.06;   17.4;   72.63;   22.7;   13.2;   12.2;eor
       7394;20180825;   10;  12.0;   3.6;    3;   0.3;   6;    1.383;-999;   7.4;  10.1;  940.52;   12.0;   72.29;   15.3;    8.6;    5.8;eor
       7394;20180826;   10;  10.0;   2.9;    3;   0.0;   0;    9.967;-999;   4.1;   7.4;  944.43;   11.3;   57.13;   16.8;    6.3;    2.6;eor
       7394;20180827;   10;  14.2;   4.3;    3;   0.0;   0;    6.767;-999;   6.1;   9.5;  943.89;   14.7;   56.92;   21.3;    8.2;    5.7;eor
       7394;20180828;   10;   6.1;   2.3;    3;   0.0;   0;    8.217;-999;   6.0;  12.1;  947.23;   16.9;   65.21;   22.9;   11.0;    7.6;eor
       7394;20180829;   10;  12.8;   2.3;    3;  15.6;   6;   12.400;-999;   3.0;  10.3;  943.80;   18.4;   53.04;   26.3;    9.4;    5.9;eor
       7394;20180830;   10;  11.4;   3.6;    3;   0.4;   6;    0.667;-999;   6.2;  14.5;  945.85;   14.2;   88.79;   16.9;    9.2;    7.0;eor
       7394;20180831;   10;   6.5;   2.3;    3;   0.1;   6;    1.933;-999;   7.2;  11.5;  948.61;   12.2;   81.29;   15.7;    8.3;    7.3;eor
       7394;20180901;   10;  12.8;   5.3;    3;   0.7;   6;    0.600;-999;   8.0;  10.1;  950.50;   12.3;   70.83;   13.8;   10.0;    9.1;eor
       7394;20180902;   10;  11.4;   4.7;    3;   6.6;   6;    0.000;-999;   7.9;  13.7;  949.11;   12.6;   93.83;   14.3;   11.3;   11.2;eor
       7394;20180903;   10;   8.5;   2.4;    3;   2.9;   6;    0.083;-999;   7.2;  16.0;  944.59;   15.1;   92.92;   17.9;   13.3;   11.5;eor
       7394;20180904;   10;  10.2;   2.2;    3;   8.8;   6;    3.850;-999;   7.1;  15.6;  944.12;   16.8;   82.25;   22.6;   13.4;   11.2;eor
       7394;20180905;   10;   5.2;   1.5;    3;   0.0;   6;   11.717;-999;   3.0;  12.6;  945.51;   17.6;   66.21;   24.2;   11.9;    9.4;eor
       7394;20180906;   10;   7.5;   1.7;    3;   4.5;   6;    9.550;-999;   3.6;  12.3;  941.35;   17.3;   64.71;   24.0;   11.0;    8.1;eor
       7394;20180907;   10;  11.6;   2.5;    3;   0.9;   6;    2.000;-999;   6.6;  14.5;  942.17;   15.4;   83.21;   19.4;   12.4;    9.9;eor
       7394;20180908;   10;   8.3;   2.2;    3;   0.0;   0;    8.550;-999;  -999;  10.3;  948.36;   14.4;   64.75;   19.5;   10.9;    7.2;eor
       7394;20180909;   10;   7.8;   2.0;    3;   0.0;   0;    8.583;-999;   7.6;  10.6;  949.93;   15.1;   62.83;   22.0;    7.7;    5.4;eor
       7394;20180910;   10;   7.6;   2.0;    3;   0.0;   0;    9.683;-999;   6.2;  10.4;  950.65;   17.4;   54.63;   23.7;    9.0;    5.3;eor
       7394;20180911;   10;  12.1;   3.1;    3;   0.0;   0;   11.100;-999;  -999;  10.7;  951.43;   18.5;   51.50;   23.7;   12.3;    8.2;eor
       7394;20180912;   10;  11.1;   3.3;    3;   0.9;   6;   12.233;-999;   0.0;  11.3;  949.31;   20.1;   49.67;   26.9;   13.3;    8.7;eor
       7394;20180913;   10;   8.1;   2.0;    3;   4.1;   6;    1.033;-999;   7.3;  14.8;  946.84;   14.6;   88.71;   19.1;   12.4;   10.9;eor
       7394;20180914;   10;   5.0;   1.9;    3;   0.1;   6;    1.750;-999;   7.0;  13.5;  947.65;   14.0;   85.13;   17.7;   11.9;    9.9;eor
       7394;20180915;   10;   9.8;   2.8;    3;   0.0;   0;    8.617;-999;   5.3;  10.1;  950.72;   13.8;   65.38;   17.9;    9.2;    5.2;eor
       7394;20180916;   10;   5.6;   1.5;    3;   0.0;   0;   11.917;-999;   5.9;   9.1;  951.26;   13.6;   60.92;   20.5;    5.9;    2.4;eor
       7394;20180917;   10;   8.2;   1.8;    3;   0.0;   0;   11.550;-999;   3.1;  11.1;  948.88;   15.5;   64.54;   23.2;    7.5;    3.2;eor
       7394;20180918;   10;   9.8;   2.1;    3;   0.0;   0;   11.650;-999;   1.5;  12.7;  946.16;   18.5;   62.08;   25.2;   10.4;    5.8;eor
       7394;20180919;   10;   8.6;   3.4;    3;   6.7;   6;    6.650;-999;   3.5;  14.7;  948.61;   19.2;   66.71;   24.8;   14.8;   14.0;eor
       7394;20180920;   10;   9.3;   3.8;    3;   0.0;   0;   10.167;-999;   3.4;  15.4;  947.59;   19.9;   68.00;   25.2;   14.7;   13.2;eor
       7394;20180921;   10;  20.4;   4.6;    3;   1.1;   6;    6.667;-999;   6.8;  13.4;  941.38;   17.1;   69.38;   25.0;    9.3;    7.5;eor
       7394;20180922;   10;  10.6;   3.7;    3;   0.2;   6;    3.933;-999;   6.9;   8.3;  947.91;   10.4;   66.33;   14.6;    7.6;    5.4;eor
       7394;20180923;   10;  27.0;   5.5;    3;  29.3;   8;    0.000;-999;   7.5;  11.7;  939.79;   10.5;   89.79;   18.0;    5.1;    3.8;eor
       7394;20180924;   10;  16.2;   6.1;    3;   0.2;   6;    4.067;-999;   4.6;   7.4;  954.44;    6.4;   76.58;    9.7;    4.2;    2.4;eor
       7394;20180925;   10;  10.0;   3.0;    3;   0.0;   0;    9.317;-999;   1.8;   6.0;  962.93;    5.1;   70.17;    9.6;   -0.2;   -2.8;eor
       7394;20180926;   10;   7.7;   2.8;    3;   0.0;   0;    8.800;-999;   5.3;   5.8;  960.80;    6.9;   61.58;   13.3;   -1.7;   -3.6;eor
       7394;20180927;   10;   6.2;   2.4;    3;   0.0;   0;   11.317;-999;   0.0;   6.6;  955.35;   13.1;   45.29;   19.7;    4.5;    1.6;eor
       7394;20180928;   10;  12.3;   4.1;    3;   0.0;   0;    7.767;-999;   2.9;   8.6;  949.68;   11.0;   65.71;   16.4;    4.7;    0.0;eor
       7394;20180929;   10;   7.8;   2.0;    3;   0.0;   0;   11.150;-999;   0.4;   6.3;  953.41;    6.5;   66.67;   11.8;    1.2;   -2.4;eor
       7394;20180930;   10;   4.9;   1.6;    3;   0.0;   0;   11.200;-999;   0.0;   6.0;  945.02;    8.3;   58.79;   16.2;   -0.5;   -3.3;eor
       7394;20181001;   10;  10.6;   3.3;    3;   0.7;   6;    1.500;-999;   7.1;   7.4;  941.47;    6.8;   74.88;   10.4;    3.5;    0.2;eor
       7394;20181002;   10;  12.6;   5.1;    3;   1.1;   8;    1.183;   0;   7.5;   7.4;  946.24;    4.6;   86.17;    7.2;    2.8;    1.6;eor
       7394;20181003;   10;  16.0;   5.1;    3;   0.0;   6;    2.767;   0;   6.9;   8.3;  949.35;    8.6;   74.63;   12.3;    5.1;    1.7;eor
       7394;20181004;   10;   5.6;   1.9;    3;   0.0;   0;    9.683;   0;   1.1;   8.1;  953.72;    8.8;   72.08;   14.9;    3.9;    0.4;eor
       7394;20181005;   10;   5.6;   1.9;    3;   0.0;   0;   10.767;   0;   0.5;   8.8;  949.22;   10.0;   74.88;   19.2;    2.3;   -1.3;eor
       7394;20181006;   10;   7.7;   1.8;    3;   0.0;   0;    7.133;   0;   6.8;  10.9;  941.80;   12.1;   77.83;   19.6;    4.3;    1.6;eor
       7394;20181007;   10;   9.2;   2.8;    3;   0.0;   0;    3.950;   0;   7.7;  11.7;  943.65;   11.3;   88.04;   16.9;    7.9;    5.5;eor
       7394;20181008;   10;   3.7;   1.4;    3;   0.0;   0;    5.300;   0;   5.8;  11.9;  949.15;   11.2;   90.33;   18.5;    7.7;    5.1;eor
       7394;20181009;   10;   4.7;   1.3;    3;   0.0;   0;    6.133;   0;   6.3;  11.4;  950.63;   10.9;   88.17;   18.1;    5.5;    3.9;eor
       7394;20181010;   10;   9.8;   2.6;    3;   0.0;   0;    5.767;   0;   2.3;  11.8;  948.42;   12.2;   83.96;   17.7;    7.5;    2.7;eor
       7394;20181011;   10;   7.7;   2.6;    3;   0.0;   6;   10.133;   0;   0.0;   9.8;  945.84;   12.4;   71.17;   19.4;    6.8;    3.0;eor
       7394;20181012;   10;   6.2;   1.4;    3;   0.0;   0;    8.450;   0;   2.8;  10.6;  951.40;   14.2;   67.67;   21.8;    8.7;    4.1;eor
       7394;20181013;   10;   7.3;   2.6;    3;   0.0;   0;   10.117;   0;   0.0;  10.6;  950.98;   13.2;   72.17;   20.5;    8.3;    3.7;eor
       7394;20181014;   10;   8.1;   2.2;    3;   0.0;   0;   10.033;   0;   0.0;   9.8;  944.28;   12.1;   71.71;   19.7;    5.4;    1.9;eor
       7394;20181015;   10;   8.1;   2.0;    3;   0.0;   0;    9.967;   0;   2.0;   8.8;  944.23;   11.4;   66.83;   20.0;    5.0;    1.8;eor
       7394;20181016;   10;   5.0;   1.3;    3;   0.0;   6;    3.067;   0;   5.3;   9.6;  946.53;   11.2;   72.71;   18.0;    5.3;    1.9;eor
       7394;20181017;   10;   3.5;   1.2;    3;   0.0;   0;    7.783;   0;   2.3;  10.0;  947.07;   11.9;   73.29;   18.8;    6.0;    2.5;eor
       7394;20181018;   10;   9.8;   2.9;    3;   0.0;   0;    5.867;   0;   4.5;  10.8;  948.17;   11.6;   79.96;   15.8;    7.1;    2.9;eor
       7394;20181019;   10;   7.4;   2.2;    3;   0.0;   0;    0.050;   0;   7.2;  11.2;  950.72;   10.3;   89.79;   13.1;    8.9;    4.5;eor
       7394;20181020;   10;   7.4;   2.1;    3;   0.0;   0;    4.800;   0;   7.5;   9.3;  954.13;    8.9;   82.25;   13.0;    4.0;    0.7;eor
       7394;20181021;   10;   7.6;   1.9;    3;   0.0;   0;    7.367;   0;   4.2;   7.3;  954.70;    6.7;   75.29;   11.6;    1.4;   -2.7;eor
       7394;20181022;   10;  11.0;   2.7;    3;   0.5;   6;    4.350;   0;   4.6;   7.6;  954.45;    5.5;   84.46;   11.6;   -0.6;   -3.8;eor
       7394;20181023;   10;  17.5;   5.5;    3;   3.1;   6;    0.000;   0;   7.1;   7.6;  948.66;    5.5;   84.29;    7.8;    2.5;    0.6;eor
       7394;20181024;   10;  18.1;   7.8;    3;   3.4;   6;    1.717;   0;   7.5;  10.2;  944.43;    8.6;   90.75;   10.2;    7.3;    6.9;eor
       7394;20181025;   10;  13.1;   5.4;    3;   0.0;   6;    0.067;   0;   7.5;   9.7;  943.88;    9.2;   83.46;   10.5;    7.4;    7.0;eor
       7394;20181026;   10;  10.7;   3.6;    3;   0.3;   6;    1.900;   0;   7.5;   8.3;  936.80;    7.5;   80.00;   10.6;    6.0;    4.7;eor
       7394;20181027;   10;  11.6;   3.1;    3;   2.6;   8;    0.000;   0;   7.4;   6.9;  934.68;    4.5;   81.54;    6.1;    2.8;    1.8;eor
       7394;20181028;   10;  13.4;   5.9;    3;   4.5;   8;    0.000;   0;   7.5;   6.2;  935.37;    1.3;   92.17;    3.2;    0.0;    0.0;eor
       7394;20181029;   10;  13.6;   4.7;    3;   0.1;   6;    0.000;   0;   8.0;   7.7;  928.07;    3.2;   99.29;   12.4;    0.2;    0.1;eor
       7394;20181030;   10;  18.5;   7.1;    3;   1.8;   6;    3.833;   0;   4.5;   8.6;  926.15;    7.7;   80.58;   13.1;    2.2;    0.9;eor
       7394;20181031;   10;   9.5;   2.5;    3;   0.0;   0;    6.900;   0;   3.8;   6.7;  944.06;    5.0;   77.46;   11.4;    0.7;   -1.5;eor
       7394;20181101;   10;   5.0;   1.8;    3;   0.0;   0;    0.933;   0;   6.7;   7.7;  941.21;    4.9;   88.50;    8.4;    0.8;   -1.7;eor
       7394;20181102;   10;   7.0;   2.1;    3;   0.0;   6;    1.667;   0;   7.9;   8.4;  949.06;    7.1;   83.08;   10.7;    3.9;    1.6;eor
       7394;20181103;   10;   7.6;   2.6;    3;   0.0;   6;    0.033;   0;   7.9;   8.9;  952.76;    7.2;   87.38;    9.5;    5.0;    4.4;eor
       7394;20181104;   10;   8.5;   3.2;    3;   0.0;   0;    0.000;   0;   8.0;  10.5;  945.18;    8.2;   95.79;    9.7;    7.1;    7.0;eor
       7394;20181105;   10;   7.2;   3.0;    3;   0.0;   0;    1.517;   0;   6.9;  10.7;  939.68;    9.0;   93.13;   11.7;    6.7;    4.2;eor
       7394;20181106;   10;   6.4;   2.6;    3;   0.0;   0;    3.967;   0;   7.3;  10.5;  939.11;    8.3;   95.71;   12.1;    6.6;    6.0;eor
       7394;20181107;   10;   5.3;   1.8;    3;   0.0;   0;    2.450;   0;   6.6;  10.7;  940.62;    8.6;   95.96;   12.0;    6.1;    5.0;eor
       7394;20181108;   10;   8.0;   1.6;    3;   0.0;   6;    0.000;   0;   7.8;   9.8;  947.57;    7.8;   93.17;   10.7;    5.5;    5.1;eor
       7394;20181109;   10;   6.3;   2.3;    3;   0.0;   0;    0.000;   0;   8.0;   9.4;  944.05;    7.0;   93.88;    8.6;    5.4;    5.3;eor
       7394;20181110;   10;   6.0;   3.0;    3;   0.3;   6;    3.317;   0;   7.5;   8.9;  939.51;    6.0;   94.71;    9.8;    4.7;    4.9;eor
       7394;20181111;   10;  10.0;   3.5;    3;   0.5;   6;    0.000;   0;   7.5;   9.5;  941.77;    6.6;   97.38;    8.4;    5.0;    4.0;eor
       7394;20181112;   10;   5.0;   2.3;    3;   0.0;   6;    7.667;   0;   4.9;   8.8;  946.95;    6.5;   90.75;   12.8;    2.3;    1.7;eor
       7394;20181113;   10;  11.2;   3.4;    3;   1.7;   6;    0.000;   0;   6.9;   8.8;  952.12;    6.1;   92.83;    9.0;    2.4;    2.4;eor
       7394;20181114;   10;   8.1;   2.1;    3;   0.0;   0;    0.233;   0;   6.7;   7.9;  956.35;    4.1;   96.13;    6.4;    1.3;   -0.4;eor
       7394;20181115;   10;   7.1;   2.0;    3;   0.0;   0;    4.333;   0;   4.3;   6.8;  954.57;    2.9;   91.92;    8.0;   -0.2;   -2.7;eor
       7394;20181116;   10;   8.3;   2.8;    3;   0.0;   0;    5.600;   0;   3.9;   6.0;  956.35;    0.9;   92.67;    6.1;   -1.7;   -3.3;eor
       7394;20181117;   10;  11.8;   4.8;    3;   0.0;   0;    8.133;   0;   1.2;   4.9;  956.64;    0.5;   77.42;    3.7;   -1.8;   -4.2;eor
       7394;20181118;   10;-999;-999;    3;   0.3;   4;    6.900;-999;  -999;  -999;    -999;   -0.3;-999;    3.6;   -4.8;   -7.9;eor
       7394;20181119;   10;  12.8;-999;    3;   0.1;   8;    0.000;-999;  -999;  -999;    -999;   -1.4;-999;   -0.3;   -2.5;   -3.3;eor
       7394;20181120;   10;  15.7;   6.3;    3;   0.0;   8;    0.000;   0;   7.8;   5.1;  936.78;   -0.9;   88.38;    0.1;   -2.5;   -2.5;eor
       7394;20181121;   10;   8.8;   3.6;    3;   0.4;   8;    0.000;   0;   7.9;   5.9;  941.83;    0.0;   95.38;    0.8;   -0.8;   -0.9;eor
       7394;20181122;   10;   5.1;   2.0;    3;   0.1;   6;    0.000;   0;   7.8;   6.2;  946.12;    0.6;   96.25;    1.5;   -0.1;   -0.4;eor
       7394;20181123;   10;   7.3;   3.0;    3;   0.4;   8;    0.000;   0;   8.0;   6.0;  945.91;    0.4;   94.58;    1.1;   -0.4;   -0.3;eor
       7394;20181124;   10;   7.8;   3.0;    3;   1.7;   6;    0.000;   0;   7.8;   7.3;  940.02;    2.7;   97.71;    4.2;    0.3;    0.3;eor
       7394;20181125;   10;  10.0;   3.6;    3;   0.0;   0;    0.183;   0;   7.8;   7.0;  937.33;    2.3;   96.75;    3.9;    1.0;    1.0;eor
       7394;20181126;   10;  10.8;   5.0;    3;   0.0;   6;    0.000;   0;   7.6;   6.1;  935.37;    1.6;   89.13;    2.6;   -0.4;   -0.5;eor
       7394;20181127;   10;   8.3;   3.2;    3;   0.0;   0;    1.767;   0;   7.9;   4.7;  944.03;   -1.9;   88.17;   -0.4;   -4.8;   -6.9;eor
       7394;20181128;   10;   6.6;   2.6;    3;   0.0;   0;    0.067;   0;   7.9;   4.1;  951.15;   -3.4;   86.83;   -1.6;   -5.0;   -6.0;eor
       7394;20181129;   10;   9.2;   3.4;    3;   0.5;   8;    6.050;   0;   7.5;   3.7;  948.28;   -3.7;   79.38;    0.6;   -5.9;   -7.1;eor
       7394;20181130;   10;   8.2;   3.4;    3;  10.7;   8;    0.000;   0;   7.8;   4.6;  942.88;   -2.7;   91.13;    0.3;   -4.8;   -4.8;eor
       7394;20181201;   10;   8.1;   3.3;    3;   0.3;   6;    0.000;   0;   7.9;   6.6;  942.76;    1.2;   99.58;    2.0;   -0.1;    0.0;eor
       7394;20181202;   10;   9.7;   4.4;    3;  35.8;   8;    0.000;   0;   7.8;   8.1;  934.45;    3.8;   99.21;    9.0;    1.4;    1.0;eor
       7394;20181203;   10;  13.4;   4.8;    3;  17.2;   6;    0.200;   0;   7.4;  10.6;  932.22;    8.5;   95.63;    9.8;    6.9;    6.6;eor
       7394;20181204;   10;  16.1;   5.0;    3;   2.6;   8;    1.467;   0;   4.5;   7.2;  943.17;    4.1;   86.42;    8.2;   -0.9;   -3.0;eor
       7394;20181205;   10;   4.6;   1.6;    3;   0.0;   8;    1.683;   0;   7.7;   5.1;  951.82;   -2.0;   96.75;   -0.5;   -4.1;   -5.3;eor
       7394;20181206;   10;   8.9;   3.7;    3;   1.6;   6;    0.000;   0;   7.8;   6.7;  945.75;    1.7;   94.33;    7.6;   -1.7;   -1.4;eor
       7394;20181207;   10;  17.9;   6.6;    3;   6.6;   8;    0.000;   0;   7.5;  10.0;  937.86;    7.9;   93.17;    8.9;    5.8;    4.7;eor
       7394;20181208;   10;  21.6;   9.3;    3;  17.5;   8;    0.000;   0;   7.2;   7.0;  933.77;    3.5;   88.58;    5.8;    2.1;    1.3;eor
       7394;20181209;   10;  20.1;   9.3;    3;   4.4;   8;    0.000;   0;   7.3;   7.2;  927.66;    4.3;   87.04;    5.8;    2.0;    0.9;eor
       7394;20181210;   10;  18.9;   8.5;    3;   0.5;   8;    1.100;   0;   6.5;   5.4;  941.06;    0.9;   82.29;    2.3;   -0.2;   -1.1;eor
       7394;20181211;   10;  15.0;   7.5;    3;   1.3;   8;    0.000;   1;   7.5;   5.3;  943.59;    0.2;   85.54;    1.0;   -0.5;   -1.0;eor
       7394;20181212;   10;   9.0;   3.8;    3;   0.0;   8;    0.550;   1;   7.2;   5.1;  947.00;   -1.0;   89.42;    0.0;   -3.3;   -7.1;eor
       7394;20181213;   10;  10.8;   5.3;    3;   0.0;   7;    0.150;   2;   7.1;   3.9;  944.93;   -3.6;   83.33;   -3.0;   -4.6;   -7.5;eor
       7394;20181214;   10;  10.7;   4.9;    3;   0.0;   0;    0.000;   2;   7.9;   3.6;  946.38;   -4.1;   78.88;   -3.7;   -4.9;   -5.0;eor
       7394;20181215;   10;   7.2;   2.1;    3;   0.0;   7;    0.000;   2;   7.9;   3.6;  949.17;   -4.0;   79.88;   -3.6;   -4.8;   -7.2;eor
       7394;20181216;   10;   8.7;   3.3;    3;   0.4;   8;    0.000;   3;   6.8;   3.9;  940.55;   -4.4;   87.92;   -2.1;   -6.2;   -9.1;eor
       7394;20181217;   10;   7.1;   3.4;    3;   0.4;   8;    0.000;   4;   7.8;   5.8;  946.82;   -0.5;   98.42;    1.3;   -2.2;   -4.1;eor
       7394;20181218;   10;   8.8;   2.9;    3;   0.1;   8;    0.067;   3;   7.8;   6.2;  950.87;    0.8;   95.42;    1.9;   -1.2;   -2.5;eor
       7394;20181219;   10;   6.5;   2.3;    3;   5.0;   8;    0.000;   2;   7.4;   5.3;  944.06;   -1.2;   94.71;   -0.5;   -2.6;   -3.3;eor
       7394;20181220;   10;   9.2;   3.6;    3;   3.2;   8;    0.000;   1;   7.7;   6.3;  942.72;    0.7;   98.13;    2.8;   -0.9;   -0.8;eor
       7394;20181221;   10;  23.1;   7.4;    3;  17.1;   6;    0.000;-999;   7.3;   7.9;  937.59;    4.4;   94.08;    8.4;    1.7;    1.3;eor
       7394;20181222;   10;  23.2;   9.7;    3;   6.3;   6;    0.267;-999;   7.0;   8.2;  938.97;    6.8;   82.83;    8.2;    4.1;    3.0;eor
       7394;20181223;   10;  12.5;   4.1;    3;  18.3;   8;    0.000;-999;   7.2;   7.5;  944.41;    4.4;   89.29;    5.2;    2.8;    2.5;eor
       7394;20181224;   10;  11.8;   4.0;    3;   1.4;   8;    0.017;-999;   7.6;   5.7;  948.54;    0.5;   89.58;    2.8;   -1.4;   -2.2;eor
       7394;20181225;   10;   9.5;   4.1;    3;   0.0;   8;    0.000;-999;   7.9;   5.0;  957.31;   -0.4;   85.33;    0.3;   -1.3;   -1.5;eor
       7394;20181226;   10;  10.3;   3.8;    3;   0.3;   8;    0.317;-999;   7.5;   5.3;  955.50;   -0.4;   89.79;    0.5;   -2.0;   -3.1;eor
       7394;20181227;   10;   8.0;   3.1;    3;   0.0;   0;    1.650;-999;   7.5;   6.4;  952.44;    1.2;   95.46;    3.0;   -0.3;   -0.3;eor
       7394;20181228;   10;   7.8;   2.5;    3;   0.0;   8;    7.533;   0;   4.3;   5.2;  952.23;    0.9;   81.83;    4.1;   -1.5;   -3.2;eor
       7394;20181229;   10;  12.0;   4.4;    3;   1.9;   8;    0.717;   0;   7.4;   5.5;  954.02;   -0.6;   93.33;    0.7;   -1.9;   -2.6;eor
       7394;20181230;   10;  16.6;   6.7;    3;   0.1;   6;    0.017;   0;   7.6;   6.3;  952.35;    2.4;   87.46;    3.4;    0.1;    0.0;eor
       7394;20181231;   10;   6.9;   2.9;    3;   0.0;   6;    0.000;   0;   7.6;   7.4;  956.30;    3.5;   94.33;    4.7;    2.5;    1.8;eor
       7394;20190101;   10;  20.5;   6.5;    3;   4.4;   8;    0.000;   0;   7.0;   7.0;  949.68;    3.4;   89.38;    4.7;   -0.3;   -1.2;eor
       7394;20190102;   10;  19.5;   7.0;    3;   0.3;   8;    2.417;   2;   6.7;   4.2;  951.00;   -1.6;   76.17;   -0.1;   -3.8;   -4.1;eor
       7394;20190103;   10;   9.3;   4.5;    3;   0.2;   8;    2.117;   3;   7.1;   3.6;  957.33;   -3.1;   74.42;   -2.0;   -4.5;   -4.6;eor
       7394;20190104;   10;  10.8;   4.4;    3;   0.7;   8;    0.000;   3;   7.5;   4.7;  955.40;   -1.7;   86.88;    0.0;   -2.8;   -3.0;eor
       7394;20190105;   10;  14.1;   6.0;    3;   3.1;   8;    0.000;   5;   7.5;   6.3;  947.95;    1.4;   92.79;    3.3;   -0.2;   -0.8;eor
       7394;20190106;   10;   9.7;   3.6;    3;   1.5;   8;    0.017;   0;   7.5;   6.1;  952.06;    1.1;   91.38;    2.9;   -0.1;   -0.6;eor
       7394;20190107;   10;  11.5;   4.6;    3;   3.0;   8;    0.000;   0;   7.7;   6.4;  953.09;    1.7;   92.04;    2.5;   -0.1;   -0.2;eor
       7394;20190108;   10;  19.4;   8.1;    3;   6.0;   8;    0.000;   2;   7.6;   5.9;  936.11;    0.7;   92.13;    1.9;   -0.2;   -0.5;eor
       7394;20190109;   10;  16.2;   7.7;    3;   0.1;   8;    0.000;   7;   7.6;   4.8;  934.11;   -1.6;   88.13;   -0.1;   -2.2;   -2.9;eor
       7394;20190110;   10;  11.3;   4.8;    3;   0.1;   8;    0.000;   7;   7.8;   4.3;  945.29;   -3.1;   87.83;   -1.5;   -6.1;   -7.5;eor
       7394;20190111;   10;  12.3;   5.0;    3;   0.5;   8;    0.000;   6;   7.2;   4.1;  946.17;   -3.9;   87.46;   -1.0;   -6.0;   -7.3;eor
       7394;20190112;   10;  12.6;   5.2;    3;   2.1;   8;    0.000;   6;   7.7;   5.9;  941.70;    0.2;   94.54;    0.9;   -1.0;   -1.2;eor
       7394;20190113;   10;  24.0;   7.2;    3;   9.1;   8;    0.000;   7;   7.4;   6.6;  929.94;    2.1;   92.92;    5.2;    0.2;   -0.1;eor
       7394;20190114;   10;  17.2;   8.1;    3;   0.6;   8;    0.817;   0;   6.7;   5.0;  932.68;    0.2;   79.04;    2.8;   -2.3;   -2.6;eor
       7394;20190115;   10;  16.1;   7.1;    3;   0.6;   8;    0.033;   1;   7.7;   5.2;  942.07;   -0.3;   86.13;    1.3;   -2.0;   -2.4;eor
       7394;20190116;   10;  13.8;   5.2;    3;   0.0;   8;    0.000;   0;   7.8;   5.8;  938.00;    0.9;   88.17;    1.6;   -0.8;   -2.1;eor
       7394;20190117;   10;  21.7;   6.5;    3;   8.1;   8;    0.000;   0;   7.1;   6.0;  931.42;    1.3;   88.25;    2.6;   -1.3;   -2.4;eor
       7394;20190118;   10;  15.3;   4.6;    3;   0.2;   7;    6.483;   1;   4.0;   3.8;  942.20;   -3.6;   80.58;   -1.2;   -9.1;  -11.5;eor
       7394;20190119;   10;   5.6;   1.9;    3;   0.0;   0;    8.000;   0;   4.9;   2.9;  943.00;   -7.6;   84.71;   -2.8;  -10.8;  -14.5;eor
       7394;20190120;   10;   7.8;   2.8;    3;   0.0;   0;    0.000;   0;   7.7;   3.3;  941.82;   -6.4;   87.00;   -4.6;   -9.3;  -12.2;eor
       7394;20190121;   10;   7.2;   2.6;    3;   0.0;   0;    0.283;   0;   6.6;   3.3;  944.98;   -4.6;   76.21;   -3.0;   -9.0;  -11.4;eor
       7394;20190122;   10;   8.1;   3.2;    3;   0.0;   0;    2.717;   0;   4.2;   2.9;  936.36;   -8.0;   86.75;   -6.3;  -11.0;  -13.6;eor
       7394;20190123;   10;   8.3;   3.5;    3;   0.0;   7;    0.000;   0;   7.8;   2.9;  926.49;   -8.5;   89.46;   -7.4;   -9.4;  -11.1;eor
       7394;20190124;   10;   6.8;   1.8;    3;   0.4;   7;    0.000;   0;   7.7;   3.5;  933.54;   -6.3;   89.96;   -4.9;   -7.6;   -7.6;eor
       7394;20190125;   10;  10.0;   3.4;    3;   1.6;   8;    0.000;   6;   7.7;   3.3;  938.99;   -6.1;   85.46;   -3.8;   -6.8;   -8.0;eor
       7394;20190126;   10;  12.8;   5.8;    3;   2.8;   8;    0.000;   4;   7.7;   5.4;  933.16;   -0.9;   93.17;    1.5;   -3.9;   -4.0;eor
       7394;20190127;   10;  12.0;   5.6;    3;   2.7;   8;    0.000;   2;   7.6;   6.3;  920.57;    0.9;   96.29;    2.0;    0.0;    0.0;eor
       7394;20190128;   10;  14.2;   6.4;    3;   2.7;   8;    0.000;   3;   7.6;   5.3;  921.52;   -0.5;   89.92;    1.5;   -1.2;   -1.7;eor
       7394;20190129;   10;  13.0;   4.0;    3;   0.4;   7;    0.050;  11;   7.3;   4.4;  930.77;   -2.4;   85.67;   -0.8;   -6.6;   -9.8;eor
       7394;20190130;   10;  10.1;   2.9;    3;   0.0;   8;    3.967;  10;   7.5;   3.8;  924.31;   -4.2;   85.50;   -0.1;   -8.3;  -12.9;eor
       7394;20190131;   10;   6.9;   2.2;    3;   0.4;   7;    7.733;  10;   4.9;   3.8;  925.44;   -3.0;   79.13;    0.1;   -6.8;  -12.6;eor
       7394;20190201;   10;   6.2;   3.0;    3;   2.9;   8;    0.000;  11;   7.5;   4.5;  920.94;   -2.9;   90.79;   -0.9;   -6.5;   -9.0;eor
       7394;20190202;   10;   7.4;   2.3;    3;   0.1;   8;    0.000;  10;   7.8;   5.8;  923.71;   -0.4;   97.50;    1.0;   -1.3;   -2.4;eor
       7394;20190203;   10;  14.9;   5.9;    3;   1.3;   8;    0.000;   9;   7.6;   4.9;  937.90;   -1.9;   91.17;    0.1;   -2.8;   -2.9;eor
       7394;20190204;   10;   7.1;   3.3;    3;   0.0;   0;    7.017;  16;   5.2;   4.1;  953.12;   -3.1;   84.42;   -0.4;   -5.4;  -12.5;eor
       7394;20190205;   10;   8.6;   3.8;    3;   0.0;   8;    5.167;  15;   6.3;   3.8;  953.09;   -4.8;   88.29;   -2.3;   -7.5;   -9.7;eor
       7394;20190206;   10;   8.1;   3.6;    3;   0.0;   8;    5.683;  15;   5.8;   4.0;  951.72;   -4.7;   91.21;   -1.2;   -9.6;   -9.7;eor
       7394;20190207;   10;  10.7;   3.8;    3;   0.4;   8;    0.000;  15;   7.9;   3.7;  942.43;   -6.5;   94.38;   -0.2;  -10.9;  -10.7;eor
       7394;20190208;   10;   9.7;   4.2;    3;   0.2;   8;    0.500;  15;   7.7;   6.1;  943.16;    0.8;   94.71;    1.9;   -0.2;   -1.2;eor
       7394;20190209;   10;  19.0;   6.4;    3;   1.3;   8;    1.317;  14;   7.1;   6.2;  937.57;    2.3;   86.29;    5.6;   -0.8;   -2.1;eor
       7394;20190210;   10;  20.4;   7.2;    3;  10.7;   8;    0.000;   8;   7.1;   6.5;  930.13;    3.2;   84.54;    6.8;    1.0;   -0.2;eor
       7394;20190211;   10;  17.7;   8.1;    3;   1.0;   8;    0.133;   3;   7.1;   5.5;  938.43;    0.6;   86.83;    1.8;   -0.7;   -1.2;eor
       7394;20190212;   10;  13.1;   6.5;    3;   0.5;   8;    0.350;   2;   7.5;   4.9;  955.01;   -0.4;   82.04;    0.5;   -1.7;   -2.1;eor
       7394;20190213;   10;  10.0;   3.9;    3;   0.0;   0;    1.417;   4;   7.5;   5.2;  960.58;    1.4;   76.83;    3.7;   -1.4;   -3.5;eor
       7394;20190214;   10;   6.0;   2.1;    3;   0.0;   0;    6.583;   2;   4.0;   4.9;  961.35;    2.9;   67.00;    9.0;   -1.7;   -4.0;eor
       7394;20190215;   10;   4.4;   1.6;    3;   0.0;   0;    9.700;   2;   0.1;   5.1;  959.66;    4.3;   62.92;   12.7;   -2.6;   -5.6;eor
       7394;20190216;   10;   9.0;   3.3;    3;   0.0;   0;    9.650;   1;   0.0;   5.0;  955.06;    4.5;   62.00;   11.2;   -2.3;   -6.6;eor
       7394;20190217;   10;   8.0;   3.4;    3;   0.0;   0;    9.167;   1;   5.1;   5.3;  951.80;    4.8;   64.04;   11.2;   -2.6;   -4.7;eor
       7394;20190218;   10;   8.1;   3.2;    3;   0.0;   0;    9.617;   1;   1.7;   5.0;  947.55;    5.3;   57.83;   11.8;   -2.1;   -4.5;eor
       7394;20190219;   10;  10.9;   3.9;    3;   0.0;   6;    3.833;   0;   4.6;   5.8;  945.56;    3.8;   72.63;    6.8;    1.3;   -0.5;eor
       7394;20190220;   10;   6.4;   3.2;    3;   0.0;   0;    1.867;   0;   6.9;   6.3;  949.67;    2.5;   86.04;    5.5;   -0.8;   -1.6;eor
       7394;20190221;   10;  12.1;   4.2;    3;   0.8;   6;    1.167;   0;   7.8;   6.9;  952.50;    4.7;   80.17;    6.8;    2.0;    0.7;eor
       7394;20190222;   10;  13.0;   5.2;    3;   1.5;   6;    0.033;   0;   7.2;   7.2;  958.65;    3.6;   89.46;    5.8;   -2.5;   -3.5;eor
       7394;20190223;   10;   7.7;   2.5;    3;   0.0;   0;    7.833;   0;   4.6;   3.2;  965.11;   -1.8;   62.00;    2.7;   -5.1;   -6.4;eor
       7394;20190224;   10;   5.0;   1.3;    3;   0.0;   0;    6.367;   0;   1.4;   3.3;  963.50;    1.1;   52.75;    9.6;   -5.5;   -6.6;eor
       7394;20190225;   10;   5.9;   2.0;    3;   0.0;   0;    9.617;   0;   2.5;   5.1;  962.90;    5.7;   54.58;   12.9;   -1.3;   -3.8;eor
       7394;20190226;   10;   8.4;   2.9;    3;   0.0;   0;    8.933;   0;   5.7;   4.2;  959.19;    8.6;   39.17;   13.3;    2.8;   -0.3;eor
       7394;20190227;   10;   6.3;   2.3;    3;   0.0;   0;   10.050;   0;   0.0;   5.8;  953.15;    8.8;   51.54;   15.5;    2.5;   -0.9;eor
       7394;20190228;   10;  14.2;   5.8;    3;   1.8;   6;    8.817;-999;   2.9;   6.4;  942.21;    8.8;   56.54;   11.9;    6.1;    2.8;eor
       7394;20190301;   10;  11.2;   4.6;    3;   7.1;   6;    1.300;-999;   7.2;   8.0;  939.64;    5.7;   87.58;    7.5;    3.9;    3.4;eor
       7394;20190302;   10;  11.6;   4.1;    3;   2.1;   6;    0.000;-999;   7.5;   7.0;  942.34;    3.0;   91.54;    4.8;    1.2;    1.2;eor
       7394;20190303;   10;  15.8;   6.2;    3;   0.2;   6;    0.000;-999;   7.6;   7.9;  938.57;    6.4;   81.88;    7.9;    4.7;    4.3;eor
       7394;20190304;   10;  23.4;   7.9;    3;   9.0;   8;    0.850;-999;   7.1;   6.7;  928.12;    5.9;   73.00;    9.2;    1.9;    0.5;eor
       7394;20190305;   10;  19.0;   7.6;    3;   4.5;   8;    1.267;   0;   6.5;   6.2;  934.54;    2.2;   86.17;    4.0;    0.2;    0.0;eor
       7394;20190306;   10;  12.1;   3.5;    3;   0.0;   0;    1.817;   0;   7.7;   7.0;  936.17;    5.0;   80.75;    9.8;    1.2;   -0.1;eor
       7394;20190307;   10;  15.2;   5.2;    3;   1.7;   6;    1.250;   0;   6.2;   7.1;  929.67;    6.2;   74.79;    9.6;    3.3;    1.9;eor
       7394;20190308;   10;  19.5;   7.3;    3;   4.4;   6;    0.233;   0;   6.3;   6.6;  938.98;    3.8;   82.25;    5.1;    1.6;    0.6;eor
       7394;20190309;   10;  34.4;   8.7;    3;  12.0;   6;    0.950;   0;   6.9;   7.2;  939.52;    4.0;   87.79;    6.8;    0.7;   -0.4;eor
       7394;20190310;   10;  29.0;   9.8;    3;  19.9;   8;    0.383;   0;   7.0;   7.5;  934.40;    5.4;   82.63;    9.5;    1.8;    0.6;eor
       7394;20190311;   10;  20.5;   9.4;    3;   2.7;   8;    1.817;   0;   6.5;   5.2;  941.13;   -0.1;   85.08;    2.0;   -1.4;   -1.9;eor
       7394;20190312;   10;  13.5;   6.1;    3;   0.7;   8;    4.617;   4;   6.9;   5.0;  944.13;    2.0;   71.46;    5.0;   -0.5;   -0.9;eor
       7394;20190313;   10;  18.7;   7.9;    3;   2.3;   8;    2.317;   0;   7.1;   5.5;  934.43;    2.7;   74.88;    5.1;    1.1;   -0.1;eor
       7394;20190314;   10;  18.5;   8.3;    3;  12.3;   8;    0.000;   0;   7.2;   6.3;  931.27;    1.8;   90.58;    3.6;    0.1;    0.0;eor
       7394;20190315;   10;  21.8;   8.1;    3;  18.7;   6;    0.000;   0;   7.0;   7.9;  932.21;    5.0;   89.83;    8.6;    0.9;    0.1;eor
       7394;20190316;   10;  18.2;   6.8;    3;   4.7;   6;    0.150;   0;   6.9;   7.9;  936.38;    5.4;   88.50;    7.5;    2.8;    2.2;eor
       7394;20190317;   10;  23.7;   6.9;    3;   2.9;   8;    7.850;   0;   5.2;   6.8;  932.74;    5.4;   77.21;   12.1;    1.4;    0.3;eor
       7394;20190318;   10;  14.6;   5.2;    3;   1.1;   8;    1.950;   0;   6.6;   5.6;  942.81;    1.1;   85.46;    3.8;    0.0;   -1.1;eor
       7394;20190319;   10;  10.4;   3.2;    3;   0.0;   0;    3.833;   0;   6.2;   4.9;  952.20;    1.6;   71.92;    4.0;   -0.5;   -2.1;eor
       7394;20190320;   10;   6.2;   2.2;    3;   0.0;   0;   11.617;   0;   1.3;   4.5;  958.81;    3.3;   59.58;    8.6;   -1.6;   -4.0;eor
       7394;20190321;   10;   6.2;   1.7;    3;   0.0;   0;   11.667;   0;  -999;   5.7;  959.55;    6.0;   62.29;   12.8;   -1.5;   -3.4;eor
       7394;20190322;   10;   8.7;   2.2;    3;   0.0;   0;   10.750;   0;   2.9;   7.6;  956.98;    8.7;   68.29;   15.9;    2.0;   -1.0;eor
       7394;20190323;   10;   9.7;   2.5;    3;   0.0;   0;   11.650;   0;   1.0;   7.5;  953.52;    9.3;   67.92;   16.8;    2.7;   -0.7;eor
       7394;20190324;   10;   7.8;   2.5;    3;   0.0;   6;    0.000;   0;   7.5;   7.9;  949.88;    5.8;   85.75;    8.7;    3.4;    1.0;eor
       7394;20190325;   10;  14.0;   4.8;    3;   2.3;   8;    4.300;   0;   5.7;   5.7;  944.63;    1.9;   81.33;    5.3;    0.0;   -1.5;eor
       7394;20190326;   10;  12.6;   4.5;    3;   0.9;   8;    1.167;   0;   7.5;   5.5;  952.30;    2.0;   78.04;    4.2;    0.3;   -0.6;eor
       7394;20190327;   10;   7.0;   2.5;    3;   0.0;   6;    0.000;   0;   7.5;   6.1;  956.30;    3.5;   78.13;    6.0;    1.0;    0.6;eor
       7394;20190328;   10;   8.8;   2.8;    3;   0.7;   6;    0.033;   0;   7.8;   7.9;  958.70;    5.5;   86.29;    7.8;    2.6;    1.6;eor
       7394;20190329;   10;   7.6;   1.9;    3;   0.0;   0;    9.367;   0;   5.3;   7.6;  957.00;    7.8;   73.58;   12.8;    2.8;   -1.9;eor
       7394;20190330;   10;   7.9;   2.4;    3;   0.0;   0;   11.917;   0;   2.3;   6.6;  950.47;    8.2;   64.46;   15.7;    0.4;   -2.9;eor
       7394;20190331;   10;  10.4;   3.2;    3;   0.0;   0;    7.900;   0;   3.6;   7.4;  948.13;    8.2;   68.29;   13.8;    2.0;   -0.9;eor
       7394;20190401;   10;   9.2;   4.3;    3;   0.0;   0;   11.583;   0;   2.2;   6.1;  947.57;    6.3;   64.88;   11.6;    2.2;   -1.3;eor
       7394;20190402;   10;   9.0;   2.3;    3;   0.0;   6;   11.750;   0;   5.0;   6.2;  939.07;    7.4;   60.13;   15.8;   -1.3;   -4.1;eor
       7394;20190403;   10;  12.5;   2.5;    3;   0.1;   6;    4.633;   0;   6.6;   7.6;  930.47;    9.6;   65.46;   16.7;    3.6;    0.6;eor
       7394;20190404;   10;  12.6;   3.8;    3;   0.0;   6;    8.783;   0;   5.3;   7.9;  925.78;    9.2;   71.63;   18.0;    4.5;    1.5;eor
       7394;20190405;   10;   7.1;   2.3;    3;   0.0;   0;    2.100;   0;   6.6;   8.4;  931.65;    6.9;   84.79;   12.6;    3.9;    2.1;eor
       7394;20190406;   10;  10.1;   3.6;    3;   0.0;   0;    7.800;   0;   1.6;   8.0;  933.10;   10.0;   66.42;   16.4;    3.9;    0.5;eor
       7394;20190407;   10;  11.4;   3.5;    3;   0.0;   0;    7.183;   0;   4.7;   7.3;  933.60;    8.6;   66.75;   14.9;    2.2;   -2.7;eor
       7394;20190408;   10;   7.0;   1.7;    3;   0.5;   6;    5.000;   0;   7.3;   8.9;  936.52;    9.5;   75.21;   15.2;    4.0;   -0.2;eor
       7394;20190409;   10;   9.2;   3.2;    3;   0.0;   0;    9.167;   0;   5.6;   8.2;  937.80;    7.8;   77.21;   11.6;    4.6;    3.7;eor
       7394;20190410;   10;  10.9;   4.8;    3;   0.0;   0;    7.133;   0;   4.9;   5.7;  939.56;    4.6;   67.88;    9.4;   -0.1;   -2.5;eor
       7394;20190411;   10;  13.9;   5.0;    3;   0.0;   0;   10.233;   0;   2.9;   4.2;  945.11;    1.6;   62.08;    7.4;   -2.5;   -6.1;eor
       7394;20190412;   10;   8.6;   3.2;    3;   0.0;   7;    1.600;   0;   6.0;   3.7;  947.32;   -0.5;   64.17;    3.8;   -3.8;   -7.6;eor
       7394;20190413;   10;   8.5;   3.0;    3;   0.0;   7;    6.383;   0;   5.4;   4.1;  945.90;    1.2;   62.63;    5.8;   -2.4;   -6.8;eor
       7394;20190414;   10;   9.1;   3.8;    3;   0.0;   8;    0.000;   0;   7.3;   5.3;  946.91;    0.5;   82.96;    2.3;   -2.5;   -6.4;eor
       7394;20190415;   10;  10.5;   2.7;    3;   0.0;   0;   12.667;   0;   1.3;   4.9;  949.55;    6.4;   57.29;   13.0;   -0.1;   -3.3;eor
       7394;20190416;   10;   9.6;   2.8;    3;   0.0;   0;   12.833;   0;   1.2;   4.5;  946.76;    7.6;   45.63;   14.7;   -0.5;   -5.1;eor
       7394;20190417;   10;   8.7;   2.8;    3;   0.0;   0;   13.150;   0;   1.0;   5.0;  950.60;    9.0;   45.71;   16.2;    1.4;   -3.7;eor
       7394;20190418;   10;  13.7;   4.4;    3;   0.0;   0;   13.217;   0;   0.5;   6.2;  953.40;   10.9;   50.63;   17.4;    2.9;   -1.2;eor
       7394;20190419;   10;  12.6;   3.6;    3;   0.0;   0;   13.283;   0;   0.0;   6.1;  956.26;   12.7;   44.58;   19.8;    5.7;   -2.5;eor
       7394;20190420;   10;   9.4;   2.4;    3;   0.0;   0;   13.300;   0;   0.5;   5.6;  955.20;   13.2;   39.67;   20.5;    5.4;   -1.4;eor
       7394;20190421;   10;   8.4;   2.0;    3;   0.0;   0;   13.417;   0;   0.3;   5.8;  948.54;   13.0;   40.92;   19.6;    5.9;   -0.3;eor
       7394;20190422;   10;  13.1;   4.4;    3;   0.0;   0;   13.283;   0;   0.9;   5.8;  939.97;   12.2;   42.50;   19.2;    5.1;   -1.2;eor
       7394;20190423;   10;  14.1;   6.9;    3;   0.0;   0;    8.583;   0;   4.3;   8.3;  932.14;   10.6;   64.92;   16.0;    5.9;    4.2;eor
       7394;20190424;   10;  16.8;   4.6;    3;   0.1;   4;   10.983;   0;   5.0;   9.5;  934.01;   13.8;   63.00;   22.1;    6.1;    4.7;eor
       7394;20190425;   10;  10.7;   3.3;    3;   0.0;   0;   11.583;   0;   4.2;   7.1;  938.72;   14.8;   46.00;   22.4;    4.6;    0.3;eor
       7394;20190426;   10;  11.3;   3.1;    3;   9.4;   6;    4.717;   0;   6.2;   8.6;  939.29;    9.5;   73.42;   15.1;    5.6;    2.9;eor
       7394;20190427;   10;  13.8;   3.8;    3;   5.5;   6;    2.933;   0;   7.5;   8.6;  942.02;    7.4;   83.46;   13.4;    4.3;    3.7;eor
       7394;20190428;   10;   8.9;   3.2;    3;   0.1;   6;    2.500;   0;   7.2;   7.0;  945.26;    4.7;   82.75;    7.9;    2.4;    1.4;eor
       7394;20190429;   10;  12.8;   4.6;    3;  14.7;   6;    0.000;   0;   7.5;   7.9;  945.36;    5.7;   86.13;    7.7;    4.7;    2.7;eor
       7394;20190430;   10;  11.7;   4.3;    3;   0.0;   0;   12.350;   0;   2.2;   6.9;  944.25;    7.3;   68.33;   12.2;    2.9;    1.7;eor
       7394;20190501;   10;   8.9;   2.9;    3;   0.0;   6;    2.250;-999;   5.4;   8.6;  942.04;   10.4;   69.25;   15.6;    4.6;    1.2;eor
       7394;20190502;   10;  12.7;   4.4;    3;   0.1;   6;    9.500;-999;   5.5;   8.5;  936.18;   11.6;   63.08;   15.5;    7.4;    4.8;eor
       7394;20190503;   10;   9.3;   3.4;    3;   0.2;   6;    0.717;   0;   7.6;   7.1;  936.39;    6.5;   73.67;    9.5;    3.3;    1.2;eor
       7394;20190504;   10;  13.5;   3.5;    3;   6.7;   8;    0.467;   0;   6.8;   6.0;  934.13;    1.9;   85.33;    5.2;   -0.7;   -2.1;eor
       7394;20190505;   10;  10.1;   3.8;    3;   0.0;   8;    2.567;   0;   6.8;   5.3;  942.20;    2.0;   75.42;    6.0;   -0.6;   -2.8;eor
       7394;20190506;   10;  11.9;   3.2;    3;   0.3;   8;    1.767;   0;   6.8;   5.2;  944.95;    3.2;   68.63;    7.2;   -1.1;   -3.5;eor
       7394;20190507;   10;   8.7;   2.4;    3;   0.0;   6;    1.300;   0;   6.0;   5.8;  944.14;    5.5;   64.83;    9.2;    0.9;   -2.6;eor
       7394;20190508;   10;  13.8;   3.7;    3;   3.9;   6;    4.550;   0;   7.0;   7.9;  934.75;    7.1;   78.92;   13.8;    0.4;   -2.3;eor
       7394;20190509;   10;  11.3;   4.5;    3;  10.1;   6;    2.500;   0;   7.3;   9.1;  930.05;    8.8;   80.38;   13.4;    6.9;    6.5;eor
       7394;20190510;   10;  12.3;   4.6;    3;   0.9;   6;    5.550;   0;   6.0;   8.1;  937.40;   10.0;   67.58;   13.6;    7.7;    5.3;eor
       7394;20190511;   10;  14.3;   3.9;    3;   5.5;   6;    2.100;   0;   7.6;   9.6;  938.71;    8.6;   85.79;   13.9;    4.8;    4.4;eor
       7394;20190512;   10;  16.0;   6.6;    3;   0.0;   6;    4.300;   0;   7.7;   6.5;  953.07;    6.3;   69.88;   10.0;    3.4;    3.2;eor
       7394;20190513;   10;  13.3;   5.4;    3;   0.0;   6;   12.850;   0;   2.5;   5.4;  959.62;    6.2;   58.08;   10.3;    2.3;   -0.2;eor
       7394;20190514;   10;  15.5;   4.7;    3;   0.1;   8;    6.767;   0;   5.1;   5.8;  954.95;    4.7;   68.58;    8.5;    1.4;   -1.2;eor
       7394;20190515;   10;  11.9;   4.4;    3;   0.3;   6;    0.033;   0;   6.3;   5.8;  949.24;    2.9;   76.42;    4.9;   -0.3;   -3.1;eor
       7394;20190516;   10;   6.3;   2.3;    3;   2.2;   6;    0.000;   0;   7.9;   7.5;  941.91;    4.4;   88.88;    5.5;    3.1;    3.1;eor
       7394;20190517;   10;   8.4;   3.5;    3;   0.0;   0;    4.917;-999;   5.3;   8.9;  936.84;    9.1;   78.25;   14.3;    5.5;    1.6;eor
       7394;20190518;   10;   7.7;   2.6;    3;   0.0;   6;    9.167;-999;   5.1;  10.0;  934.70;   11.2;   76.96;   18.0;    4.8;    0.7;eor
       7394;20190519;   10;  12.7;   2.9;    3;   0.0;   6;   10.800;-999;   4.7;  10.9;  932.40;   14.6;   67.21;   20.6;    8.1;    3.9;eor
       7394;20190520;   10;   7.9;   2.4;    3;  16.6;   6;    0.000;-999;   7.5;  12.5;  930.40;   13.2;   82.33;   15.0;   11.2;    8.8;eor
       7394;20190521;   10;  11.2;   2.9;    3;  12.8;   6;    0.383;-999;   7.6;  13.1;  933.74;   12.5;   90.58;   16.5;   10.8;   10.5;eor
       7394;20190522;   10;  13.1;   5.2;    3;   0.0;   6;    0.800;-999;   7.7;  11.0;  943.17;   10.8;   84.63;   13.0;    7.6;    4.8;eor
       7394;20190523;   10;   8.5;   2.8;    3;   0.0;   0;    7.500;-999;   4.7;   9.2;  946.00;   11.5;   68.63;   16.0;    5.9;    3.1;eor
       7394;20190524;   10;   5.9;   1.6;    3;   0.0;   0;    7.850;-999;   6.8;   9.9;  943.01;   14.0;   63.58;   19.3;    7.3;    4.1;eor
       7394;20190525;   10;  11.6;   2.4;    3;   0.0;   6;    8.667;-999;   5.3;  10.5;  942.72;   14.1;   65.92;   17.7;    9.7;    6.4;eor
       7394;20190526;   10;   9.6;   2.7;    3;   0.0;   0;   11.000;-999;   4.8;  10.2;  942.62;   14.0;   66.13;   18.9;    6.9;    4.5;eor
       7394;20190527;   10;  10.4;   3.5;    3;   4.0;   6;    9.483;-999;   6.8;  11.2;  937.76;   14.6;   67.46;   19.8;   10.5;    7.7;eor
       7394;20190528;   10;   9.0;   3.4;    3;   2.4;   6;    1.050;-999;   7.5;  11.2;  935.52;   10.8;   86.08;   13.1;    7.9;    7.0;eor
       7394;20190529;   10;  11.6;   4.2;    3;   0.0;   6;    2.367;-999;   6.7;   8.4;  946.75;    8.6;   75.46;   11.8;    5.0;    1.3;eor
       7394;20190530;   10;   9.5;   2.4;    3;   0.0;   6;   13.917;-999;   2.8;   7.7;  952.22;   12.3;   55.83;   17.3;    4.3;    0.7;eor
       7394;20190531;   10;   7.2;   2.7;    3;   0.0;   6;    1.500;-999;   7.6;  12.3;  952.38;   15.9;   68.46;   19.4;   11.6;    7.8;eor
       7394;20190601;   10;   5.8;   2.0;    3;   0.0;   0;   12.583;-999;   5.1;  12.3;  950.51;   17.6;   63.04;   23.5;   10.9;    7.3;eor
       7394;20190602;   10;   7.4;   2.2;    3;   0.0;   0;   15.133;-999;   2.0;  12.4;  946.98;   20.4;   54.50;   26.8;   11.9;    7.7;eor
       7394;20190603;   10;  16.9;   3.7;    3;   0.0;   0;   13.283;-999;   2.2;  11.7;  944.20;   21.1;   49.63;   27.0;   14.4;   10.8;eor
       7394;20190604;   10;   7.0;   2.0;    3;   0.0;   0;   14.333;-999;   2.3;  12.7;  941.67;   20.8;   54.13;   27.1;   13.2;   10.3;eor
       7394;20190605;   10;   8.8;   2.1;    3;   0.1;   6;   12.567;-999;   1.3;  14.2;  937.63;   21.1;   58.67;   27.9;   13.4;    9.9;eor
       7394;20190606;   10;  11.9;   4.0;    3;   1.6;   6;    7.950;-999;   4.7;  13.3;  939.32;   15.3;   76.79;   19.1;    9.7;    8.3;eor
       7394;20190607;   10;  15.9;   3.5;    3;   0.2;   6;    9.517;-999;   5.1;  13.6;  942.04;   16.0;   75.54;   22.4;   10.1;    9.8;eor
       7394;20190608;   10;  13.0;   3.9;    3;   0.0;   6;    9.183;-999;   4.3;   8.9;  950.01;   13.3;   59.67;   17.7;    8.2;    3.8;eor
       7394;20190609;   10;   9.5;   2.4;    3;   0.1;   6;   10.750;-999;   4.3;  10.5;  950.01;   16.2;   57.46;   23.0;    6.7;    2.7;eor
       7394;20190610;   10;  12.4;   1.9;    3;   0.0;   6;    3.950;-999;   7.4;  14.5;  942.05;   17.8;   71.42;   23.3;   13.5;   11.1;eor
       7394;20190611;   10;  16.8;   2.8;    3;   4.5;   6;    5.567;-999;   6.3;  15.5;  938.43;   17.6;   77.38;   24.5;   13.3;   10.9;eor
       7394;20190612;   10;  16.7;   3.4;    3;   2.1;   6;    7.300;-999;   6.9;  15.5;  938.39;   17.1;   80.58;   27.5;   11.5;   10.9;eor
       7394;20190613;   10;   5.8;   1.8;    3;   0.0;   0;    9.617;-999;   4.4;  11.9;  943.65;   16.4;   66.38;   22.1;    9.8;    8.7;eor
       7394;20190614;   10;  11.1;   2.9;    3;   0.0;   0;   10.550;-999;   3.8;  13.6;  945.10;   20.4;   58.38;   27.3;    9.4;    7.2;eor
       7394;20190615;   10;  11.2;   3.6;    3;   7.2;   6;   11.600;-999;   4.8;  15.4;  941.98;   20.1;   66.00;   23.7;   15.9;   14.1;eor
       7394;20190616;   10;   6.8;   2.5;    3;   0.5;   6;    1.717;-999;   7.5;  13.5;  948.38;   15.3;   78.04;   18.0;   12.6;   11.8;eor
       7394;20190617;   10;   8.7;   2.4;    3;   0.0;   0;   12.633;-999;   3.7;  13.2;  948.86;   17.3;   68.58;   23.0;   11.3;    8.7;eor
       7394;20190618;   10;   8.5;   2.0;    3;   0.0;   0;   11.967;-999;   3.2;  13.5;  944.85;   19.4;   61.29;   24.8;   11.8;    8.7;eor
       7394;20190619;   10;   9.5;   2.2;    3;   2.5;   6;   12.850;-999;   5.3;  13.7;  940.41;   21.5;   56.46;   28.1;   14.3;   11.9;eor
       7394;20190620;   10;  13.8;   3.7;    3;   0.0;   6;    5.683;-999;   6.3;  14.9;  941.63;   18.6;   70.46;   23.0;   14.2;   13.6;eor
       7394;20190621;   10;   7.9;   2.2;    3;   0.0;   0;    7.083;-999;   4.3;  14.0;  945.85;   17.2;   73.21;   22.4;   12.8;    9.8;eor
       7394;20190622;   10;  11.4;   3.8;    3;   1.4;   8;    4.600;-999;   6.7;  14.7;  947.08;   17.2;   75.33;   21.2;   13.3;   10.2;eor
       7394;20190623;   10;  10.5;   3.6;    3;   0.0;   0;    9.383;-999;   4.9;  14.3;  948.12;   18.8;   66.54;   23.4;   14.3;   11.3;eor
       7394;20190624;   10;   8.2;   2.5;    3;   0.0;   0;   15.483;-999;   0.6;  13.6;  950.74;   20.4;   58.92;   26.5;   12.5;    9.9;eor
       7394;20190625;   10;   9.1;   2.7;    3;   0.0;   0;   15.317;-999;   3.4;  14.8;  950.58;   23.3;   53.46;   30.7;   14.0;   10.0;eor
       7394;20190626;   10;  11.4;   2.9;    3;   0.0;   0;   15.067;-999;   1.7;  16.9;  951.56;   26.4;   50.63;   32.7;   17.1;   13.4;eor
       7394;20190627;   10;  10.9;   4.1;    3;   0.0;   0;   15.067;-999;   0.0;  12.6;  951.60;   21.4;   51.13;   25.9;   13.3;   10.3;eor
       7394;20190628;   10;   9.5;   2.9;    3;   0.0;   0;   15.200;-999;   0.3;  10.5;  951.44;   16.9;   57.33;   23.2;   10.2;    7.5;eor
       7394;20190629;   10;   8.4;   1.6;    3;   0.0;   0;   15.783;-999;   0.0;  10.0;  949.47;   20.5;   45.58;   29.2;    9.5;    5.6;eor
       7394;20190630;   10;  10.2;   2.9;    3;   0.0;   0;   15.233;-999;   0.6;  11.1;  945.40;   25.0;   37.42;   33.3;   13.1;    9.5;eor
       7394;20190701;   10;  14.5;   4.1;    3;   0.0;   0;    9.200;-999;   6.1;  15.2;  944.53;   23.9;   51.38;   29.4;   16.1;   13.8;eor
       7394;20190702;   10;   9.6;   3.6;    3;   0.0;   0;   13.567;-999;   1.8;  10.0;  947.79;   17.1;   52.00;   23.0;   11.0;    6.2;eor
       7394;20190703;   10;   9.3;   2.8;    3;   0.0;   0;   15.667;-999;   0.3;   8.0;  949.67;   15.1;   47.96;   20.7;    8.6;    4.7;eor
       7394;20190704;   10;   7.6;   2.1;    3;   0.0;   0;   14.617;-999;   2.0;   8.2;  949.37;   16.3;   46.17;   23.5;    8.5;    5.2;eor
       7394;20190705;   10;  11.2;   3.7;    3;   0.0;   0;    7.417;-999;   5.9;   9.0;  944.97;   17.6;   45.13;   22.9;   11.9;    9.6;eor
       7394;20190706;   10;  13.3;   4.5;    3;   0.1;   6;   11.283;-999;   5.6;   9.5;  939.67;   21.0;   39.58;   27.1;   14.6;   12.4;eor
       7394;20190707;   10;  12.3;   3.5;    3;   0.0;   6;    2.700;-999;   6.0;  10.5;  940.30;   13.6;   67.13;   18.8;    7.9;    5.2;eor
       7394;20190708;   10;  11.3;   3.7;    3;   0.0;   0;    7.650;-999;   4.8;   7.8;  944.33;   12.6;   54.79;   18.1;    7.6;    3.6;eor
       7394;20190709;   10;  12.9;   2.9;    3;   0.0;   0;    2.783;-999;   5.7;   8.2;  945.75;   11.4;   62.54;   16.5;    7.2;    2.6;eor
       7394;20190710;   10;   8.7;   2.7;    3;   1.7;   6;   11.000;-999;   4.9;   8.3;  945.90;   14.1;   54.25;   20.5;    7.1;    4.1;eor
       7394;20190711;   10;   9.5;   2.6;    3;   4.7;   6;    0.500;-999;   7.5;  11.2;  942.67;   14.3;   69.67;   20.6;   11.1;    8.5;eor
       7394;20190712;   10;  11.0;   2.9;    3;  32.8;   8;    4.983;-999;   7.0;  13.5;  940.40;   14.2;   84.58;   21.3;   11.2;   10.0;eor
       7394;20190713;   10;  10.9;   3.9;    3;   4.8;   6;    1.850;-999;   7.2;  13.5;  942.36;   13.8;   86.13;   17.0;   11.6;   10.8;eor
       7394;20190714;   10;   8.7;   3.3;    3;   0.0;   6;    3.850;-999;   5.3;  12.8;  944.54;   13.2;   84.25;   16.8;   11.0;    9.1;eor
       7394;20190715;   10;   7.9;   2.5;    3;   0.0;   0;    7.583;-999;   4.2;  12.2;  944.53;   14.7;   74.50;   20.8;   10.1;    7.8;eor
       7394;20190716;   10;   8.7;   3.0;    3;   0.0;   0;   12.317;-999;   3.3;  11.4;  944.33;   14.8;   69.21;   21.0;   10.1;    8.2;eor
       7394;20190717;   10;   7.9;   2.4;    3;   0.0;   0;    8.633;-999;   5.3;  12.2;  942.65;   15.8;   69.92;   22.5;   11.0;    9.3;eor
       7394;20190718;   10;   9.0;   2.3;    3;   0.1;   6;   10.650;-999;   4.8;  11.2;  941.50;   18.0;   57.83;   24.2;   10.0;    7.4;eor
       7394;20190719;   10;   9.8;   2.3;    3;   0.9;   6;    0.567;-999;   7.9;  14.4;  944.12;   17.5;   71.75;   21.8;   14.7;   12.5;eor
       7394;20190720;   10;   9.3;   2.9;    3;   3.8;   6;   10.350;-999;   7.3;  14.6;  943.94;   21.6;   59.63;   29.0;   12.6;   11.1;eor
       7394;20190721;   10;  11.3;   3.3;    3;   0.2;   6;    8.517;-999;   6.3;  14.7;  948.41;   20.1;   64.08;   24.8;   15.3;   12.2;eor
       7394;20190722;   10;   8.8;   2.5;    3;   0.0;   0;   11.533;-999;   5.3;  12.3;  951.85;   20.5;   52.92;   26.1;   14.1;   10.9;eor
       7394;20190723;   10;   7.4;   2.0;    3;   0.0;   0;   15.150;-999;   0.7;  12.5;  950.46;   23.2;   45.88;   29.6;   15.5;   12.1;eor
       7394;20190724;   10;   6.3;   1.4;    3;   0.0;   0;   13.267;-999;   1.1;  13.6;  947.12;   24.9;   45.13;   32.6;   15.8;   12.2;eor
       7394;20190725;   10;   9.5;   2.2;    3;   0.0;   0;   14.433;-999;   0.1;  12.2;  946.27;   26.3;   37.88;   34.0;   18.0;   15.3;eor
       7394;20190726;   10;  10.1;   3.0;    3;   0.0;   0;   13.250;-999;   2.2;  12.3;  940.70;   25.2;   40.00;   32.4;   17.1;   14.8;eor
       7394;20190727;   10;   7.4;   2.3;    3;   0.1;   6;    7.950;-999;   5.2;  13.5;  933.50;   21.1;   53.88;   26.7;   15.4;   12.9;eor
       7394;20190728;   10;   7.5;   2.5;    3;   0.0;   6;    6.683;-999;   7.4;  16.4;  931.43;   20.4;   69.50;   25.7;   16.4;   15.5;eor
       7394;20190729;   10;   9.3;   2.5;    3;  13.7;   6;    1.933;-999;   6.6;  18.7;  938.60;   19.5;   82.83;   25.7;   16.2;   14.3;eor
       7394;20190730;   10;   7.1;   2.2;    3;   0.6;   6;    1.183;-999;   7.3;  17.1;  941.86;   20.5;   72.54;   24.3;   17.2;   15.8;eor
       7394;20190731;   10;  10.0;   2.4;    3;   8.1;   6;    2.833;-999;   4.3;  15.5;  944.93;   17.1;   79.79;   20.7;   14.0;   11.7;eor
       7394;20190801;    3;   7.7;   2.4;    3;   0.0;   0;    9.300;-999;   4.3;  10.6;  945.62;   17.8;   53.92;   23.0;   12.0;    9.6;eor
       7394;20190802;    3;  12.4;   2.2;    3;   0.7;   6;    4.617;-999;   7.6;  11.4;  943.23;   17.3;   59.63;   22.8;   12.1;    9.5;eor
       7394;20190803;    3;  11.8;   2.4;    3;   1.5;   6;    4.533;-999;   5.7;  12.9;  943.40;   15.5;   73.96;   21.4;   10.8;    9.4;eor
       7394;20190804;    3;   8.0;   2.1;    3;   0.0;   0;   10.017;-999;   2.7;  12.0;  944.72;   18.1;   60.54;   24.6;   11.6;    9.3;eor
       7394;20190805;    3;   8.7;   2.4;    3;   0.4;   6;    1.200;-999;   7.8;  13.8;  942.37;   17.8;   68.04;   22.9;   11.5;   10.0;eor
       7394;20190806;    3;  11.5;   2.9;    3;   3.6;   6;    5.167;-999;   7.0;  15.1;  940.98;   19.3;   68.04;   24.2;   15.6;   12.3;eor
       7394;20190807;    3;  14.5;   3.4;    3;  15.6;   6;    0.700;-999;   7.4;  16.5;  938.67;   15.9;   90.83;   20.7;   13.3;   11.5;eor
       7394;20190808;    3;   9.0;   3.2;    3;   0.0;   0;    6.800;-999;   5.8;  13.8;  942.22;   16.9;   73.54;   22.6;   12.6;   10.7;eor
       7394;20190809;    3;  12.2;   3.0;    3;   3.4;   6;   10.050;-999;   4.9;  14.7;  941.89;   20.7;   62.33;   27.3;   11.9;   10.3;eor
       7394;20190810;    3;  11.9;   4.4;    3;   0.3;   6;    2.983;-999;   5.8;  17.1;  943.97;   18.4;   81.29;   21.0;   15.2;   14.0;eor
       7394;20190811;    3;  10.7;   3.4;    3;   9.1;   6;   12.667;-999;   3.4;  14.7;  945.08;   19.3;   69.13;   25.4;   14.0;   12.6;eor
       7394;20190812;    3;   7.6;   2.5;    3;   0.0;   0;    2.200;-999;   7.7;  13.7;  944.64;   15.3;   79.25;   18.0;   12.6;   11.1;eor
       7394;20190813;    3;  12.7;   3.5;    3;   0.0;   6;    8.933;-999;   5.8;  10.5;  945.81;   14.8;   64.04;   19.2;   10.8;    8.4;eor
       7394;20190814;    3;  12.9;   3.2;    3;   0.2;   6;    7.467;-999;   4.0;   9.7;  946.32;   14.0;   61.42;   18.5;    9.4;    7.3;eor
       7394;20190815;    3;  11.7;   3.1;    3;   3.4;   6;    4.817;-999;   6.4;  12.3;  943.34;   13.4;   79.33;   17.9;    6.9;    5.2;eor
       7394;20190816;    3;   8.8;   3.1;    3;   0.0;   0;    6.233;-999;   6.3;  12.2;  945.54;   15.2;   71.75;   19.7;   12.5;    9.9;eor
       7394;20190817;    3;  10.9;   3.5;    3;   0.0;   6;    0.100;-999;   7.7;  12.9;  942.53;   16.2;   69.83;   20.3;   12.2;   10.4;eor
       7394;20190818;    3;  12.5;   4.2;    3;   4.2;   6;    8.783;-999;   5.0;  15.9;  939.69;   20.2;   69.33;   27.5;   14.6;   14.2;eor
       7394;20190819;    3;   8.3;   2.9;    3;   0.0;   6;    5.150;-999;   7.4;  15.0;  945.55;   17.8;   74.79;   21.9;   15.3;   13.5;eor
       7394;20190820;    3;   8.6;   2.5;    3;   7.5;   6;    0.283;-999;   7.6;  12.6;  950.11;   15.5;   72.42;   20.2;   12.0;   11.2;eor
       7394;20190821;    3;   6.8;   1.7;    3;   0.0;   0;   11.950;-999;   3.7;  10.7;  955.30;   14.6;   67.08;   19.9;    9.3;    7.2;eor
       7394;20190822;    3;   9.0;   1.9;    3;   0.0;   0;   13.183;-999;   1.0;  10.6;  954.39;   15.7;   61.88;   21.7;    8.9;    6.3;eor
       7394;20190823;    3;   7.3;   1.8;    3;   0.0;   0;   13.317;-999;   0.0;  11.8;  953.57;   17.1;   62.83;   24.0;    9.1;    5.2;eor
       7394;20190824;    3;   8.5;   2.6;    3;   0.0;   0;   11.183;-999;   2.5;  15.3;  950.16;   19.1;   69.00;   25.6;   11.8;    7.8;eor
       7394;20190825;    3;   7.8;   2.1;    3;   0.0;   0;   12.083;-999;   0.6;  16.6;  948.50;   21.8;   66.21;   28.5;   15.8;   12.3;eor
       7394;20190826;    3;   8.2;   2.1;    3;   0.6;   6;   10.133;-999;   1.9;  16.5;  948.18;   20.4;   70.58;   27.7;   15.2;   12.3;eor
       7394;20190827;    3;   6.9;   1.9;    3;   0.0;   0;   10.717;-999;   3.2;  17.0;  946.87;   20.9;   70.71;   27.1;   15.1;   12.7;eor
       7394;20190828;    3;   7.9;   2.3;    3;   0.0;   0;    9.200;-999;   5.4;  16.4;  945.90;   21.7;   65.75;   27.9;   15.3;   12.4;eor
       7394;20190829;    3;  10.5;   2.6;    3;   0.0;   0;    7.933;-999;   7.0;  16.0;  947.89;   21.5;   63.29;   26.8;   14.7;   13.7;eor
       7394;20190830;    3;   8.0;   1.9;    3;   0.0;   0;   10.433;-999;   1.0;  16.1;  950.44;   21.2;   66.58;   28.2;   14.0;   12.3;eor
       7394;20190831;    3;   9.1;   2.4;    3;   0.0;   0;   12.083;-999;   0.7;  16.0;  945.32;   22.0;   63.04;   28.4;   15.2;   11.9;eor
       7394;20190901;    3;  11.7;   4.2;    3;   0.0;   6;    7.633;-999;   6.3;  15.1;  941.95;   20.3;   64.29;   25.6;   13.5;   12.1;eor
       7394;20190902;    3;   9.4;   3.1;    3;   0.0;   0;    5.200;-999;   5.1;   9.2;  949.18;   13.7;   59.92;   17.7;    9.2;    5.8;eor
       7394;20190903;    3;  11.4;   2.8;    3;   0.0;   0;   12.833;-999;   0.8;   7.6;  951.47;   14.7;   46.79;   20.9;    6.9;    3.7;eor
       7394;20190904;    3;  10.1;   3.0;    3;   0.1;   6;   12.800;-999;   0.0;   9.0;  945.76;   16.2;   50.63;   22.8;    6.5;    3.4;eor
       7394;20190905;    3;  11.7;   4.0;    3;   0.0;   6;    5.433;-999;   6.0;   9.6;  945.68;   14.4;   59.29;   18.5;    9.7;    7.2;eor
       7394;20190906;    3;   5.5;   1.5;    3;   3.1;   6;    5.550;-999;   6.9;   9.1;  950.17;   12.0;   66.83;   16.5;    6.4;    3.5;eor
       7394;20190907;    3;   7.4;   1.4;    3;   4.1;   6;    1.150;-999;   8.0;  11.1;  946.28;   11.2;   84.13;   14.5;    8.4;    7.0;eor
       7394;20190908;    3;   9.0;   2.1;    3;  18.5;   6;    0.017;-999;   7.6;  10.8;  944.23;   10.0;   88.25;   13.9;    6.6;    6.0;eor
       7394;20190909;    3;  10.4;   4.4;    3;  28.8;   6;    0.000;-999;   7.2;  11.0;  940.55;    9.5;   92.08;   10.1;    8.0;    6.7;eor
       7394;20190910;    3;   6.9;   2.4;    3;   0.0;   0;    7.133;-999;   6.3;  10.1;  945.86;   10.8;   79.33;   15.4;    7.1;    4.1;eor
       7394;20190911;    3;   7.4;   2.1;    3;   0.0;   0;   10.433;-999;   1.8;   9.0;  951.06;   12.4;   65.13;   18.8;    4.4;    1.8;eor
       7394;20190912;    3;   8.8;   3.4;    3;   0.0;   6;    3.517;-999;   5.6;  12.8;  956.53;   14.6;   77.25;   19.5;   11.3;   10.9;eor
       7394;20190913;    3;  10.0;   3.0;    3;   0.0;   0;    2.033;-999;   5.3;  14.4;  958.43;   15.5;   81.71;   19.2;   12.2;   10.4;eor
       7394;20190914;    3;   6.6;   1.9;    3;   0.0;   0;    6.750;-999;   4.7;  11.7;  958.37;   13.8;   75.08;   19.1;    9.5;    6.0;eor
       7394;20190915;    3;  10.7;   3.5;    3;   0.0;   0;   11.200;-999;   2.7;  12.5;  951.28;   16.3;   69.42;   23.1;    7.6;    5.0;eor
       7394;20190916;    3;   7.3;   2.4;    3;   1.3;   6;    1.733;-999;   6.8;  11.1;  946.94;   15.2;   64.33;   20.3;   10.1;    6.3;eor
       7394;20190917;    3;  14.2;   4.5;    3;   0.0;   0;    6.833;-999;   6.2;   9.4;  945.70;   11.5;   70.71;   16.0;    7.0;    3.9;eor
       7394;20190918;    3;   9.7;   3.3;    3;   0.0;   0;    8.117;-999;   3.3;   7.1;  950.88;    8.5;   64.63;   13.5;    4.2;    1.3;eor
       7394;20190919;    3;  10.0;   2.9;    3;   0.0;   0;    6.900;-999;   3.8;   6.6;  954.59;    6.8;   68.08;   11.2;    2.1;   -0.9;eor
       7394;20190920;    3;   6.5;   1.8;    3;   0.0;   0;   11.567;-999;   3.2;   6.8;  954.72;    8.4;   64.33;   14.4;    2.7;    0.2;eor
       7394;20190921;    3;-999;-999;    3;   0.0;   0;   11.300;-999;  -999;  -999;    -999;   10.8;-999;   19.1;    1.4;   -1.0;eor
       7394;20190922;    3;-999;-999;    3;   0.0;   0;   10.300;-999;  -999;  -999;    -999;   12.8;-999;   20.8;    5.0;    1.6;eor
       7394;20190923;    3;-999;-999;    3;   2.8;   6;    1.800;-999;  -999;  -999;    -999;   12.1;-999;   16.3;    7.0;    4.7;eor
       7394;20190924;    3;   6.1;   2.0;    3;   4.3;   6;    4.683;-999;   7.6;  12.4;  941.37;   13.2;   82.75;   16.6;   11.1;    9.6;eor
       7394;20190925;    3;  13.6;   3.8;    3;   3.7;   6;    2.200;-999;   7.5;  12.3;  937.03;   11.9;   88.79;   15.6;    9.9;    9.0;eor
       7394;20190926;    3;   7.2;   3.4;    3;   6.0;   6;    1.533;-999;   7.5;  13.3;  941.21;   12.8;   90.21;   16.0;   10.2;    9.8;eor
       7394;20190927;    3;  10.8;   3.7;    3;  16.2;   6;    0.533;-999;   7.3;  13.8;  941.12;   13.0;   91.75;   15.9;   10.3;    8.9;eor
       7394;20190928;    3;  12.1;   3.8;    3;   4.2;   6;    1.767;-999;   7.3;  12.0;  943.15;   11.7;   87.71;   15.1;   10.2;    9.0;eor
       7394;20190929;    3;  17.8;   5.5;    3;  10.7;   6;    4.033;-999;   6.8;  10.9;  936.69;   13.5;   71.46;   17.9;    9.2;    8.5;eor
       7394;20190930;    3;  24.7;   7.4;    3;   1.5;   6;    0.967;-999;   6.5;  11.1;  936.49;   11.3;   82.25;   14.1;    9.2;    7.8;eor
       7394;20191001;    3;  16.8;   3.8;    3;   9.9;   6;    1.517;   0;   7.0;  12.1;  935.28;   11.1;   90.63;   14.3;    7.6;    6.7;eor
       7394;20191002;    3;  13.0;   4.5;    3;   2.9;   6;    0.733;   0;   5.5;  10.1;  934.79;    8.6;   87.75;   12.6;    3.9;    2.2;eor
       7394;20191003;    3;  13.7;   4.3;    3;   0.2;   6;    1.250;   0;   6.9;   8.4;  942.96;    6.1;   88.58;    8.8;    3.7;    1.9;eor
       7394;20191004;    3;  11.0;   3.1;    3;  12.1;   6;    0.050;   0;   7.5;   9.0;  937.25;    7.1;   89.08;    9.0;    5.4;    4.3;eor
       7394;20191005;    3;  14.8;   4.8;    3;   0.1;   6;    0.000;   0;   7.3;   8.6;  939.00;    6.3;   89.88;    9.1;    4.1;    3.1;eor
       7394;20191006;    3;   8.2;   2.9;    3;   4.9;   6;    0.450;   0;   7.7;   7.7;  943.82;    5.1;   88.29;    7.5;    2.7;    0.4;eor
       7394;20191007;    3;   7.7;   2.5;    3;   0.0;   6;    4.817;   0;   6.2;   7.3;  944.96;    4.8;   85.58;    9.4;    1.7;    1.6;eor
       7394;20191008;    3;  11.1;   4.2;    3;  13.8;   6;    0.033;   0;   7.6;  10.9;  939.20;    8.7;   95.79;   11.8;    5.7;    5.6;eor
       7394;20191009;    3;  16.0;   4.7;    3;   7.8;   6;    0.450;   0;   7.3;  10.2;  938.32;    9.3;   87.29;   11.3;    7.4;    6.5;eor
       7394;20191010;    3;  14.3;   4.7;    3;   4.9;   6;    1.183;   0;   6.9;   9.2;  942.08;    7.6;   87.71;    9.2;    6.5;    5.8;eor
       7394;20191011;    3;  10.8;   3.7;    3;   0.0;   6;    0.467;   0;   7.8;  10.4;  945.56;    9.6;   86.67;   12.6;    6.5;    5.5;eor
       7394;20191012;    3;  11.1;   4.0;    3;   0.0;   0;    9.550;   0;   3.5;  11.3;  943.62;   13.1;   75.46;   19.3;    7.5;    4.3;eor
       7394;20191013;    3;   9.6;   3.9;    3;   0.0;   0;    8.100;   0;   1.5;  12.5;  944.55;   15.7;   70.71;   21.4;   12.1;   10.3;eor
       7394;20191014;    3;   7.5;   2.7;    3;   0.2;   4;   10.017;   0;   0.3;  13.4;  943.60;   15.6;   76.04;   21.8;   10.3;    7.3;eor
       7394;20191015;    3;  11.0;   1.7;    3;   2.1;   6;    0.967;   0;   6.9;  12.4;  937.29;   10.5;   97.42;   13.9;    8.2;    6.1;eor
       7394;20191016;    3;  14.6;   4.9;    3;   0.0;   6;    2.983;   0;   6.0;  10.1;  941.25;   10.1;   81.54;   12.2;    8.1;    5.8;eor
       7394;20191017;    1;   7.5;   3.0;    1;   0.6;   6;    2.350;   0;   7.9;   9.9;  942.90;   10.6;   77.29;   14.8;    7.5;    5.5;eor
       7394;20191018;    1;  10.6;   3.5;    1;   4.6;   6;    3.350;   0;   7.0;  11.9;  940.91;   11.7;   87.29;   15.8;    8.9;    7.5;eor
       7394;20191019;    1;  11.3;   3.3;    1;   1.5;   6;    0.433;   0;   7.6;  11.2;  939.61;   10.4;   88.92;   11.9;    9.5;    8.0;eor
       7394;20191020;    1;   6.4;   2.3;    1;   0.2;   4;    7.533;   0;   7.3;  11.2;  939.52;   10.6;   88.00;   17.0;    6.8;    4.9;eor
       7394;20191021;    1;   7.9;   1.6;    1;   0.1;   4;    1.917;   0;   8.0;  11.6;  946.24;   11.1;   88.71;   17.4;    7.4;    7.8;eor
       7394;20191022;    1;   3.6;   1.3;    1;   0.0;   0;    5.183;   0;   5.7;  12.3;  950.52;   12.1;   87.75;   16.2;    7.7;    5.8;eor
       7394;20191023;    1;   6.7;   2.4;    1;   0.0;   4;    1.717;   0;   6.2;  12.7;  945.35;   11.6;   93.13;   15.2;    8.9;    6.2;eor
       7394;20191024;    1;   8.5;   2.2;    1;   0.1;   4;    5.183;   0;   5.9;  11.9;  940.42;   10.8;   92.29;   16.8;    7.6;    5.5;eor
       7394;20191025;    1;  10.8;   3.2;    1;   0.0;   0;    4.983;   0;   6.4;  11.1;  948.65;   11.9;   79.29;   14.5;    8.7;    5.8;eor
       7394;20191026;    1;  10.1;   4.3;    1;   0.0;   0;    9.033;   0;   6.1;  11.8;  947.82;   11.1;   89.83;   15.7;    8.4;    7.6;eor
       7394;20191027;    1;  13.4;   4.0;    1;   4.2;   6;    4.083;   0;   7.5;  10.4;  946.18;    9.9;   85.04;   15.6;    4.1;    3.8;eor
       7394;20191028;    1;   7.0;   2.4;    1;   0.0;   0;    7.550;   0;   5.6;   6.8;  948.08;    3.8;   85.38;    7.5;    0.6;   -1.9;eor
       7394;20191029;    1;   8.2;   2.2;    1;   0.0;   0;    0.300;   0;   6.4;   6.5;  949.25;    2.6;   88.21;    5.6;   -0.7;   -3.6;eor
       7394;20191030;    1;   7.9;   2.1;    1;   0.0;   0;    8.267;   0;   3.4;   5.3;  952.74;    1.0;   81.21;    5.7;   -2.4;   -5.1;eor
       7394;20191031;    1;   8.4;   2.5;    1;   0.0;   0;    6.133;   0;   4.2;   5.0;  949.91;   -0.2;   84.13;    5.2;   -3.4;   -5.7;eor
       7394;20191101;    1;   7.8;   2.7;    1;   9.4;   6;    0.000;   0;   7.9;   6.3;  940.14;    1.6;   91.04;    4.6;   -1.4;   -2.4;eor
       7394;20191102;    1;  10.2;   3.9;    1;  12.9;   6;    0.000;   0;   7.7;  11.0;  926.55;    8.5;   97.38;   11.6;    4.6;    4.5;eor
       7394;20191103;    1;  10.5;   2.9;    1;  10.5;   6;    0.017;   0;   7.6;  10.9;  920.08;    8.9;   95.54;   10.6;    7.1;    7.2;eor
       7394;20191104;    1;  14.0;   4.6;    1;   6.4;   6;    0.083;   0;   7.2;   9.6;  921.82;    7.6;   91.38;    8.8;    6.8;    5.6;eor
       7394;20191105;    1;  10.3;   3.1;    1;   0.8;   6;    0.583;   0;   5.8;   8.2;  926.35;    5.7;   89.33;    7.5;    2.2;   -0.9;eor
       7394;20191106;    1;   7.1;   3.2;    1;   1.8;   6;    0.633;   0;   7.3;   8.0;  930.27;    4.5;   94.54;    7.0;    1.9;    1.1;eor
       7394;20191107;    1;   8.8;   3.2;    1;   0.0;   0;    0.300;   0;   7.8;   8.1;  931.74;    5.4;   90.42;    6.8;    4.2;    3.5;eor
       7394;20191108;    1;   9.0;   2.3;    1;   4.2;   6;    0.000;   0;   7.6;   7.9;  932.18;    4.3;   94.79;    4.8;    3.2;    2.3;eor
       7394;20191109;    1;  10.0;   3.1;    1;   0.0;   6;    0.000;   0;   7.3;   7.1;  935.32;    3.1;   92.04;    4.6;    0.3;   -0.6;eor
       7394;20191110;    1;   3.8;   1.2;    1;   0.0;   0;    2.150;   0;   5.2;   6.0;  939.62;    0.1;   96.50;    3.5;   -4.0;   -4.6;eor
       7394;20191111;    1;   8.7;   3.0;    1;   0.9;   8;    1.183;   0;   7.4;   5.4;  937.95;   -1.0;   94.88;    0.2;   -3.9;   -5.4;eor
       7394;20191112;    1;   8.7;   3.3;    1;   0.1;   8;    0.000;   0;   7.7;   6.4;  933.60;    1.6;   93.04;    3.1;   -0.3;   -0.3;eor
       7394;20191113;    1;   6.7;   3.1;    1;   0.0;   8;    0.150;   0;   7.8;   6.3;  930.98;    1.7;   90.75;    3.5;    1.0;   -0.2;eor
       7394;20191114;    1;  11.8;   4.0;    1;   0.0;   0;    5.850;   0;   7.1;   6.0;  932.74;    1.9;   84.92;    5.0;    0.9;    0.0;eor
       7394;20191115;    1;   9.3;   3.4;    1;   3.5;   6;    0.067;   0;   7.9;   7.5;  929.37;    4.3;   90.04;    6.6;    1.7;    1.6;eor
       7394;20191116;    1;   8.9;   2.7;    1;   0.0;   6;    1.117;   0;   7.4;   7.0;  935.64;    2.7;   93.75;    6.3;   -1.1;   -2.0;eor
       7394;20191117;    1;  11.1;   3.4;    1;   0.1;   6;    0.000;   0;   7.8;   8.2;  934.14;    4.7;   94.83;    9.1;   -1.3;   -2.0;eor
       7394;20191118;    1;  11.5;   4.6;    1;   0.0;   6;    0.367;   0;   5.8;   7.1;  935.00;    3.6;   87.50;    8.5;    1.2;   -0.3;eor
       7394;20191119;    1;  12.6;   2.4;    1;   2.2;   8;    0.000;   0;   7.2;   6.1;  942.89;    1.9;   86.38;    3.2;    0.5;    0.2;eor
       7394;20191120;    1;   4.6;   2.1;    1;   0.4;   6;    0.000;   0;   8.0;   6.8;  942.09;    1.9;   97.21;    3.3;    0.5;    0.4;eor
       7394;20191121;    1;   6.6;   2.0;    1;   0.7;   6;    0.000;   0;   7.9;   8.3;  936.73;    4.6;   98.13;    6.5;    2.4;    2.6;eor
       7394;20191122;    1;   8.7;   3.2;    1;   0.0;   0;    0.000;   0;   8.0;   7.2;  936.39;    2.8;   96.00;    4.7;    0.8;    1.0;eor
       7394;20191123;    1;  10.3;   4.5;    1;   0.0;   0;    3.483;   0;   7.7;   7.8;  931.84;    5.0;   89.08;    7.7;    3.6;    3.1;eor
       7394;20191124;    1;   6.4;   3.1;    1;   0.0;   0;    0.000;   0;   8.0;   7.6;  935.47;    3.8;   94.96;    5.1;    2.0;    2.4;eor
       7394;20191125;    1;   7.0;   2.1;    1;   0.0;   6;    0.000;   0;   8.0;   7.0;  937.50;    2.1;   98.92;    3.2;    1.1;    1.5;eor
       7394;20191126;    1;   7.7;   3.8;    1;   0.0;   6;    0.000;   0;   8.0;   7.3;  935.79;    2.5;   98.96;    4.0;    1.1;    1.4;eor
       7394;20191127;    1;  10.0;   3.5;    1;   3.0;   6;    0.000;   0;   7.8;   7.7;  927.36;    3.5;   97.54;    5.2;    1.4;    1.6;eor
       7394;20191128;    1;  16.7;   7.0;    1;  23.8;   6;    0.000;   0;   7.2;   8.4;  925.37;    5.9;   89.67;    7.1;    4.3;    3.6;eor
       7394;20191129;    1;  15.2;   5.4;    1;   2.3;   8;    1.417;   0;   6.8;   6.8;  933.77;    3.5;   84.79;    6.2;    0.1;   -0.5;eor
       7394;20191130;    1;   7.7;   2.8;    1;   0.0;   7;    3.567;   0;   5.6;   5.2;  947.49;    0.5;   81.88;    2.3;   -2.2;   -4.9;eor
       7394;20191201;    1;   7.0;   2.3;    1;   0.0;   0;    0.150;   0;   7.3;   4.8;  945.09;   -1.9;   90.63;   -0.2;   -3.7;   -5.5;eor
       7394;20191202;    1;   8.9;   3.8;    1;   0.0;   8;    0.050;   0;   7.5;   5.0;  947.76;   -0.4;   83.46;    0.9;   -1.9;   -3.5;eor
       7394;20191203;    1;   7.8;   2.7;    1;   0.0;   8;    0.700;   0;   6.6;   5.5;  952.61;    0.2;   88.17;    2.2;   -3.3;   -4.1;eor
       7394;20191204;    1;   4.0;   1.4;    1;   0.0;   0;    3.283;   0;   5.2;   5.0;  949.30;   -2.0;   93.83;    0.7;   -3.6;   -5.1;eor
       7394;20191205;    1;   9.4;   3.2;    1;   0.0;   8;    2.483;   0;   6.6;   4.5;  947.17;   -3.3;   95.00;   -2.3;   -5.5;   -5.8;eor
       7394;20191206;    1;  11.5;   5.4;    1;   7.1;   8;    3.633;   1;   7.6;   4.7;  942.58;   -2.8;   94.54;   -0.2;   -4.3;   -4.0;eor
       7394;20191207;    1;  14.4;   5.3;    1;   1.0;   6;    0.000;   1;   7.3;   7.2;  940.01;    3.9;   89.33;    5.4;   -0.2;    0.1;eor
       7394;20191208;    1;  17.0;   6.6;    1;   6.8;   6;    0.017;   0;   7.3;   7.8;  935.77;    5.3;   86.83;    7.0;    4.0;    3.3;eor
       7394;20191209;    1;  17.7;   6.1;    1;   5.8;   8;    0.383;   0;   7.1;   7.0;  931.57;    3.9;   86.67;    5.6;    1.5;    1.0;eor
       7394;20191210;    1;  11.6;   4.4;    1;   0.0;   6;    0.083;   0;   5.3;   5.4;  948.26;    0.2;   86.54;    1.6;   -2.3;   -3.0;eor
       7394;20191211;    1;   9.9;   4.3;    1;   0.8;   8;    0.383;   0;   7.1;   4.5;  939.32;   -1.5;   82.46;   -0.3;   -2.7;   -3.4;eor
       7394;20191212;    1;   8.3;   3.6;    1;   0.7;   8;    0.000;   3;   7.7;   5.7;  929.76;   -0.3;   95.67;    0.4;   -1.5;   -1.6;eor
       7394;20191213;    1;  13.7;   4.5;    1;   8.3;   8;    0.000;   2;   7.3;   5.4;  913.03;   -0.4;   90.96;    1.3;   -1.7;   -3.3;eor
       7394;20191214;    1;  24.0;   8.2;    1;  10.8;   8;    0.167;   4;   7.0;   6.1;  921.84;    2.0;   86.67;    4.2;   -0.2;    0.1;eor
       7394;20191215;    1;  17.8;   5.0;    1;  14.0;   6;    0.000;   0;   7.3;   7.7;  932.95;    4.2;   93.04;    8.1;    1.8;   -0.1;eor
       7394;20191216;    1;   7.0;   2.3;    1;   0.0;   6;    6.133;   0;   7.2;   7.9;  937.95;    5.2;   89.33;    8.6;    1.3;   -0.8;eor
       7394;20191217;    1;   4.8;   1.4;    1;   0.0;   0;    2.483;   0;   7.5;   6.1;  937.15;    0.2;   98.00;    4.1;   -1.4;   -2.0;eor
       7394;20191218;    1;   7.8;   2.3;    1;   0.7;   6;    0.200;   0;   5.8;   8.0;  944.42;    5.5;   88.46;    8.2;    0.0;   -0.8;eor
       7394;20191219;    1;   8.9;   2.1;    1;   0.0;   0;    0.000;   0;   7.8;   7.0;  942.48;    1.9;   99.13;    4.1;   -0.2;   -1.2;eor
       7394;20191220;    1;  11.8;   1.9;    1;   2.5;   6;    0.233;   0;   7.8;   7.4;  925.96;    2.8;   98.29;    6.9;    0.8;    1.0;eor
       7394;20191221;    1;  10.0;   3.2;    1;   0.0;   6;    0.000;   0;   7.3;   7.6;  922.77;    3.7;   94.75;    5.7;    2.1;    2.1;eor
       7394;20191222;    1;  14.6;   4.2;    1;   5.2;   8;    0.000;   0;   7.6;   7.3;  918.30;    3.3;   94.38;    5.2;    2.1;    2.2;eor
       7394;20191223;    1;  16.0;   7.1;    1;   1.0;   6;    0.317;   0;   6.9;   6.9;  932.42;    3.9;   85.67;    4.7;    2.7;    0.9;eor
       7394;20191224;    1;  17.0;   6.0;    1;   5.4;   8;    0.533;   0;   6.9;   6.9;  939.34;    3.6;   87.38;    5.2;    1.8;    1.1;eor
       7394;20191225;    1;  15.9;   5.8;    1;   4.4;   8;    0.000;   0;   7.1;   7.1;  942.03;    3.8;   88.00;    5.0;    2.0;    0.9;eor
       7394;20191226;    1;   7.4;   2.4;    1;   0.0;   8;    0.000;   0;   7.8;   5.7;  949.74;    1.3;   84.54;    2.4;   -0.2;   -1.8;eor
       7394;20191227;    1;   9.1;   3.0;    1;   0.0;   8;    1.600;   0;   7.0;   5.2;  952.66;    0.4;   82.79;    2.3;   -1.2;   -2.7;eor
       7394;20191228;    1;   8.9;   3.0;    1;   0.0;   0;    0.033;   1;   7.3;   4.1;  963.37;   -2.2;   77.67;   -1.0;   -5.5;   -7.3;eor
