STATIONS_ID;MESS_DATUM;QN_3;  FX;  FM;QN_4; RSK;RSKF; SDK;SHK_TAG;  NM; VPM;  PM; TMK; UPM; TXK; TNK; TGK;eor
      13901;20180703;   10;   5.5;   1.7;-999;-999;-999;-999;-999;-999;-999;-999;-999;-999;-999;-999;-999;eor
      13901;20180704;   10;   7.7;   1.7;-999;-999;-999;-999;-999;-999;-999;-999;-999;-999;-999;-999;-999;eor
      13901;20180705;   10;   8.4;   2.1;-999;-999;-999;-999;-999;-999;-999;-999;-999;-999;-999;-999;-999;eor
      13901;20180706;   10;   9.3;   2.3;-999;-999;-999;-999;-999;-999;-999;-999;-999;-999;-999;-999;-999;eor
      13901;20180707;   10;   8.6;   2.3;-999;-999;-999;-999;-999;-999;-999;-999;-999;-999;-999;-999;-999;eor
      13901;20180708;   10;   9.6;   1.9;-999;-999;-999;-999;-999;-999;-999;-999;-999;-999;-999;-999;-999;eor
      13901;20180709;   10;   8.9;   2.4;-999;-999;-999;-999;-999;-999;-999;-999;-999;-999;-999;-999;-999;eor
      13901;20180710;   10;   8.6;   2.9;-999;-999;-999;-999;-999;-999;-999;-999;-999;-999;-999;-999;-999;eor
      13901;20180711;   10;   8.1;   1.7;-999;-999;-999;-999;-999;-999;-999;-999;-999;-999;-999;-999;-999;eor
      13901;20180712;   10;   8.8;   1.8;-999;-999;-999;-999;-999;-999;-999;-999;-999;-999;-999;-999;-999;eor
      13901;20180713;   10;   7.6;   1.6;-999;-999;-999;-999;-999;-999;-999;-999;-999;-999;-999;-999;-999;eor
      13901;20180714;   10;   6.4;   1.9;-999;-999;-999;-999;-999;-999;-999;-999;-999;-999;-999;-999;-999;eor
      13901;20180715;   10;   8.3;   1.8;-999;-999;-999;-999;-999;-999;-999;-999;-999;-999;-999;-999;-999;eor
      13901;20180716;   10;   6.0;   1.3;-999;-999;-999;-999;-999;-999;-999;-999;-999;-999;-999;-999;-999;eor
      13901;20180717;   10;  10.9;   2.6;-999;-999;-999;-999;-999;-999;-999;-999;-999;-999;-999;-999;-999;eor
      13901;20180718;   10;   5.7;   1.3;-999;-999;-999;-999;-999;-999;-999;-999;-999;-999;-999;-999;-999;eor
      13901;20180719;   10;   6.9;   1.4;-999;-999;-999;-999;-999;-999;-999;-999;-999;-999;-999;-999;-999;eor
      13901;20180720;   10;   9.8;   1.6;-999;-999;-999;-999;-999;-999;-999;-999;-999;-999;-999;-999;-999;eor
      13901;20180721;   10;   9.9;   1.7;-999;-999;-999;-999;-999;-999;-999;-999;-999;-999;-999;-999;-999;eor
      13901;20180722;   10;   9.1;   1.9;-999;-999;-999;-999;-999;-999;-999;-999;-999;-999;-999;-999;-999;eor
      13901;20180723;   10;   8.9;   1.4;-999;-999;-999;-999;-999;-999;-999;-999;-999;-999;-999;-999;-999;eor
      13901;20180724;   10;   6.2;   1.2;-999;-999;-999;-999;-999;-999;-999;-999;-999;-999;-999;-999;-999;eor
      13901;20180725;   10;   8.2;   1.7;-999;-999;-999;-999;-999;-999;-999;-999;-999;-999;-999;-999;-999;eor
      13901;20180726;   10;  12.1;   2.2;-999;-999;-999;-999;-999;-999;-999;-999;-999;-999;-999;-999;-999;eor
      13901;20180727;   10;   9.4;   2.5;-999;-999;-999;-999;-999;-999;-999;-999;-999;-999;-999;-999;-999;eor
      13901;20180728;   10;  12.8;   2.1;-999;-999;-999;-999;-999;-999;-999;-999;-999;-999;-999;-999;-999;eor
      13901;20180729;   10;   9.7;   2.6;-999;-999;-999;-999;-999;-999;-999;-999;-999;-999;-999;-999;-999;eor
      13901;20180730;   10;   7.6;   1.4;-999;-999;-999;-999;-999;-999;-999;-999;-999;-999;-999;-999;-999;eor
      13901;20180731;   10;  10.9;   2.6;-999;-999;-999;-999;-999;-999;-999;-999;-999;-999;-999;-999;-999;eor
      13901;20180801;   10;   5.0;   1.4;-999;-999;-999;-999;-999;-999;-999;-999;-999;-999;-999;-999;-999;eor
      13901;20180802;   10;   5.9;   1.6;-999;-999;-999;-999;-999;-999;-999;-999;-999;-999;-999;-999;-999;eor
      13901;20180803;   10;   6.6;   1.4;-999;-999;-999;-999;-999;-999;-999;-999;-999;-999;-999;-999;-999;eor
      13901;20180804;   10;   9.5;   2.2;-999;-999;-999;-999;-999;-999;-999;-999;-999;-999;-999;-999;-999;eor
      13901;20180805;   10;   6.5;   1.7;-999;-999;-999;-999;-999;-999;-999;-999;-999;-999;-999;-999;-999;eor
      13901;20180806;   10;   7.1;   1.4;-999;-999;-999;-999;-999;-999;-999;-999;-999;-999;-999;-999;-999;eor
      13901;20180807;   10;   7.4;   1.6;-999;-999;-999;-999;-999;-999;-999;-999;-999;-999;-999;-999;-999;eor
      13901;20180808;   10;  11.9;   2.7;-999;-999;-999;-999;-999;-999;-999;-999;-999;-999;-999;-999;-999;eor
      13901;20180809;   10;  15.6;   3.6;-999;-999;-999;-999;-999;-999;-999;-999;-999;-999;-999;-999;-999;eor
      13901;20180810;   10;  13.4;   4.5;-999;-999;-999;-999;-999;-999;-999;-999;-999;-999;-999;-999;-999;eor
      13901;20180811;   10;  13.1;   3.2;-999;-999;-999;-999;-999;-999;-999;-999;-999;-999;-999;-999;-999;eor
      13901;20180812;   10;   8.1;   1.8;-999;-999;-999;-999;-999;-999;-999;-999;-999;-999;-999;-999;-999;eor
      13901;20180813;   10;  13.6;   2.3;-999;-999;-999;-999;-999;-999;-999;-999;-999;-999;-999;-999;-999;eor
      13901;20180814;   10;  10.9;   3.7;-999;-999;-999;-999;-999;-999;-999;-999;-999;-999;-999;-999;-999;eor
      13901;20180815;   10;   6.7;   2.0;-999;-999;-999;-999;-999;-999;-999;-999;-999;-999;-999;-999;-999;eor
      13901;20180816;   10;   7.5;   1.8;-999;-999;-999;-999;-999;-999;-999;-999;-999;-999;-999;-999;-999;eor
      13901;20180817;   10;   6.1;   1.5;-999;-999;-999;-999;-999;-999;-999;-999;-999;-999;-999;-999;-999;eor
      13901;20180818;   10;   8.9;   2.1;-999;-999;-999;-999;-999;-999;-999;-999;-999;-999;-999;-999;-999;eor
      13901;20180819;   10;   9.2;   2.4;-999;-999;-999;-999;-999;-999;-999;-999;-999;-999;-999;-999;-999;eor
      13901;20180820;   10;   6.7;   2.3;-999;-999;-999;-999;-999;-999;-999;-999;-999;-999;-999;-999;-999;eor
      13901;20180821;   10;   5.3;   1.1;-999;-999;-999;-999;-999;-999;-999;-999;-999;-999;-999;-999;-999;eor
      13901;20180822;   10;   8.2;   1.6;-999;-999;-999;-999;-999;-999;-999;-999;-999;-999;-999;-999;-999;eor
      13901;20180823;   10;  10.6;   2.4;-999;-999;-999;-999;-999;-999;-999;-999;-999;-999;-999;-999;-999;eor
      13901;20180824;   10;  11.9;   3.4;-999;-999;-999;-999;-999;-999;-999;-999;-999;-999;-999;-999;-999;eor
      13901;20180825;   10;  13.5;   3.4;-999;-999;-999;-999;-999;-999;-999;-999;-999;-999;-999;-999;-999;eor
      13901;20180826;   10;  11.0;   2.4;-999;-999;-999;-999;-999;-999;-999;-999;-999;-999;-999;-999;-999;eor
      13901;20180827;   10;  13.2;   3.9;-999;-999;-999;-999;-999;-999;-999;-999;-999;-999;-999;-999;-999;eor
      13901;20180828;   10;   4.9;   1.6;-999;-999;-999;-999;-999;-999;-999;-999;-999;-999;-999;-999;-999;eor
      13901;20180829;   10;   9.9;   1.4;-999;-999;-999;-999;-999;-999;-999;-999;-999;-999;-999;-999;-999;eor
      13901;20180830;   10;   9.4;   3.0;-999;-999;-999;-999;-999;-999;-999;-999;-999;-999;-999;-999;-999;eor
      13901;20180831;   10;   6.7;   1.1;-999;-999;-999;-999;-999;-999;-999;-999;-999;-999;-999;-999;-999;eor
      13901;20180901;   10;   6.1;   1.1;-999;-999;-999;-999;-999;-999;-999;-999;-999;-999;-999;-999;-999;eor
      13901;20180902;   10;   9.4;   2.4;-999;-999;-999;-999;-999;-999;-999;-999;-999;-999;-999;-999;-999;eor
      13901;20180903;   10;   4.5;   1.1;-999;-999;-999;-999;-999;-999;-999;-999;-999;-999;-999;-999;-999;eor
      13901;20180904;   10;   7.2;   1.0;-999;-999;-999;-999;-999;-999;-999;-999;-999;-999;-999;-999;-999;eor
      13901;20180905;   10;   5.2;   1.2;-999;-999;-999;-999;-999;-999;-999;-999;-999;-999;-999;-999;-999;eor
      13901;20180906;   10;   6.1;   1.2;-999;-999;-999;-999;-999;-999;-999;-999;-999;-999;-999;-999;-999;eor
      13901;20180907;   10;  12.6;   2.6;-999;-999;-999;-999;-999;-999;-999;-999;-999;-999;-999;-999;-999;eor
      13901;20180908;   10;   8.3;   2.5;-999;-999;-999;-999;-999;-999;-999;-999;-999;-999;-999;-999;-999;eor
      13901;20180909;   10;   8.3;   1.6;-999;-999;-999;-999;-999;-999;-999;-999;-999;-999;-999;-999;-999;eor
      13901;20180910;   10;   6.3;   1.6;-999;-999;-999;-999;-999;-999;-999;-999;-999;-999;-999;-999;-999;eor
      13901;20180911;   10;  13.3;   3.6;-999;-999;-999;-999;-999;-999;-999;-999;-999;-999;-999;-999;-999;eor
      13901;20180912;   10;   7.8;   2.4;-999;-999;-999;-999;-999;-999;-999;-999;-999;-999;-999;-999;-999;eor
      13901;20180913;   10;   4.6;   1.3;-999;-999;-999;-999;-999;-999;-999;-999;-999;-999;-999;-999;-999;eor
      13901;20180914;   10;   7.3;   1.4;-999;-999;-999;-999;-999;-999;-999;-999;-999;-999;-999;-999;-999;eor
      13901;20180915;   10;   8.7;   1.9;-999;-999;-999;-999;-999;-999;-999;-999;-999;-999;-999;-999;-999;eor
      13901;20180916;   10;   7.5;   1.3;-999;-999;-999;-999;-999;-999;-999;-999;-999;-999;-999;-999;-999;eor
      13901;20180917;   10;   6.4;   1.2;-999;-999;-999;-999;-999;-999;-999;-999;-999;-999;-999;-999;-999;eor
      13901;20180918;   10;  11.9;   2.4;-999;-999;-999;-999;-999;-999;-999;-999;-999;-999;-999;-999;-999;eor
      13901;20180919;   10;  11.0;   2.3;-999;-999;-999;-999;-999;-999;-999;-999;-999;-999;-999;-999;-999;eor
      13901;20180920;   10;  12.4;   2.4;-999;-999;-999;-999;-999;-999;-999;-999;-999;-999;-999;-999;-999;eor
      13901;20180921;   10;  15.6;   4.5;-999;-999;-999;-999;-999;-999;-999;-999;-999;-999;-999;-999;-999;eor
      13901;20180922;   10;  10.9;   3.3;-999;-999;-999;-999;-999;-999;-999;-999;-999;-999;-999;-999;-999;eor
      13901;20180923;   10;   9.2;   2.3;-999;-999;-999;-999;-999;-999;-999;-999;-999;-999;-999;-999;-999;eor
      13901;20180924;   10;  11.6;   2.8;-999;-999;-999;-999;-999;-999;-999;-999;-999;-999;-999;-999;-999;eor
      13901;20180925;   10;   3.6;   1.0;-999;-999;-999;-999;-999;-999;-999;-999;-999;-999;-999;-999;-999;eor
      13901;20180926;   10;   8.2;   1.7;-999;-999;-999;-999;-999;-999;-999;-999;-999;-999;-999;-999;-999;eor
      13901;20180927;   10;   5.8;   1.5;-999;-999;-999;-999;-999;-999;-999;-999;-999;-999;-999;-999;-999;eor
      13901;20180928;   10;   9.6;   1.7;-999;-999;-999;-999;-999;-999;-999;-999;-999;-999;-999;-999;-999;eor
      13901;20180929;   10;   5.6;   0.9;-999;-999;-999;-999;-999;-999;-999;-999;-999;-999;-999;-999;-999;eor
      13901;20180930;   10;   6.6;   1.2;-999;-999;-999;-999;-999;-999;-999;-999;-999;-999;-999;-999;-999;eor
      13901;20181001;   10;  12.6;   2.5;-999;-999;-999;-999;-999;-999;-999;-999;-999;-999;-999;-999;-999;eor
      13901;20181002;   10;  10.1;   3.2;-999;-999;-999;-999;-999;-999;-999;-999;-999;-999;-999;-999;-999;eor
      13901;20181003;   10;   9.5;   2.4;-999;-999;-999;-999;-999;-999;-999;-999;-999;-999;-999;-999;-999;eor
      13901;20181004;   10;   7.3;   1.9;-999;-999;-999;-999;-999;-999;-999;-999;-999;-999;-999;-999;-999;eor
      13901;20181005;   10;   4.9;   1.0;-999;-999;-999;-999;-999;-999;-999;-999;-999;-999;-999;-999;-999;eor
      13901;20181006;   10;   7.2;   1.1;-999;-999;-999;-999;-999;-999;-999;-999;-999;-999;-999;-999;-999;eor
      13901;20181007;   10;   9.3;   2.1;-999;-999;-999;-999;-999;-999;-999;-999;-999;-999;-999;-999;-999;eor
      13901;20181008;   10;   4.7;   0.9;-999;-999;-999;-999;-999;-999;-999;-999;-999;-999;-999;-999;-999;eor
      13901;20181009;   10;   3.5;   0.7;-999;-999;-999;-999;-999;-999;-999;-999;-999;-999;-999;-999;-999;eor
      13901;20181010;   10;   9.7;   1.9;-999;-999;-999;-999;-999;-999;-999;-999;-999;-999;-999;-999;-999;eor
      13901;20181011;   10;   5.7;   1.1;-999;-999;-999;-999;-999;-999;-999;-999;-999;-999;-999;-999;-999;eor
      13901;20181012;   10;   9.7;   2.5;-999;-999;-999;-999;-999;-999;-999;-999;-999;-999;-999;-999;-999;eor
      13901;20181013;   10;   8.6;   1.8;-999;-999;-999;-999;-999;-999;-999;-999;-999;-999;-999;-999;-999;eor
      13901;20181014;   10;  10.2;   1.9;-999;-999;-999;-999;-999;-999;-999;-999;-999;-999;-999;-999;-999;eor
      13901;20181015;   10;   7.0;   1.0;-999;-999;-999;-999;-999;-999;-999;-999;-999;-999;-999;-999;-999;eor
      13901;20181016;   10;   3.3;   0.9;-999;-999;-999;-999;-999;-999;-999;-999;-999;-999;-999;-999;-999;eor
      13901;20181017;   10;   4.5;   0.9;-999;-999;-999;-999;-999;-999;-999;-999;-999;-999;-999;-999;-999;eor
      13901;20181018;   10;   6.9;   1.5;-999;-999;-999;-999;-999;-999;-999;-999;-999;-999;-999;-999;-999;eor
      13901;20181019;   10;   4.9;   1.6;-999;-999;-999;-999;-999;-999;-999;-999;-999;-999;-999;-999;-999;eor
      13901;20181020;   10;   4.4;   0.7;-999;-999;-999;-999;-999;-999;-999;-999;-999;-999;-999;-999;-999;eor
      13901;20181021;   10;   4.8;   0.8;-999;-999;-999;-999;-999;-999;-999;-999;-999;-999;-999;-999;-999;eor
      13901;20181022;   10;   9.0;   1.6;-999;-999;-999;-999;-999;-999;-999;-999;-999;-999;-999;-999;-999;eor
      13901;20181023;   10;  11.7;   4.0;-999;-999;-999;-999;-999;-999;-999;-999;-999;-999;-999;-999;-999;eor
      13901;20181024;   10;  12.5;   4.0;-999;-999;-999;-999;-999;-999;-999;-999;-999;-999;-999;-999;-999;eor
      13901;20181025;   10;   8.3;   2.9;-999;-999;-999;-999;-999;-999;-999;-999;-999;-999;-999;-999;-999;eor
      13901;20181026;   10;  10.5;   3.3;-999;-999;-999;-999;-999;-999;-999;-999;-999;-999;-999;-999;-999;eor
      13901;20181027;   10;   7.3;   2.3;-999;-999;-999;-999;-999;-999;-999;-999;-999;-999;-999;-999;-999;eor
      13901;20181028;   10;   9.9;   3.1;-999;-999;-999;-999;-999;-999;-999;-999;-999;-999;-999;-999;-999;eor
      13901;20181029;   10;  10.8;   3.9;-999;-999;-999;-999;-999;-999;-999;-999;-999;-999;-999;-999;-999;eor
      13901;20181030;   10;  17.5;   4.6;-999;-999;-999;-999;-999;-999;-999;-999;-999;-999;-999;-999;-999;eor
      13901;20181031;   10;  11.7;   2.7;-999;-999;-999;-999;-999;-999;-999;-999;-999;-999;-999;-999;-999;eor
      13901;20181101;   10;   7.9;   1.3;-999;-999;-999;-999;-999;-999;-999;-999;-999;-999;-999;-999;-999;eor
      13901;20181102;   10;  10.9;   2.7;-999;-999;-999;-999;-999;-999;-999;-999;-999;-999;-999;-999;-999;eor
      13901;20181103;   10;   4.3;   1.0;-999;-999;-999;-999;-999;-999;-999;-999;-999;-999;-999;-999;-999;eor
      13901;20181104;   10;   3.2;   1.2;-999;-999;-999;-999;-999;-999;-999;-999;-999;-999;-999;-999;-999;eor
      13901;20181105;   10;   3.7;   0.9;-999;-999;-999;-999;-999;-999;-999;-999;-999;-999;-999;-999;-999;eor
      13901;20181106;   10;   3.5;   1.1;-999;-999;-999;-999;-999;-999;-999;-999;-999;-999;-999;-999;-999;eor
      13901;20181107;   10;   8.5;   1.9;-999;-999;-999;-999;-999;-999;-999;-999;-999;-999;-999;-999;-999;eor
      13901;20181108;   10;   6.9;   1.8;-999;-999;-999;-999;-999;-999;-999;-999;-999;-999;-999;-999;-999;eor
      13901;20181109;   10;   6.0;   1.2;-999;-999;-999;-999;-999;-999;-999;-999;-999;-999;-999;-999;-999;eor
      13901;20181110;   10;  11.0;   3.2;-999;-999;-999;-999;-999;-999;-999;-999;-999;-999;-999;-999;-999;eor
      13901;20181111;   10;  10.2;   3.7;-999;-999;-999;-999;-999;-999;-999;-999;-999;-999;-999;-999;-999;eor
      13901;20181112;   10;   5.0;   1.5;-999;-999;-999;-999;-999;-999;-999;-999;-999;-999;-999;-999;-999;eor
      13901;20181113;   10;  11.7;   3.3;-999;-999;-999;-999;-999;-999;-999;-999;-999;-999;-999;-999;-999;eor
      13901;20181114;   10;   6.6;   1.2;-999;-999;-999;-999;-999;-999;-999;-999;-999;-999;-999;-999;-999;eor
      13901;20181115;   10;   4.0;   1.1;-999;-999;-999;-999;-999;-999;-999;-999;-999;-999;-999;-999;-999;eor
      13901;20181116;   10;   4.9;   1.2;-999;-999;-999;-999;-999;-999;-999;-999;-999;-999;-999;-999;-999;eor
      13901;20181117;   10;   8.6;   2.6;-999;-999;-999;-999;-999;-999;-999;-999;-999;-999;-999;-999;-999;eor
      13901;20181118;   10;   7.3;   2.8;-999;-999;-999;-999;-999;-999;-999;-999;-999;-999;-999;-999;-999;eor
      13901;20181119;   10;  12.2;   4.6;-999;-999;-999;-999;-999;-999;-999;-999;-999;-999;-999;-999;-999;eor
      13901;20181120;   10;  12.8;   5.4;-999;-999;-999;-999;-999;-999;-999;-999;-999;-999;-999;-999;-999;eor
      13901;20181121;   10;   9.3;   3.3;-999;-999;-999;-999;-999;-999;-999;-999;-999;-999;-999;-999;-999;eor
      13901;20181122;   10;   5.3;   2.2;-999;-999;-999;-999;-999;-999;-999;-999;-999;-999;-999;-999;-999;eor
      13901;20181123;   10;   4.4;   1.4;-999;-999;-999;-999;-999;-999;-999;-999;-999;-999;-999;-999;-999;eor
      13901;20181124;   10;   5.1;   1.8;-999;-999;-999;-999;-999;-999;-999;-999;-999;-999;-999;-999;-999;eor
      13901;20181125;   10;   6.7;   1.8;-999;-999;-999;-999;-999;-999;-999;-999;-999;-999;-999;-999;-999;eor
      13901;20181126;   10;   8.1;   3.5;-999;-999;-999;-999;-999;-999;-999;-999;-999;-999;-999;-999;-999;eor
      13901;20181127;   10;   6.2;   1.9;-999;-999;-999;-999;-999;-999;-999;-999;-999;-999;-999;-999;-999;eor
      13901;20181128;   10;   8.9;   2.3;-999;-999;-999;-999;-999;-999;-999;-999;-999;-999;-999;-999;-999;eor
      13901;20181129;   10;  12.5;   3.2;-999;-999;-999;-999;-999;-999;-999;-999;-999;-999;-999;-999;-999;eor
      13901;20181130;   10;  10.0;   3.1;-999;-999;-999;-999;-999;-999;-999;-999;-999;-999;-999;-999;-999;eor
      13901;20181201;   10;  11.9;   3.6;-999;-999;-999;-999;-999;-999;-999;-999;-999;-999;-999;-999;-999;eor
      13901;20181202;   10;  10.6;   4.2;-999;-999;-999;-999;-999;-999;-999;-999;-999;-999;-999;-999;-999;eor
      13901;20181203;   10;  11.7;   4.4;-999;-999;-999;-999;-999;-999;-999;-999;-999;-999;-999;-999;-999;eor
      13901;20181204;   10;   7.0;   1.9;-999;-999;-999;-999;-999;-999;-999;-999;-999;-999;-999;-999;-999;eor
      13901;20181205;   10;   5.2;   1.3;-999;-999;-999;-999;-999;-999;-999;-999;-999;-999;-999;-999;-999;eor
      13901;20181206;   10;  11.8;   3.4;-999;-999;-999;-999;-999;-999;-999;-999;-999;-999;-999;-999;-999;eor
      13901;20181207;   10;  13.1;   5.2;-999;-999;-999;-999;-999;-999;-999;-999;-999;-999;-999;-999;-999;eor
      13901;20181208;   10;  18.4;   6.3;-999;-999;-999;-999;-999;-999;-999;-999;-999;-999;-999;-999;-999;eor
      13901;20181209;   10;  16.2;   5.4;-999;-999;-999;-999;-999;-999;-999;-999;-999;-999;-999;-999;-999;eor
      13901;20181210;   10;  13.3;   4.2;-999;-999;-999;-999;-999;-999;-999;-999;-999;-999;-999;-999;-999;eor
      13901;20181211;   10;   6.9;   2.7;-999;-999;-999;-999;-999;-999;-999;-999;-999;-999;-999;-999;-999;eor
      13901;20181212;   10;   5.7;   1.0;-999;-999;-999;-999;-999;-999;-999;-999;-999;-999;-999;-999;-999;eor
      13901;20181213;   10;  10.2;   3.4;-999;-999;-999;-999;-999;-999;-999;-999;-999;-999;-999;-999;-999;eor
      13901;20181214;   10;   7.1;   2.8;-999;-999;-999;-999;-999;-999;-999;-999;-999;-999;-999;-999;-999;eor
      13901;20181215;   10;   8.2;   1.9;-999;-999;-999;-999;-999;-999;-999;-999;-999;-999;-999;-999;-999;eor
      13901;20181216;   10;   6.4;   1.8;-999;-999;-999;-999;-999;-999;-999;-999;-999;-999;-999;-999;-999;eor
      13901;20181217;   10;   8.5;   2.3;-999;-999;-999;-999;-999;-999;-999;-999;-999;-999;-999;-999;-999;eor
      13901;20181218;   10;   9.0;   2.2;-999;-999;-999;-999;-999;-999;-999;-999;-999;-999;-999;-999;-999;eor
      13901;20181219;   10;  11.0;   2.8;-999;-999;-999;-999;-999;-999;-999;-999;-999;-999;-999;-999;-999;eor
      13901;20181220;   10;   9.9;   3.4;-999;-999;-999;-999;-999;-999;-999;-999;-999;-999;-999;-999;-999;eor
      13901;20181221;   10;  17.5;   5.7;-999;-999;-999;-999;-999;-999;-999;-999;-999;-999;-999;-999;-999;eor
      13901;20181222;   10;  12.9;   4.5;-999;-999;-999;-999;-999;-999;-999;-999;-999;-999;-999;-999;-999;eor
      13901;20181223;   10;   8.8;   2.7;-999;-999;-999;-999;-999;-999;-999;-999;-999;-999;-999;-999;-999;eor
      13901;20181224;   10;   6.8;   2.1;-999;-999;-999;-999;-999;-999;-999;-999;-999;-999;-999;-999;-999;eor
      13901;20181225;   10;   8.3;   3.1;-999;-999;-999;-999;-999;-999;-999;-999;-999;-999;-999;-999;-999;eor
      13901;20181226;   10;   6.9;   2.1;-999;-999;-999;-999;-999;-999;-999;-999;-999;-999;-999;-999;-999;eor
      13901;20181227;   10;   2.5;   0.7;-999;-999;-999;-999;-999;-999;-999;-999;-999;-999;-999;-999;-999;eor
      13901;20181228;   10;   5.0;   1.7;-999;-999;-999;-999;-999;-999;-999;-999;-999;-999;-999;-999;-999;eor
      13901;20181229;   10;  14.6;   4.3;-999;-999;-999;-999;-999;-999;-999;-999;-999;-999;-999;-999;-999;eor
      13901;20181230;   10;  10.9;   3.6;-999;-999;-999;-999;-999;-999;-999;-999;-999;-999;-999;-999;-999;eor
      13901;20181231;   10;   8.5;   2.4;-999;-999;-999;-999;-999;-999;-999;-999;-999;-999;-999;-999;-999;eor
      13901;20190101;   10;  12.6;   5.0;-999;-999;-999;-999;-999;-999;-999;-999;-999;-999;-999;-999;-999;eor
      13901;20190102;   10;  11.3;   3.3;-999;-999;-999;-999;-999;-999;-999;-999;-999;-999;-999;-999;-999;eor
      13901;20190103;   10;   7.2;   2.2;-999;-999;-999;-999;-999;-999;-999;-999;-999;-999;-999;-999;-999;eor
      13901;20190104;   10;   7.6;   2.9;-999;-999;-999;-999;-999;-999;-999;-999;-999;-999;-999;-999;-999;eor
      13901;20190105;   10;  10.8;   4.6;-999;-999;-999;-999;-999;-999;-999;-999;-999;-999;-999;-999;-999;eor
      13901;20190106;   10;   8.4;   3.2;-999;-999;-999;-999;-999;-999;-999;-999;-999;-999;-999;-999;-999;eor
      13901;20190107;   10;  13.7;   3.7;-999;-999;-999;-999;-999;-999;-999;-999;-999;-999;-999;-999;-999;eor
      13901;20190108;   10;  18.4;   6.4;-999;-999;-999;-999;-999;-999;-999;-999;-999;-999;-999;-999;-999;eor
      13901;20190109;   10;  12.2;   3.7;-999;-999;-999;-999;-999;-999;-999;-999;-999;-999;-999;-999;-999;eor
      13901;20190110;   10;   5.7;   1.3;-999;-999;-999;-999;-999;-999;-999;-999;-999;-999;-999;-999;-999;eor
      13901;20190111;   10;  10.2;   3.4;-999;-999;-999;-999;-999;-999;-999;-999;-999;-999;-999;-999;-999;eor
      13901;20190112;   10;  11.3;   4.3;-999;-999;-999;-999;-999;-999;-999;-999;-999;-999;-999;-999;-999;eor
      13901;20190113;   10;  14.9;   5.5;-999;-999;-999;-999;-999;-999;-999;-999;-999;-999;-999;-999;-999;eor
      13901;20190114;   10;  13.1;   4.3;-999;-999;-999;-999;-999;-999;-999;-999;-999;-999;-999;-999;-999;eor
      13901;20190115;   10;  11.7;   4.8;-999;-999;-999;-999;-999;-999;-999;-999;-999;-999;-999;-999;-999;eor
      13901;20190116;   10;  12.5;   5.2;-999;-999;-999;-999;-999;-999;-999;-999;-999;-999;-999;-999;-999;eor
      13901;20190117;   10;  12.8;   4.3;-999;-999;-999;-999;-999;-999;-999;-999;-999;-999;-999;-999;-999;eor
      13901;20190118;   10;   5.4;   1.6;-999;-999;-999;-999;-999;-999;-999;-999;-999;-999;-999;-999;-999;eor
      13901;20190119;   10;   5.0;   1.8;-999;-999;-999;-999;-999;-999;-999;-999;-999;-999;-999;-999;-999;eor
      13901;20190120;   10;   3.5;   1.1;-999;-999;-999;-999;-999;-999;-999;-999;-999;-999;-999;-999;-999;eor
      13901;20190121;   10;   4.4;   1.1;-999;-999;-999;-999;-999;-999;-999;-999;-999;-999;-999;-999;-999;eor
      13901;20190122;   10;   9.1;   1.7;-999;-999;-999;-999;-999;-999;-999;-999;-999;-999;-999;-999;-999;eor
      13901;20190123;   10;   6.2;   2.1;-999;-999;-999;-999;-999;-999;-999;-999;-999;-999;-999;-999;-999;eor
      13901;20190124;   10;   4.0;   1.2;-999;-999;-999;-999;-999;-999;-999;-999;-999;-999;-999;-999;-999;eor
      13901;20190125;   10;  11.8;   2.4;-999;-999;-999;-999;-999;-999;-999;-999;-999;-999;-999;-999;-999;eor
      13901;20190126;   10;  12.3;   4.9;-999;-999;-999;-999;-999;-999;-999;-999;-999;-999;-999;-999;-999;eor
      13901;20190127;   10;  11.3;   4.3;-999;-999;-999;-999;-999;-999;-999;-999;-999;-999;-999;-999;-999;eor
      13901;20190128;   10;  13.4;   4.8;-999;-999;-999;-999;-999;-999;-999;-999;-999;-999;-999;-999;-999;eor
      13901;20190129;   10;   7.3;   2.7;-999;-999;-999;-999;-999;-999;-999;-999;-999;-999;-999;-999;-999;eor
      13901;20190130;   10;   6.0;   2.2;-999;-999;-999;-999;-999;-999;-999;-999;-999;-999;-999;-999;-999;eor
      13901;20190131;   10;   7.9;   1.8;-999;-999;-999;-999;-999;-999;-999;-999;-999;-999;-999;-999;-999;eor
      13901;20190201;   10;   6.2;   1.6;-999;-999;-999;-999;-999;-999;-999;-999;-999;-999;-999;-999;-999;eor
      13901;20190202;   10;   5.7;   1.2;-999;-999;-999;-999;-999;-999;-999;-999;-999;-999;-999;-999;-999;eor
      13901;20190203;   10;   6.3;   2.0;-999;-999;-999;-999;-999;-999;-999;-999;-999;-999;-999;-999;-999;eor
      13901;20190204;   10;  13.3;   3.5;-999;-999;-999;-999;-999;-999;-999;-999;-999;-999;-999;-999;-999;eor
      13901;20190205;   10;   8.1;   2.7;-999;-999;-999;-999;-999;-999;-999;-999;-999;-999;-999;-999;-999;eor
      13901;20190206;   10;   9.8;   2.3;-999;-999;-999;-999;-999;-999;-999;-999;-999;-999;-999;-999;-999;eor
      13901;20190207;   10;  13.4;   4.8;-999;-999;-999;-999;-999;-999;-999;-999;-999;-999;-999;-999;-999;eor
      13901;20190208;   10;  15.3;   5.2;-999;-999;-999;-999;-999;-999;-999;-999;-999;-999;-999;-999;-999;eor
      13901;20190209;   10;  18.6;   6.6;-999;-999;-999;-999;-999;-999;-999;-999;-999;-999;-999;-999;-999;eor
      13901;20190210;   10;  15.4;   4.9;-999;-999;-999;-999;-999;-999;-999;-999;-999;-999;-999;-999;-999;eor
      13901;20190211;   10;  12.0;   4.2;-999;-999;-999;-999;-999;-999;-999;-999;-999;-999;-999;-999;-999;eor
      13901;20190212;   10;   7.8;   3.1;-999;-999;-999;-999;-999;-999;-999;-999;-999;-999;-999;-999;-999;eor
      13901;20190213;   10;   7.5;   2.6;-999;-999;-999;-999;-999;-999;-999;-999;-999;-999;-999;-999;-999;eor
      13901;20190214;   10;   3.3;   0.9;-999;-999;-999;-999;-999;-999;-999;-999;-999;-999;-999;-999;-999;eor
      13901;20190215;   10;   6.6;   1.2;-999;-999;-999;-999;-999;-999;-999;-999;-999;-999;-999;-999;-999;eor
      13901;20190216;   10;   7.2;   1.1;-999;-999;-999;-999;-999;-999;-999;-999;-999;-999;-999;-999;-999;eor
      13901;20190217;   10;   4.7;   1.0;-999;-999;-999;-999;-999;-999;-999;-999;-999;-999;-999;-999;-999;eor
      13901;20190218;   10;   6.6;   1.4;-999;-999;-999;-999;-999;-999;-999;-999;-999;-999;-999;-999;-999;eor
      13901;20190219;   10;  11.1;   3.6;-999;-999;-999;-999;-999;-999;-999;-999;-999;-999;-999;-999;-999;eor
      13901;20190220;   10;   8.1;   1.8;-999;-999;-999;-999;-999;-999;-999;-999;-999;-999;-999;-999;-999;eor
      13901;20190221;   10;   9.5;   2.6;-999;-999;-999;-999;-999;-999;-999;-999;-999;-999;-999;-999;-999;eor
      13901;20190222;   10;   5.5;   1.6;-999;-999;-999;-999;-999;-999;-999;-999;-999;-999;-999;-999;-999;eor
      13901;20190223;   10;   5.4;   1.9;-999;-999;-999;-999;-999;-999;-999;-999;-999;-999;-999;-999;-999;eor
      13901;20190224;   10;   4.3;   1.1;-999;-999;-999;-999;-999;-999;-999;-999;-999;-999;-999;-999;-999;eor
      13901;20190225;   10;   4.3;   1.1;-999;-999;-999;-999;-999;-999;-999;-999;-999;-999;-999;-999;-999;eor
      13901;20190226;   10;   3.4;   0.9;-999;-999;-999;-999;-999;-999;-999;-999;-999;-999;-999;-999;-999;eor
      13901;20190227;   10;   4.2;   1.2;-999;-999;-999;-999;-999;-999;-999;-999;-999;-999;-999;-999;-999;eor
      13901;20190228;   10;  12.4;   3.3;-999;-999;-999;-999;-999;-999;-999;-999;-999;-999;-999;-999;-999;eor
      13901;20190301;   10;   8.6;   2.9;-999;-999;-999;-999;-999;-999;-999;-999;-999;-999;-999;-999;-999;eor
      13901;20190302;   10;  13.0;   2.8;-999;-999;-999;-999;-999;-999;-999;-999;-999;-999;-999;-999;-999;eor
      13901;20190303;   10;  14.7;   5.4;-999;-999;-999;-999;-999;-999;-999;-999;-999;-999;-999;-999;-999;eor
      13901;20190304;   10;  20.3;   6.6;-999;-999;-999;-999;-999;-999;-999;-999;-999;-999;-999;-999;-999;eor
      13901;20190305;   10;  16.0;   5.0;-999;-999;-999;-999;-999;-999;-999;-999;-999;-999;-999;-999;-999;eor
      13901;20190306;   10;  12.6;   3.9;-999;-999;-999;-999;-999;-999;-999;-999;-999;-999;-999;-999;-999;eor
      13901;20190307;   10;  20.1;   5.9;-999;-999;-999;-999;-999;-999;-999;-999;-999;-999;-999;-999;-999;eor
      13901;20190308;   10;  16.0;   5.4;-999;-999;-999;-999;-999;-999;-999;-999;-999;-999;-999;-999;-999;eor
      13901;20190309;   10;  25.7;   6.2;-999;-999;-999;-999;-999;-999;-999;-999;-999;-999;-999;-999;-999;eor
      13901;20190310;   10;  24.8;   5.0;-999;-999;-999;-999;-999;-999;-999;-999;-999;-999;-999;-999;-999;eor
      13901;20190311;   10;  17.6;   5.7;-999;-999;-999;-999;-999;-999;-999;-999;-999;-999;-999;-999;-999;eor
      13901;20190312;   10;  19.1;   5.1;-999;-999;-999;-999;-999;-999;-999;-999;-999;-999;-999;-999;-999;eor
      13901;20190313;   10;  19.1;   6.4;-999;-999;-999;-999;-999;-999;-999;-999;-999;-999;-999;-999;-999;eor
      13901;20190314;   10;  16.5;   5.7;-999;-999;-999;-999;-999;-999;-999;-999;-999;-999;-999;-999;-999;eor
      13901;20190315;   10;  18.7;   5.0;-999;-999;-999;-999;-999;-999;-999;-999;-999;-999;-999;-999;-999;eor
      13901;20190316;   10;  17.2;   5.5;-999;-999;-999;-999;-999;-999;-999;-999;-999;-999;-999;-999;-999;eor
      13901;20190317;   10;  17.6;   5.6;-999;-999;-999;-999;-999;-999;-999;-999;-999;-999;-999;-999;-999;eor
      13901;20190318;   10;  12.1;   4.1;-999;-999;-999;-999;-999;-999;-999;-999;-999;-999;-999;-999;-999;eor
      13901;20190319;   10;   6.8;   1.7;-999;-999;-999;-999;-999;-999;-999;-999;-999;-999;-999;-999;-999;eor
      13901;20190320;   10;   8.2;   1.9;-999;-999;-999;-999;-999;-999;-999;-999;-999;-999;-999;-999;-999;eor
      13901;20190321;   10;   6.0;   1.3;-999;-999;-999;-999;-999;-999;-999;-999;-999;-999;-999;-999;-999;eor
      13901;20190322;   10;   5.8;   1.3;-999;-999;-999;-999;-999;-999;-999;-999;-999;-999;-999;-999;-999;eor
      13901;20190323;   10;   7.1;   2.0;-999;-999;-999;-999;-999;-999;-999;-999;-999;-999;-999;-999;-999;eor
      13901;20190324;   10;   7.7;   2.1;-999;-999;-999;-999;-999;-999;-999;-999;-999;-999;-999;-999;-999;eor
      13901;20190325;   10;  16.1;   4.6;-999;-999;-999;-999;-999;-999;-999;-999;-999;-999;-999;-999;-999;eor
      13901;20190326;   10;   8.8;   2.8;-999;-999;-999;-999;-999;-999;-999;-999;-999;-999;-999;-999;-999;eor
      13901;20190327;   10;   5.8;   1.6;-999;-999;-999;-999;-999;-999;-999;-999;-999;-999;-999;-999;-999;eor
      13901;20190328;   10;   3.3;   1.0;-999;-999;-999;-999;-999;-999;-999;-999;-999;-999;-999;-999;-999;eor
      13901;20190329;   10;   8.5;   1.1;-999;-999;-999;-999;-999;-999;-999;-999;-999;-999;-999;-999;-999;eor
      13901;20190330;   10;   9.3;   1.9;-999;-999;-999;-999;-999;-999;-999;-999;-999;-999;-999;-999;-999;eor
      13901;20190331;   10;   7.9;   2.7;-999;-999;-999;-999;-999;-999;-999;-999;-999;-999;-999;-999;-999;eor
      13901;20190401;   10;   8.8;   2.8;-999;-999;-999;-999;-999;-999;-999;-999;-999;-999;-999;-999;-999;eor
      13901;20190402;   10;  11.3;   2.2;-999;-999;-999;-999;-999;-999;-999;-999;-999;-999;-999;-999;-999;eor
      13901;20190403;   10;   6.5;   1.8;-999;-999;-999;-999;-999;-999;-999;-999;-999;-999;-999;-999;-999;eor
      13901;20190404;   10;   4.1;   1.1;-999;-999;-999;-999;-999;-999;-999;-999;-999;-999;-999;-999;-999;eor
      13901;20190405;   10;   4.9;   1.6;-999;-999;-999;-999;-999;-999;-999;-999;-999;-999;-999;-999;-999;eor
      13901;20190406;   10;   6.8;   2.2;-999;-999;-999;-999;-999;-999;-999;-999;-999;-999;-999;-999;-999;eor
      13901;20190407;   10;  11.3;   2.5;-999;-999;-999;-999;-999;-999;-999;-999;-999;-999;-999;-999;-999;eor
      13901;20190408;   10;   7.6;   1.8;-999;-999;-999;-999;-999;-999;-999;-999;-999;-999;-999;-999;-999;eor
      13901;20190409;   10;  10.1;   3.6;-999;-999;-999;-999;-999;-999;-999;-999;-999;-999;-999;-999;-999;eor
      13901;20190410;   10;  10.0;   3.4;-999;-999;-999;-999;-999;-999;-999;-999;-999;-999;-999;-999;-999;eor
      13901;20190411;   10;   8.8;   2.6;-999;-999;-999;-999;-999;-999;-999;-999;-999;-999;-999;-999;-999;eor
      13901;20190412;   10;   9.2;   2.7;-999;-999;-999;-999;-999;-999;-999;-999;-999;-999;-999;-999;-999;eor
      13901;20190413;   10;  10.6;   2.2;-999;-999;-999;-999;-999;-999;-999;-999;-999;-999;-999;-999;-999;eor
      13901;20190414;   10;   8.8;   3.6;-999;-999;-999;-999;-999;-999;-999;-999;-999;-999;-999;-999;-999;eor
      13901;20190415;   10;  12.4;   4.2;-999;-999;-999;-999;-999;-999;-999;-999;-999;-999;-999;-999;-999;eor
      13901;20190416;   10;   8.7;   3.3;-999;-999;-999;-999;-999;-999;-999;-999;-999;-999;-999;-999;-999;eor
      13901;20190417;   10;   8.1;   2.0;-999;-999;-999;-999;-999;-999;-999;-999;-999;-999;-999;-999;-999;eor
      13901;20190418;   10;  12.5;   3.9;-999;-999;-999;-999;-999;-999;-999;-999;-999;-999;-999;-999;-999;eor
      13901;20190419;   10;   9.9;   2.5;-999;-999;-999;-999;-999;-999;-999;-999;-999;-999;-999;-999;-999;eor
      13901;20190420;   10;   9.7;   2.2;-999;-999;-999;-999;-999;-999;-999;-999;-999;-999;-999;-999;-999;eor
      13901;20190421;   10;   7.2;   1.7;-999;-999;-999;-999;-999;-999;-999;-999;-999;-999;-999;-999;-999;eor
      13901;20190422;   10;  13.7;   4.0;-999;-999;-999;-999;-999;-999;-999;-999;-999;-999;-999;-999;-999;eor
      13901;20190423;   10;  13.3;   4.8;-999;-999;-999;-999;-999;-999;-999;-999;-999;-999;-999;-999;-999;eor
      13901;20190424;   10;  18.1;   2.9;-999;-999;-999;-999;-999;-999;-999;-999;-999;-999;-999;-999;-999;eor
      13901;20190425;   10;  13.0;   3.1;-999;-999;-999;-999;-999;-999;-999;-999;-999;-999;-999;-999;-999;eor
      13901;20190426;   10;   6.6;   1.8;-999;-999;-999;-999;-999;-999;-999;-999;-999;-999;-999;-999;-999;eor
      13901;20190427;   10;  11.0;   2.1;-999;-999;-999;-999;-999;-999;-999;-999;-999;-999;-999;-999;-999;eor
      13901;20190428;   10;   6.0;   1.7;-999;-999;-999;-999;-999;-999;-999;-999;-999;-999;-999;-999;-999;eor
      13901;20190429;   10;   8.7;   1.9;-999;-999;-999;-999;-999;-999;-999;-999;-999;-999;-999;-999;-999;eor
      13901;20190430;   10;   6.6;   1.9;-999;-999;-999;-999;-999;-999;-999;-999;-999;-999;-999;-999;-999;eor
      13901;20190501;   10;   6.1;   1.5;-999;-999;-999;-999;-999;-999;-999;-999;-999;-999;-999;-999;-999;eor
      13901;20190502;   10;   8.4;   2.4;-999;-999;-999;-999;-999;-999;-999;-999;-999;-999;-999;-999;-999;eor
      13901;20190503;   10;   9.2;   2.8;-999;-999;-999;-999;-999;-999;-999;-999;-999;-999;-999;-999;-999;eor
      13901;20190504;   10;  13.0;   2.3;-999;-999;-999;-999;-999;-999;-999;-999;-999;-999;-999;-999;-999;eor
      13901;20190505;   10;   9.4;   2.4;-999;-999;-999;-999;-999;-999;-999;-999;-999;-999;-999;-999;-999;eor
      13901;20190506;   10;   9.8;   2.8;-999;-999;-999;-999;-999;-999;-999;-999;-999;-999;-999;-999;-999;eor
      13901;20190507;   10;   6.9;   1.2;-999;-999;-999;-999;-999;-999;-999;-999;-999;-999;-999;-999;-999;eor
      13901;20190508;   10;   8.4;   2.3;-999;-999;-999;-999;-999;-999;-999;-999;-999;-999;-999;-999;-999;eor
      13901;20190509;   10;   7.8;   2.0;-999;-999;-999;-999;-999;-999;-999;-999;-999;-999;-999;-999;-999;eor
      13901;20190510;   10;   8.4;   2.3;-999;-999;-999;-999;-999;-999;-999;-999;-999;-999;-999;-999;-999;eor
      13901;20190511;   10;   9.8;   2.5;-999;-999;-999;-999;-999;-999;-999;-999;-999;-999;-999;-999;-999;eor
      13901;20190512;   10;   7.9;   2.0;-999;-999;-999;-999;-999;-999;-999;-999;-999;-999;-999;-999;-999;eor
      13901;20190513;   10;   8.8;   1.9;-999;-999;-999;-999;-999;-999;-999;-999;-999;-999;-999;-999;-999;eor
      13901;20190514;   10;   9.2;   2.2;-999;-999;-999;-999;-999;-999;-999;-999;-999;-999;-999;-999;-999;eor
      13901;20190515;   10;  11.9;   2.8;-999;-999;-999;-999;-999;-999;-999;-999;-999;-999;-999;-999;-999;eor
      13901;20190516;   10;   8.0;   2.4;-999;-999;-999;-999;-999;-999;-999;-999;-999;-999;-999;-999;-999;eor
      13901;20190517;   10;   6.9;   2.3;-999;-999;-999;-999;-999;-999;-999;-999;-999;-999;-999;-999;-999;eor
      13901;20190518;   10;   6.9;   1.4;-999;-999;-999;-999;-999;-999;-999;-999;-999;-999;-999;-999;-999;eor
      13901;20190519;   10;   9.2;   1.5;-999;-999;-999;-999;-999;-999;-999;-999;-999;-999;-999;-999;-999;eor
      13901;20190520;   10;   8.9;   2.7;-999;-999;-999;-999;-999;-999;-999;-999;-999;-999;-999;-999;-999;eor
      13901;20190521;   10;  12.3;   3.8;-999;-999;-999;-999;-999;-999;-999;-999;-999;-999;-999;-999;-999;eor
      13901;20190522;   10;   9.1;   2.5;-999;-999;-999;-999;-999;-999;-999;-999;-999;-999;-999;-999;-999;eor
      13901;20190523;   10;   7.9;   1.6;-999;-999;-999;-999;-999;-999;-999;-999;-999;-999;-999;-999;-999;eor
      13901;20190524;   10;   9.7;   2.5;-999;-999;-999;-999;-999;-999;-999;-999;-999;-999;-999;-999;-999;eor
      13901;20190525;   10;   6.3;   1.4;-999;-999;-999;-999;-999;-999;-999;-999;-999;-999;-999;-999;-999;eor
      13901;20190526;   10;  11.8;   3.2;-999;-999;-999;-999;-999;-999;-999;-999;-999;-999;-999;-999;-999;eor
      13901;20190527;   10;   9.0;   2.8;-999;-999;-999;-999;-999;-999;-999;-999;-999;-999;-999;-999;-999;eor
      13901;20190528;   10;   8.8;   1.4;-999;-999;-999;-999;-999;-999;-999;-999;-999;-999;-999;-999;-999;eor
      13901;20190529;   10;   6.8;   1.6;-999;-999;-999;-999;-999;-999;-999;-999;-999;-999;-999;-999;-999;eor
      13901;20190530;   10;  10.6;   2.7;-999;-999;-999;-999;-999;-999;-999;-999;-999;-999;-999;-999;-999;eor
      13901;20190531;   10;   8.3;   2.8;-999;-999;-999;-999;-999;-999;-999;-999;-999;-999;-999;-999;-999;eor
      13901;20190601;   10;   6.8;   1.6;-999;-999;-999;-999;-999;-999;-999;-999;-999;-999;-999;-999;-999;eor
      13901;20190602;   10;  11.4;   2.4;-999;-999;-999;-999;-999;-999;-999;-999;-999;-999;-999;-999;-999;eor
      13901;20190603;   10;   9.5;   2.0;-999;-999;-999;-999;-999;-999;-999;-999;-999;-999;-999;-999;-999;eor
      13901;20190604;   10;  15.7;   2.2;-999;-999;-999;-999;-999;-999;-999;-999;-999;-999;-999;-999;-999;eor
      13901;20190605;   10;  15.4;   1.6;-999;-999;-999;-999;-999;-999;-999;-999;-999;-999;-999;-999;-999;eor
      13901;20190606;   10;  11.8;   2.8;-999;-999;-999;-999;-999;-999;-999;-999;-999;-999;-999;-999;-999;eor
      13901;20190607;   10;  16.5;   3.5;-999;-999;-999;-999;-999;-999;-999;-999;-999;-999;-999;-999;-999;eor
      13901;20190608;   10;  17.1;   5.9;-999;-999;-999;-999;-999;-999;-999;-999;-999;-999;-999;-999;-999;eor
      13901;20190609;   10;   6.4;   1.8;-999;-999;-999;-999;-999;-999;-999;-999;-999;-999;-999;-999;-999;eor
      13901;20190610;   10;   7.8;   1.3;-999;-999;-999;-999;-999;-999;-999;-999;-999;-999;-999;-999;-999;eor
      13901;20190611;   10;   6.7;   1.8;-999;-999;-999;-999;-999;-999;-999;-999;-999;-999;-999;-999;-999;eor
      13901;20190612;   10;  12.8;   2.1;-999;-999;-999;-999;-999;-999;-999;-999;-999;-999;-999;-999;-999;eor
      13901;20190613;   10;  12.3;   2.9;-999;-999;-999;-999;-999;-999;-999;-999;-999;-999;-999;-999;-999;eor
      13901;20190614;   10;   5.8;   1.7;-999;-999;-999;-999;-999;-999;-999;-999;-999;-999;-999;-999;-999;eor
      13901;20190615;   10;  11.1;   2.3;-999;-999;-999;-999;-999;-999;-999;-999;-999;-999;-999;-999;-999;eor
      13901;20190616;   10;   8.5;   1.9;-999;-999;-999;-999;-999;-999;-999;-999;-999;-999;-999;-999;-999;eor
      13901;20190617;   10;   5.3;   1.4;-999;-999;-999;-999;-999;-999;-999;-999;-999;-999;-999;-999;-999;eor
      13901;20190618;   10;   5.7;   1.1;-999;-999;-999;-999;-999;-999;-999;-999;-999;-999;-999;-999;-999;eor
      13901;20190619;   10;  21.4;   2.3;-999;-999;-999;-999;-999;-999;-999;-999;-999;-999;-999;-999;-999;eor
      13901;20190620;   10;   7.9;   2.2;-999;-999;-999;-999;-999;-999;-999;-999;-999;-999;-999;-999;-999;eor
      13901;20190621;   10;   7.4;   2.0;-999;-999;-999;-999;-999;-999;-999;-999;-999;-999;-999;-999;-999;eor
      13901;20190622;   10;   8.6;   2.5;-999;-999;-999;-999;-999;-999;-999;-999;-999;-999;-999;-999;-999;eor
      13901;20190623;   10;  10.0;   2.9;-999;-999;-999;-999;-999;-999;-999;-999;-999;-999;-999;-999;-999;eor
      13901;20190624;   10;   8.1;   2.7;-999;-999;-999;-999;-999;-999;-999;-999;-999;-999;-999;-999;-999;eor
      13901;20190625;   10;   8.7;   2.3;-999;-999;-999;-999;-999;-999;-999;-999;-999;-999;-999;-999;-999;eor
      13901;20190626;   10;   7.7;   2.6;-999;-999;-999;-999;-999;-999;-999;-999;-999;-999;-999;-999;-999;eor
      13901;20190627;   10;   7.2;   2.3;-999;-999;-999;-999;-999;-999;-999;-999;-999;-999;-999;-999;-999;eor
      13901;20190628;   10;   5.8;   1.9;-999;-999;-999;-999;-999;-999;-999;-999;-999;-999;-999;-999;-999;eor
      13901;20190629;   10;   5.9;   1.4;-999;-999;-999;-999;-999;-999;-999;-999;-999;-999;-999;-999;-999;eor
      13901;20190630;   10;  12.2;   2.7;-999;-999;-999;-999;-999;-999;-999;-999;-999;-999;-999;-999;-999;eor
      13901;20190701;   10;  12.6;   3.4;-999;-999;-999;-999;-999;-999;-999;-999;-999;-999;-999;-999;-999;eor
      13901;20190702;   10;   9.3;   2.3;-999;-999;-999;-999;-999;-999;-999;-999;-999;-999;-999;-999;-999;eor
      13901;20190703;   10;   8.8;   2.1;-999;-999;-999;-999;-999;-999;-999;-999;-999;-999;-999;-999;-999;eor
      13901;20190704;   10;   5.7;   1.4;-999;-999;-999;-999;-999;-999;-999;-999;-999;-999;-999;-999;-999;eor
      13901;20190705;   10;  12.3;   3.0;-999;-999;-999;-999;-999;-999;-999;-999;-999;-999;-999;-999;-999;eor
      13901;20190706;   10;  10.7;   2.7;-999;-999;-999;-999;-999;-999;-999;-999;-999;-999;-999;-999;-999;eor
      13901;20190707;   10;   9.6;   2.5;-999;-999;-999;-999;-999;-999;-999;-999;-999;-999;-999;-999;-999;eor
      13901;20190708;   10;   9.5;   2.3;-999;-999;-999;-999;-999;-999;-999;-999;-999;-999;-999;-999;-999;eor
      13901;20190709;   10;   7.4;   2.2;-999;-999;-999;-999;-999;-999;-999;-999;-999;-999;-999;-999;-999;eor
      13901;20190710;   10;   6.5;   1.4;-999;-999;-999;-999;-999;-999;-999;-999;-999;-999;-999;-999;-999;eor
      13901;20190711;   10;  15.9;   1.6;-999;-999;-999;-999;-999;-999;-999;-999;-999;-999;-999;-999;-999;eor
      13901;20190712;   10;  10.6;   1.9;-999;-999;-999;-999;-999;-999;-999;-999;-999;-999;-999;-999;-999;eor
      13901;20190713;   10;   8.2;   2.7;-999;-999;-999;-999;-999;-999;-999;-999;-999;-999;-999;-999;-999;eor
      13901;20190714;   10;   7.0;   2.2;-999;-999;-999;-999;-999;-999;-999;-999;-999;-999;-999;-999;-999;eor
      13901;20190715;   10;   6.1;   1.9;-999;-999;-999;-999;-999;-999;-999;-999;-999;-999;-999;-999;-999;eor
      13901;20190716;   10;   5.5;   1.6;-999;-999;-999;-999;-999;-999;-999;-999;-999;-999;-999;-999;-999;eor
      13901;20190717;   10;   5.3;   1.2;-999;-999;-999;-999;-999;-999;-999;-999;-999;-999;-999;-999;-999;eor
      13901;20190718;   10;   9.6;   2.1;-999;-999;-999;-999;-999;-999;-999;-999;-999;-999;-999;-999;-999;eor
      13901;20190719;   10;   7.6;   1.9;-999;-999;-999;-999;-999;-999;-999;-999;-999;-999;-999;-999;-999;eor
      13901;20190720;   10;  18.0;   2.1;-999;-999;-999;-999;-999;-999;-999;-999;-999;-999;-999;-999;-999;eor
      13901;20190721;   10;   7.6;   2.2;-999;-999;-999;-999;-999;-999;-999;-999;-999;-999;-999;-999;-999;eor
      13901;20190722;   10;   8.8;   2.1;-999;-999;-999;-999;-999;-999;-999;-999;-999;-999;-999;-999;-999;eor
      13901;20190723;   10;   5.9;   1.6;-999;-999;-999;-999;-999;-999;-999;-999;-999;-999;-999;-999;-999;eor
      13901;20190724;   10;   6.1;   1.3;-999;-999;-999;-999;-999;-999;-999;-999;-999;-999;-999;-999;-999;eor
      13901;20190725;   10;   7.0;   1.7;-999;-999;-999;-999;-999;-999;-999;-999;-999;-999;-999;-999;-999;eor
      13901;20190726;   10;  10.6;   3.0;-999;-999;-999;-999;-999;-999;-999;-999;-999;-999;-999;-999;-999;eor
      13901;20190727;   10;   9.5;   3.0;-999;-999;-999;-999;-999;-999;-999;-999;-999;-999;-999;-999;-999;eor
      13901;20190728;   10;   8.6;   2.3;-999;-999;-999;-999;-999;-999;-999;-999;-999;-999;-999;-999;-999;eor
      13901;20190729;   10;   6.4;   2.0;-999;-999;-999;-999;-999;-999;-999;-999;-999;-999;-999;-999;-999;eor
      13901;20190730;   10;  10.0;   1.9;-999;-999;-999;-999;-999;-999;-999;-999;-999;-999;-999;-999;-999;eor
      13901;20190731;   10;  11.8;   2.6;-999;-999;-999;-999;-999;-999;-999;-999;-999;-999;-999;-999;-999;eor
      13901;20190801;    3;   8.5;   2.0;-999;-999;-999;-999;-999;-999;-999;-999;-999;-999;-999;-999;-999;eor
      13901;20190802;    3;   8.1;   1.8;-999;-999;-999;-999;-999;-999;-999;-999;-999;-999;-999;-999;-999;eor
      13901;20190803;    3;   7.5;   2.1;-999;-999;-999;-999;-999;-999;-999;-999;-999;-999;-999;-999;-999;eor
      13901;20190804;    3;   4.7;   1.0;-999;-999;-999;-999;-999;-999;-999;-999;-999;-999;-999;-999;-999;eor
      13901;20190805;    3;  12.0;   2.4;-999;-999;-999;-999;-999;-999;-999;-999;-999;-999;-999;-999;-999;eor
      13901;20190806;    3;  10.0;   2.4;-999;-999;-999;-999;-999;-999;-999;-999;-999;-999;-999;-999;-999;eor
      13901;20190807;    3;  11.6;   3.1;-999;-999;-999;-999;-999;-999;-999;-999;-999;-999;-999;-999;-999;eor
      13901;20190808;    3;   9.7;   2.6;-999;-999;-999;-999;-999;-999;-999;-999;-999;-999;-999;-999;-999;eor
      13901;20190809;    3;  10.6;   2.1;-999;-999;-999;-999;-999;-999;-999;-999;-999;-999;-999;-999;-999;eor
      13901;20190810;    3;  13.9;   4.9;-999;-999;-999;-999;-999;-999;-999;-999;-999;-999;-999;-999;-999;eor
      13901;20190811;    3;   8.7;   2.9;-999;-999;-999;-999;-999;-999;-999;-999;-999;-999;-999;-999;-999;eor
      13901;20190812;    3;  11.2;   2.4;-999;-999;-999;-999;-999;-999;-999;-999;-999;-999;-999;-999;-999;eor
      13901;20190813;    3;  14.8;   2.9;-999;-999;-999;-999;-999;-999;-999;-999;-999;-999;-999;-999;-999;eor
      13901;20190814;    3;   8.0;   2.1;-999;-999;-999;-999;-999;-999;-999;-999;-999;-999;-999;-999;-999;eor
      13901;20190815;    3;  11.5;   3.3;-999;-999;-999;-999;-999;-999;-999;-999;-999;-999;-999;-999;-999;eor
      13901;20190816;    3;   9.7;   2.3;-999;-999;-999;-999;-999;-999;-999;-999;-999;-999;-999;-999;-999;eor
      13901;20190817;    3;  12.2;   3.1;-999;-999;-999;-999;-999;-999;-999;-999;-999;-999;-999;-999;-999;eor
      13901;20190818;    3;   6.3;   1.8;-999;-999;-999;-999;-999;-999;-999;-999;-999;-999;-999;-999;-999;eor
      13901;20190819;    3;  10.5;   2.8;-999;-999;-999;-999;-999;-999;-999;-999;-999;-999;-999;-999;-999;eor
      13901;20190820;    3;   8.9;   2.1;-999;-999;-999;-999;-999;-999;-999;-999;-999;-999;-999;-999;-999;eor
      13901;20190821;    3;   4.9;   1.1;-999;-999;-999;-999;-999;-999;-999;-999;-999;-999;-999;-999;-999;eor
      13901;20190822;    3;   8.9;   1.5;-999;-999;-999;-999;-999;-999;-999;-999;-999;-999;-999;-999;-999;eor
      13901;20190823;    3;   5.1;   1.1;-999;-999;-999;-999;-999;-999;-999;-999;-999;-999;-999;-999;-999;eor
      13901;20190824;    3;   7.4;   1.6;-999;-999;-999;-999;-999;-999;-999;-999;-999;-999;-999;-999;-999;eor
      13901;20190825;    3;   4.3;   1.0;-999;-999;-999;-999;-999;-999;-999;-999;-999;-999;-999;-999;-999;eor
      13901;20190826;    3;   8.2;   1.3;-999;-999;-999;-999;-999;-999;-999;-999;-999;-999;-999;-999;-999;eor
      13901;20190827;    3;   9.3;   1.3;-999;-999;-999;-999;-999;-999;-999;-999;-999;-999;-999;-999;-999;eor
      13901;20190828;    3;   7.9;   1.6;-999;-999;-999;-999;-999;-999;-999;-999;-999;-999;-999;-999;-999;eor
      13901;20190829;    3;   7.3;   2.1;-999;-999;-999;-999;-999;-999;-999;-999;-999;-999;-999;-999;-999;eor
      13901;20190830;    3;   7.2;   1.5;-999;-999;-999;-999;-999;-999;-999;-999;-999;-999;-999;-999;-999;eor
      13901;20190831;    3;  19.8;   1.8;-999;-999;-999;-999;-999;-999;-999;-999;-999;-999;-999;-999;-999;eor
      13901;20190901;    3;   7.4;   2.6;-999;-999;-999;-999;-999;-999;-999;-999;-999;-999;-999;-999;-999;eor
      13901;20190902;    3;   8.5;   2.1;-999;-999;-999;-999;-999;-999;-999;-999;-999;-999;-999;-999;-999;eor
      13901;20190903;    3;   9.2;   2.2;-999;-999;-999;-999;-999;-999;-999;-999;-999;-999;-999;-999;-999;eor
      13901;20190904;    3;  10.7;   2.9;-999;-999;-999;-999;-999;-999;-999;-999;-999;-999;-999;-999;-999;eor
      13901;20190905;    3;  11.8;   3.3;-999;-999;-999;-999;-999;-999;-999;-999;-999;-999;-999;-999;-999;eor
      13901;20190906;    3;   8.6;   2.3;-999;-999;-999;-999;-999;-999;-999;-999;-999;-999;-999;-999;-999;eor
      13901;20190907;    3;   7.7;   2.3;-999;-999;-999;-999;-999;-999;-999;-999;-999;-999;-999;-999;-999;eor
      13901;20190908;    3;   6.0;   1.6;-999;-999;-999;-999;-999;-999;-999;-999;-999;-999;-999;-999;-999;eor
      13901;20190909;    3;   6.3;   1.4;-999;-999;-999;-999;-999;-999;-999;-999;-999;-999;-999;-999;-999;eor
      13901;20190910;    3;   6.6;   1.3;-999;-999;-999;-999;-999;-999;-999;-999;-999;-999;-999;-999;-999;eor
      13901;20190911;    3;  11.1;   2.6;-999;-999;-999;-999;-999;-999;-999;-999;-999;-999;-999;-999;-999;eor
      13901;20190912;    3;   8.8;   2.7;-999;-999;-999;-999;-999;-999;-999;-999;-999;-999;-999;-999;-999;eor
      13901;20190913;    3;   8.7;   2.5;-999;-999;-999;-999;-999;-999;-999;-999;-999;-999;-999;-999;-999;eor
      13901;20190914;    3;   6.3;   1.2;-999;-999;-999;-999;-999;-999;-999;-999;-999;-999;-999;-999;-999;eor
      13901;20190915;    3;   8.6;   2.4;-999;-999;-999;-999;-999;-999;-999;-999;-999;-999;-999;-999;-999;eor
      13901;20190916;    3;   4.0;   1.1;-999;-999;-999;-999;-999;-999;-999;-999;-999;-999;-999;-999;-999;eor
      13901;20190917;    3;  11.2;   2.7;-999;-999;-999;-999;-999;-999;-999;-999;-999;-999;-999;-999;-999;eor
      13901;20190918;    3;   8.8;   1.8;-999;-999;-999;-999;-999;-999;-999;-999;-999;-999;-999;-999;-999;eor
      13901;20190919;    3;   6.0;   1.1;-999;-999;-999;-999;-999;-999;-999;-999;-999;-999;-999;-999;-999;eor
      13901;20190920;    3;   4.7;   1.1;-999;-999;-999;-999;-999;-999;-999;-999;-999;-999;-999;-999;-999;eor
      13901;20190921;    3;   8.0;   1.9;-999;-999;-999;-999;-999;-999;-999;-999;-999;-999;-999;-999;-999;eor
      13901;20190922;    3;  10.2;   2.1;-999;-999;-999;-999;-999;-999;-999;-999;-999;-999;-999;-999;-999;eor
      13901;20190923;    3;   7.9;   1.9;-999;-999;-999;-999;-999;-999;-999;-999;-999;-999;-999;-999;-999;eor
      13901;20190924;    3;   8.9;   2.0;-999;-999;-999;-999;-999;-999;-999;-999;-999;-999;-999;-999;-999;eor
      13901;20190925;    3;   8.3;   2.4;-999;-999;-999;-999;-999;-999;-999;-999;-999;-999;-999;-999;-999;eor
      13901;20190926;    3;  11.8;   2.7;-999;-999;-999;-999;-999;-999;-999;-999;-999;-999;-999;-999;-999;eor
      13901;20190927;    3;  11.1;   3.1;-999;-999;-999;-999;-999;-999;-999;-999;-999;-999;-999;-999;-999;eor
      13901;20190928;    3;  13.4;   4.8;-999;-999;-999;-999;-999;-999;-999;-999;-999;-999;-999;-999;-999;eor
      13901;20190929;    3;  13.4;   4.0;-999;-999;-999;-999;-999;-999;-999;-999;-999;-999;-999;-999;-999;eor
      13901;20190930;    3;  15.4;   3.7;-999;-999;-999;-999;-999;-999;-999;-999;-999;-999;-999;-999;-999;eor
      13901;20191001;    3;  10.9;   3.3;-999;-999;-999;-999;-999;-999;-999;-999;-999;-999;-999;-999;-999;eor
      13901;20191002;    3;  13.4;   3.0;-999;-999;-999;-999;-999;-999;-999;-999;-999;-999;-999;-999;-999;eor
      13901;20191003;    3;   8.3;   2.6;-999;-999;-999;-999;-999;-999;-999;-999;-999;-999;-999;-999;-999;eor
      13901;20191004;    3;  10.8;   2.9;-999;-999;-999;-999;-999;-999;-999;-999;-999;-999;-999;-999;-999;eor
      13901;20191005;    3;   6.3;   1.8;-999;-999;-999;-999;-999;-999;-999;-999;-999;-999;-999;-999;-999;eor
      13901;20191006;    3;   9.7;   3.4;-999;-999;-999;-999;-999;-999;-999;-999;-999;-999;-999;-999;-999;eor
      13901;20191007;    3;   6.6;   2.5;-999;-999;-999;-999;-999;-999;-999;-999;-999;-999;-999;-999;-999;eor
      13901;20191008;    3;  13.2;   3.4;-999;-999;-999;-999;-999;-999;-999;-999;-999;-999;-999;-999;-999;eor
      13901;20191009;    3;  10.6;   3.8;-999;-999;-999;-999;-999;-999;-999;-999;-999;-999;-999;-999;-999;eor
      13901;20191010;    3;  12.4;   3.7;-999;-999;-999;-999;-999;-999;-999;-999;-999;-999;-999;-999;-999;eor
      13901;20191011;    3;  11.3;   4.4;-999;-999;-999;-999;-999;-999;-999;-999;-999;-999;-999;-999;-999;eor
      13901;20191012;    3;  10.0;   3.5;-999;-999;-999;-999;-999;-999;-999;-999;-999;-999;-999;-999;-999;eor
      13901;20191013;    3;  11.2;   2.5;-999;-999;-999;-999;-999;-999;-999;-999;-999;-999;-999;-999;-999;eor
      13901;20191014;    3;   6.5;   1.7;-999;-999;-999;-999;-999;-999;-999;-999;-999;-999;-999;-999;-999;eor
      13901;20191015;    3;   7.2;   1.5;-999;-999;-999;-999;-999;-999;-999;-999;-999;-999;-999;-999;-999;eor
      13901;20191016;    3;  10.8;   3.0;-999;-999;-999;-999;-999;-999;-999;-999;-999;-999;-999;-999;-999;eor
      13901;20191017;    3;   7.1;   2.3;-999;-999;-999;-999;-999;-999;-999;-999;-999;-999;-999;-999;-999;eor
      13901;20191018;    3;  18.8;   3.7;-999;-999;-999;-999;-999;-999;-999;-999;-999;-999;-999;-999;-999;eor
      13901;20191019;    3;   9.1;   2.5;-999;-999;-999;-999;-999;-999;-999;-999;-999;-999;-999;-999;-999;eor
      13901;20191020;    3;   7.3;   1.2;-999;-999;-999;-999;-999;-999;-999;-999;-999;-999;-999;-999;-999;eor
      13901;20191021;    3;   9.1;   2.2;-999;-999;-999;-999;-999;-999;-999;-999;-999;-999;-999;-999;-999;eor
      13901;20191022;    3;   6.8;   1.8;-999;-999;-999;-999;-999;-999;-999;-999;-999;-999;-999;-999;-999;eor
      13901;20191023;    1;   5.6;   1.8;-999;-999;-999;-999;-999;-999;-999;-999;-999;-999;-999;-999;-999;eor
      13901;20191024;    1;   9.9;   1.9;-999;-999;-999;-999;-999;-999;-999;-999;-999;-999;-999;-999;-999;eor
      13901;20191025;    1;  11.4;   3.5;-999;-999;-999;-999;-999;-999;-999;-999;-999;-999;-999;-999;-999;eor
      13901;20191026;    1;  13.8;   5.0;-999;-999;-999;-999;-999;-999;-999;-999;-999;-999;-999;-999;-999;eor
      13901;20191027;    1;  12.0;   2.8;-999;-999;-999;-999;-999;-999;-999;-999;-999;-999;-999;-999;-999;eor
      13901;20191028;    1;   7.7;   1.4;-999;-999;-999;-999;-999;-999;-999;-999;-999;-999;-999;-999;-999;eor
      13901;20191029;    1;   6.2;   1.0;-999;-999;-999;-999;-999;-999;-999;-999;-999;-999;-999;-999;-999;eor
      13901;20191030;    1;   6.9;   1.8;-999;-999;-999;-999;-999;-999;-999;-999;-999;-999;-999;-999;-999;eor
      13901;20191031;    1;   6.5;   1.8;-999;-999;-999;-999;-999;-999;-999;-999;-999;-999;-999;-999;-999;eor
      13901;20191101;    1;   7.5;   1.8;-999;-999;-999;-999;-999;-999;-999;-999;-999;-999;-999;-999;-999;eor
      13901;20191102;    1;  11.8;   3.9;-999;-999;-999;-999;-999;-999;-999;-999;-999;-999;-999;-999;-999;eor
      13901;20191103;    1;   9.2;   2.2;-999;-999;-999;-999;-999;-999;-999;-999;-999;-999;-999;-999;-999;eor
      13901;20191104;    1;   8.1;   2.2;-999;-999;-999;-999;-999;-999;-999;-999;-999;-999;-999;-999;-999;eor
      13901;20191105;    1;   7.4;   2.1;-999;-999;-999;-999;-999;-999;-999;-999;-999;-999;-999;-999;-999;eor
      13901;20191106;    1;   5.8;   1.4;-999;-999;-999;-999;-999;-999;-999;-999;-999;-999;-999;-999;-999;eor
      13901;20191107;    1;   9.4;   2.7;-999;-999;-999;-999;-999;-999;-999;-999;-999;-999;-999;-999;-999;eor
      13901;20191108;    1;   3.7;   0.9;-999;-999;-999;-999;-999;-999;-999;-999;-999;-999;-999;-999;-999;eor
      13901;20191109;    1;   7.8;   2.1;-999;-999;-999;-999;-999;-999;-999;-999;-999;-999;-999;-999;-999;eor
      13901;20191110;    1;   2.9;   0.8;-999;-999;-999;-999;-999;-999;-999;-999;-999;-999;-999;-999;-999;eor
      13901;20191111;    1;  13.1;   3.1;-999;-999;-999;-999;-999;-999;-999;-999;-999;-999;-999;-999;-999;eor
      13901;20191112;    1;  10.3;   3.5;-999;-999;-999;-999;-999;-999;-999;-999;-999;-999;-999;-999;-999;eor
      13901;20191113;    1;  10.4;   3.4;-999;-999;-999;-999;-999;-999;-999;-999;-999;-999;-999;-999;-999;eor
      13901;20191114;    1;   8.9;   1.8;-999;-999;-999;-999;-999;-999;-999;-999;-999;-999;-999;-999;-999;eor
      13901;20191115;    1;  11.2;   3.3;-999;-999;-999;-999;-999;-999;-999;-999;-999;-999;-999;-999;-999;eor
      13901;20191116;    1;   7.9;   1.5;-999;-999;-999;-999;-999;-999;-999;-999;-999;-999;-999;-999;-999;eor
      13901;20191117;    1;   5.8;   1.3;-999;-999;-999;-999;-999;-999;-999;-999;-999;-999;-999;-999;-999;eor
      13901;20191118;    1;  10.7;   2.3;-999;-999;-999;-999;-999;-999;-999;-999;-999;-999;-999;-999;-999;eor
      13901;20191119;    1;   9.8;   2.9;-999;-999;-999;-999;-999;-999;-999;-999;-999;-999;-999;-999;-999;eor
      13901;20191120;    1;   7.7;   1.7;-999;-999;-999;-999;-999;-999;-999;-999;-999;-999;-999;-999;-999;eor
      13901;20191121;    1;   7.8;   2.4;-999;-999;-999;-999;-999;-999;-999;-999;-999;-999;-999;-999;-999;eor
      13901;20191122;    1;   6.3;   1.6;-999;-999;-999;-999;-999;-999;-999;-999;-999;-999;-999;-999;-999;eor
      13901;20191123;    1;  10.8;   3.2;-999;-999;-999;-999;-999;-999;-999;-999;-999;-999;-999;-999;-999;eor
      13901;20191124;    1;   4.8;   0.9;-999;-999;-999;-999;-999;-999;-999;-999;-999;-999;-999;-999;-999;eor
      13901;20191125;    1;   2.8;   0.9;-999;-999;-999;-999;-999;-999;-999;-999;-999;-999;-999;-999;-999;eor
      13901;20191126;    1;   7.7;   1.8;-999;-999;-999;-999;-999;-999;-999;-999;-999;-999;-999;-999;-999;eor
      13901;20191127;    1;  12.7;   3.3;-999;-999;-999;-999;-999;-999;-999;-999;-999;-999;-999;-999;-999;eor
      13901;20191128;    1;  15.8;   5.8;-999;-999;-999;-999;-999;-999;-999;-999;-999;-999;-999;-999;-999;eor
      13901;20191129;    1;   9.4;   2.9;-999;-999;-999;-999;-999;-999;-999;-999;-999;-999;-999;-999;-999;eor
      13901;20191130;    1;   5.3;   1.6;-999;-999;-999;-999;-999;-999;-999;-999;-999;-999;-999;-999;-999;eor
      13901;20191201;    1;   4.8;   1.3;-999;-999;-999;-999;-999;-999;-999;-999;-999;-999;-999;-999;-999;eor
      13901;20191202;    1;   8.1;   2.5;-999;-999;-999;-999;-999;-999;-999;-999;-999;-999;-999;-999;-999;eor
      13901;20191203;    1;   6.1;   1.7;-999;-999;-999;-999;-999;-999;-999;-999;-999;-999;-999;-999;-999;eor
      13901;20191204;    1;   3.6;   0.9;-999;-999;-999;-999;-999;-999;-999;-999;-999;-999;-999;-999;-999;eor
      13901;20191205;    1;  12.7;   2.6;-999;-999;-999;-999;-999;-999;-999;-999;-999;-999;-999;-999;-999;eor
      13901;20191206;    1;  17.8;   6.0;-999;-999;-999;-999;-999;-999;-999;-999;-999;-999;-999;-999;-999;eor
      13901;20191207;    1;  11.2;   4.9;-999;-999;-999;-999;-999;-999;-999;-999;-999;-999;-999;-999;-999;eor
      13901;20191208;    1;  16.1;   6.1;-999;-999;-999;-999;-999;-999;-999;-999;-999;-999;-999;-999;-999;eor
      13901;20191209;    1;  14.5;   4.6;-999;-999;-999;-999;-999;-999;-999;-999;-999;-999;-999;-999;-999;eor
      13901;20191210;    1;  12.9;   3.4;-999;-999;-999;-999;-999;-999;-999;-999;-999;-999;-999;-999;-999;eor
      13901;20191211;    1;  12.0;   3.4;-999;-999;-999;-999;-999;-999;-999;-999;-999;-999;-999;-999;-999;eor
      13901;20191212;    1;  11.2;   3.6;-999;-999;-999;-999;-999;-999;-999;-999;-999;-999;-999;-999;-999;eor
      13901;20191213;    1;  11.9;   3.6;-999;-999;-999;-999;-999;-999;-999;-999;-999;-999;-999;-999;-999;eor
      13901;20191214;    1;  18.8;   5.9;-999;-999;-999;-999;-999;-999;-999;-999;-999;-999;-999;-999;-999;eor
      13901;20191215;    1;  20.7;   5.6;-999;-999;-999;-999;-999;-999;-999;-999;-999;-999;-999;-999;-999;eor
      13901;20191216;    1;   6.8;   2.1;-999;-999;-999;-999;-999;-999;-999;-999;-999;-999;-999;-999;-999;eor
      13901;20191217;    1;  14.6;   3.1;-999;-999;-999;-999;-999;-999;-999;-999;-999;-999;-999;-999;-999;eor
      13901;20191218;    1;   9.4;   2.0;-999;-999;-999;-999;-999;-999;-999;-999;-999;-999;-999;-999;-999;eor
      13901;20191219;    1;   9.1;   2.5;-999;-999;-999;-999;-999;-999;-999;-999;-999;-999;-999;-999;-999;eor
      13901;20191220;    1;  14.1;   4.0;-999;-999;-999;-999;-999;-999;-999;-999;-999;-999;-999;-999;-999;eor
      13901;20191221;    1;  10.6;   3.6;-999;-999;-999;-999;-999;-999;-999;-999;-999;-999;-999;-999;-999;eor
      13901;20191222;    1;  13.1;   3.5;-999;-999;-999;-999;-999;-999;-999;-999;-999;-999;-999;-999;-999;eor
      13901;20191223;    1;   9.9;   4.4;-999;-999;-999;-999;-999;-999;-999;-999;-999;-999;-999;-999;-999;eor
      13901;20191224;    1;  14.5;   4.1;-999;-999;-999;-999;-999;-999;-999;-999;-999;-999;-999;-999;-999;eor
      13901;20191225;    1;  10.2;   3.0;-999;-999;-999;-999;-999;-999;-999;-999;-999;-999;-999;-999;-999;eor
      13901;20191226;    1;   3.2;   1.2;-999;-999;-999;-999;-999;-999;-999;-999;-999;-999;-999;-999;-999;eor
      13901;20191227;    1;   7.0;   1.9;-999;-999;-999;-999;-999;-999;-999;-999;-999;-999;-999;-999;-999;eor
      13901;20191228;    1;   4.0;   1.4;-999;-999;-999;-999;-999;-999;-999;-999;-999;-999;-999;-999;-999;eor
      13901;20191229;    1;   3.3;   1.1;-999;-999;-999;-999;-999;-999;-999;-999;-999;-999;-999;-999;-999;eor
      13901;20191230;    1;   9.7;   2.6;-999;-999;-999;-999;-999;-999;-999;-999;-999;-999;-999;-999;-999;eor
      13901;20191231;    1;   6.9;   1.9;-999;-999;-999;-999;-999;-999;-999;-999;-999;-999;-999;-999;-999;eor
      13901;20200101;    1;   4.1;   1.4;-999;-999;-999;-999;-999;-999;-999;-999;-999;-999;-999;-999;-999;eor
      13901;20200102;    1;   8.4;   2.3;-999;-999;-999;-999;-999;-999;-999;-999;-999;-999;-999;-999;-999;eor
      13901;20200103;    1;  12.1;   4.5;-999;-999;-999;-999;-999;-999;-999;-999;-999;-999;-999;-999;-999;eor
